# Redshift		Merger Rate Density [Gpc^-3yr^-1]
1.000000000031931770e-02 1.260101362527215407e+01
3.000000000031888964e-02 1.322800811330459503e+01
5.000000000031846331e-02 1.374411512417447945e+01
7.000000000031804392e-02 1.445462316108114464e+01
9.000000000031761760e-02 1.510041669453566371e+01
1.100000000003171913e-01 1.584452064421392592e+01
1.300000000003167511e-01 1.651344246048742548e+01
1.500000000003163247e-01 1.720326107813695060e+01
1.700000000003158984e-01 1.783605360164182585e+01
1.900000000003154721e-01 1.876428824434869824e+01
2.100000000003150458e-01 1.929593483907831697e+01
2.300000000003146194e-01 2.001676725161781789e+01
2.500000000003141931e-01 2.080265573302786564e+01
2.700000000003137668e-01 2.163415020626593233e+01
2.900000000003133405e-01 2.232605599382273809e+01
3.100000000003129141e-01 2.311203525378343926e+01
3.300000000003124878e-01 2.389439094492410831e+01
3.500000000003120615e-01 2.478719885791579003e+01
3.700000000003116352e-01 2.565428615615931918e+01
3.900000000003112088e-01 2.648283093103982111e+01
4.100000000003107825e-01 2.729019111223413319e+01
4.300000000003103562e-01 2.826191394928438783e+01
4.500000000003099299e-01 2.924456446062882264e+01
4.700000000003095035e-01 3.009571975793733145e+01
4.900000000003090772e-01 3.103108500316221097e+01
5.100000000003086509e-01 3.188640711514332793e+01
5.300000000003082246e-01 3.291355471980243408e+01
5.500000000003077982e-01 3.408754133388554663e+01
5.700000000003073719e-01 3.509971620553699978e+01
5.900000000003069456e-01 3.588369615096223697e+01
6.100000000003065193e-01 3.681016143323449086e+01
6.300000000003060929e-01 3.792876528572389105e+01
6.500000000003056666e-01 3.908281431609412238e+01
6.700000000003052403e-01 3.988670496206048455e+01
6.900000000003048140e-01 4.089074465744535303e+01
7.100000000003043876e-01 4.196578954236803582e+01
7.300000000003039613e-01 4.321955215064156874e+01
7.500000000003035350e-01 4.445844534224329436e+01
7.700000000003031086e-01 4.514154942464702458e+01
7.900000000003026823e-01 4.649573056276930316e+01
8.100000000003022560e-01 4.737647837514511195e+01
8.300000000003018297e-01 4.845688910905608537e+01
8.500000000003014033e-01 4.985906090405485003e+01
8.700000000003009770e-01 5.078677214427174391e+01
8.900000000003005507e-01 5.199510664655874592e+01
9.100000000003001244e-01 5.332235151412712781e+01
9.300000000002996980e-01 5.374119478918730408e+01
9.500000000002992717e-01 5.507181720258885349e+01
9.700000000002988454e-01 5.617427791589221897e+01
9.900000000002984191e-01 5.732060522598672492e+01
1.010000000000297993e+00 5.804393430732856274e+01
1.030000000000297566e+00 5.973020099851810016e+01
1.050000000000297140e+00 6.063623437716299236e+01
1.070000000000296714e+00 6.216879842322479277e+01
1.090000000000296287e+00 6.216505360301180616e+01
1.110000000000295861e+00 6.375997922638737947e+01
1.130000000000295435e+00 6.452585144252580562e+01
1.150000000000295008e+00 6.569499455137712118e+01
1.170000000000294582e+00 6.665731668584137992e+01
1.190000000000294156e+00 6.798898554333290178e+01
1.210000000000293729e+00 6.898082163063133976e+01
1.230000000000293303e+00 6.916498624068535150e+01
1.250000000000292877e+00 7.089717592192316431e+01
1.270000000000292451e+00 7.122219225458677272e+01
1.290000000000292024e+00 7.189396030344177291e+01
1.310000000000291598e+00 7.326295179774302824e+01
1.330000000000291172e+00 7.421835334607970935e+01
1.350000000000290745e+00 7.453302262367495246e+01
1.370000000000290319e+00 7.568394180813739069e+01
1.390000000000289893e+00 7.632835524448314857e+01
1.410000000000289466e+00 7.748815624041668570e+01
1.430000000000289040e+00 7.787892524282037243e+01
1.450000000000288614e+00 7.857024096711329264e+01
1.470000000000288187e+00 7.951342104393422971e+01
1.490000000000287761e+00 7.940723800785146125e+01
1.510000000000287335e+00 8.041056633923750496e+01
1.530000000000286908e+00 8.064629281089450785e+01
1.550000000000286482e+00 8.147574771224924461e+01
1.570000000000286056e+00 8.211551913697235250e+01
1.590000000000285629e+00 8.243573959170134913e+01
1.610000000000285203e+00 8.283522188670883679e+01
1.630000000000284777e+00 8.285678166423647895e+01
1.650000000000284350e+00 8.315253989627473175e+01
1.670000000000283924e+00 8.366332073786027479e+01
1.690000000000283498e+00 8.359021566007805859e+01
1.710000000000283071e+00 8.382586830752769913e+01
1.730000000000282645e+00 8.378751283359466129e+01
1.750000000000282219e+00 8.440675559863672106e+01
1.770000000000281792e+00 8.418364552652890609e+01
1.790000000000281366e+00 8.409738869110609016e+01
1.810000000000280940e+00 8.433493765567102685e+01
1.830000000000280513e+00 8.445347298337192399e+01
1.850000000000280087e+00 8.430312391172789432e+01
1.870000000000279661e+00 8.441044578736308779e+01
1.890000000000279234e+00 8.433178480917631248e+01
1.910000000000278808e+00 8.350183407268427516e+01
1.930000000000278382e+00 8.380967774107045898e+01
1.950000000000277955e+00 8.365238076623346331e+01
1.970000000000277529e+00 8.347309672947503145e+01
1.990000000000277103e+00 8.319601787984674957e+01
2.010000000000276899e+00 8.281091891413123562e+01
2.030000000000276472e+00 8.237508586372747743e+01
2.050000000000276046e+00 8.179216062494265316e+01
2.070000000000275620e+00 8.102309704474217256e+01
2.090000000000275193e+00 8.025268825560041819e+01
2.110000000000274767e+00 7.979992250963383071e+01
2.130000000000274341e+00 7.898677950698551342e+01
2.150000000000273914e+00 7.850913486747701597e+01
2.170000000000273488e+00 7.794793144870008916e+01
2.190000000000273062e+00 7.681484963468244587e+01
2.210000000000272635e+00 7.606034303324338453e+01
2.230000000000272209e+00 7.503111488835813248e+01
2.250000000000271783e+00 7.498727174736593781e+01
2.270000000000271356e+00 7.469889220175083722e+01
2.290000000000270930e+00 7.399125520607368856e+01
2.310000000000270504e+00 7.358343832484187885e+01
2.330000000000270077e+00 7.277028973221057129e+01
2.350000000000269651e+00 7.095554892398128288e+01
2.370000000000269225e+00 7.000520570019696720e+01
2.390000000000268798e+00 6.896013843978241198e+01
2.410000000000268372e+00 6.864090584228691228e+01
2.430000000000267946e+00 6.728086344997207391e+01
2.450000000000267519e+00 6.615376047846287122e+01
2.470000000000267093e+00 6.518760162120737789e+01
2.490000000000266667e+00 6.497184248273413232e+01
2.510000000000266240e+00 6.372341904988547867e+01
2.530000000000265814e+00 6.374257501847785079e+01
2.550000000000265388e+00 6.229098757780862172e+01
2.570000000000264961e+00 6.141716498578410466e+01
2.590000000000264535e+00 6.127004622279248025e+01
2.610000000000264109e+00 5.974246911640571511e+01
2.630000000000263682e+00 5.858324932988129063e+01
2.650000000000263256e+00 5.879795408288268987e+01
2.670000000000262830e+00 5.715328937948392962e+01
2.690000000000262403e+00 5.556460141478111581e+01
2.710000000000261977e+00 5.473594386614474416e+01
2.730000000000261551e+00 5.393271177693232943e+01
2.750000000000261124e+00 5.272661315093417045e+01
2.770000000000260698e+00 5.230089930898289197e+01
2.790000000000260272e+00 5.072273951397615832e+01
2.810000000000259845e+00 5.005942479074904838e+01
2.830000000000259419e+00 4.876020922627606069e+01
2.850000000000258993e+00 4.793804277483609866e+01
2.870000000000258567e+00 4.748932569891383793e+01
2.890000000000258140e+00 4.615496371102523909e+01
2.910000000000257714e+00 4.521079660247154663e+01
2.930000000000257288e+00 4.442400132674200819e+01
2.950000000000256861e+00 4.358278704858804531e+01
2.970000000000256435e+00 4.300146497856277250e+01
2.990000000000256009e+00 4.221236608102874044e+01
3.010000000000255582e+00 4.161342428065174204e+01
3.030000000000255156e+00 4.069051333140738791e+01
3.050000000000254730e+00 3.982642272632322999e+01
3.070000000000254303e+00 3.922765712943769500e+01
3.090000000000253877e+00 3.868722475893472534e+01
3.110000000000253451e+00 3.777319571799296938e+01
3.130000000000253024e+00 3.704056624618874594e+01
3.150000000000252598e+00 3.654187719358432673e+01
3.170000000000252172e+00 3.553320264914967197e+01
3.190000000000251745e+00 3.502763939522374415e+01
3.210000000000251319e+00 3.431745894940013386e+01
3.230000000000250893e+00 3.375028531631738105e+01
3.250000000000250466e+00 3.305637293428457468e+01
3.270000000000250040e+00 3.259446666661262526e+01
3.290000000000249614e+00 3.169864047720913192e+01
3.310000000000249187e+00 3.122321999518956659e+01
3.330000000000248761e+00 3.078670417544536519e+01
3.350000000000248335e+00 3.010459099216102885e+01
3.370000000000247908e+00 2.938007647033132130e+01
3.390000000000247482e+00 2.881514985017751940e+01
3.410000000000247056e+00 2.832815362354930144e+01
3.430000000000246629e+00 2.792527113850291798e+01
3.450000000000246203e+00 2.733447504534002803e+01
3.470000000000245777e+00 2.678534311625138642e+01
3.490000000000245350e+00 2.640341033089823242e+01
3.510000000000244924e+00 2.584792148937176748e+01
3.530000000000244498e+00 2.528074757008214490e+01
3.550000000000244071e+00 2.460402015483730054e+01
3.570000000000243645e+00 2.426245222300172344e+01
3.590000000000243219e+00 2.385385383544980442e+01
3.610000000000242792e+00 2.343036595920354515e+01
3.630000000000242366e+00 2.292674160024764163e+01
3.650000000000241940e+00 2.244239347021325059e+01
3.670000000000241513e+00 2.223500229673241790e+01
3.690000000000241087e+00 2.191460793413018138e+01
3.710000000000240661e+00 2.136436976134824661e+01
3.730000000000240234e+00 2.101799933870928783e+01
3.750000000000239808e+00 2.053041076966671241e+01
3.770000000000239382e+00 1.983530726066054228e+01
3.790000000000238956e+00 1.946854963131513827e+01
3.810000000000238529e+00 1.924972732796539177e+01
3.830000000000238103e+00 1.878803895323429884e+01
3.850000000000237677e+00 1.828540322281829589e+01
3.870000000000237250e+00 1.808306728709580824e+01
3.890000000000236824e+00 1.773427665315210078e+01
3.910000000000236398e+00 1.720490701348462181e+01
3.930000000000235971e+00 1.701002950836438998e+01
3.950000000000235545e+00 1.654891237274922133e+01
3.970000000000235119e+00 1.630312159550175721e+01
3.990000000000234692e+00 1.594660319245443425e+01
4.010000000000234266e+00 1.556583282872669649e+01
4.030000000000233840e+00 1.525362978968805550e+01
4.050000000000233413e+00 1.497156141419342923e+01
4.070000000000232987e+00 1.476221009343852586e+01
4.090000000000232561e+00 1.441690944369856631e+01
4.110000000000232134e+00 1.428860401978151984e+01
4.130000000000231708e+00 1.396760711093749840e+01
4.150000000000231282e+00 1.376745649009323103e+01
4.170000000000230855e+00 1.344285750522519862e+01
4.190000000000230429e+00 1.320790637764336317e+01
4.210000000000230003e+00 1.285506263896165891e+01
4.230000000000229576e+00 1.252993448682200217e+01
4.250000000000229150e+00 1.224958932399747091e+01
4.270000000000228724e+00 1.196260787201086906e+01
4.290000000000228297e+00 1.168866889647964946e+01
4.310000000000227871e+00 1.149049135510684749e+01
4.330000000000227445e+00 1.137776080261100020e+01
4.350000000000227018e+00 1.111780321633154145e+01
4.370000000000226592e+00 1.080651306749060581e+01
4.390000000000226166e+00 1.064255527949931057e+01
4.410000000000225739e+00 1.046020342877733533e+01
4.430000000000225313e+00 1.031847405895258696e+01
4.450000000000224887e+00 9.971663237635265631e+00
4.470000000000224460e+00 9.907514526685215372e+00
4.490000000000224034e+00 9.736898068526572914e+00
4.510000000000223608e+00 9.471558049570463211e+00
4.530000000000223181e+00 9.373872491630717008e+00
4.550000000000222755e+00 9.086835173955183365e+00
4.570000000000222329e+00 8.919841919642660599e+00
4.590000000000221902e+00 8.749267864163755348e+00
4.610000000000221476e+00 8.733314127571979668e+00
4.630000000000221050e+00 8.447373475824134559e+00
4.650000000000220624e+00 8.239210764069820669e+00
4.670000000000220197e+00 8.098553321825134432e+00
4.690000000000219771e+00 7.933022971597597284e+00
4.710000000000219345e+00 7.764940244140024816e+00
4.730000000000218918e+00 7.722317577956579804e+00
4.750000000000218492e+00 7.449249925730306643e+00
4.770000000000218066e+00 7.420865250287438819e+00
4.790000000000217639e+00 7.288963721904438309e+00
4.810000000000217213e+00 7.103412004650621725e+00
4.830000000000216787e+00 6.888616232418449670e+00
4.850000000000216360e+00 6.818157165266961250e+00
4.870000000000215934e+00 6.594433918598405775e+00
4.890000000000215508e+00 6.552384377884020950e+00
4.910000000000215081e+00 6.356573021343761454e+00
4.930000000000214655e+00 6.282095707399420803e+00
4.950000000000214229e+00 6.093937055196657404e+00
4.970000000000213802e+00 6.054554025010678409e+00
4.990000000000213376e+00 5.907095921281991124e+00
5.010000000000212950e+00 5.796283453871276414e+00
5.030000000000212523e+00 5.580183474266339871e+00
5.050000000000212097e+00 5.480628462100986198e+00
5.070000000000211671e+00 5.450765560446662938e+00
5.090000000000211244e+00 5.358561474542999470e+00
5.110000000000210818e+00 5.191010182468408729e+00
5.130000000000210392e+00 5.101906397136492188e+00
5.150000000000209965e+00 5.006925088404278412e+00
5.170000000000209539e+00 4.966686548992304218e+00
5.190000000000209113e+00 4.801892255953580602e+00
5.210000000000208686e+00 4.693357857830586788e+00
5.230000000000208260e+00 4.757789185781002850e+00
5.250000000000207834e+00 4.581955126579247306e+00
5.270000000000207407e+00 4.480880827283352907e+00
5.290000000000206981e+00 4.451215811696517477e+00
5.310000000000206555e+00 4.360775723115334124e+00
5.330000000000206128e+00 4.302433694564624211e+00
5.350000000000205702e+00 4.293691182826758101e+00
5.370000000000205276e+00 4.073909317836813315e+00
5.390000000000204849e+00 4.052710049452185714e+00
5.410000000000204423e+00 3.946409647148742650e+00
5.430000000000203997e+00 3.831057632599689899e+00
5.450000000000203570e+00 3.792568011473953060e+00
5.470000000000203144e+00 3.751782012410576517e+00
5.490000000000202718e+00 3.615100307969417948e+00
5.510000000000202292e+00 3.569300641984494149e+00
5.530000000000201865e+00 3.484676167285843285e+00
5.550000000000201439e+00 3.476788031227327380e+00
5.570000000000201013e+00 3.377062260377613701e+00
5.590000000000200586e+00 3.307022593509597375e+00
5.610000000000200160e+00 3.250687949249716713e+00
5.630000000000199734e+00 3.222729095009275735e+00
5.650000000000199307e+00 3.140626862201549407e+00
5.670000000000198881e+00 3.070410967553754755e+00
5.690000000000198455e+00 3.003638986089283591e+00
5.710000000000198028e+00 2.867421089127429656e+00
5.730000000000197602e+00 2.880392300101969116e+00
5.750000000000197176e+00 2.890993081200706971e+00
5.770000000000196749e+00 2.748033986678149798e+00
5.790000000000196323e+00 2.741788050930966669e+00
5.810000000000195897e+00 2.636238796584430055e+00
5.830000000000195470e+00 2.605884670234909439e+00
5.850000000000195044e+00 2.591558602051197813e+00
5.870000000000194618e+00 2.531333804132560150e+00
5.890000000000194191e+00 2.474011364796958823e+00
5.910000000000193765e+00 2.382435397031958058e+00
5.930000000000193339e+00 2.396722779941939496e+00
5.950000000000192912e+00 2.337732708299894657e+00
5.970000000000192486e+00 2.330360165110462844e+00
5.990000000000192060e+00 2.300542600054604758e+00
6.010000000000191633e+00 2.210054129960374869e+00
6.030000000000191207e+00 2.182389433983170868e+00
6.050000000000190781e+00 2.133062702270876798e+00
6.070000000000190354e+00 2.082386411295634510e+00
6.090000000000189928e+00 2.033872581542230940e+00
6.110000000000189502e+00 2.014156967880920579e+00
6.130000000000189075e+00 1.983347594369081923e+00
6.150000000000188649e+00 1.981697559718950341e+00
6.170000000000188223e+00 1.904063055115753800e+00
6.190000000000187796e+00 1.885820758258933694e+00
6.210000000000187370e+00 1.917882065944490844e+00
6.230000000000186944e+00 1.818865210655979059e+00
6.250000000000186517e+00 1.784842248076184967e+00
6.270000000000186091e+00 1.758498198708722926e+00
6.290000000000185665e+00 1.727969003305091400e+00
6.310000000000185238e+00 1.695700225137173556e+00
6.330000000000184812e+00 1.653503668907811086e+00
6.350000000000184386e+00 1.637126999942143390e+00
6.370000000000183960e+00 1.576710539126767729e+00
6.390000000000183533e+00 1.539820166074813645e+00
6.410000000000183107e+00 1.509085549409443061e+00
6.430000000000182681e+00 1.472758702554898491e+00
6.450000000000182254e+00 1.460953093956629534e+00
6.470000000000181828e+00 1.466544886972824591e+00
6.490000000000181402e+00 1.435485908731085170e+00
6.510000000000180975e+00 1.408828292199311605e+00
6.530000000000180549e+00 1.362171717407022253e+00
6.550000000000180123e+00 1.366417724747113205e+00
6.570000000000179696e+00 1.311074040906376137e+00
6.590000000000179270e+00 1.299612207204074998e+00
6.610000000000178844e+00 1.244285876933479251e+00
6.630000000000178417e+00 1.257549919592973797e+00
6.650000000000177991e+00 1.240251343474100709e+00
6.670000000000177565e+00 1.182620246775627493e+00
6.690000000000177138e+00 1.156002973313666971e+00
6.710000000000176712e+00 1.156449972447527008e+00
6.730000000000176286e+00 1.150181753673793938e+00
6.750000000000175859e+00 1.109515570439218557e+00
6.770000000000175433e+00 1.080013800508111688e+00
6.790000000000175007e+00 1.068863577247079366e+00
6.810000000000174580e+00 1.072207297590865194e+00
6.830000000000174154e+00 1.046244853688582888e+00
6.850000000000173728e+00 1.018240627828048694e+00
6.870000000000173301e+00 1.018505378588022037e+00
6.890000000000172875e+00 1.021175685844200931e+00
6.910000000000172449e+00 1.018795202581615156e+00
6.930000000000172022e+00 9.933218113721419273e-01
6.950000000000171596e+00 9.633276391098896108e-01
6.970000000000171170e+00 9.431504573664182267e-01
6.990000000000170743e+00 8.992045270007203994e-01
7.010000000000170317e+00 9.073302394661618697e-01
7.030000000000169891e+00 8.893557421568648591e-01
7.050000000000169464e+00 8.388695498256804051e-01
7.070000000000169038e+00 8.587988365402150492e-01
7.090000000000168612e+00 8.131008037089545448e-01
7.110000000000168185e+00 8.130732291666429301e-01
7.130000000000167759e+00 8.050118560106667154e-01
7.150000000000167333e+00 7.759263946849813687e-01
7.170000000000166906e+00 7.639273626912445048e-01
7.190000000000166480e+00 7.564952364644424998e-01
7.210000000000166054e+00 7.405733360424193723e-01
7.230000000000165628e+00 7.180494544077389296e-01
7.250000000000165201e+00 7.191990491243447359e-01
7.270000000000164775e+00 7.208124038138643552e-01
7.290000000000164349e+00 7.052201573948073676e-01
7.310000000000163922e+00 7.175332491422223846e-01
7.330000000000163496e+00 6.756163117426960962e-01
7.350000000000163070e+00 6.741534529148455190e-01
7.370000000000162643e+00 6.800014938841639767e-01
7.390000000000162217e+00 6.663995409911617207e-01
7.410000000000161791e+00 6.339211082925808594e-01
7.430000000000161364e+00 6.386414088395748756e-01
7.450000000000160938e+00 6.215532335250603113e-01
7.470000000000160512e+00 5.983988066660818061e-01
7.490000000000160085e+00 5.927953106765675440e-01
7.510000000000159659e+00 5.836522596038271615e-01
7.530000000000159233e+00 5.719572563280048705e-01
7.550000000000158806e+00 5.697604803565198273e-01
7.570000000000158380e+00 5.442686932061542304e-01
7.590000000000157954e+00 5.528513573679515458e-01
7.610000000000157527e+00 5.428397238607943764e-01
7.630000000000157101e+00 5.384543047727883280e-01
7.650000000000156675e+00 5.183271408578122852e-01
7.670000000000156248e+00 5.036850996056115859e-01
7.690000000000155822e+00 5.304433262426652140e-01
7.710000000000155396e+00 5.146447551475942239e-01
7.730000000000154969e+00 4.930536988767703077e-01
7.750000000000154543e+00 4.944287894878078848e-01
7.770000000000154117e+00 4.765878675860209523e-01
7.790000000000153690e+00 4.774474892021408068e-01
7.810000000000153264e+00 4.706394942541547999e-01
7.830000000000152838e+00 4.390646945185407990e-01
7.850000000000152411e+00 4.547924763099501222e-01
7.870000000000151985e+00 4.332041474109522561e-01
7.890000000000151559e+00 4.348310068739172363e-01
7.910000000000151132e+00 4.451624137156736660e-01
7.930000000000150706e+00 4.319477779858735822e-01
7.950000000000150280e+00 4.183642598777156385e-01
7.970000000000149853e+00 3.990409611625416741e-01
7.990000000000149427e+00 4.121797347118119625e-01
8.010000000000149001e+00 3.905692551500458687e-01
8.030000000000148574e+00 4.117677588813717371e-01
8.050000000000148148e+00 3.925107894251608220e-01
8.070000000000147722e+00 3.741933370223483601e-01
8.090000000000147296e+00 3.870020652919525794e-01
8.110000000000146869e+00 3.807892650174682925e-01
8.130000000000146443e+00 3.700170396060560862e-01
8.150000000000146017e+00 3.561496270224514538e-01
8.170000000000145590e+00 3.551393833056026295e-01
8.190000000000145164e+00 3.417058381460789107e-01
8.210000000000144738e+00 3.531757245067704276e-01
8.230000000000144311e+00 3.343764472232717000e-01
8.250000000000143885e+00 3.360907257150805849e-01
8.270000000000143459e+00 3.428211595437346548e-01
8.290000000000143032e+00 3.224095885876557821e-01
8.310000000000142606e+00 3.270353009612605999e-01
8.330000000000142180e+00 3.190560460395753251e-01
8.350000000000141753e+00 3.110966504227014040e-01
8.370000000000141327e+00 3.168942246667214024e-01
8.390000000000140901e+00 3.175856325716797102e-01
8.410000000000140474e+00 3.029693194692487657e-01
8.430000000000140048e+00 2.993531548814909460e-01
8.450000000000139622e+00 2.987529342309068747e-01
8.470000000000139195e+00 2.798109705615355325e-01
8.490000000000138769e+00 2.898722522637229848e-01
8.510000000000138343e+00 2.855901494753315117e-01
8.530000000000137916e+00 2.908421937929308032e-01
8.550000000000137490e+00 2.673787599573375084e-01
8.570000000000137064e+00 2.740245730006111158e-01
8.590000000000136637e+00 2.664547368174278175e-01
8.610000000000136211e+00 2.624684924082283377e-01
8.630000000000135785e+00 2.626038848871518616e-01
8.650000000000135358e+00 2.502186533165644544e-01
8.670000000000134932e+00 2.529132855794822832e-01
8.690000000000134506e+00 2.446560343072408106e-01
8.710000000000134079e+00 2.478743365645072472e-01
8.730000000000133653e+00 2.450616301709608591e-01
8.750000000000133227e+00 2.513055458176442492e-01
8.770000000000132800e+00 2.396436815281959287e-01
8.790000000000132374e+00 2.340205301634868951e-01
8.810000000000131948e+00 2.370801469083429480e-01
8.830000000000131521e+00 2.219514399148362627e-01
8.850000000000131095e+00 2.185772703819231222e-01
8.870000000000130669e+00 2.348210190341998571e-01
8.890000000000130242e+00 2.245735431843423890e-01
8.910000000000129816e+00 2.148475359686984609e-01
8.930000000000129390e+00 2.223386482138659803e-01
8.950000000000128964e+00 2.081265635082514831e-01
8.970000000000128537e+00 2.032762298770872389e-01
8.990000000000128111e+00 2.009897443580067611e-01
9.010000000000127685e+00 2.075297996670893708e-01
9.030000000000127258e+00 2.005217287975986362e-01
9.050000000000126832e+00 2.002487295097823139e-01
9.070000000000126406e+00 1.943759379442989432e-01
9.090000000000125979e+00 1.886321762445803130e-01
9.110000000000125553e+00 1.843722804635657686e-01
9.130000000000125127e+00 1.838761219326750240e-01
9.150000000000124700e+00 1.821545061082869010e-01
9.170000000000124274e+00 1.819994431353288422e-01
9.190000000000123848e+00 1.777470775147562965e-01
9.210000000000123421e+00 1.837080377546536636e-01
9.230000000000122995e+00 1.762736065177417655e-01
9.250000000000122569e+00 1.799116142670793006e-01
9.270000000000122142e+00 1.804269008306576549e-01
9.290000000000121716e+00 1.644923341118642302e-01
9.310000000000121290e+00 1.625882832496713393e-01
9.330000000000120863e+00 1.611532419588877496e-01
9.350000000000120437e+00 1.583127802311347643e-01
9.370000000000120011e+00 1.538640948569164613e-01
9.390000000000119584e+00 1.576132097578371027e-01
9.410000000000119158e+00 1.538457169591712359e-01
9.430000000000118732e+00 1.465824265189982489e-01
9.450000000000118305e+00 1.431591387897139245e-01
9.470000000000117879e+00 1.457083421679996049e-01
9.490000000000117453e+00 1.407123613496981951e-01
9.510000000000117026e+00 1.473494928840254903e-01
9.530000000000116600e+00 1.480334060144693209e-01
9.550000000000116174e+00 1.371862144000658978e-01
9.570000000000115747e+00 1.444909371556570288e-01
9.590000000000115321e+00 1.424517930813175570e-01
9.610000000000114895e+00 1.350775137691495043e-01
9.630000000000114468e+00 1.289236878798366293e-01
9.650000000000114042e+00 1.222860445657919376e-01
9.670000000000113616e+00 1.240852521407121434e-01
9.690000000000113189e+00 1.222249553946187089e-01
9.710000000000112763e+00 1.180018119094666529e-01
9.730000000000112337e+00 1.230277408402830203e-01
9.750000000000111910e+00 1.150878429431526212e-01
9.770000000000111484e+00 1.109886804433195540e-01
9.790000000000111058e+00 1.155833166672216028e-01
9.810000000000110632e+00 1.167720620404489873e-01
9.830000000000110205e+00 1.136087870407725270e-01
9.850000000000109779e+00 1.060602299183040081e-01
9.870000000000109353e+00 1.201176695717806470e-01
9.890000000000108926e+00 1.084337160243700471e-01
9.910000000000108500e+00 9.894842775624437814e-02
9.930000000000108074e+00 1.061120584061205352e-01
9.950000000000107647e+00 9.834307443445210184e-02
9.970000000000107221e+00 9.577846084828776918e-02
9.990000000000106795e+00 9.403012776888988733e-02
1.001000000000010637e+01 9.396537391107405435e-02
1.003000000000010594e+01 9.355869977075399746e-02
1.005000000000010552e+01 9.083085023028153460e-02
1.007000000000010509e+01 8.725616830301338722e-02
1.009000000000010466e+01 9.123678087636924450e-02
1.011000000000010424e+01 8.599066266917743118e-02
1.013000000000010381e+01 9.296042678155422290e-02
1.015000000000010338e+01 8.376237056101350220e-02
1.017000000000010296e+01 8.450931078044479627e-02
1.019000000000010253e+01 7.530866602969918389e-02
1.021000000000010210e+01 7.982855050856538237e-02
1.023000000000010168e+01 7.688776466994061420e-02
1.025000000000010125e+01 7.397390131339201536e-02
1.027000000000010083e+01 7.815369807813084269e-02
1.029000000000010040e+01 7.085134054212047228e-02
1.031000000000009997e+01 7.008078293660874314e-02
1.033000000000009955e+01 7.023316775752073970e-02
1.035000000000009912e+01 6.682929999881073724e-02
1.037000000000009869e+01 7.203150195200960781e-02
1.039000000000009827e+01 7.013970750242957963e-02
1.041000000000009784e+01 6.273840085577871151e-02
1.043000000000009742e+01 6.617403060352414212e-02
1.045000000000009699e+01 6.149259395176651100e-02
1.047000000000009656e+01 5.731062941490491780e-02
1.049000000000009614e+01 5.833133886909565302e-02
1.051000000000009571e+01 5.715074994465250274e-02
1.053000000000009528e+01 5.481805689424210093e-02
1.055000000000009486e+01 5.595187402507700164e-02
1.057000000000009443e+01 5.637979889136229134e-02
1.059000000000009400e+01 5.421655243310042477e-02
1.061000000000009358e+01 5.358267170303229743e-02
1.063000000000009315e+01 5.359914389549386843e-02
1.065000000000009273e+01 4.726209214238639295e-02
1.067000000000009230e+01 4.939500303927788633e-02
1.069000000000009187e+01 4.796439198386259067e-02
1.071000000000009145e+01 4.867331981369422966e-02
1.073000000000009102e+01 4.284366379382913842e-02
1.075000000000009059e+01 4.243273995114686670e-02
1.077000000000009017e+01 4.163372566412484183e-02
1.079000000000008974e+01 4.186628636212276489e-02
1.081000000000008932e+01 3.965966497356045173e-02
1.083000000000008889e+01 4.160629649192238572e-02
1.085000000000008846e+01 3.944666067278067983e-02
1.087000000000008804e+01 3.882311191311772075e-02
1.089000000000008761e+01 3.957859373149912735e-02
1.091000000000008718e+01 3.752452872882026252e-02
1.093000000000008676e+01 3.345664739925876402e-02
1.095000000000008633e+01 3.365928662827111922e-02
1.097000000000008590e+01 3.563728525941577824e-02
1.099000000000008548e+01 3.229540849848994144e-02
1.101000000000008505e+01 2.968495534011847403e-02
1.103000000000008463e+01 2.976249239654176967e-02
1.105000000000008420e+01 3.015499228536197562e-02
1.107000000000008377e+01 3.009134631947150279e-02
1.109000000000008335e+01 2.730114461763912675e-02
1.111000000000008292e+01 2.915299510556824958e-02
1.113000000000008249e+01 2.867071435667360724e-02
1.115000000000008207e+01 2.569618400812086201e-02
1.117000000000008164e+01 2.488580079704126938e-02
1.119000000000008122e+01 2.596976950111396995e-02
1.121000000000008079e+01 2.483442636074502038e-02
1.123000000000008036e+01 2.236393363767497089e-02
1.125000000000007994e+01 2.226923306968829272e-02
1.127000000000007951e+01 2.278593167823799587e-02
1.129000000000007908e+01 1.990690500464817325e-02
1.131000000000007866e+01 1.966308710133448170e-02
1.133000000000007823e+01 2.022545870509705190e-02
1.135000000000007780e+01 2.028223398122384891e-02
1.137000000000007738e+01 1.963328844943116464e-02
1.139000000000007695e+01 1.957681172009674217e-02
1.141000000000007653e+01 1.729064715378901204e-02
1.143000000000007610e+01 1.727162740591823079e-02
1.145000000000007567e+01 1.664036531781752301e-02
1.147000000000007525e+01 1.615048314182709888e-02
1.149000000000007482e+01 1.586475962616474070e-02
1.151000000000007439e+01 1.547962937899766481e-02
1.153000000000007397e+01 1.433143464860281088e-02
1.155000000000007354e+01 1.324719048703929328e-02
1.157000000000007311e+01 1.438000541282902049e-02
1.159000000000007269e+01 1.318450215432350608e-02
1.161000000000007226e+01 1.313906580368763392e-02
1.163000000000007184e+01 1.355621201299452884e-02
1.165000000000007141e+01 1.168352491809649708e-02
1.167000000000007098e+01 1.145193462215331366e-02
1.169000000000007056e+01 1.189299943959281659e-02
1.171000000000007013e+01 1.024058887231942688e-02
1.173000000000006970e+01 9.976451319948056659e-03
1.175000000000006928e+01 1.056626422573870953e-02
1.177000000000006885e+01 1.012396849532705943e-02
1.179000000000006843e+01 8.945144148370377107e-03
1.181000000000006800e+01 8.924732057207963518e-03
1.183000000000006757e+01 9.252629343780672394e-03
1.185000000000006715e+01 8.182516912406217341e-03
1.187000000000006672e+01 8.769057207432186252e-03
1.189000000000006629e+01 8.077997943920478194e-03
1.191000000000006587e+01 7.656335987587792151e-03
1.193000000000006544e+01 7.012976763936952518e-03
1.195000000000006501e+01 6.734366216790990851e-03
1.197000000000006459e+01 6.566381037883177105e-03
1.199000000000006416e+01 6.938521053023331830e-03
1.201000000000006374e+01 5.990713450576280220e-03
1.203000000000006331e+01 6.044964095737895803e-03
1.205000000000006288e+01 5.960042041439003735e-03
1.207000000000006246e+01 5.633925086205276121e-03
1.209000000000006203e+01 5.907565070149643945e-03
1.211000000000006160e+01 5.175908777403238036e-03
1.213000000000006118e+01 4.887815647583483580e-03
1.215000000000006075e+01 4.662427806877473928e-03
1.217000000000006033e+01 4.299470462298056288e-03
1.219000000000005990e+01 4.583597191994396094e-03
1.221000000000005947e+01 4.150925233444589801e-03
1.223000000000005905e+01 3.876992822367096841e-03
1.225000000000005862e+01 3.769758218146562669e-03
1.227000000000005819e+01 3.924881251444142273e-03
1.229000000000005777e+01 3.604471769687422021e-03
1.231000000000005734e+01 3.492148130978922193e-03
1.233000000000005691e+01 3.517557147307567769e-03
1.235000000000005649e+01 3.208424156882438115e-03
1.237000000000005606e+01 2.926053651001654567e-03
1.239000000000005564e+01 3.002812151465867729e-03
1.241000000000005521e+01 2.580807178701321168e-03
1.243000000000005478e+01 2.424365612178717815e-03
1.245000000000005436e+01 2.538843180161569520e-03
1.247000000000005393e+01 2.381685893886826676e-03
1.249000000000005350e+01 2.302508953731644860e-03
1.251000000000005308e+01 2.173587812944181418e-03
1.253000000000005265e+01 2.257751829694357604e-03
1.255000000000005222e+01 2.231380019830379348e-03
1.257000000000005180e+01 1.906081532787708274e-03
1.259000000000005137e+01 1.972401984259179730e-03
1.261000000000005095e+01 1.650370475852318448e-03
1.263000000000005052e+01 1.588952026052955395e-03
1.265000000000005009e+01 1.524123409867899010e-03
1.267000000000004967e+01 1.523606125414175404e-03
1.269000000000004924e+01 1.421139550156113674e-03
1.271000000000004881e+01 1.384738930026442084e-03
1.273000000000004839e+01 1.279370449876553054e-03
1.275000000000004796e+01 1.440621091643445005e-03
1.277000000000004754e+01 1.441908138063949154e-03
1.279000000000004711e+01 1.059911840432078934e-03
1.281000000000004668e+01 1.033309772021912378e-03
1.283000000000004626e+01 9.869102400275186083e-04
1.285000000000004583e+01 9.227486755272021378e-04
1.287000000000004540e+01 9.353271500093825316e-04
1.289000000000004498e+01 8.646459996244523728e-04
1.291000000000004455e+01 8.369074891343400349e-04
1.293000000000004412e+01 7.708219528108039816e-04
1.295000000000004370e+01 8.666400259990910196e-04
1.297000000000004327e+01 8.492660553031330549e-04
1.299000000000004285e+01 6.631786791782510191e-04
1.301000000000004242e+01 6.307779890327546834e-04
1.303000000000004199e+01 5.993247568644618746e-04
1.305000000000004157e+01 5.510606504466096858e-04
1.307000000000004114e+01 5.427524106475093476e-04
1.309000000000004071e+01 5.330949496520448428e-04
1.311000000000004029e+01 4.870048150460688048e-04
1.313000000000003986e+01 5.328208805510552867e-04
1.315000000000003944e+01 4.444813936932355525e-04
1.317000000000003901e+01 5.004106490400199317e-04
1.319000000000003858e+01 3.763300280968777671e-04
1.321000000000003816e+01 3.567067857015744766e-04
1.323000000000003773e+01 3.651226353734212532e-04
1.325000000000003730e+01 3.270521449158146307e-04
1.327000000000003688e+01 3.115556139656351490e-04
1.329000000000003645e+01 3.131842984378509177e-04
1.331000000000003602e+01 3.196325371077908930e-04
1.333000000000003560e+01 2.706080691622491513e-04
1.335000000000003517e+01 2.528252650597487597e-04
1.337000000000003475e+01 2.727277596855037464e-04
1.339000000000003432e+01 2.195978958628481026e-04
1.341000000000003389e+01 2.045547110897251821e-04
1.343000000000003347e+01 1.943383946634754387e-04
1.345000000000003304e+01 1.971985483205129276e-04
1.347000000000003261e+01 1.825579517888020905e-04
1.349000000000003219e+01 1.936373373860195157e-04
1.351000000000003176e+01 1.603178431102451288e-04
1.353000000000003133e+01 1.457568611348113044e-04
1.355000000000003091e+01 1.657856768201236813e-04
1.357000000000003048e+01 1.221912092212445327e-04
1.359000000000003006e+01 1.229229101184980619e-04
1.361000000000002963e+01 1.134062337433392099e-04
1.363000000000002920e+01 1.098232019832704636e-04
1.365000000000002878e+01 1.032205064363947780e-04
1.367000000000002835e+01 1.173232869851925832e-04
1.369000000000002792e+01 9.477506220842054350e-05
1.371000000000002750e+01 8.398488813043233014e-05
1.373000000000002707e+01 7.867643803840274085e-05
1.375000000000002665e+01 8.730449877622704262e-05
1.377000000000002622e+01 6.808906264284852777e-05
1.379000000000002579e+01 6.527791183946490166e-05
1.381000000000002537e+01 6.210329360810568110e-05
1.383000000000002494e+01 6.836102379603078397e-05
1.385000000000002451e+01 5.449100300398099261e-05
1.387000000000002409e+01 5.333623567158823442e-05
1.389000000000002366e+01 4.865733344180418204e-05
1.391000000000002323e+01 4.391687661261416738e-05
1.393000000000002281e+01 4.955195596011257024e-05
1.395000000000002238e+01 3.716730584848144074e-05
1.397000000000002196e+01 3.676304631977214189e-05
1.399000000000002153e+01 4.040764127434756263e-05
1.401000000000002110e+01 3.115341430011698409e-05
1.403000000000002068e+01 2.967287406315124000e-05
1.405000000000002025e+01 2.824668335993461488e-05
1.407000000000001982e+01 2.631620996698081044e-05
1.409000000000001940e+01 2.479243852686974380e-05
1.411000000000001897e+01 2.764369549163212626e-05
1.413000000000001855e+01 1.978824698891580811e-05
1.415000000000001812e+01 2.380720290904909145e-05
1.417000000000001769e+01 1.788729323722963038e-05
1.419000000000001727e+01 1.667112806379507953e-05
1.421000000000001684e+01 1.541561448051226717e-05
1.423000000000001641e+01 1.510213169117786726e-05
1.425000000000001599e+01 1.421302085156127246e-05
1.427000000000001556e+01 9.332894881893979324e-06
1.429000000000001513e+01 1.159153821511754375e-05
1.431000000000001471e+01 5.637463393772282611e-06
1.433000000000001428e+01 1.649475864212268735e-06
1.435000000000001386e+01 1.231773302170385903e-06
1.437000000000001343e+01 5.744045363736358665e-07
1.439000000000001300e+01 3.517469112225042538e-07
1.441000000000001258e+01 3.656293927681772905e-09
1.443000000000001215e+01 1.922080223765851245e-10
1.445000000000001172e+01 1.737747918837232585e-10
1.447000000000001130e+01 1.577007293570228198e-10
1.449000000000001087e+01 1.427807346290593213e-10
1.451000000000001044e+01 1.284102892511323744e-10
1.453000000000001002e+01 1.154620784345355844e-10
1.455000000000000959e+01 8.875976215084651986e-13
1.457000000000000917e+01 3.058496143692649422e-13
1.459000000000000874e+01 2.733656273334725945e-13
1.461000000000000831e+01 0.000000000000000000e+00
1.463000000000000789e+01 0.000000000000000000e+00
1.465000000000000746e+01 0.000000000000000000e+00
1.467000000000000703e+01 0.000000000000000000e+00
1.469000000000000661e+01 0.000000000000000000e+00
1.471000000000000618e+01 0.000000000000000000e+00
1.473000000000000576e+01 0.000000000000000000e+00
1.475000000000000533e+01 0.000000000000000000e+00
1.477000000000000490e+01 0.000000000000000000e+00
1.479000000000000448e+01 0.000000000000000000e+00
1.481000000000000405e+01 0.000000000000000000e+00
1.483000000000000362e+01 0.000000000000000000e+00
1.485000000000000320e+01 0.000000000000000000e+00
1.487000000000000277e+01 0.000000000000000000e+00
1.489000000000000234e+01 0.000000000000000000e+00
1.491000000000000192e+01 0.000000000000000000e+00
1.493000000000000149e+01 0.000000000000000000e+00
1.495000000000000107e+01 0.000000000000000000e+00
1.497000000000000064e+01 0.000000000000000000e+00
1.499000000000000021e+01 0.000000000000000000e+00
