# Redshift		Merger Rate Density [Gpc^-3yr^-1]
1.000000000031931770e-02 2.195123990545435078e+01
3.000000000031888964e-02 2.292480014479412986e+01
5.000000000031846331e-02 2.406775824338064140e+01
7.000000000031804392e-02 2.505219648151404499e+01
9.000000000031761760e-02 2.629715965477925721e+01
1.100000000003171913e-01 2.740462568176655367e+01
1.300000000003167511e-01 2.866317853495325352e+01
1.500000000003163247e-01 2.982561512183963259e+01
1.700000000003158984e-01 3.116572382486673476e+01
1.900000000003154721e-01 3.235103055338523603e+01
2.100000000003150458e-01 3.380109180165775484e+01
2.300000000003146194e-01 3.516712793526480851e+01
2.500000000003141931e-01 3.646553185682435583e+01
2.700000000003137668e-01 3.795004851762525533e+01
2.900000000003133405e-01 3.929268471679517205e+01
3.100000000003129141e-01 4.066706242838873209e+01
3.300000000003124878e-01 4.210096589093279817e+01
3.500000000003120615e-01 4.348472009159357299e+01
3.700000000003116352e-01 4.508515195795937558e+01
3.900000000003112088e-01 4.667871061166053437e+01
4.100000000003107825e-01 4.810712141848692625e+01
4.300000000003103562e-01 4.986460109091117232e+01
4.500000000003099299e-01 5.126948590297077857e+01
4.700000000003095035e-01 5.295084600076015846e+01
4.900000000003090772e-01 5.468236533271295485e+01
5.100000000003086509e-01 5.617452646658444593e+01
5.300000000003082246e-01 5.807434826983270426e+01
5.500000000003077982e-01 5.981533889981852070e+01
5.700000000003073719e-01 6.148450114933694977e+01
5.900000000003069456e-01 6.313579437023643237e+01
6.100000000003065193e-01 6.492077697927611268e+01
6.300000000003060929e-01 6.694929427039994607e+01
6.500000000003056666e-01 6.884131341514977009e+01
6.700000000003052403e-01 7.061985764583322123e+01
6.900000000003048140e-01 7.249035259436163869e+01
7.100000000003043876e-01 7.433895926174480451e+01
7.300000000003039613e-01 7.622824767008384583e+01
7.500000000003035350e-01 7.865853161470272426e+01
7.700000000003031086e-01 8.010095667685867227e+01
7.900000000003026823e-01 8.225016724666691914e+01
8.100000000003022560e-01 8.439392352448584234e+01
8.300000000003018297e-01 8.595893803574301728e+01
8.500000000003014033e-01 8.812673156271949892e+01
8.700000000003009770e-01 8.994097786845671294e+01
8.900000000003005507e-01 9.180419255347483443e+01
9.100000000003001244e-01 9.392297200564404136e+01
9.300000000002996980e-01 9.586550664921826126e+01
9.500000000002992717e-01 9.783147947216768614e+01
9.700000000002988454e-01 9.976572978831133298e+01
9.900000000002984191e-01 1.020515038767258034e+02
1.010000000000297993e+00 1.036542935277746267e+02
1.030000000000297566e+00 1.057831357125430287e+02
1.050000000000297140e+00 1.079570595989441841e+02
1.070000000000296714e+00 1.097349417479809404e+02
1.090000000000296287e+00 1.119756219090080549e+02
1.110000000000295861e+00 1.134967346753653601e+02
1.130000000000295435e+00 1.156177324949466225e+02
1.150000000000295008e+00 1.177340854493993589e+02
1.170000000000294582e+00 1.189681605104723019e+02
1.190000000000294156e+00 1.210521885061479566e+02
1.210000000000293729e+00 1.240130796647794114e+02
1.230000000000293303e+00 1.250173569154765261e+02
1.250000000000292877e+00 1.267808260401432250e+02
1.270000000000292451e+00 1.282433795977205193e+02
1.290000000000292024e+00 1.299495164221960124e+02
1.310000000000291598e+00 1.316676639931014279e+02
1.330000000000291172e+00 1.337722040307005500e+02
1.350000000000290745e+00 1.346297227885767711e+02
1.370000000000290319e+00 1.363604762722368093e+02
1.390000000000289893e+00 1.380614904983817155e+02
1.410000000000289466e+00 1.400924585072074535e+02
1.430000000000289040e+00 1.401727952104676547e+02
1.450000000000288614e+00 1.421288150194262698e+02
1.470000000000288187e+00 1.438523877832380151e+02
1.490000000000287761e+00 1.444382853135194580e+02
1.510000000000287335e+00 1.458919913457968391e+02
1.530000000000286908e+00 1.471734489837586466e+02
1.550000000000286482e+00 1.476185080629990125e+02
1.570000000000286056e+00 1.484902179232271919e+02
1.590000000000285629e+00 1.496017194324987258e+02
1.610000000000285203e+00 1.503910309213222831e+02
1.630000000000284777e+00 1.510874504481446365e+02
1.650000000000284350e+00 1.514616756106485980e+02
1.670000000000283924e+00 1.525358539458715939e+02
1.690000000000283498e+00 1.529502502551361260e+02
1.710000000000283071e+00 1.530033671893210681e+02
1.730000000000282645e+00 1.538812101926579601e+02
1.750000000000282219e+00 1.538133654232091487e+02
1.770000000000281792e+00 1.552321897960869990e+02
1.790000000000281366e+00 1.551068527614777111e+02
1.810000000000280940e+00 1.554884138938833473e+02
1.830000000000280513e+00 1.547561148425591853e+02
1.850000000000280087e+00 1.538464503653872555e+02
1.870000000000279661e+00 1.557038489619745576e+02
1.890000000000279234e+00 1.554237074750841998e+02
1.910000000000278808e+00 1.545603328113491557e+02
1.930000000000278382e+00 1.524765727073782955e+02
1.950000000000277955e+00 1.521768434568680561e+02
1.970000000000277529e+00 1.521927521382324642e+02
1.990000000000277103e+00 1.515523751968156034e+02
2.010000000000276899e+00 1.503182910634072016e+02
2.030000000000276472e+00 1.494749200193703587e+02
2.050000000000276046e+00 1.488996379180741201e+02
2.070000000000275620e+00 1.474352928616538350e+02
2.090000000000275193e+00 1.470606305743058613e+02
2.110000000000274767e+00 1.464341799843355147e+02
2.130000000000274341e+00 1.435427430894487486e+02
2.150000000000273914e+00 1.428391860910137154e+02
2.170000000000273488e+00 1.424961454821546454e+02
2.190000000000273062e+00 1.411947217842510156e+02
2.210000000000272635e+00 1.396862432973356931e+02
2.230000000000272209e+00 1.385637712917937279e+02
2.250000000000271783e+00 1.367938155727300114e+02
2.270000000000271356e+00 1.357915157190095101e+02
2.290000000000270930e+00 1.353171221821303334e+02
2.310000000000270504e+00 1.342014861517268116e+02
2.330000000000270077e+00 1.334311158232792707e+02
2.350000000000269651e+00 1.312953186869359001e+02
2.370000000000269225e+00 1.291567751061961360e+02
2.390000000000268798e+00 1.281216227118854647e+02
2.410000000000268372e+00 1.264051732570682418e+02
2.430000000000267946e+00 1.253273247080482378e+02
2.450000000000267519e+00 1.233956490388154918e+02
2.470000000000267093e+00 1.215286319613595651e+02
2.490000000000266667e+00 1.200771133821809258e+02
2.510000000000266240e+00 1.200923101235851220e+02
2.530000000000265814e+00 1.183256471294101004e+02
2.550000000000265388e+00 1.163772654243312417e+02
2.570000000000264961e+00 1.147374568279185922e+02
2.590000000000264535e+00 1.137735499159193893e+02
2.610000000000264109e+00 1.112287165478009712e+02
2.630000000000263682e+00 1.100441341170264451e+02
2.650000000000263256e+00 1.086914387342659438e+02
2.670000000000262830e+00 1.070041771286725663e+02
2.690000000000262403e+00 1.047600109468108656e+02
2.710000000000261977e+00 1.032645519917783190e+02
2.730000000000261551e+00 1.014579292466359988e+02
2.750000000000261124e+00 9.994012514799301528e+01
2.770000000000260698e+00 9.819074017639708529e+01
2.790000000000260272e+00 9.643350535618974106e+01
2.810000000000259845e+00 9.511940478300718382e+01
2.830000000000259419e+00 9.379639288710683331e+01
2.850000000000258993e+00 9.191703695343157676e+01
2.870000000000258567e+00 9.094843469261675750e+01
2.890000000000258140e+00 8.878013152647550044e+01
2.910000000000257714e+00 8.757962771369115274e+01
2.930000000000257288e+00 8.633140740829762194e+01
2.950000000000256861e+00 8.483544581514469485e+01
2.970000000000256435e+00 8.350476205558136655e+01
2.990000000000256009e+00 8.214832092603792546e+01
3.010000000000255582e+00 8.046906340047409856e+01
3.030000000000255156e+00 7.952408796689003623e+01
3.050000000000254730e+00 7.781492759397389136e+01
3.070000000000254303e+00 7.669920187599402084e+01
3.090000000000253877e+00 7.562092119770659338e+01
3.110000000000253451e+00 7.427619194452724116e+01
3.130000000000253024e+00 7.270559163709222616e+01
3.150000000000252598e+00 7.215849593758309766e+01
3.170000000000252172e+00 7.033100350644254206e+01
3.190000000000251745e+00 6.946219269168362587e+01
3.210000000000251319e+00 6.835326602791613482e+01
3.230000000000250893e+00 6.775841837693113234e+01
3.250000000000250466e+00 6.701042948761670459e+01
3.270000000000250040e+00 6.575132180810983584e+01
3.290000000000249614e+00 6.365635183361727201e+01
3.310000000000249187e+00 6.315828781113800261e+01
3.330000000000248761e+00 6.208906689205942797e+01
3.350000000000248335e+00 6.129161272281609740e+01
3.370000000000247908e+00 6.014787543090585586e+01
3.390000000000247482e+00 5.871173161308551158e+01
3.410000000000247056e+00 5.776888086801602640e+01
3.430000000000246629e+00 5.653704575487913075e+01
3.450000000000246203e+00 5.541697234302200314e+01
3.470000000000245777e+00 5.452758032219546891e+01
3.490000000000245350e+00 5.431172905681678742e+01
3.510000000000244924e+00 5.333018385891580238e+01
3.530000000000244498e+00 5.190752826135224751e+01
3.550000000000244071e+00 5.082381015022880888e+01
3.570000000000243645e+00 5.016973224232845041e+01
3.590000000000243219e+00 4.895358660460660616e+01
3.610000000000242792e+00 4.865832384286245826e+01
3.630000000000242366e+00 4.750583267899071416e+01
3.650000000000241940e+00 4.677514795051820329e+01
3.670000000000241513e+00 4.613520755697735609e+01
3.690000000000241087e+00 4.521453643793608990e+01
3.710000000000240661e+00 4.432518065740970314e+01
3.730000000000240234e+00 4.361541647249265452e+01
3.750000000000239808e+00 4.290180599609835355e+01
3.770000000000239382e+00 4.163908571677641390e+01
3.790000000000238956e+00 4.119986919037463480e+01
3.810000000000238529e+00 4.065317030457350711e+01
3.830000000000238103e+00 3.973038507334693747e+01
3.850000000000237677e+00 3.893053925524947800e+01
3.870000000000237250e+00 3.837649187184568689e+01
3.890000000000236824e+00 3.748913552200833266e+01
3.910000000000236398e+00 3.674292986535913741e+01
3.930000000000235971e+00 3.621418307497928168e+01
3.950000000000235545e+00 3.575265316592502529e+01
3.970000000000235119e+00 3.513713329939560026e+01
3.990000000000234692e+00 3.443457360195149164e+01
4.010000000000234266e+00 3.399015615619099151e+01
4.030000000000233840e+00 3.313468170602745744e+01
4.050000000000233413e+00 3.257200140340759731e+01
4.070000000000232987e+00 3.213642646559387117e+01
4.090000000000232561e+00 3.141922334391414395e+01
4.110000000000232134e+00 3.129920260958303047e+01
4.130000000000231708e+00 3.059175351939314424e+01
4.150000000000231282e+00 3.030847568415590843e+01
4.170000000000230855e+00 3.000631078766249971e+01
4.190000000000230429e+00 2.949291008468379616e+01
4.210000000000230003e+00 2.908930993326032421e+01
4.230000000000229576e+00 2.857900981760520764e+01
4.250000000000229150e+00 2.783637691832213434e+01
4.270000000000228724e+00 2.688845483858927565e+01
4.290000000000228297e+00 2.680325410659441232e+01
4.310000000000227871e+00 2.618032603280764192e+01
4.330000000000227445e+00 2.586975057511402198e+01
4.350000000000227018e+00 2.567577286610956477e+01
4.370000000000226592e+00 2.501816533537920151e+01
4.390000000000226166e+00 2.451361454014051233e+01
4.410000000000225739e+00 2.405412401617954643e+01
4.430000000000225313e+00 2.361769696448404687e+01
4.450000000000224887e+00 2.311368498125900572e+01
4.470000000000224460e+00 2.268877279851885476e+01
4.490000000000224034e+00 2.244458135899797568e+01
4.510000000000223608e+00 2.222506540627069072e+01
4.530000000000223181e+00 2.165198937130220713e+01
4.550000000000222755e+00 2.126554265966182200e+01
4.570000000000222329e+00 2.072338808822892986e+01
4.590000000000221902e+00 2.029919381868652195e+01
4.610000000000221476e+00 1.999711945651568712e+01
4.630000000000221050e+00 1.942960435999734514e+01
4.650000000000220624e+00 1.934983114870384213e+01
4.670000000000220197e+00 1.899153198003827825e+01
4.690000000000219771e+00 1.849659340981430589e+01
4.710000000000219345e+00 1.834595897044613722e+01
4.730000000000218918e+00 1.804506673185452215e+01
4.750000000000218492e+00 1.749338304649328180e+01
4.770000000000218066e+00 1.707285383404833468e+01
4.790000000000217639e+00 1.685882932913182941e+01
4.810000000000217213e+00 1.663309167969296709e+01
4.830000000000216787e+00 1.644845798569269490e+01
4.850000000000216360e+00 1.596889238253001864e+01
4.870000000000215934e+00 1.549308751128518047e+01
4.890000000000215508e+00 1.539275685128383486e+01
4.910000000000215081e+00 1.503023584973939109e+01
4.930000000000214655e+00 1.489795955175183195e+01
4.950000000000214229e+00 1.465153170220522405e+01
4.970000000000213802e+00 1.443058304503999700e+01
4.990000000000213376e+00 1.407636436229859811e+01
5.010000000000212950e+00 1.372032730047720328e+01
5.030000000000212523e+00 1.313425995416424463e+01
5.050000000000212097e+00 1.313530584450383465e+01
5.070000000000211671e+00 1.280174471093555333e+01
5.090000000000211244e+00 1.260050530200318342e+01
5.110000000000210818e+00 1.227301524808178890e+01
5.130000000000210392e+00 1.211401442047954191e+01
5.150000000000209965e+00 1.178440634168704548e+01
5.170000000000209539e+00 1.154353522239175511e+01
5.190000000000209113e+00 1.126681869381775591e+01
5.210000000000208686e+00 1.095364939539338067e+01
5.230000000000208260e+00 1.084289258982991022e+01
5.250000000000207834e+00 1.061561044214341187e+01
5.270000000000207407e+00 1.030986218650476971e+01
5.290000000000206981e+00 1.031847529949927456e+01
5.310000000000206555e+00 1.008987356373374844e+01
5.330000000000206128e+00 9.877886536058380074e+00
5.350000000000205702e+00 9.742762608062690788e+00
5.370000000000205276e+00 9.336822848130674757e+00
5.390000000000204849e+00 9.183682277231355329e+00
5.410000000000204423e+00 8.873428592231498158e+00
5.430000000000203997e+00 8.662635748261561019e+00
5.450000000000203570e+00 8.533901188538433047e+00
5.470000000000203144e+00 8.418502962843421145e+00
5.490000000000202718e+00 8.216413971905154767e+00
5.510000000000202292e+00 7.978483859371971576e+00
5.530000000000201865e+00 7.851222778188247098e+00
5.550000000000201439e+00 7.818112569464489070e+00
5.570000000000201013e+00 7.553952652882719221e+00
5.590000000000200586e+00 7.306824058274557387e+00
5.610000000000200160e+00 7.281988503019912073e+00
5.630000000000199734e+00 7.014419047743872149e+00
5.650000000000199307e+00 6.854889049722533656e+00
5.670000000000198881e+00 6.702869781793250326e+00
5.690000000000198455e+00 6.489790188620268019e+00
5.710000000000198028e+00 6.158772603194483608e+00
5.730000000000197602e+00 6.137660435719338281e+00
5.750000000000197176e+00 6.002291124714974835e+00
5.770000000000196749e+00 5.841668089863758517e+00
5.790000000000196323e+00 5.705544644632380979e+00
5.810000000000195897e+00 5.529443102347337380e+00
5.830000000000195470e+00 5.378026767876233016e+00
5.850000000000195044e+00 5.314723598982654451e+00
5.870000000000194618e+00 5.109028554302479819e+00
5.890000000000194191e+00 4.984762754156029985e+00
5.910000000000193765e+00 4.842628765856508366e+00
5.930000000000193339e+00 4.783234615309728710e+00
5.950000000000192912e+00 4.689899312026920342e+00
5.970000000000192486e+00 4.543472983772566920e+00
5.990000000000192060e+00 4.490121312890066108e+00
6.010000000000191633e+00 4.309410391377361371e+00
6.030000000000191207e+00 4.190198144579562189e+00
6.050000000000190781e+00 4.055089713785992700e+00
6.070000000000190354e+00 3.984595749742927850e+00
6.090000000000189928e+00 3.867550101163459431e+00
6.110000000000189502e+00 3.767765762588363820e+00
6.130000000000189075e+00 3.717134506524192084e+00
6.150000000000188649e+00 3.633236556265837969e+00
6.170000000000188223e+00 3.529802522233063122e+00
6.190000000000187796e+00 3.420680900495432830e+00
6.210000000000187370e+00 3.383356072751117161e+00
6.230000000000186944e+00 3.222780667033759538e+00
6.250000000000186517e+00 3.199916756297985554e+00
6.270000000000186091e+00 3.056088639852611699e+00
6.290000000000185665e+00 2.960502154494197402e+00
6.310000000000185238e+00 2.895785152962621734e+00
6.330000000000184812e+00 2.818160989787595216e+00
6.350000000000184386e+00 2.750517715357204462e+00
6.370000000000183960e+00 2.690062671933329597e+00
6.390000000000183533e+00 2.533780949464616850e+00
6.410000000000183107e+00 2.475165601304519125e+00
6.430000000000182681e+00 2.398795676513057362e+00
6.450000000000182254e+00 2.340434755674649203e+00
6.470000000000181828e+00 2.335165337372121286e+00
6.490000000000181402e+00 2.231396161511352449e+00
6.510000000000180975e+00 2.170844417745967814e+00
6.530000000000180549e+00 2.114469305711774272e+00
6.550000000000180123e+00 2.089136157682970563e+00
6.570000000000179696e+00 1.990090793509512457e+00
6.590000000000179270e+00 1.966180043231880337e+00
6.610000000000178844e+00 1.875842786893193503e+00
6.630000000000178417e+00 1.860044903863049104e+00
6.650000000000177991e+00 1.828357192578396573e+00
6.670000000000177565e+00 1.711633495990017462e+00
6.690000000000177138e+00 1.656571551309499846e+00
6.710000000000176712e+00 1.611917024634341278e+00
6.730000000000176286e+00 1.615956564663307171e+00
6.750000000000175859e+00 1.531683316681001106e+00
6.770000000000175433e+00 1.466841638094727784e+00
6.790000000000175007e+00 1.422838282988076131e+00
6.810000000000174580e+00 1.419436458146865476e+00
6.830000000000174154e+00 1.394231098419122405e+00
6.850000000000173728e+00 1.348334186521997102e+00
6.870000000000173301e+00 1.301706536481708865e+00
6.890000000000172875e+00 1.286505035544755815e+00
6.910000000000172449e+00 1.278121928833598764e+00
6.930000000000172022e+00 1.242909640251885550e+00
6.950000000000171596e+00 1.181959245235041367e+00
6.970000000000171170e+00 1.156290929564119052e+00
6.990000000000170743e+00 1.114001744660954030e+00
7.010000000000170317e+00 1.096803968816333352e+00
7.030000000000169891e+00 1.071862218121122146e+00
7.050000000000169464e+00 1.002263402534684600e+00
7.070000000000169038e+00 1.008388131075382832e+00
7.090000000000168612e+00 9.474659227414283791e-01
7.110000000000168185e+00 9.389830240531130690e-01
7.130000000000167759e+00 9.230290173111680430e-01
7.150000000000167333e+00 8.674660778447274012e-01
7.170000000000166906e+00 8.442734047659939955e-01
7.190000000000166480e+00 8.295475442508256636e-01
7.210000000000166054e+00 8.102455476246930299e-01
7.230000000000165628e+00 7.771528129152982522e-01
7.250000000000165201e+00 7.696857649122396117e-01
7.270000000000164775e+00 7.589511726856185136e-01
7.290000000000164349e+00 7.446335089311990618e-01
7.310000000000163922e+00 7.626107036405183059e-01
7.330000000000163496e+00 6.818276268199641166e-01
7.350000000000163070e+00 6.806735187121586428e-01
7.370000000000162643e+00 6.806458542593093464e-01
7.390000000000162217e+00 6.631658821605374010e-01
7.410000000000161791e+00 6.314716899073786749e-01
7.430000000000161364e+00 6.272339666814267245e-01
7.450000000000160938e+00 6.036295530098062523e-01
7.470000000000160512e+00 5.775517561797653965e-01
7.490000000000160085e+00 5.700775291323518790e-01
7.510000000000159659e+00 5.607841243497430073e-01
7.530000000000159233e+00 5.674297252975966099e-01
7.550000000000158806e+00 5.308544717607018848e-01
7.570000000000158380e+00 5.057960580147167207e-01
7.590000000000157954e+00 5.052729273334567450e-01
7.610000000000157527e+00 4.970414433800265375e-01
7.630000000000157101e+00 4.884314678091329354e-01
7.650000000000156675e+00 4.631896630146599692e-01
7.670000000000156248e+00 4.492573021899102792e-01
7.690000000000155822e+00 4.791215160946529772e-01
7.710000000000155396e+00 4.472106446892160636e-01
7.730000000000154969e+00 4.295412235873322104e-01
7.750000000000154543e+00 4.280795375429419236e-01
7.770000000000154117e+00 3.978560092295603812e-01
7.790000000000153690e+00 4.151936572118864466e-01
7.810000000000153264e+00 3.962753366188241366e-01
7.830000000000152838e+00 3.678037928410386459e-01
7.850000000000152411e+00 3.836517233632696366e-01
7.870000000000151985e+00 3.613263842487386968e-01
7.890000000000151559e+00 3.554261824099881895e-01
7.910000000000151132e+00 3.697624022357223206e-01
7.930000000000150706e+00 3.447859966549603472e-01
7.950000000000150280e+00 3.402353807762740212e-01
7.970000000000149853e+00 3.186255792353475669e-01
7.990000000000149427e+00 3.337160371827667116e-01
8.010000000000149001e+00 3.079081812952886854e-01
8.030000000000148574e+00 3.467948147944115989e-01
8.050000000000148148e+00 3.028028749919952634e-01
8.070000000000147722e+00 2.840579225554009102e-01
8.090000000000147296e+00 3.086591741061884275e-01
8.110000000000146869e+00 2.955517203964043160e-01
8.130000000000146443e+00 2.814992331169569040e-01
8.150000000000146017e+00 2.628686605751281435e-01
8.170000000000145590e+00 2.635775068243972341e-01
8.190000000000145164e+00 2.495992008875713708e-01
8.210000000000144738e+00 2.516045637597154050e-01
8.230000000000144311e+00 2.439911759152864901e-01
8.250000000000143885e+00 2.453877469580224846e-01
8.270000000000143459e+00 2.600126693453687077e-01
8.290000000000143032e+00 2.278448634442737375e-01
8.310000000000142606e+00 2.375530500153906766e-01
8.330000000000142180e+00 2.292713200616668390e-01
8.350000000000141753e+00 2.198937727965069588e-01
8.370000000000141327e+00 2.276684093756783378e-01
8.390000000000140901e+00 2.276449509531674742e-01
8.410000000000140474e+00 2.149235843481497321e-01
8.430000000000140048e+00 2.102081748367894409e-01
8.450000000000139622e+00 2.119952480274929774e-01
8.470000000000139195e+00 1.904949372407075403e-01
8.490000000000138769e+00 1.991882446905235970e-01
8.510000000000138343e+00 1.974553182541730623e-01
8.530000000000137916e+00 1.898276671484438183e-01
8.550000000000137490e+00 1.720097990380664021e-01
8.570000000000137064e+00 1.762596724164740558e-01
8.590000000000136637e+00 1.723823002992187492e-01
8.610000000000136211e+00 1.742447389070905794e-01
8.630000000000135785e+00 1.716694365809672551e-01
8.650000000000135358e+00 1.597464350832956681e-01
8.670000000000134932e+00 1.622560958710926315e-01
8.690000000000134506e+00 1.558998019692643400e-01
8.710000000000134079e+00 1.522177323245323954e-01
8.730000000000133653e+00 1.575281031897359241e-01
8.750000000000133227e+00 1.671661169665175917e-01
8.770000000000132800e+00 1.514098517435478464e-01
8.790000000000132374e+00 1.403138220098288924e-01
8.810000000000131948e+00 1.449053294289677218e-01
8.830000000000131521e+00 1.378980346698945036e-01
8.850000000000131095e+00 1.305267715140435436e-01
8.870000000000130669e+00 1.416505727820797644e-01
8.890000000000130242e+00 1.340951003444981471e-01
8.910000000000129816e+00 1.222143046430702318e-01
8.930000000000129390e+00 1.260370201891552744e-01
8.950000000000128964e+00 1.214374491369250020e-01
8.970000000000128537e+00 1.180221266598919100e-01
8.990000000000128111e+00 1.175467767157371002e-01
9.010000000000127685e+00 1.181534043163442460e-01
9.030000000000127258e+00 1.139247761852780760e-01
9.050000000000126832e+00 1.188442801588477510e-01
9.070000000000126406e+00 1.084027934742105431e-01
9.090000000000125979e+00 1.066243237868458454e-01
9.110000000000125553e+00 1.006880306104123990e-01
9.130000000000125127e+00 1.024476647444115401e-01
9.150000000000124700e+00 9.929038894629733936e-02
9.170000000000124274e+00 9.378829015184053652e-02
9.190000000000123848e+00 9.048119081922069429e-02
9.210000000000123421e+00 9.909352388999180528e-02
9.230000000000122995e+00 9.240132129754019541e-02
9.250000000000122569e+00 9.317778776713346589e-02
9.270000000000122142e+00 9.573137591950565961e-02
9.290000000000121716e+00 8.554841862353207427e-02
9.310000000000121290e+00 8.579778281064195933e-02
9.330000000000120863e+00 8.757798209919161192e-02
9.350000000000120437e+00 8.137711408667910873e-02
9.370000000000120011e+00 7.590138912399815863e-02
9.390000000000119584e+00 7.486842410067889864e-02
9.410000000000119158e+00 7.450443464255918080e-02
9.430000000000118732e+00 7.113788538353077451e-02
9.450000000000118305e+00 7.085559755248384273e-02
9.470000000000117879e+00 7.242792088917004989e-02
9.490000000000117453e+00 6.474428889003422394e-02
9.510000000000117026e+00 6.780348831205874893e-02
9.530000000000116600e+00 7.094882262626830971e-02
9.550000000000116174e+00 6.077261930649865279e-02
9.570000000000115747e+00 6.287014576386795728e-02
9.590000000000115321e+00 7.758929053206460591e-02
9.610000000000114895e+00 6.681377367223365060e-02
9.630000000000114468e+00 5.760866225085813086e-02
9.650000000000114042e+00 5.603034823059728498e-02
9.670000000000113616e+00 5.708061793346472235e-02
9.690000000000113189e+00 5.246492873422105990e-02
9.710000000000112763e+00 5.032591672598261262e-02
9.730000000000112337e+00 5.298781415044111903e-02
9.750000000000111910e+00 5.145326631173573889e-02
9.770000000000111484e+00 4.814679403717706668e-02
9.790000000000111058e+00 5.034787871092198663e-02
9.810000000000110632e+00 4.785074307037522068e-02
9.830000000000110205e+00 4.385354767957583971e-02
9.850000000000109779e+00 4.489357801367097056e-02
9.870000000000109353e+00 5.575082001973462320e-02
9.890000000000108926e+00 4.850530736830947764e-02
9.910000000000108500e+00 3.997859008534904168e-02
9.930000000000108074e+00 4.705441987340338444e-02
9.950000000000107647e+00 3.994573469045441944e-02
9.970000000000107221e+00 3.700129861004139431e-02
9.990000000000106795e+00 3.690549857860155741e-02
1.001000000000010637e+01 3.640128646216050923e-02
1.003000000000010594e+01 3.918289427865394303e-02
1.005000000000010552e+01 3.718276523157613977e-02
1.007000000000010509e+01 3.349589609562800274e-02
1.009000000000010466e+01 3.312182889947970499e-02
1.011000000000010424e+01 3.235226698475996560e-02
1.013000000000010381e+01 3.845664861753810004e-02
1.015000000000010338e+01 3.129323990235093056e-02
1.017000000000010296e+01 3.311768100380486912e-02
1.019000000000010253e+01 2.819543396791963918e-02
1.021000000000010210e+01 3.048291617510092907e-02
1.023000000000010168e+01 2.955518856550098591e-02
1.025000000000010125e+01 2.635200557030733734e-02
1.027000000000010083e+01 3.043562957498118296e-02
1.029000000000010040e+01 2.863551102770010501e-02
1.031000000000009997e+01 2.409052137703297791e-02
1.033000000000009955e+01 2.456053097082121564e-02
1.035000000000009912e+01 2.337930497062250604e-02
1.037000000000009869e+01 2.554525527845574739e-02
1.039000000000009827e+01 2.599811500725881033e-02
1.041000000000009784e+01 2.251581547766372607e-02
1.043000000000009742e+01 2.393790193565527302e-02
1.045000000000009699e+01 1.986370469582084825e-02
1.047000000000009656e+01 1.948980693812529807e-02
1.049000000000009614e+01 1.914755387633117201e-02
1.051000000000009571e+01 2.012121099980507949e-02
1.053000000000009528e+01 1.847402484939004996e-02
1.055000000000009486e+01 2.006932026931095014e-02
1.057000000000009443e+01 1.828810612779668485e-02
1.059000000000009400e+01 1.980235466819836934e-02
1.061000000000009358e+01 1.750059601666029488e-02
1.063000000000009315e+01 1.934660453988663875e-02
1.065000000000009273e+01 1.479213836841128567e-02
1.067000000000009230e+01 1.454926217415256420e-02
1.069000000000009187e+01 1.659092719626015580e-02
1.071000000000009145e+01 1.353368887333946530e-02
1.073000000000009102e+01 1.390506509726515370e-02
1.075000000000009059e+01 1.289222070368777236e-02
1.077000000000009017e+01 1.244260290109406794e-02
1.079000000000008974e+01 1.305948214066309301e-02
1.081000000000008932e+01 1.392960555016393466e-02
1.083000000000008889e+01 1.197363320285786681e-02
1.085000000000008846e+01 1.187991337919545344e-02
1.087000000000008804e+01 1.053417092681835886e-02
1.089000000000008761e+01 1.393315066880614073e-02
1.091000000000008718e+01 1.126640498977297261e-02
1.093000000000008676e+01 1.121708570444499529e-02
1.095000000000008633e+01 9.084099373799909422e-03
1.097000000000008590e+01 8.974372716533611516e-03
1.099000000000008548e+01 8.510950843364832596e-03
1.101000000000008505e+01 8.349861476145564038e-03
1.103000000000008463e+01 8.030585682035367226e-03
1.105000000000008420e+01 9.410851338305159519e-03
1.107000000000008377e+01 8.850765678941529754e-03
1.109000000000008335e+01 7.199941188000178426e-03
1.111000000000008292e+01 9.159803434144138390e-03
1.113000000000008249e+01 6.640965405382653203e-03
1.115000000000008207e+01 6.359184459662526288e-03
1.117000000000008164e+01 7.349921527297376481e-03
1.119000000000008122e+01 6.919530573508569753e-03
1.121000000000008079e+01 5.884572492734958978e-03
1.123000000000008036e+01 5.416297451609768283e-03
1.125000000000007994e+01 5.229030530430115592e-03
1.127000000000007951e+01 5.446473733046431134e-03
1.129000000000007908e+01 5.839529045316170508e-03
1.131000000000007866e+01 4.609035006191812729e-03
1.133000000000007823e+01 4.773734885481657579e-03
1.135000000000007780e+01 5.949999100352904025e-03
1.137000000000007738e+01 4.227662556769712018e-03
1.139000000000007695e+01 3.892774519381607921e-03
1.141000000000007653e+01 4.498218905026416664e-03
1.143000000000007610e+01 3.572859140832560735e-03
1.145000000000007567e+01 3.426437642158535173e-03
1.147000000000007525e+01 3.540381621859998822e-03
1.149000000000007482e+01 3.575404284617418518e-03
1.151000000000007439e+01 3.699970301883223622e-03
1.153000000000007397e+01 2.855102289804866290e-03
1.155000000000007354e+01 2.728482073660189449e-03
1.157000000000007311e+01 3.797472353454629801e-03
1.159000000000007269e+01 2.618146016263973690e-03
1.161000000000007226e+01 2.350995109202226943e-03
1.163000000000007184e+01 2.687135894292207346e-03
1.165000000000007141e+01 2.132991337093365254e-03
1.167000000000007098e+01 2.094628569817231448e-03
1.169000000000007056e+01 2.049917652147034784e-03
1.171000000000007013e+01 1.872348234016114671e-03
1.173000000000006970e+01 2.107301197922812914e-03
1.175000000000006928e+01 1.890200877796333100e-03
1.177000000000006885e+01 2.396068693895056327e-03
1.179000000000006843e+01 1.482848303142202681e-03
1.181000000000006800e+01 1.443830478639114784e-03
1.183000000000006757e+01 1.422213706708110731e-03
1.185000000000006715e+01 1.514743562434796255e-03
1.187000000000006672e+01 1.210052756275714235e-03
1.189000000000006629e+01 1.195381152524388653e-03
1.191000000000006587e+01 1.093468279054393526e-03
1.193000000000006544e+01 1.035756257221286027e-03
1.195000000000006501e+01 1.175405516337407535e-03
1.197000000000006459e+01 9.259806781470145305e-04
1.199000000000006416e+01 1.375536791953426352e-03
1.201000000000006374e+01 8.588306121842740736e-04
1.203000000000006331e+01 8.130934811092124488e-04
1.205000000000006288e+01 8.496026782358414870e-04
1.207000000000006246e+01 7.141181241864418602e-04
1.209000000000006203e+01 6.761593639280255889e-04
1.211000000000006160e+01 6.098276554845355338e-04
1.213000000000006118e+01 5.759398299662014812e-04
1.215000000000006075e+01 6.314539294875438176e-04
1.217000000000006033e+01 5.109812343238333190e-04
1.219000000000005990e+01 7.801379401278889236e-04
1.221000000000005947e+01 4.419124569917434720e-04
1.223000000000005905e+01 4.223048178223651411e-04
1.225000000000005862e+01 3.937652735573527363e-04
1.227000000000005819e+01 4.713728897715939816e-04
1.229000000000005777e+01 3.446291269516118172e-04
1.231000000000005734e+01 3.365645215550560590e-04
1.233000000000005691e+01 3.046003195264949210e-04
1.235000000000005649e+01 2.874735386818624123e-04
1.237000000000005606e+01 3.102421942941484940e-04
1.239000000000005564e+01 4.182369085675095833e-04
1.241000000000005521e+01 2.275059620946049094e-04
1.243000000000005478e+01 2.138902846414498962e-04
1.245000000000005436e+01 2.057062678526636859e-04
1.247000000000005393e+01 2.132075755368339099e-04
1.249000000000005350e+01 1.765883671463858954e-04
1.251000000000005308e+01 1.642758401504075452e-04
1.253000000000005265e+01 1.702741613082042239e-04
1.255000000000005222e+01 1.602514679599829732e-04
1.257000000000005180e+01 1.329117114955533801e-04
1.259000000000005137e+01 2.122158864541444910e-04
1.261000000000005095e+01 1.111236768600458761e-04
1.263000000000005052e+01 1.046733656143884744e-04
1.265000000000005009e+01 1.096252087829331434e-04
1.267000000000004967e+01 8.983943730730521379e-05
1.269000000000004924e+01 8.386727814079586528e-05
1.271000000000004881e+01 7.829846383576499129e-05
1.273000000000004839e+01 7.307178035414650056e-05
1.275000000000004796e+01 7.519953335770927186e-05
1.277000000000004754e+01 1.145131085363024020e-04
1.279000000000004711e+01 5.510246326925550598e-05
1.281000000000004668e+01 5.203618767357645549e-05
1.283000000000004626e+01 4.767136725483420108e-05
1.285000000000004583e+01 4.839958386451587337e-05
1.287000000000004540e+01 4.100786069165305545e-05
1.289000000000004498e+01 3.794500512368535397e-05
1.291000000000004455e+01 3.524192123243872539e-05
1.293000000000004412e+01 3.272566656819001044e-05
1.295000000000004370e+01 5.584531948646270804e-05
1.297000000000004327e+01 2.680198152222249680e-05
1.299000000000004285e+01 2.454089511681733981e-05
1.301000000000004242e+01 2.362445391420811010e-05
1.303000000000004199e+01 2.219784232372030983e-05
1.305000000000004157e+01 1.896019549570501393e-05
1.307000000000004114e+01 1.753068623442207352e-05
1.309000000000004071e+01 1.619890618716449097e-05
1.311000000000004029e+01 1.496142388827159165e-05
1.313000000000003986e+01 2.559798618083005144e-05
1.315000000000003944e+01 1.180691253701707241e-05
1.317000000000003901e+01 1.097232597011053265e-05
1.319000000000003858e+01 1.017664601884679743e-05
1.321000000000003816e+01 9.746843250088341708e-06
1.323000000000003773e+01 8.743362624768235118e-06
1.325000000000003730e+01 7.714963200786531243e-06
1.327000000000003688e+01 7.078099637237676914e-06
1.329000000000003645e+01 6.503851407381741778e-06
1.331000000000003602e+01 1.110940992280588757e-05
1.333000000000003560e+01 5.081974156930489898e-06
1.335000000000003517e+01 4.622588247881025905e-06
1.337000000000003475e+01 4.240211364814994569e-06
1.339000000000003432e+01 4.107548992744177638e-06
1.341000000000003389e+01 3.524320033538044232e-06
1.343000000000003347e+01 3.224078819143341380e-06
1.345000000000003304e+01 3.038983517400174223e-06
1.347000000000003261e+01 2.792510197898173815e-06
1.349000000000003219e+01 4.481034243153588015e-06
1.351000000000003176e+01 2.044805038472335804e-06
1.353000000000003133e+01 1.864042848295078395e-06
1.355000000000003091e+01 1.698614181503264851e-06
1.357000000000003048e+01 1.601782152196975088e-06
1.359000000000003006e+01 1.417559722891901335e-06
1.361000000000002963e+01 1.273745077777593944e-06
1.363000000000002920e+01 1.158100522163414005e-06
1.365000000000002878e+01 1.087798420232860765e-06
1.367000000000002835e+01 1.776265526457692274e-06
1.369000000000002792e+01 7.853335714079100391e-07
1.371000000000002750e+01 6.903747656668925784e-07
1.373000000000002707e+01 6.254313352293057235e-07
1.375000000000002665e+01 5.666975711667051786e-07
1.377000000000002622e+01 5.131481431429341094e-07
1.379000000000002579e+01 4.681710058734243056e-07
1.381000000000002537e+01 4.211191904385014144e-07
1.383000000000002494e+01 7.089555809404522350e-07
1.385000000000002451e+01 3.095390863229082006e-07
1.387000000000002409e+01 2.792872186709233904e-07
1.389000000000002366e+01 2.570580997997755363e-07
1.391000000000002323e+01 2.263067315390101503e-07
1.393000000000002281e+01 2.039005346944892726e-07
1.395000000000002238e+01 1.834688332955451375e-07
1.397000000000002196e+01 1.653904101389074797e-07
1.399000000000002153e+01 2.783366717532336673e-07
1.401000000000002110e+01 1.195827714974294249e-07
1.403000000000002068e+01 1.073078676528812740e-07
1.405000000000002025e+01 9.623567667826383437e-08
1.407000000000001982e+01 8.625310880283195517e-08
1.409000000000001940e+01 7.850321932183309181e-08
1.411000000000001897e+01 6.913318478853357643e-08
1.413000000000001855e+01 6.171198005215066437e-08
1.415000000000001812e+01 1.032274177217448819e-07
1.417000000000001769e+01 4.426238737370426976e-08
1.419000000000001727e+01 3.925488661996842788e-08
1.421000000000001684e+01 3.500873531561903213e-08
1.423000000000001641e+01 3.114458560791427108e-08
1.425000000000001599e+01 2.774258701157085027e-08
1.427000000000001556e+01 4.834004592454756107e-10
1.429000000000001513e+01 5.574580365532731269e-10
1.431000000000001471e+01 4.656790209744975160e-10
1.433000000000001428e+01 2.844219656189669500e-10
1.435000000000001386e+01 2.465769552724284417e-10
1.437000000000001343e+01 1.556872259351195932e-10
1.439000000000001300e+01 1.348822903861738645e-10
1.441000000000001258e+01 1.922039000868260220e-14
1.443000000000001215e+01 3.385711142144503198e-17
1.445000000000001172e+01 2.788513734847243784e-17
1.447000000000001130e+01 2.288069451893801339e-17
1.449000000000001087e+01 1.883122328282055816e-17
1.451000000000001044e+01 1.542191402208710893e-17
1.453000000000001002e+01 1.264448071933755340e-17
1.455000000000000959e+01 0.000000000000000000e+00
1.457000000000000917e+01 0.000000000000000000e+00
1.459000000000000874e+01 0.000000000000000000e+00
1.461000000000000831e+01 0.000000000000000000e+00
1.463000000000000789e+01 0.000000000000000000e+00
1.465000000000000746e+01 0.000000000000000000e+00
1.467000000000000703e+01 0.000000000000000000e+00
1.469000000000000661e+01 0.000000000000000000e+00
1.471000000000000618e+01 0.000000000000000000e+00
1.473000000000000576e+01 0.000000000000000000e+00
1.475000000000000533e+01 0.000000000000000000e+00
1.477000000000000490e+01 0.000000000000000000e+00
1.479000000000000448e+01 0.000000000000000000e+00
1.481000000000000405e+01 0.000000000000000000e+00
1.483000000000000362e+01 0.000000000000000000e+00
1.485000000000000320e+01 0.000000000000000000e+00
1.487000000000000277e+01 0.000000000000000000e+00
1.489000000000000234e+01 0.000000000000000000e+00
1.491000000000000192e+01 0.000000000000000000e+00
1.493000000000000149e+01 0.000000000000000000e+00
1.495000000000000107e+01 0.000000000000000000e+00
1.497000000000000064e+01 0.000000000000000000e+00
1.499000000000000021e+01 0.000000000000000000e+00
