# Redshift		Merger Rate Density [Gpc^-3yr^-1]
1.000000000031931770e-02 1.739741308931761807e+02
3.000000000031888964e-02 1.820246413066599018e+02
5.000000000031846331e-02 1.897285200244202201e+02
7.000000000031804392e-02 1.988827258126011657e+02
9.000000000031761760e-02 2.063932468995747627e+02
1.100000000003171913e-01 2.156049979177560658e+02
1.300000000003167511e-01 2.250365034484425166e+02
1.500000000003163247e-01 2.348268058727722689e+02
1.700000000003158984e-01 2.424317372245656657e+02
1.900000000003154721e-01 2.538679858126960767e+02
2.100000000003150458e-01 2.629316081784377843e+02
2.300000000003146194e-01 2.722064448243519905e+02
2.500000000003141931e-01 2.840199125263930569e+02
2.700000000003137668e-01 2.939518826858409852e+02
2.900000000003133405e-01 3.040398289191219305e+02
3.100000000003129141e-01 3.156716173411538193e+02
3.300000000003124878e-01 3.258434464302068250e+02
3.500000000003120615e-01 3.357854127259363395e+02
3.700000000003116352e-01 3.488551256679360790e+02
3.900000000003112088e-01 3.590744570241664064e+02
4.100000000003107825e-01 3.704084871622630430e+02
4.300000000003103562e-01 3.817057735867144288e+02
4.500000000003099299e-01 3.939426438866726130e+02
4.700000000003095035e-01 4.049766228777530159e+02
4.900000000003090772e-01 4.161184932316804748e+02
5.100000000003086509e-01 4.314757762285443619e+02
5.300000000003082246e-01 4.395888641168876916e+02
5.500000000003077982e-01 4.538820507728341909e+02
5.700000000003073719e-01 4.657649270075530694e+02
5.900000000003069456e-01 4.771133713871531086e+02
6.100000000003065193e-01 4.890444221066778709e+02
6.300000000003060929e-01 4.989861032663555420e+02
6.500000000003056666e-01 5.140599443209837318e+02
6.700000000003052403e-01 5.264667638792315074e+02
6.900000000003048140e-01 5.399153904807892559e+02
7.100000000003043876e-01 5.520375326802593463e+02
7.300000000003039613e-01 5.622516386235364507e+02
7.500000000003035350e-01 5.770168715853723143e+02
7.700000000003031086e-01 5.861540654098922687e+02
7.900000000003026823e-01 6.001149038434247132e+02
8.100000000003022560e-01 6.105327852451805484e+02
8.300000000003018297e-01 6.222994162763243366e+02
8.500000000003014033e-01 6.369675334510437779e+02
8.700000000003009770e-01 6.421645730952428721e+02
8.900000000003005507e-01 6.599194311294078261e+02
9.100000000003001244e-01 6.664294074620053152e+02
9.300000000002996980e-01 6.783409042572275212e+02
9.500000000002992717e-01 6.921964572850714603e+02
9.700000000002988454e-01 6.999484408481494029e+02
9.900000000002984191e-01 7.092456113557402659e+02
1.010000000000297993e+00 7.191050628665151407e+02
1.030000000000297566e+00 7.309458910369467048e+02
1.050000000000297140e+00 7.368804690187010920e+02
1.070000000000296714e+00 7.506908377746181031e+02
1.090000000000296287e+00 7.593070840236579215e+02
1.110000000000295861e+00 7.673776529106302178e+02
1.130000000000295435e+00 7.710808272557562759e+02
1.150000000000295008e+00 7.831711590694148981e+02
1.170000000000294582e+00 7.878516912626233761e+02
1.190000000000294156e+00 7.972170699504996492e+02
1.210000000000293729e+00 8.059900605429713778e+02
1.230000000000293303e+00 8.091279785594458644e+02
1.250000000000292877e+00 8.165224561582720071e+02
1.270000000000292451e+00 8.257728025531449703e+02
1.290000000000292024e+00 8.218864790973735808e+02
1.310000000000291598e+00 8.337637514088095259e+02
1.330000000000291172e+00 8.344298418626888179e+02
1.350000000000290745e+00 8.395955792122372259e+02
1.370000000000290319e+00 8.467462193646351807e+02
1.390000000000289893e+00 8.486680456791134475e+02
1.410000000000289466e+00 8.487467348560649043e+02
1.430000000000289040e+00 8.517118140976173208e+02
1.450000000000288614e+00 8.550260336073826011e+02
1.470000000000288187e+00 8.595083424541679733e+02
1.490000000000287761e+00 8.590950064788454483e+02
1.510000000000287335e+00 8.617507687352875791e+02
1.530000000000286908e+00 8.580622378830735215e+02
1.550000000000286482e+00 8.620768813816031297e+02
1.570000000000286056e+00 8.633863441566544452e+02
1.590000000000285629e+00 8.589428104476521639e+02
1.610000000000285203e+00 8.590709567696025033e+02
1.630000000000284777e+00 8.570009498584871608e+02
1.650000000000284350e+00 8.609386896561385356e+02
1.670000000000283924e+00 8.530261688781779412e+02
1.690000000000283498e+00 8.525765094757664428e+02
1.710000000000283071e+00 8.553592776949990366e+02
1.730000000000282645e+00 8.479213619369672870e+02
1.750000000000282219e+00 8.503585017380808040e+02
1.770000000000281792e+00 8.366845107187891699e+02
1.790000000000281366e+00 8.407012041398364772e+02
1.810000000000280940e+00 8.333315946233138902e+02
1.830000000000280513e+00 8.278352347462644047e+02
1.850000000000280087e+00 8.281302618265734736e+02
1.870000000000279661e+00 8.206375091134327704e+02
1.890000000000279234e+00 8.156411368669212152e+02
1.910000000000278808e+00 8.066458265436174315e+02
1.930000000000278382e+00 8.025896471332869169e+02
1.950000000000277955e+00 7.997237226862151829e+02
1.970000000000277529e+00 7.905644718582326504e+02
1.990000000000277103e+00 7.850183178606013144e+02
2.010000000000276899e+00 7.772091897047640714e+02
2.030000000000276472e+00 7.720135517136425278e+02
2.050000000000276046e+00 7.627866971260916671e+02
2.070000000000275620e+00 7.577185969105730692e+02
2.090000000000275193e+00 7.510123483097506778e+02
2.110000000000274767e+00 7.395260721472612886e+02
2.130000000000274341e+00 7.345183215881620526e+02
2.150000000000273914e+00 7.274815752244794567e+02
2.170000000000273488e+00 7.160935238567943770e+02
2.190000000000273062e+00 7.113968548527864186e+02
2.210000000000272635e+00 7.022607689860028586e+02
2.230000000000272209e+00 6.943043405384886455e+02
2.250000000000271783e+00 6.866575091152375308e+02
2.270000000000271356e+00 6.762737426643835761e+02
2.290000000000270930e+00 6.686332323887583016e+02
2.310000000000270504e+00 6.581624616351406303e+02
2.330000000000270077e+00 6.537962588908917496e+02
2.350000000000269651e+00 6.440728346168958751e+02
2.370000000000269225e+00 6.326371892992151516e+02
2.390000000000268798e+00 6.270598765213975412e+02
2.410000000000268372e+00 6.172191045517739667e+02
2.430000000000267946e+00 6.115358596902210593e+02
2.450000000000267519e+00 5.982409046217803734e+02
2.470000000000267093e+00 5.911673832535898327e+02
2.490000000000266667e+00 5.815480555069740376e+02
2.510000000000266240e+00 5.766035229503411301e+02
2.530000000000265814e+00 5.630611639390497203e+02
2.550000000000265388e+00 5.616532129618642557e+02
2.570000000000264961e+00 5.478104444671672582e+02
2.590000000000264535e+00 5.405039177324824777e+02
2.610000000000264109e+00 5.309265455843517429e+02
2.630000000000263682e+00 5.257935940833765471e+02
2.650000000000263256e+00 5.174578813227137744e+02
2.670000000000262830e+00 5.083437322725042691e+02
2.690000000000262403e+00 5.003811780508495417e+02
2.710000000000261977e+00 4.910040307730776021e+02
2.730000000000261551e+00 4.842187880908190323e+02
2.750000000000261124e+00 4.748638732766170847e+02
2.770000000000260698e+00 4.688739183639862063e+02
2.790000000000260272e+00 4.605312533744159396e+02
2.810000000000259845e+00 4.523525515821182807e+02
2.830000000000259419e+00 4.486075924567854258e+02
2.850000000000258993e+00 4.394214957211368073e+02
2.870000000000258567e+00 4.325261862908917010e+02
2.890000000000258140e+00 4.258717725970423089e+02
2.910000000000257714e+00 4.181831321151007614e+02
2.930000000000257288e+00 4.114581315659341385e+02
2.950000000000256861e+00 4.029135714626704043e+02
2.970000000000256435e+00 3.957623821121384253e+02
2.990000000000256009e+00 3.879960320857211968e+02
3.010000000000255582e+00 3.842706580170316215e+02
3.030000000000255156e+00 3.781516694248889507e+02
3.050000000000254730e+00 3.718848497768898937e+02
3.070000000000254303e+00 3.647955529778076311e+02
3.090000000000253877e+00 3.587312744268392635e+02
3.110000000000253451e+00 3.522063114293966350e+02
3.130000000000253024e+00 3.452972729737174404e+02
3.150000000000252598e+00 3.403224534502740539e+02
3.170000000000252172e+00 3.346299554429837144e+02
3.190000000000251745e+00 3.292617137264965095e+02
3.210000000000251319e+00 3.231301915442688255e+02
3.230000000000250893e+00 3.184581039812610470e+02
3.250000000000250466e+00 3.119606894158266641e+02
3.270000000000250040e+00 3.056670073877080540e+02
3.290000000000249614e+00 3.017321340169675068e+02
3.310000000000249187e+00 2.971832833765216719e+02
3.330000000000248761e+00 2.916428014729740994e+02
3.350000000000248335e+00 2.864833025190581566e+02
3.370000000000247908e+00 2.825822250502858424e+02
3.390000000000247482e+00 2.749178113521334694e+02
3.410000000000247056e+00 2.721889708346759562e+02
3.430000000000246629e+00 2.672879691130996775e+02
3.450000000000246203e+00 2.621572874401753666e+02
3.470000000000245777e+00 2.579889524518991379e+02
3.490000000000245350e+00 2.536432298607873861e+02
3.510000000000244924e+00 2.488521625507740396e+02
3.530000000000244498e+00 2.446835820473252738e+02
3.550000000000244071e+00 2.419764770752090328e+02
3.570000000000243645e+00 2.360913714724440524e+02
3.590000000000243219e+00 2.323497638384782817e+02
3.610000000000242792e+00 2.300168602566111815e+02
3.630000000000242366e+00 2.249597699264539870e+02
3.650000000000241940e+00 2.216369298391858536e+02
3.670000000000241513e+00 2.175872080709184786e+02
3.690000000000241087e+00 2.148794429248180506e+02
3.710000000000240661e+00 2.098104341905768422e+02
3.730000000000240234e+00 2.078651304547155689e+02
3.750000000000239808e+00 2.045378432197039160e+02
3.770000000000239382e+00 2.004473030881618172e+02
3.790000000000238956e+00 1.966596886591549378e+02
3.810000000000238529e+00 1.953741054919316298e+02
3.830000000000238103e+00 1.915654821914804984e+02
3.850000000000237677e+00 1.875462943267939977e+02
3.870000000000237250e+00 1.854948805962592644e+02
3.890000000000236824e+00 1.821501846601177022e+02
3.910000000000236398e+00 1.798708288964018323e+02
3.930000000000235971e+00 1.764405916296425403e+02
3.950000000000235545e+00 1.742550420819652288e+02
3.970000000000235119e+00 1.706598155254842482e+02
3.990000000000234692e+00 1.696042023989730012e+02
4.010000000000234266e+00 1.653593838088525843e+02
4.030000000000233840e+00 1.640638106265540443e+02
4.050000000000233413e+00 1.619590593830399996e+02
4.070000000000232987e+00 1.588314287235916424e+02
4.090000000000232561e+00 1.563263174189280562e+02
4.110000000000232134e+00 1.546057562556232199e+02
4.130000000000231708e+00 1.515747949845492997e+02
4.150000000000231282e+00 1.507523069747641955e+02
4.170000000000230855e+00 1.473263927661798789e+02
4.190000000000230429e+00 1.460339521796385895e+02
4.210000000000230003e+00 1.428928994738199378e+02
4.230000000000229576e+00 1.413256512434948888e+02
4.250000000000229150e+00 1.392575591747767874e+02
4.270000000000228724e+00 1.378508098942706113e+02
4.290000000000228297e+00 1.357025849771991091e+02
4.310000000000227871e+00 1.335598286217964130e+02
4.330000000000227445e+00 1.313277191607427881e+02
4.350000000000227018e+00 1.299551080956721023e+02
4.370000000000226592e+00 1.284240400762431307e+02
4.390000000000226166e+00 1.268397533372815786e+02
4.410000000000225739e+00 1.248860726995297483e+02
4.430000000000225313e+00 1.239410092717674416e+02
4.450000000000224887e+00 1.218856810473360781e+02
4.470000000000224460e+00 1.197650698195273833e+02
4.490000000000224034e+00 1.183142327784171925e+02
4.510000000000223608e+00 1.171612226251092181e+02
4.530000000000223181e+00 1.149978628921331278e+02
4.550000000000222755e+00 1.141120240211820800e+02
4.570000000000222329e+00 1.121186883820840876e+02
4.590000000000221902e+00 1.112060489953492066e+02
4.610000000000221476e+00 1.098089385185836164e+02
4.630000000000221050e+00 1.091652546880831807e+02
4.650000000000220624e+00 1.065334953826471605e+02
4.670000000000220197e+00 1.053527135272906889e+02
4.690000000000219771e+00 1.046656380990110335e+02
4.710000000000219345e+00 1.029082465774177990e+02
4.730000000000218918e+00 1.015823299285516725e+02
4.750000000000218492e+00 1.011852463877893200e+02
4.770000000000218066e+00 9.925018607702273243e+01
4.790000000000217639e+00 9.859858353948447984e+01
4.810000000000217213e+00 9.698047265835258202e+01
4.830000000000216787e+00 9.625130754546418643e+01
4.850000000000216360e+00 9.521544099161087615e+01
4.870000000000215934e+00 9.433144512734834564e+01
4.890000000000215508e+00 9.292449605828176118e+01
4.910000000000215081e+00 9.170347705566676666e+01
4.930000000000214655e+00 9.102510536467806901e+01
4.950000000000214229e+00 8.939750404819245944e+01
4.970000000000213802e+00 8.906369838166307318e+01
4.990000000000213376e+00 8.803152766225673531e+01
5.010000000000212950e+00 8.711231249998229487e+01
5.030000000000212523e+00 8.594667240469770775e+01
5.050000000000212097e+00 8.516858216182204444e+01
5.070000000000211671e+00 8.398939479915171091e+01
5.090000000000211244e+00 8.317013013469103555e+01
5.110000000000210818e+00 8.244470773966951072e+01
5.130000000000210392e+00 8.205538307927207597e+01
5.150000000000209965e+00 8.059018923628725872e+01
5.170000000000209539e+00 7.986748312305755348e+01
5.190000000000209113e+00 7.900087836458286006e+01
5.210000000000208686e+00 7.840990990197886390e+01
5.230000000000208260e+00 7.762498415176992239e+01
5.250000000000207834e+00 7.616512197202892764e+01
5.270000000000207407e+00 7.572911005224733572e+01
5.290000000000206981e+00 7.540398250733795749e+01
5.310000000000206555e+00 7.448446922994232011e+01
5.330000000000206128e+00 7.382452419135677246e+01
5.350000000000205702e+00 7.294802653469065490e+01
5.370000000000205276e+00 7.206371247324916851e+01
5.390000000000204849e+00 7.177658999204287227e+01
5.410000000000204423e+00 7.106419907862311902e+01
5.430000000000203997e+00 7.082786120194283797e+01
5.450000000000203570e+00 6.967682422197073322e+01
5.470000000000203144e+00 6.901863540424034227e+01
5.490000000000202718e+00 6.892954380846299500e+01
5.510000000000202292e+00 6.826927674651447830e+01
5.530000000000201865e+00 6.757705861828804927e+01
5.550000000000201439e+00 6.659159032038546400e+01
5.570000000000201013e+00 6.565601750034909401e+01
5.590000000000200586e+00 6.530547728701897370e+01
5.610000000000200160e+00 6.547636305722892303e+01
5.630000000000199734e+00 6.432315566489583603e+01
5.650000000000199307e+00 6.367509273271206638e+01
5.670000000000198881e+00 6.304226746198609277e+01
5.690000000000198455e+00 6.250154429606613604e+01
5.710000000000198028e+00 6.192690321702792033e+01
5.730000000000197602e+00 6.124667993667637944e+01
5.750000000000197176e+00 6.080308835786853905e+01
5.770000000000196749e+00 6.025541063388403984e+01
5.790000000000196323e+00 5.987389021488804275e+01
5.810000000000195897e+00 5.894920611594284310e+01
5.830000000000195470e+00 5.892232819250445885e+01
5.850000000000195044e+00 5.814569976214639269e+01
5.870000000000194618e+00 5.789188247465213522e+01
5.890000000000194191e+00 5.783299448610884497e+01
5.910000000000193765e+00 5.681963584952001156e+01
5.930000000000193339e+00 5.654630492399377317e+01
5.950000000000192912e+00 5.648790023366655078e+01
5.970000000000192486e+00 5.564456212801685808e+01
5.990000000000192060e+00 5.518454978124463395e+01
6.010000000000191633e+00 5.543648429935126387e+01
6.030000000000191207e+00 5.457219662360737544e+01
6.050000000000190781e+00 5.423660319096639881e+01
6.070000000000190354e+00 5.377992423869746119e+01
6.090000000000189928e+00 5.365115391804501144e+01
6.110000000000189502e+00 5.275679888020366803e+01
6.130000000000189075e+00 5.277554431588171013e+01
6.150000000000188649e+00 5.224575098817735608e+01
6.170000000000188223e+00 5.195578453520985107e+01
6.190000000000187796e+00 5.184346675604050603e+01
6.210000000000187370e+00 5.100610306512383119e+01
6.230000000000186944e+00 5.072756338154652411e+01
6.250000000000186517e+00 5.043956552614127986e+01
6.270000000000186091e+00 4.988879215362477737e+01
6.290000000000185665e+00 4.991025204619029410e+01
6.310000000000185238e+00 4.927317031707096362e+01
6.330000000000184812e+00 4.853138731755681334e+01
6.350000000000184386e+00 4.897676626748100404e+01
6.370000000000183960e+00 4.825519664073501502e+01
6.390000000000183533e+00 4.816633706681218285e+01
6.410000000000183107e+00 4.775020137733635295e+01
6.430000000000182681e+00 4.763809204957617283e+01
6.450000000000182254e+00 4.739848348553306323e+01
6.470000000000181828e+00 4.700262910664194749e+01
6.490000000000181402e+00 4.676771118048790754e+01
6.510000000000180975e+00 4.631452020342649689e+01
6.530000000000180549e+00 4.661309950668788105e+01
6.550000000000180123e+00 4.619252366341785887e+01
6.570000000000179696e+00 4.598648941437736681e+01
6.590000000000179270e+00 4.575151911983558506e+01
6.610000000000178844e+00 4.554050943808573493e+01
6.630000000000178417e+00 4.518244172442381767e+01
6.650000000000177991e+00 4.507391441387601816e+01
6.670000000000177565e+00 4.472272332625787072e+01
6.690000000000177138e+00 4.495254177566474141e+01
6.710000000000176712e+00 4.484410627620028578e+01
6.730000000000176286e+00 4.483753982331757726e+01
6.750000000000175859e+00 4.403698664111082905e+01
6.770000000000175433e+00 4.395658423741797094e+01
6.790000000000175007e+00 4.401102192806670388e+01
6.810000000000174580e+00 4.411251999339242502e+01
6.830000000000174154e+00 4.336199433318793695e+01
6.850000000000173728e+00 4.367587845410328384e+01
6.870000000000173301e+00 4.340931545955122317e+01
6.890000000000172875e+00 4.331165679996595230e+01
6.910000000000172449e+00 4.293490329255531179e+01
6.930000000000172022e+00 4.319143499047027746e+01
6.950000000000171596e+00 4.283402394049636541e+01
6.970000000000171170e+00 4.293144457465753305e+01
6.990000000000170743e+00 4.275730843159873729e+01
7.010000000000170317e+00 4.284480066279979837e+01
7.030000000000169891e+00 4.246674085759061512e+01
7.050000000000169464e+00 4.233037377670316204e+01
7.070000000000169038e+00 4.241284637744786323e+01
7.090000000000168612e+00 4.255071822738090503e+01
7.110000000000168185e+00 4.238783288223012136e+01
7.130000000000167759e+00 4.226963959854101915e+01
7.150000000000167333e+00 4.241753476297394343e+01
7.170000000000166906e+00 4.246602368354587043e+01
7.190000000000166480e+00 4.230183248965108334e+01
7.210000000000166054e+00 4.252551314594730769e+01
7.230000000000165628e+00 4.245600484710080025e+01
7.250000000000165201e+00 4.265231787942254016e+01
7.270000000000164775e+00 4.242293756373386060e+01
7.290000000000164349e+00 4.249267888664707726e+01
7.310000000000163922e+00 4.252694992209146818e+01
7.330000000000163496e+00 4.234666448702019892e+01
7.350000000000163070e+00 4.262168476471833145e+01
7.370000000000162643e+00 4.238454342118780005e+01
7.390000000000162217e+00 4.269379008381818608e+01
7.410000000000161791e+00 4.251152404217865666e+01
7.430000000000161364e+00 4.254040804351848948e+01
7.450000000000160938e+00 4.265272394742815720e+01
7.470000000000160512e+00 4.275346765719248054e+01
7.490000000000160085e+00 4.263398533671563229e+01
7.510000000000159659e+00 4.271428587330861859e+01
7.530000000000159233e+00 4.289251112837542479e+01
7.550000000000158806e+00 4.308551287633948590e+01
7.570000000000158380e+00 4.308180543882285463e+01
7.590000000000157954e+00 4.292524056730277948e+01
7.610000000000157527e+00 4.319106517480359742e+01
7.630000000000157101e+00 4.327010349001291445e+01
7.650000000000156675e+00 4.331917190441301102e+01
7.670000000000156248e+00 4.350676991114171699e+01
7.690000000000155822e+00 4.390938372271173762e+01
7.710000000000155396e+00 4.387118277285404133e+01
7.730000000000154969e+00 4.398793667151463183e+01
7.750000000000154543e+00 4.364540028189976084e+01
7.770000000000154117e+00 4.422615753357233359e+01
7.790000000000153690e+00 4.396905008606639598e+01
7.810000000000153264e+00 4.420976105915971033e+01
7.830000000000152838e+00 4.468900153749563486e+01
7.850000000000152411e+00 4.469903851327124755e+01
7.870000000000151985e+00 4.465974906876999029e+01
7.890000000000151559e+00 4.446908073782878290e+01
7.910000000000151132e+00 4.484861168795667652e+01
7.930000000000150706e+00 4.491977584066606966e+01
7.950000000000150280e+00 4.493900805505381157e+01
7.970000000000149853e+00 4.518997029236601293e+01
7.990000000000149427e+00 4.515143063661410849e+01
8.010000000000149001e+00 4.548261192061245595e+01
8.030000000000148574e+00 4.546085557866443594e+01
8.050000000000148148e+00 4.574408019918924140e+01
8.070000000000147722e+00 4.594372497866618232e+01
8.090000000000147296e+00 4.575673546963082572e+01
8.110000000000146869e+00 4.613836375537517398e+01
8.130000000000146443e+00 4.635391013641447699e+01
8.150000000000146017e+00 4.614961582837732124e+01
8.170000000000145590e+00 4.651874435940482044e+01
8.190000000000145164e+00 4.657128529387767912e+01
8.210000000000144738e+00 4.669446912368373148e+01
8.230000000000144311e+00 4.677681750639191449e+01
8.250000000000143885e+00 4.679747092494319105e+01
8.270000000000143459e+00 4.711923573433028878e+01
8.290000000000143032e+00 4.700488287330139059e+01
8.310000000000142606e+00 4.724998189544432137e+01
8.330000000000142180e+00 4.716880953429271273e+01
8.350000000000141753e+00 4.732502556636023883e+01
8.370000000000141327e+00 4.735099475974990924e+01
8.390000000000140901e+00 4.735266512504586700e+01
8.410000000000140474e+00 4.792434363114916351e+01
8.430000000000140048e+00 4.759951524231113495e+01
8.450000000000139622e+00 4.763662921831595298e+01
8.470000000000139195e+00 4.786685535588563312e+01
8.490000000000138769e+00 4.788217879293799228e+01
8.510000000000138343e+00 4.805117177540265061e+01
8.530000000000137916e+00 4.808034438699894508e+01
8.550000000000137490e+00 4.826111469381002905e+01
8.570000000000137064e+00 4.832507148779873063e+01
8.590000000000136637e+00 4.814662052261095937e+01
8.610000000000136211e+00 4.834349210524688800e+01
8.630000000000135785e+00 4.816677146002098198e+01
8.650000000000135358e+00 4.818317969097699915e+01
8.670000000000134932e+00 4.831623786402546727e+01
8.690000000000134506e+00 4.826761053849406835e+01
8.710000000000134079e+00 4.818230762997107064e+01
8.730000000000133653e+00 4.818243753708620147e+01
8.750000000000133227e+00 4.839442847761316102e+01
8.770000000000132800e+00 4.843033244907567081e+01
8.790000000000132374e+00 4.850535681401976262e+01
8.810000000000131948e+00 4.826068313444712032e+01
8.830000000000131521e+00 4.837856350594194055e+01
8.850000000000131095e+00 4.836655543892202758e+01
8.870000000000130669e+00 4.808554845998708771e+01
8.890000000000130242e+00 4.812596958343784337e+01
8.910000000000129816e+00 4.801770994734685871e+01
8.930000000000129390e+00 4.800867580044998562e+01
8.950000000000128964e+00 4.796710365749080296e+01
8.970000000000128537e+00 4.793322609764105380e+01
8.990000000000128111e+00 4.770036909775615186e+01
9.010000000000127685e+00 4.766453828977215323e+01
9.030000000000127258e+00 4.763540364058930265e+01
9.050000000000126832e+00 4.759972942204790769e+01
9.070000000000126406e+00 4.750916470050658802e+01
9.090000000000125979e+00 4.720927870169888507e+01
9.110000000000125553e+00 4.723882405217135982e+01
9.130000000000125127e+00 4.690482249736990639e+01
9.150000000000124700e+00 4.717178427700783772e+01
9.170000000000124274e+00 4.669888444137298933e+01
9.190000000000123848e+00 4.649972814303351498e+01
9.210000000000123421e+00 4.623720161794994965e+01
9.230000000000122995e+00 4.630030958772631777e+01
9.250000000000122569e+00 4.600483479786403507e+01
9.270000000000122142e+00 4.592571907010532328e+01
9.290000000000121716e+00 4.574440742578620700e+01
9.310000000000121290e+00 4.564312210894525634e+01
9.330000000000120863e+00 4.534880057636237893e+01
9.350000000000120437e+00 4.511118177379670158e+01
9.370000000000120011e+00 4.484849425291857727e+01
9.390000000000119584e+00 4.466127308394543860e+01
9.410000000000119158e+00 4.449854940191555386e+01
9.430000000000118732e+00 4.420541186546760315e+01
9.450000000000118305e+00 4.400492039048290849e+01
9.470000000000117879e+00 4.374204229104043407e+01
9.490000000000117453e+00 4.353003355591728507e+01
9.510000000000117026e+00 4.336543054898816507e+01
9.530000000000116600e+00 4.307508707446058338e+01
9.550000000000116174e+00 4.269183754634200056e+01
9.570000000000115747e+00 4.237202214843902226e+01
9.590000000000115321e+00 4.220013863194498072e+01
9.610000000000114895e+00 4.200509454331168513e+01
9.630000000000114468e+00 4.154703449449509378e+01
9.650000000000114042e+00 4.145588900931848286e+01
9.670000000000113616e+00 4.106646268708071545e+01
9.690000000000113189e+00 4.082312332218837980e+01
9.710000000000112763e+00 4.046207435671279740e+01
9.730000000000112337e+00 4.026222424808152311e+01
9.750000000000111910e+00 3.989393852653416417e+01
9.770000000000111484e+00 3.970632094941252177e+01
9.790000000000111058e+00 3.944359161382990919e+01
9.810000000000110632e+00 3.890484165349970169e+01
9.830000000000110205e+00 3.872330440139019458e+01
9.850000000000109779e+00 3.837137012552182824e+01
9.870000000000109353e+00 3.814248321372687656e+01
9.890000000000108926e+00 3.770738445219942037e+01
9.910000000000108500e+00 3.738846389880779952e+01
9.930000000000108074e+00 3.701553862582872512e+01
9.950000000000107647e+00 3.682106121913518848e+01
9.970000000000107221e+00 3.654649841076534500e+01
9.990000000000106795e+00 3.619766390150052615e+01
1.001000000000010637e+01 3.596899651750334925e+01
1.003000000000010594e+01 3.542872352089264609e+01
1.005000000000010552e+01 3.555972598617135105e+01
1.007000000000010509e+01 3.497227064156445664e+01
1.009000000000010466e+01 3.457458896940885040e+01
1.011000000000010424e+01 3.438794108783805115e+01
1.013000000000010381e+01 3.407546086643119310e+01
1.015000000000010338e+01 3.356036440385836528e+01
1.017000000000010296e+01 3.346526016189255159e+01
1.019000000000010253e+01 3.287737834085507416e+01
1.021000000000010210e+01 3.277745129975049565e+01
1.023000000000010168e+01 3.247419982287248530e+01
1.025000000000010125e+01 3.208475657324635932e+01
1.027000000000010083e+01 3.197420979625805515e+01
1.029000000000010040e+01 3.161450373216166554e+01
1.031000000000009997e+01 3.140803814700705843e+01
1.033000000000009955e+01 3.116052288203210807e+01
1.035000000000009912e+01 3.072537178618053844e+01
1.037000000000009869e+01 3.045303023372938966e+01
1.039000000000009827e+01 3.018180463257981927e+01
1.041000000000009784e+01 2.976863870090788922e+01
1.043000000000009742e+01 2.961200281119621636e+01
1.045000000000009699e+01 2.944694765277306914e+01
1.047000000000009656e+01 2.900364355113485004e+01
1.049000000000009614e+01 2.890860397469621645e+01
1.051000000000009571e+01 2.855477850507296367e+01
1.053000000000009528e+01 2.839035122532270705e+01
1.055000000000009486e+01 2.813680151164840026e+01
1.057000000000009443e+01 2.794651627178232900e+01
1.059000000000009400e+01 2.766984440141078849e+01
1.061000000000009358e+01 2.749908341724029981e+01
1.063000000000009315e+01 2.719814858982323358e+01
1.065000000000009273e+01 2.679620009754281895e+01
1.067000000000009230e+01 2.674470469458553978e+01
1.069000000000009187e+01 2.655090148245557913e+01
1.071000000000009145e+01 2.640974825147067406e+01
1.073000000000009102e+01 2.624818595511033692e+01
1.075000000000009059e+01 2.592487494934935910e+01
1.077000000000009017e+01 2.589311089410140099e+01
1.079000000000008974e+01 2.565172641242607909e+01
1.081000000000008932e+01 2.537847228494859309e+01
1.083000000000008889e+01 2.526475791460680398e+01
1.085000000000008846e+01 2.512680353878731410e+01
1.087000000000008804e+01 2.499542979226547246e+01
1.089000000000008761e+01 2.468806122981608553e+01
1.091000000000008718e+01 2.466946570434062025e+01
1.093000000000008676e+01 2.456864480617605295e+01
1.095000000000008633e+01 2.448773398739084683e+01
1.097000000000008590e+01 2.423795135295871361e+01
1.099000000000008548e+01 2.413071675925185033e+01
1.101000000000008505e+01 2.405668711318084618e+01
1.103000000000008463e+01 2.400903470597727463e+01
1.105000000000008420e+01 2.374451395646180885e+01
1.107000000000008377e+01 2.355030098952078177e+01
1.109000000000008335e+01 2.371009361822324379e+01
1.111000000000008292e+01 2.362189552127114922e+01
1.113000000000008249e+01 2.338516259831233768e+01
1.115000000000008207e+01 2.344238662596257683e+01
1.117000000000008164e+01 2.331130261579468410e+01
1.119000000000008122e+01 2.321357074555062638e+01
1.121000000000008079e+01 2.313650818701363931e+01
1.123000000000008036e+01 2.319550844952367186e+01
1.125000000000007994e+01 2.319692151216284515e+01
1.127000000000007951e+01 2.306243432769078083e+01
1.129000000000007908e+01 2.287184221236076098e+01
1.131000000000007866e+01 2.291371374961319418e+01
1.133000000000007823e+01 2.286381624112714306e+01
1.135000000000007780e+01 2.289455897425280284e+01
1.137000000000007738e+01 2.297687937467834729e+01
1.139000000000007695e+01 2.285781729166627940e+01
1.141000000000007653e+01 2.283707746549296047e+01
1.143000000000007610e+01 2.272912926390798205e+01
1.145000000000007567e+01 2.293863425141034540e+01
1.147000000000007525e+01 2.278351689700193461e+01
1.149000000000007482e+01 2.270567968489643107e+01
1.151000000000007439e+01 2.295845569977517897e+01
1.153000000000007397e+01 2.283803109591223190e+01
1.155000000000007354e+01 2.269636324621723489e+01
1.157000000000007311e+01 2.293524458288584356e+01
1.159000000000007269e+01 2.290319579932564054e+01
1.161000000000007226e+01 2.285533103832851154e+01
1.163000000000007184e+01 2.299423199245791238e+01
1.165000000000007141e+01 2.282463857886268244e+01
1.167000000000007098e+01 2.287920955696975156e+01
1.169000000000007056e+01 2.287073793225979301e+01
1.171000000000007013e+01 2.300313975471787842e+01
1.173000000000006970e+01 2.307833533277027271e+01
1.175000000000006928e+01 2.320708657274833087e+01
1.177000000000006885e+01 2.305293253194522762e+01
1.179000000000006843e+01 2.308282671967247168e+01
1.181000000000006800e+01 2.299209007054808751e+01
1.183000000000006757e+01 2.323478513756683128e+01
1.185000000000006715e+01 2.338919366526128485e+01
1.187000000000006672e+01 2.328550255835278548e+01
1.189000000000006629e+01 2.326937729506698460e+01
1.191000000000006587e+01 2.327241870916952138e+01
1.193000000000006544e+01 2.340472991768094602e+01
1.195000000000006501e+01 2.328390042067234589e+01
1.197000000000006459e+01 2.337663448512312314e+01
1.199000000000006416e+01 2.344988542141309296e+01
1.201000000000006374e+01 2.347296513352512903e+01
1.203000000000006331e+01 2.364803381886909150e+01
1.205000000000006288e+01 2.360686284160622606e+01
1.207000000000006246e+01 2.367952646635461633e+01
1.209000000000006203e+01 2.358187812788800031e+01
1.211000000000006160e+01 2.348192567265630970e+01
1.213000000000006118e+01 2.372229816969203497e+01
1.215000000000006075e+01 2.367239438174732413e+01
1.217000000000006033e+01 2.367576092079269756e+01
1.219000000000005990e+01 2.381518600119369466e+01
1.221000000000005947e+01 2.379362144122023182e+01
1.223000000000005905e+01 2.382204797283976916e+01
1.225000000000005862e+01 2.367181713952392030e+01
1.227000000000005819e+01 2.381732924411510055e+01
1.229000000000005777e+01 2.391137757953428888e+01
1.231000000000005734e+01 2.374518329780589099e+01
1.233000000000005691e+01 2.388183821946809715e+01
1.235000000000005649e+01 2.375406341296983470e+01
1.237000000000005606e+01 2.388639435461325533e+01
1.239000000000005564e+01 2.388390020346858478e+01
1.241000000000005521e+01 2.391873003962044564e+01
1.243000000000005478e+01 2.377217351270207146e+01
1.245000000000005436e+01 2.378821246393053102e+01
1.247000000000005393e+01 2.383444690875371919e+01
1.249000000000005350e+01 2.382136097070827674e+01
1.251000000000005308e+01 2.371422384236073455e+01
1.253000000000005265e+01 2.377282613673958878e+01
1.255000000000005222e+01 2.390843435070249257e+01
1.257000000000005180e+01 2.375025891503947761e+01
1.259000000000005137e+01 2.354334748935661992e+01
1.261000000000005095e+01 2.368730556891356542e+01
1.263000000000005052e+01 2.362044654486276940e+01
1.265000000000005009e+01 2.360467402009204463e+01
1.267000000000004967e+01 2.366629391301232488e+01
1.269000000000004924e+01 2.351078403396171268e+01
1.271000000000004881e+01 2.348761142749970077e+01
1.273000000000004839e+01 2.340859112092770644e+01
1.275000000000004796e+01 2.337151679139482852e+01
1.277000000000004754e+01 2.331216326577542475e+01
1.279000000000004711e+01 2.337214093386973346e+01
1.281000000000004668e+01 2.315773531323301881e+01
1.283000000000004626e+01 2.330860210770565999e+01
1.285000000000004583e+01 2.308110627977486828e+01
1.287000000000004540e+01 2.313612673929274521e+01
1.289000000000004498e+01 2.302560627762139944e+01
1.291000000000004455e+01 2.279427537932366121e+01
1.293000000000004412e+01 2.276463105877053295e+01
1.295000000000004370e+01 2.276025331649825034e+01
1.297000000000004327e+01 2.287644167599457390e+01
1.299000000000004285e+01 2.273446809124447299e+01
1.301000000000004242e+01 2.257985741708921879e+01
1.303000000000004199e+01 2.247092858250476510e+01
1.305000000000004157e+01 2.229232695685982435e+01
1.307000000000004114e+01 2.237319961655548539e+01
1.309000000000004071e+01 2.217300679653746442e+01
1.311000000000004029e+01 2.224894725648240623e+01
1.313000000000003986e+01 2.211737166889836104e+01
1.315000000000003944e+01 2.196299171659603289e+01
1.317000000000003901e+01 2.192450295499999768e+01
1.319000000000003858e+01 2.175934365405974447e+01
1.321000000000003816e+01 2.170055020580451455e+01
1.323000000000003773e+01 2.170369149870560577e+01
1.325000000000003730e+01 2.147539342137740448e+01
1.327000000000003688e+01 2.149272460811084784e+01
1.329000000000003645e+01 2.126317579739972530e+01
1.331000000000003602e+01 2.116988666184611745e+01
1.333000000000003560e+01 2.125758428599764116e+01
1.335000000000003517e+01 2.102164820486884622e+01
1.337000000000003475e+01 2.094563254065003832e+01
1.339000000000003432e+01 2.074305809470874351e+01
1.341000000000003389e+01 2.081810405327902558e+01
1.343000000000003347e+01 2.077269181407371335e+01
1.345000000000003304e+01 2.030699881264585827e+01
1.347000000000003261e+01 2.043822004571462969e+01
1.349000000000003219e+01 2.044193532905522659e+01
1.351000000000003176e+01 2.022842172062480159e+01
1.353000000000003133e+01 1.999934569584562638e+01
1.355000000000003091e+01 1.989456009668519698e+01
1.357000000000003048e+01 1.965004536390375378e+01
1.359000000000003006e+01 1.947348521350964745e+01
1.361000000000002963e+01 1.914876926063656626e+01
1.363000000000002920e+01 1.865956531389172568e+01
1.365000000000002878e+01 1.828092455536574334e+01
1.367000000000002835e+01 1.783311924806262638e+01
1.369000000000002792e+01 1.744246590585144929e+01
1.371000000000002750e+01 1.707137425027179489e+01
1.373000000000002707e+01 1.633683349013961816e+01
1.375000000000002665e+01 1.576563583916983191e+01
1.377000000000002622e+01 1.537961947195519485e+01
1.379000000000002579e+01 1.461908223076614810e+01
1.381000000000002537e+01 1.429537331435641079e+01
1.383000000000002494e+01 1.379709280255997506e+01
1.385000000000002451e+01 1.336183875939035026e+01
1.387000000000002409e+01 1.293297838997998461e+01
1.389000000000002366e+01 1.250142564257351374e+01
1.391000000000002323e+01 1.219125968682570438e+01
1.393000000000002281e+01 1.153469827784195445e+01
1.395000000000002238e+01 1.124548788850007242e+01
1.397000000000002196e+01 1.081729441608105091e+01
1.399000000000002153e+01 1.030181836105756688e+01
1.401000000000002110e+01 9.611154989144875316e+00
1.403000000000002068e+01 8.954434833026988727e+00
1.405000000000002025e+01 8.227811554153745988e+00
1.407000000000001982e+01 7.452902644654904485e+00
1.409000000000001940e+01 6.604219336372391780e+00
1.411000000000001897e+01 5.964536324198547845e+00
1.413000000000001855e+01 5.240464402603264737e+00
1.415000000000001812e+01 4.683373642864175679e+00
1.417000000000001769e+01 4.086200604167895989e+00
1.419000000000001727e+01 3.633489959482713250e+00
1.421000000000001684e+01 3.213250682830069316e+00
1.423000000000001641e+01 2.849496069982148772e+00
1.425000000000001599e+01 2.493306087188455589e+00
1.427000000000001556e+01 2.066082849848216441e+00
1.429000000000001513e+01 1.735736961374492626e+00
1.431000000000001471e+01 1.480680819718258379e+00
1.433000000000001428e+01 1.345630138685831589e+00
1.435000000000001386e+01 1.124266867179839924e+00
1.437000000000001343e+01 8.789520488049259450e-01
1.439000000000001300e+01 6.453926789317321333e-01
1.441000000000001258e+01 4.680570843879526821e-01
1.443000000000001215e+01 3.311249703455583226e-01
1.445000000000001172e+01 2.367644887918023688e-01
1.447000000000001130e+01 1.319824093770176343e-01
1.449000000000001087e+01 4.850049729580302449e-02
1.451000000000001044e+01 2.694945094770961717e-03
1.453000000000001002e+01 3.221009554953618503e-08
1.455000000000000959e+01 2.863770491936189433e-08
1.457000000000000917e+01 8.037101707478484509e-11
1.459000000000000874e+01 6.960705728126992656e-11
1.461000000000000831e+01 3.200625071173417043e-17
1.463000000000000789e+01 1.572208279155203336e-17
1.465000000000000746e+01 1.289027195121083087e-17
1.467000000000000703e+01 0.000000000000000000e+00
1.469000000000000661e+01 0.000000000000000000e+00
1.471000000000000618e+01 0.000000000000000000e+00
1.473000000000000576e+01 0.000000000000000000e+00
1.475000000000000533e+01 0.000000000000000000e+00
1.477000000000000490e+01 0.000000000000000000e+00
1.479000000000000448e+01 0.000000000000000000e+00
1.481000000000000405e+01 0.000000000000000000e+00
1.483000000000000362e+01 0.000000000000000000e+00
1.485000000000000320e+01 0.000000000000000000e+00
1.487000000000000277e+01 0.000000000000000000e+00
1.489000000000000234e+01 0.000000000000000000e+00
1.491000000000000192e+01 0.000000000000000000e+00
1.493000000000000149e+01 0.000000000000000000e+00
1.495000000000000107e+01 0.000000000000000000e+00
1.497000000000000064e+01 0.000000000000000000e+00
1.499000000000000021e+01 0.000000000000000000e+00
