# Redshift		Merger Rate Density [Gpc^-3yr^-1]
1.000000000031931770e-02 3.492381083258566221e+00
3.000000000031888964e-02 3.652931286297286029e+00
5.000000000031846331e-02 3.701396070537153804e+00
7.000000000031804392e-02 3.772674166679089947e+00
9.000000000031761760e-02 3.897474008954247449e+00
1.100000000003171913e-01 3.955891160676727303e+00
1.300000000003167511e-01 4.086148513076907740e+00
1.500000000003163247e-01 4.215353386852253692e+00
1.700000000003158984e-01 4.291166959910341028e+00
1.900000000003154721e-01 4.510312299020200477e+00
2.100000000003150458e-01 4.625205120981942919e+00
2.300000000003146194e-01 4.877194591590618522e+00
2.500000000003141931e-01 5.037317837187143432e+00
2.700000000003137668e-01 5.326531095805972171e+00
2.900000000003133405e-01 5.472994411097880096e+00
3.100000000003129141e-01 5.737146673430476795e+00
3.300000000003124878e-01 6.082245463048375989e+00
3.500000000003120615e-01 6.189255838368638685e+00
3.700000000003116352e-01 6.464810235045567843e+00
3.900000000003112088e-01 6.687493912816732333e+00
4.100000000003107825e-01 7.031571266701148737e+00
4.300000000003103562e-01 7.225644172023708123e+00
4.500000000003099299e-01 7.468517750485922591e+00
4.700000000003095035e-01 7.768304460783751253e+00
4.900000000003090772e-01 7.994962014197499300e+00
5.100000000003086509e-01 8.224265683729930387e+00
5.300000000003082246e-01 8.601408430968554342e+00
5.500000000003077982e-01 8.726592721761456062e+00
5.700000000003073719e-01 9.081080167280941140e+00
5.900000000003069456e-01 9.371693656560013963e+00
6.100000000003065193e-01 9.642240550166411239e+00
6.300000000003060929e-01 1.003173761895205196e+01
6.500000000003056666e-01 1.029100047774433513e+01
6.700000000003052403e-01 1.054680587889407128e+01
6.900000000003048140e-01 1.097363652280292889e+01
7.100000000003043876e-01 1.128199791914436290e+01
7.300000000003039613e-01 1.165638553349210760e+01
7.500000000003035350e-01 1.204503956706742507e+01
7.700000000003031086e-01 1.240587690759092432e+01
7.900000000003026823e-01 1.266511926987829995e+01
8.100000000003022560e-01 1.330530008109192330e+01
8.300000000003018297e-01 1.349745269208904297e+01
8.500000000003014033e-01 1.404765245967506537e+01
8.700000000003009770e-01 1.434833968889149425e+01
8.900000000003005507e-01 1.486762069031199474e+01
9.100000000003001244e-01 1.538447984117206602e+01
9.300000000002996980e-01 1.579754662974080404e+01
9.500000000002992717e-01 1.608127154634258460e+01
9.700000000002988454e-01 1.674034946843216076e+01
9.900000000002984191e-01 1.714828516912709944e+01
1.010000000000297993e+00 1.755598079614757268e+01
1.030000000000297566e+00 1.813350950769874359e+01
1.050000000000297140e+00 1.873124402818037737e+01
1.070000000000296714e+00 1.903989189160479967e+01
1.090000000000296287e+00 1.962717378679344549e+01
1.110000000000295861e+00 2.015934565896487740e+01
1.130000000000295435e+00 2.060735093431314624e+01
1.150000000000295008e+00 2.123415305532719799e+01
1.170000000000294582e+00 2.174389370486784046e+01
1.190000000000294156e+00 2.217018400598074734e+01
1.210000000000293729e+00 2.278177750537955149e+01
1.230000000000293303e+00 2.338329126866609897e+01
1.250000000000292877e+00 2.396073514938963100e+01
1.270000000000292451e+00 2.442452849436743989e+01
1.290000000000292024e+00 2.505879662425414622e+01
1.310000000000291598e+00 2.547303551867343785e+01
1.330000000000291172e+00 2.616059331755751316e+01
1.350000000000290745e+00 2.661904704533783317e+01
1.370000000000290319e+00 2.722533376087699608e+01
1.390000000000289893e+00 2.783514940884407096e+01
1.410000000000289466e+00 2.829937439643643771e+01
1.430000000000289040e+00 2.887405582790660574e+01
1.450000000000288614e+00 2.972967956623280017e+01
1.470000000000288187e+00 2.993288147498518725e+01
1.490000000000287761e+00 3.063616361236250896e+01
1.510000000000287335e+00 3.121921323930907022e+01
1.530000000000286908e+00 3.158749761283710455e+01
1.550000000000286482e+00 3.218497984620442764e+01
1.570000000000286056e+00 3.287855016515388940e+01
1.590000000000285629e+00 3.328800080859481625e+01
1.610000000000285203e+00 3.388339057720940417e+01
1.630000000000284777e+00 3.431809609021578922e+01
1.650000000000284350e+00 3.494533664610959534e+01
1.670000000000283924e+00 3.547958032138635076e+01
1.690000000000283498e+00 3.571874828585688277e+01
1.710000000000283071e+00 3.644493944542897168e+01
1.730000000000282645e+00 3.707306320960120871e+01
1.750000000000282219e+00 3.933943213247062687e+01
1.770000000000281792e+00 3.970508779377367858e+01
1.790000000000281366e+00 3.989972074857548989e+01
1.810000000000280940e+00 4.003807808019077896e+01
1.830000000000280513e+00 3.985919863164371435e+01
1.850000000000280087e+00 3.983828372904610404e+01
1.870000000000279661e+00 4.006254112434184833e+01
1.890000000000279234e+00 4.038885893364695079e+01
1.910000000000278808e+00 4.080395099765773637e+01
1.930000000000278382e+00 4.174359097251777939e+01
1.950000000000277955e+00 4.317261694859716670e+01
1.970000000000277529e+00 4.402911000821440979e+01
1.990000000000277103e+00 4.473520628209927708e+01
2.010000000000276899e+00 4.411287973180842670e+01
2.030000000000276472e+00 4.431921933639391398e+01
2.050000000000276046e+00 4.476491965991784383e+01
2.070000000000275620e+00 4.433285402909666573e+01
2.090000000000275193e+00 4.399652357604063013e+01
2.110000000000274767e+00 4.449459590637103190e+01
2.130000000000274341e+00 4.369498219355878632e+01
2.150000000000273914e+00 4.451266339980823972e+01
2.170000000000273488e+00 4.473704105263995245e+01
2.190000000000273062e+00 4.449133937962316310e+01
2.210000000000272635e+00 4.407394714857740325e+01
2.230000000000272209e+00 4.427414014326095781e+01
2.250000000000271783e+00 4.422980759882378266e+01
2.270000000000271356e+00 4.442695204841153611e+01
2.290000000000270930e+00 4.398180567279768383e+01
2.310000000000270504e+00 4.387416714638668225e+01
2.330000000000270077e+00 4.384499948093768751e+01
2.350000000000269651e+00 4.405734965065177988e+01
2.370000000000269225e+00 4.368596666246570948e+01
2.390000000000268798e+00 4.393801887395072470e+01
2.410000000000268372e+00 4.365881425465488519e+01
2.430000000000267946e+00 4.359659531520950537e+01
2.450000000000267519e+00 4.356597335879597921e+01
2.470000000000267093e+00 4.347125566689969389e+01
2.490000000000266667e+00 4.336396305306305266e+01
2.510000000000266240e+00 4.331811377303154131e+01
2.530000000000265814e+00 4.320299499234049989e+01
2.550000000000265388e+00 4.315539783589498768e+01
2.570000000000264961e+00 4.289001049418974532e+01
2.590000000000264535e+00 4.289275094162710644e+01
2.610000000000264109e+00 4.264210322601625336e+01
2.630000000000263682e+00 4.246728159976534300e+01
2.650000000000263256e+00 4.229989501687137476e+01
2.670000000000262830e+00 4.216125610875219110e+01
2.690000000000262403e+00 4.191713419771927818e+01
2.710000000000261977e+00 4.163329299405741324e+01
2.730000000000261551e+00 4.148601199067637424e+01
2.750000000000261124e+00 4.132262367117162682e+01
2.770000000000260698e+00 4.102642212129908472e+01
2.790000000000260272e+00 4.086090019819870633e+01
2.810000000000259845e+00 4.055835366558892474e+01
2.830000000000259419e+00 4.040093873407956693e+01
2.850000000000258993e+00 4.010672828695148695e+01
2.870000000000258567e+00 3.991304234018008401e+01
2.890000000000258140e+00 3.958498514097500021e+01
2.910000000000257714e+00 3.931636655644327760e+01
2.930000000000257288e+00 3.910732517010829667e+01
2.950000000000256861e+00 3.876767128536065599e+01
2.970000000000256435e+00 3.851945777534029247e+01
2.990000000000256009e+00 3.823558779082700454e+01
3.010000000000255582e+00 3.798504640932060283e+01
3.030000000000255156e+00 3.767495323705680477e+01
3.050000000000254730e+00 3.747698435311683340e+01
3.070000000000254303e+00 3.711568624222914536e+01
3.090000000000253877e+00 3.681622249572556882e+01
3.110000000000253451e+00 3.655775082276726806e+01
3.130000000000253024e+00 3.625659201686879385e+01
3.150000000000252598e+00 3.604152035691663514e+01
3.170000000000252172e+00 3.564903446058578140e+01
3.190000000000251745e+00 3.535867908019859129e+01
3.210000000000251319e+00 3.506982659311697148e+01
3.230000000000250893e+00 3.476171885749163692e+01
3.250000000000250466e+00 3.446217697344645359e+01
3.270000000000250040e+00 3.414503369134935440e+01
3.290000000000249614e+00 3.398196269513630341e+01
3.310000000000249187e+00 3.500568518605184209e+01
3.330000000000248761e+00 3.521462361354308968e+01
3.350000000000248335e+00 3.449984068356584288e+01
3.370000000000247908e+00 3.426986302835503295e+01
3.390000000000247482e+00 3.349600528456033999e+01
3.410000000000247056e+00 3.342056917200807220e+01
3.430000000000246629e+00 3.241775417920361235e+01
3.450000000000246203e+00 3.178933868513504990e+01
3.470000000000245777e+00 3.137092205705043213e+01
3.490000000000245350e+00 3.086661680180188227e+01
3.510000000000244924e+00 3.059864443351578345e+01
3.530000000000244498e+00 3.019809524043946425e+01
3.550000000000244071e+00 2.992129803575114622e+01
3.570000000000243645e+00 2.962384401104818465e+01
3.590000000000243219e+00 2.959112402335044933e+01
3.610000000000242792e+00 2.943954228296176723e+01
3.630000000000242366e+00 2.960258182053240361e+01
3.650000000000241940e+00 2.941915011980747963e+01
3.670000000000241513e+00 2.923683138709164098e+01
3.690000000000241087e+00 2.874179703595825330e+01
3.710000000000240661e+00 2.814163723220518065e+01
3.730000000000240234e+00 2.783227820148648490e+01
3.750000000000239808e+00 2.755960996512702721e+01
3.770000000000239382e+00 2.721610053860601752e+01
3.790000000000238956e+00 2.677886112095820437e+01
3.810000000000238529e+00 2.637147764572790010e+01
3.830000000000238103e+00 2.596709338464192030e+01
3.850000000000237677e+00 2.565058246185983037e+01
3.870000000000237250e+00 2.524336009193340047e+01
3.890000000000236824e+00 2.492177372038300831e+01
3.910000000000236398e+00 2.460141096938144756e+01
3.930000000000235971e+00 2.435561496053614050e+01
3.950000000000235545e+00 2.413210238174493938e+01
3.970000000000235119e+00 2.381612513227845440e+01
3.990000000000234692e+00 2.359013241494308133e+01
4.010000000000234266e+00 2.318478099064823184e+01
4.030000000000233840e+00 2.282218322379196707e+01
4.050000000000233413e+00 2.259690316075804262e+01
4.070000000000232987e+00 2.230927837797079150e+01
4.090000000000232561e+00 2.215347735759783632e+01
4.110000000000232134e+00 2.179912229109354271e+01
4.130000000000231708e+00 2.149115318927454865e+01
4.150000000000231282e+00 2.124926906696072137e+01
4.170000000000230855e+00 2.098335241835847853e+01
4.190000000000230429e+00 2.073631719743748292e+01
4.210000000000230003e+00 2.049315274855664626e+01
4.230000000000229576e+00 2.026644884934547619e+01
4.250000000000229150e+00 2.000952411720165713e+01
4.270000000000228724e+00 1.983395899088635872e+01
4.290000000000228297e+00 2.026939379971408428e+01
4.310000000000227871e+00 2.053491599034716231e+01
4.330000000000227445e+00 2.004613137318719041e+01
4.350000000000227018e+00 1.975646902020161733e+01
4.370000000000226592e+00 1.963133720312719177e+01
4.390000000000226166e+00 1.889820284903396086e+01
4.410000000000225739e+00 1.907130945907069375e+01
4.430000000000225313e+00 1.842389984696884753e+01
4.450000000000224887e+00 1.808729521844605159e+01
4.470000000000224460e+00 1.769895176338146570e+01
4.490000000000224034e+00 1.742001047136728076e+01
4.510000000000223608e+00 1.709174269942196744e+01
4.530000000000223181e+00 1.690707761335491810e+01
4.550000000000222755e+00 1.661382020150328742e+01
4.570000000000222329e+00 1.634006713939013622e+01
4.590000000000221902e+00 1.623457932438718387e+01
4.610000000000221476e+00 1.592854037777780896e+01
4.630000000000221050e+00 1.584043539967989922e+01
4.650000000000220624e+00 1.571661093247914209e+01
4.670000000000220197e+00 1.559656196699941688e+01
4.690000000000219771e+00 1.561197248337283305e+01
4.710000000000219345e+00 1.531069924146647487e+01
4.730000000000218918e+00 1.528218669613240088e+01
4.750000000000218492e+00 1.484462624135577258e+01
4.770000000000218066e+00 1.469524810819753924e+01
4.790000000000217639e+00 1.435392683358859323e+01
4.810000000000217213e+00 1.416007447653533369e+01
4.830000000000216787e+00 1.397680192009954503e+01
4.850000000000216360e+00 1.380667948334346562e+01
4.870000000000215934e+00 1.361342347959745958e+01
4.890000000000215508e+00 1.329194202862764307e+01
4.910000000000215081e+00 1.317998447732887257e+01
4.930000000000214655e+00 1.287820559214973670e+01
4.950000000000214229e+00 1.272135530820332683e+01
4.970000000000213802e+00 1.252237381888986434e+01
4.990000000000213376e+00 1.232930519381030088e+01
5.010000000000212950e+00 1.213322699215893863e+01
5.030000000000212523e+00 1.202437370576760856e+01
5.050000000000212097e+00 1.227402255522827623e+01
5.070000000000211671e+00 1.230267774577848883e+01
5.090000000000211244e+00 1.220794868267896938e+01
5.110000000000210818e+00 1.187470946650488557e+01
5.130000000000210392e+00 1.157889507970163834e+01
5.150000000000209965e+00 1.143625805587939404e+01
5.170000000000209539e+00 1.110098337190652806e+01
5.190000000000209113e+00 1.120929460463699101e+01
5.210000000000208686e+00 1.075418618588145669e+01
5.230000000000208260e+00 1.052305036147056860e+01
5.250000000000207834e+00 1.025143671244306987e+01
5.270000000000207407e+00 1.011748793571284111e+01
5.290000000000206981e+00 9.924490409479505004e+00
5.310000000000206555e+00 9.689188312876188647e+00
5.330000000000206128e+00 9.549443364809730994e+00
5.350000000000205702e+00 9.381000570229712565e+00
5.370000000000205276e+00 9.203908164730549402e+00
5.390000000000204849e+00 9.077153186188445133e+00
5.410000000000204423e+00 8.952270420772450166e+00
5.430000000000203997e+00 8.830850241685572755e+00
5.450000000000203570e+00 8.709525029948112618e+00
5.470000000000203144e+00 8.581885729779612504e+00
5.490000000000202718e+00 8.539245161092164693e+00
5.510000000000202292e+00 8.442905160606619219e+00
5.530000000000201865e+00 8.280501890223964878e+00
5.550000000000201439e+00 8.213067553501478102e+00
5.570000000000201013e+00 8.007289186502669409e+00
5.590000000000200586e+00 7.880433370920862046e+00
5.610000000000200160e+00 7.685855141155164105e+00
5.630000000000199734e+00 7.576444884364859078e+00
5.650000000000199307e+00 7.461334159235209817e+00
5.670000000000198881e+00 7.406889257039955154e+00
5.690000000000198455e+00 7.501979331929075734e+00
5.710000000000198028e+00 7.507310292202162394e+00
5.730000000000197602e+00 7.422819402602805816e+00
5.750000000000197176e+00 7.103691787429704085e+00
5.770000000000196749e+00 6.987565552660743862e+00
5.790000000000196323e+00 6.902433368761664134e+00
5.810000000000195897e+00 6.617691891833612061e+00
5.830000000000195470e+00 6.640398807378535828e+00
5.850000000000195044e+00 6.488044028115350415e+00
5.870000000000194618e+00 6.213065802103856505e+00
5.890000000000194191e+00 6.124270176843698010e+00
5.910000000000193765e+00 5.938724806863673322e+00
5.930000000000193339e+00 5.847709794696409169e+00
5.950000000000192912e+00 5.722087239640753609e+00
5.970000000000192486e+00 5.578502062167343567e+00
5.990000000000192060e+00 5.477553621195452749e+00
6.010000000000191633e+00 5.378588691681078338e+00
6.030000000000191207e+00 5.247871313595169340e+00
6.050000000000190781e+00 5.133273805850957494e+00
6.070000000000190354e+00 5.090763984312013157e+00
6.090000000000189928e+00 4.948739571500501810e+00
6.110000000000189502e+00 4.894845628111692548e+00
6.130000000000189075e+00 4.805450923445227396e+00
6.150000000000188649e+00 4.719594381041954279e+00
6.170000000000188223e+00 4.668250207834653054e+00
6.190000000000187796e+00 4.602548116256429900e+00
6.210000000000187370e+00 4.522202772435709228e+00
6.230000000000186944e+00 4.487103423351324949e+00
6.250000000000186517e+00 4.655326280491509650e+00
6.270000000000186091e+00 4.419960191563938601e+00
6.290000000000185665e+00 4.451802315324234094e+00
6.310000000000185238e+00 4.225145837034925300e+00
6.330000000000184812e+00 4.120707304356978185e+00
6.350000000000184386e+00 4.080328851645991683e+00
6.370000000000183960e+00 3.951604129294796763e+00
6.390000000000183533e+00 3.883443802217934060e+00
6.410000000000183107e+00 3.870381853940082273e+00
6.430000000000182681e+00 3.661304904928980086e+00
6.450000000000182254e+00 3.639408869004843172e+00
6.470000000000181828e+00 3.451808518280487625e+00
6.490000000000181402e+00 3.383767193500800463e+00
6.510000000000180975e+00 3.326474644023992067e+00
6.530000000000180549e+00 3.230733712003597713e+00
6.550000000000180123e+00 3.136489418104558613e+00
6.570000000000179696e+00 3.080080189973134264e+00
6.590000000000179270e+00 3.013871747119960087e+00
6.610000000000178844e+00 2.933479440788379744e+00
6.630000000000178417e+00 2.864348652377465498e+00
6.650000000000177991e+00 2.810812445258875858e+00
6.670000000000177565e+00 2.757679859111441534e+00
6.690000000000177138e+00 2.695568371872750557e+00
6.710000000000176712e+00 2.646164273096040187e+00
6.730000000000176286e+00 2.642511223860555258e+00
6.750000000000175859e+00 2.724744924775913013e+00
6.770000000000175433e+00 2.635450787068638334e+00
6.790000000000175007e+00 2.586482866417435744e+00
6.810000000000174580e+00 2.500163281162691931e+00
6.830000000000174154e+00 2.403354556972316924e+00
6.850000000000173728e+00 2.420495997950238287e+00
6.870000000000173301e+00 2.295386382555610894e+00
6.890000000000172875e+00 2.218483694357692659e+00
6.910000000000172449e+00 2.244975018811163903e+00
6.930000000000172022e+00 2.124494140165543055e+00
6.950000000000171596e+00 2.050366523460550816e+00
6.970000000000171170e+00 2.013550803411026102e+00
6.990000000000170743e+00 1.935277712392859284e+00
7.010000000000170317e+00 1.909123015935174417e+00
7.030000000000169891e+00 1.836176021585695928e+00
7.050000000000169464e+00 1.782343981419907797e+00
7.070000000000169038e+00 1.726553849827501264e+00
7.090000000000168612e+00 1.697056662686767137e+00
7.110000000000168185e+00 1.657316602669623995e+00
7.130000000000167759e+00 1.603549649074873296e+00
7.150000000000167333e+00 1.565658786264372937e+00
7.170000000000166906e+00 1.544578902004727139e+00
7.190000000000166480e+00 1.557537400672454941e+00
7.210000000000166054e+00 1.526983982270524898e+00
7.230000000000165628e+00 1.509499582937160023e+00
7.250000000000165201e+00 1.452690828699013448e+00
7.270000000000164775e+00 1.423197169737077772e+00
7.290000000000164349e+00 1.359685643948990608e+00
7.310000000000163922e+00 1.351727162232204904e+00
7.330000000000163496e+00 1.305844348767656982e+00
7.350000000000163070e+00 1.248003027817903066e+00
7.370000000000162643e+00 1.260294538049489432e+00
7.390000000000162217e+00 1.213639514036819911e+00
7.410000000000161791e+00 1.143904887797960956e+00
7.430000000000161364e+00 1.122364271891537868e+00
7.450000000000160938e+00 1.068403338243255396e+00
7.470000000000160512e+00 1.041907676684745931e+00
7.490000000000160085e+00 1.018691116298924948e+00
7.510000000000159659e+00 9.833639700236215253e-01
7.530000000000159233e+00 9.544980651122619841e-01
7.550000000000158806e+00 9.254392616983030395e-01
7.570000000000158380e+00 9.031280098151140967e-01
7.590000000000157954e+00 8.898078921388166140e-01
7.610000000000157527e+00 8.908155039404580533e-01
7.630000000000157101e+00 8.664080020597093590e-01
7.650000000000156675e+00 8.609132698142454299e-01
7.670000000000156248e+00 8.104290734875926328e-01
7.690000000000155822e+00 7.960726302225467066e-01
7.710000000000155396e+00 7.560160435644145416e-01
7.730000000000154969e+00 7.496404456101390945e-01
7.750000000000154543e+00 7.164989401087386023e-01
7.770000000000154117e+00 6.842640889608087029e-01
7.790000000000153690e+00 6.985971762066159885e-01
7.810000000000153264e+00 6.640488869883585110e-01
7.830000000000152838e+00 6.299046619284061066e-01
7.850000000000152411e+00 6.148196542534997144e-01
7.870000000000151985e+00 5.928877959115447238e-01
7.890000000000151559e+00 5.640209025933511366e-01
7.910000000000151132e+00 5.577313672479372597e-01
7.930000000000150706e+00 5.326380024011606595e-01
7.950000000000150280e+00 5.151149581444033343e-01
7.970000000000149853e+00 5.000383411053473948e-01
7.990000000000149427e+00 5.018740022882117735e-01
8.010000000000149001e+00 4.924382153018103114e-01
8.030000000000148574e+00 4.795881233334103877e-01
8.050000000000148148e+00 4.651765630466081491e-01
8.070000000000147722e+00 4.360780399142121788e-01
8.090000000000147296e+00 4.310712195941645009e-01
8.110000000000146869e+00 4.129852092576442590e-01
8.130000000000146443e+00 3.988203556161240559e-01
8.150000000000146017e+00 3.788169858085700392e-01
8.170000000000145590e+00 3.655515511307819154e-01
8.190000000000145164e+00 3.695304638922285445e-01
8.210000000000144738e+00 3.508005858086314932e-01
8.230000000000144311e+00 3.321871065327718919e-01
8.250000000000143885e+00 3.259781599988035294e-01
8.270000000000143459e+00 3.082653277707634309e-01
8.290000000000143032e+00 2.937130766786267277e-01
8.310000000000142606e+00 2.930628580806975414e-01
8.330000000000142180e+00 2.827334056119326644e-01
8.350000000000141753e+00 2.734685990030746860e-01
8.370000000000141327e+00 2.719503900335297764e-01
8.390000000000140901e+00 2.614999882387759600e-01
8.410000000000140474e+00 2.567123015496901028e-01
8.430000000000140048e+00 2.404081891877983823e-01
8.450000000000139622e+00 2.332306666435868259e-01
8.470000000000139195e+00 2.191895520514090812e-01
8.490000000000138769e+00 2.191555603595739254e-01
8.510000000000138343e+00 2.068170478699298265e-01
8.530000000000137916e+00 1.949104683912687708e-01
8.550000000000137490e+00 1.934034747731872006e-01
8.570000000000137064e+00 1.883579283218826672e-01
8.590000000000136637e+00 1.757882161741934623e-01
8.610000000000136211e+00 1.707088664538355394e-01
8.630000000000135785e+00 1.646051677213370701e-01
8.650000000000135358e+00 1.578046237102771476e-01
8.670000000000134932e+00 1.523594619288954621e-01
8.690000000000134506e+00 1.513620802925251807e-01
8.710000000000134079e+00 1.477292907911893216e-01
8.730000000000133653e+00 1.382995598943138615e-01
8.750000000000133227e+00 1.412289039989662320e-01
8.770000000000132800e+00 1.271999076483956714e-01
8.790000000000132374e+00 1.263611967740051467e-01
8.810000000000131948e+00 1.168499029778640730e-01
8.830000000000131521e+00 1.157484131323508192e-01
8.850000000000131095e+00 1.096249848593282422e-01
8.870000000000130669e+00 1.018759141402550833e-01
8.890000000000130242e+00 1.006546976378639852e-01
8.910000000000129816e+00 9.843923692930367508e-02
8.930000000000129390e+00 9.312880849659174731e-02
8.950000000000128964e+00 8.806405201912441416e-02
8.970000000000128537e+00 8.505018820359400156e-02
8.990000000000128111e+00 8.140582317670454204e-02
9.010000000000127685e+00 7.927533765464196691e-02
9.030000000000127258e+00 7.916586992310808979e-02
9.050000000000126832e+00 7.415451353560610637e-02
9.070000000000126406e+00 7.593710641043735499e-02
9.090000000000125979e+00 6.751586194174430400e-02
9.110000000000125553e+00 6.653552689492606143e-02
9.130000000000125127e+00 6.213534840710056156e-02
9.150000000000124700e+00 6.064913721564713089e-02
9.170000000000124274e+00 5.654151600890674340e-02
9.190000000000123848e+00 5.410086051256036282e-02
9.210000000000123421e+00 5.073220208146548421e-02
9.230000000000122995e+00 5.070665660820503073e-02
9.250000000000122569e+00 4.844079860563373779e-02
9.270000000000122142e+00 4.504304973544760032e-02
9.290000000000121716e+00 4.346187382401870553e-02
9.310000000000121290e+00 4.249172106311045749e-02
9.330000000000120863e+00 4.122535921305836570e-02
9.350000000000120437e+00 3.890098592573928982e-02
9.370000000000120011e+00 4.002920020522639233e-02
9.390000000000119584e+00 3.589885119822657650e-02
9.410000000000119158e+00 3.483993774721955844e-02
9.430000000000118732e+00 3.271860349429819848e-02
9.450000000000118305e+00 3.032806081878401672e-02
9.470000000000117879e+00 3.042817793281099581e-02
9.490000000000117453e+00 2.838474028747279762e-02
9.510000000000117026e+00 2.638833027427508679e-02
9.530000000000116600e+00 2.524709731255251818e-02
9.550000000000116174e+00 2.489116872918634843e-02
9.570000000000115747e+00 2.368556617358277133e-02
9.590000000000115321e+00 2.183177704999080329e-02
9.610000000000114895e+00 2.155486936550884969e-02
9.630000000000114468e+00 2.129181317867483159e-02
9.650000000000114042e+00 1.945766607066500703e-02
9.670000000000113616e+00 1.999851177789278150e-02
9.690000000000113189e+00 1.830439169880572481e-02
9.710000000000112763e+00 1.723887380114539139e-02
9.730000000000112337e+00 1.621859346533406632e-02
9.750000000000111910e+00 1.513445204416504451e-02
9.770000000000111484e+00 1.501821466235616666e-02
9.790000000000111058e+00 1.408910561750853496e-02
9.810000000000110632e+00 1.286480481527070042e-02
9.830000000000110205e+00 1.240027334186064555e-02
9.850000000000109779e+00 1.231789246025915933e-02
9.870000000000109353e+00 1.147600294314329687e-02
9.890000000000108926e+00 1.071294615774339570e-02
9.910000000000108500e+00 1.073981089360469612e-02
9.930000000000108074e+00 1.005954039160872684e-02
9.950000000000107647e+00 1.025053892823545726e-02
9.970000000000107221e+00 8.948417884143281334e-03
9.990000000000106795e+00 8.818454672507993614e-03
1.001000000000010637e+01 8.025734929382469934e-03
1.003000000000010594e+01 7.524676170429304457e-03
1.005000000000010552e+01 7.611191927864107386e-03
1.007000000000010509e+01 6.835142435488633650e-03
1.009000000000010466e+01 6.437940252996143635e-03
1.011000000000010424e+01 6.045779055606847509e-03
1.013000000000010381e+01 5.959410889578979978e-03
1.015000000000010338e+01 5.731399672468504361e-03
1.017000000000010296e+01 5.411894536468011933e-03
1.019000000000010253e+01 5.147154717723745158e-03
1.021000000000010210e+01 4.786790534248564627e-03
1.023000000000010168e+01 5.089590741655798146e-03
1.025000000000010125e+01 4.259074685841738282e-03
1.027000000000010083e+01 4.230744983275197199e-03
1.029000000000010040e+01 3.920311924839898349e-03
1.031000000000009997e+01 3.539388872773555333e-03
1.033000000000009955e+01 3.607771228038908137e-03
1.035000000000009912e+01 3.273578393614468354e-03
1.037000000000009869e+01 2.990613877970917794e-03
1.039000000000009827e+01 2.880609801222093133e-03
1.041000000000009784e+01 2.844122113166112908e-03
1.043000000000009742e+01 2.736098572470254970e-03
1.045000000000009699e+01 2.514357745479727044e-03
1.047000000000009656e+01 2.337812096855752461e-03
1.049000000000009614e+01 2.519325087948150708e-03
1.051000000000009571e+01 2.121365852688086862e-03
1.053000000000009528e+01 2.082338057460326412e-03
1.055000000000009486e+01 1.855469536695529813e-03
1.057000000000009443e+01 1.744265108167393930e-03
1.059000000000009400e+01 1.757926488788576604e-03
1.061000000000009358e+01 1.562231173153047319e-03
1.063000000000009315e+01 1.448157727003066084e-03
1.065000000000009273e+01 1.363577478453489433e-03
1.067000000000009230e+01 1.335365576288049866e-03
1.069000000000009187e+01 1.304126719546639139e-03
1.071000000000009145e+01 1.209586037723276667e-03
1.073000000000009102e+01 1.169559801157656629e-03
1.075000000000009059e+01 1.142275645934078031e-03
1.077000000000009017e+01 9.863051710511509286e-04
1.079000000000008974e+01 9.918938810405508299e-04
1.081000000000008932e+01 8.636258165985935672e-04
1.083000000000008889e+01 8.698688596713785581e-04
1.085000000000008846e+01 7.561059897473890526e-04
1.087000000000008804e+01 7.327268574628427586e-04
1.089000000000008761e+01 6.635098615488212778e-04
1.091000000000008718e+01 6.335159450360777897e-04
1.093000000000008676e+01 6.308751061657176355e-04
1.095000000000008633e+01 5.846790306269313876e-04
1.097000000000008590e+01 5.823846394249321918e-04
1.099000000000008548e+01 5.517691484875975657e-04
1.101000000000008505e+01 4.670578447846455007e-04
1.103000000000008463e+01 4.807140727615580962e-04
1.105000000000008420e+01 4.140624468134806177e-04
1.107000000000008377e+01 3.825116071029759481e-04
1.109000000000008335e+01 3.995911592418548673e-04
1.111000000000008292e+01 3.422691939576309609e-04
1.113000000000008249e+01 3.211748962851529465e-04
1.115000000000008207e+01 2.991095093189094067e-04
1.117000000000008164e+01 2.894406981876254648e-04
1.119000000000008122e+01 2.750164876299661344e-04
1.121000000000008079e+01 2.740272453258327115e-04
1.123000000000008036e+01 2.566679759290592193e-04
1.125000000000007994e+01 2.195821331674787118e-04
1.127000000000007951e+01 2.252769401696130087e-04
1.129000000000007908e+01 1.920068611141342537e-04
1.131000000000007866e+01 1.757117449456188619e-04
1.133000000000007823e+01 1.840686541139502743e-04
1.135000000000007780e+01 1.579349610020194805e-04
1.137000000000007738e+01 1.457437233829085772e-04
1.139000000000007695e+01 1.397131871464003415e-04
1.141000000000007653e+01 1.311681447490378174e-04
1.143000000000007610e+01 1.217848620594659645e-04
1.145000000000007567e+01 1.380163992840506483e-04
1.147000000000007525e+01 1.050252409798709777e-04
1.149000000000007482e+01 1.072457286390721002e-04
1.151000000000007439e+01 9.179985303683036119e-05
1.153000000000007397e+01 8.503079571836236650e-05
1.155000000000007354e+01 8.770389139102088914e-05
1.157000000000007311e+01 7.378069130603582811e-05
1.159000000000007269e+01 7.077752213363776171e-05
1.161000000000007226e+01 6.469325890888871192e-05
1.163000000000007184e+01 6.119293283842103021e-05
1.165000000000007141e+01 5.738261115614266865e-05
1.167000000000007098e+01 6.570061513705922126e-05
1.169000000000007056e+01 4.934214764193648058e-05
1.171000000000007013e+01 4.484512265034370658e-05
1.173000000000006970e+01 4.764833546979934818e-05
1.175000000000006928e+01 3.967429960656401153e-05
1.177000000000006885e+01 4.049709258601962974e-05
1.179000000000006843e+01 3.390076179588780267e-05
1.181000000000006800e+01 3.210253258619695797e-05
1.183000000000006757e+01 3.016809647416599703e-05
1.185000000000006715e+01 2.768953681874345110e-05
1.187000000000006672e+01 2.601191788691665970e-05
1.189000000000006629e+01 3.018110887242931925e-05
1.191000000000006587e+01 2.253938251727626545e-05
1.193000000000006544e+01 2.281364710051472303e-05
1.195000000000006501e+01 1.896662566738820352e-05
1.197000000000006459e+01 1.764005993131225310e-05
1.199000000000006416e+01 1.852496545922850476e-05
1.201000000000006374e+01 1.510284140817569149e-05
1.203000000000006331e+01 1.436837278242242051e-05
1.205000000000006288e+01 1.330761081610962272e-05
1.207000000000006246e+01 1.220246150047753531e-05
1.209000000000006203e+01 1.449730413578004064e-05
1.211000000000006160e+01 1.059981501701405003e-05
1.213000000000006118e+01 9.747789125406587164e-06
1.215000000000006075e+01 1.009225462656918101e-05
1.217000000000006033e+01 8.332099612801015440e-06
1.219000000000005990e+01 7.633039062571041710e-06
1.221000000000005947e+01 8.175455419992327128e-06
1.223000000000005905e+01 6.585471488291712011e-06
1.225000000000005862e+01 6.172665116740968628e-06
1.227000000000005819e+01 5.671724476936331083e-06
1.229000000000005777e+01 5.972878682031897973e-06
1.231000000000005734e+01 5.612333172652303549e-06
1.233000000000005691e+01 4.523662885885601249e-06
1.235000000000005649e+01 4.696403131772873594e-06
1.237000000000005606e+01 3.748190437381926625e-06
1.239000000000005564e+01 3.515096697812991334e-06
1.241000000000005521e+01 3.721019346900934855e-06
1.243000000000005478e+01 2.988807077491465693e-06
1.245000000000005436e+01 2.803784632713742464e-06
1.247000000000005393e+01 2.547750370414781604e-06
1.249000000000005350e+01 2.700021664470302134e-06
1.251000000000005308e+01 2.517553728265541982e-06
1.253000000000005265e+01 2.013317207137063601e-06
1.255000000000005222e+01 2.120973946010633903e-06
1.257000000000005180e+01 1.684555160161369422e-06
1.259000000000005137e+01 1.545771220109051345e-06
1.261000000000005095e+01 1.661510394364912070e-06
1.263000000000005052e+01 1.323102224491051367e-06
1.265000000000005009e+01 1.229698286473421732e-06
1.267000000000004967e+01 1.115789912924924839e-06
1.269000000000004924e+01 1.190034556671549987e-06
1.271000000000004881e+01 1.105079884166319044e-06
1.273000000000004839e+01 8.691186843402017641e-07
1.275000000000004796e+01 9.279238121867362725e-07
1.277000000000004754e+01 7.321755256632301878e-07
1.279000000000004711e+01 6.664389484388722540e-07
1.281000000000004668e+01 7.212166033748595738e-07
1.283000000000004626e+01 5.723492896781662105e-07
1.285000000000004583e+01 5.209688236814978851e-07
1.287000000000004540e+01 4.762501566847802688e-07
1.289000000000004498e+01 5.831507260019062117e-07
1.291000000000004455e+01 3.980338238917537151e-07
1.293000000000004412e+01 3.692076757808817308e-07
1.295000000000004370e+01 3.951002584422792795e-07
1.297000000000004327e+01 3.054352767712125171e-07
1.299000000000004285e+01 2.800020933309810769e-07
1.301000000000004242e+01 3.076721096756563466e-07
1.303000000000004199e+01 2.372125938520120193e-07
1.305000000000004157e+01 2.156594751101402118e-07
1.307000000000004114e+01 2.645192359430304932e-07
1.309000000000004071e+01 1.778534325205887555e-07
1.311000000000004029e+01 1.636895115652254612e-07
1.313000000000003986e+01 1.782759575442168461e-07
1.315000000000003944e+01 1.364023524549026301e-07
1.317000000000003901e+01 1.248299980577626768e-07
1.319000000000003858e+01 1.361430141985435978e-07
1.321000000000003816e+01 1.042885838478682519e-07
1.323000000000003773e+01 9.598362927198394557e-08
1.325000000000003730e+01 1.020987891900815475e-07
1.327000000000003688e+01 9.307744368917934377e-08
1.329000000000003645e+01 7.122708270991726494e-08
1.331000000000003602e+01 7.782534430957478033e-08
1.333000000000003560e+01 5.935655325285787007e-08
1.335000000000003517e+01 5.439598872831019778e-08
1.337000000000003475e+01 4.954639248998969859e-08
1.339000000000003432e+01 5.442835660298992101e-08
1.341000000000003389e+01 4.079734233923616048e-08
1.343000000000003347e+01 4.443366939945587054e-08
1.345000000000003304e+01 4.001459447197829334e-08
1.347000000000003261e+01 3.024939074155943884e-08
1.349000000000003219e+01 3.306687250003081905e-08
1.351000000000003176e+01 2.534950153046046640e-08
1.353000000000003133e+01 2.286303593772668287e-08
1.355000000000003091e+01 2.095077431966412727e-08
1.357000000000003048e+01 2.294806386831390723e-08
1.359000000000003006e+01 1.712073391645554510e-08
1.361000000000002963e+01 2.155091515534430223e-08
1.363000000000002920e+01 1.384907619729412341e-08
1.365000000000002878e+01 1.256492953880352333e-08
1.367000000000002835e+01 1.376152268833847668e-08
1.369000000000002792e+01 1.041830851364472979e-08
1.371000000000002750e+01 9.487302628517992646e-09
1.373000000000002707e+01 8.592767042937051114e-09
1.375000000000002665e+01 9.430659272198397538e-09
1.377000000000002622e+01 7.016288411063896257e-09
1.379000000000002579e+01 8.845139038753999423e-09
1.381000000000002537e+01 5.585500115566970676e-09
1.383000000000002494e+01 5.101071851716334646e-09
1.385000000000002451e+01 5.589839719312427413e-09
1.387000000000002409e+01 4.176874031372277575e-09
1.389000000000002366e+01 3.816193514507260374e-09
1.391000000000002323e+01 4.151178570323246228e-09
1.393000000000002281e+01 3.056869147944193289e-09
1.395000000000002238e+01 3.876342844146134161e-09
1.397000000000002196e+01 2.443024022343383471e-09
1.399000000000002153e+01 2.208957087542305214e-09
1.401000000000002110e+01 2.418374182685983872e-09
1.403000000000002068e+01 1.801491160315388197e-09
1.405000000000002025e+01 1.642362609513281910e-09
1.407000000000001982e+01 1.482748218489737364e-09
1.409000000000001940e+01 1.620489069386255817e-09
1.411000000000001897e+01 1.424554605550210710e-09
1.413000000000001855e+01 1.272739608315440077e-09
1.415000000000001812e+01 9.422546715199810278e-10
1.417000000000001769e+01 8.482760175268896597e-10
1.419000000000001727e+01 9.328665570316053842e-10
1.421000000000001684e+01 6.901033513586960183e-10
1.423000000000001641e+01 6.231206556447534112e-10
1.425000000000001599e+01 6.843809460310767455e-10
1.427000000000001556e+01 4.880393766030722111e-10
1.429000000000001513e+01 3.180655686674035757e-11
1.431000000000001471e+01 1.321659364465070741e-11
1.433000000000001428e+01 4.265180569101478587e-12
1.435000000000001386e+01 1.942923161228880855e-12
1.437000000000001343e+01 1.251670927992894538e-12
1.439000000000001300e+01 3.598179273019232222e-13
1.441000000000001258e+01 4.555476941716436236e-14
1.443000000000001215e+01 1.366536765652103610e-14
1.445000000000001172e+01 8.178302794147872527e-16
1.447000000000001130e+01 4.392199269816971147e-16
1.449000000000001087e+01 8.917315594497129048e-17
1.451000000000001044e+01 1.200361117739573339e-18
1.453000000000001002e+01 0.000000000000000000e+00
1.455000000000000959e+01 0.000000000000000000e+00
1.457000000000000917e+01 0.000000000000000000e+00
1.459000000000000874e+01 0.000000000000000000e+00
1.461000000000000831e+01 0.000000000000000000e+00
1.463000000000000789e+01 0.000000000000000000e+00
1.465000000000000746e+01 0.000000000000000000e+00
1.467000000000000703e+01 0.000000000000000000e+00
1.469000000000000661e+01 0.000000000000000000e+00
1.471000000000000618e+01 0.000000000000000000e+00
1.473000000000000576e+01 0.000000000000000000e+00
1.475000000000000533e+01 0.000000000000000000e+00
1.477000000000000490e+01 0.000000000000000000e+00
1.479000000000000448e+01 0.000000000000000000e+00
1.481000000000000405e+01 0.000000000000000000e+00
1.483000000000000362e+01 0.000000000000000000e+00
1.485000000000000320e+01 0.000000000000000000e+00
1.487000000000000277e+01 0.000000000000000000e+00
1.489000000000000234e+01 0.000000000000000000e+00
1.491000000000000192e+01 0.000000000000000000e+00
1.493000000000000149e+01 0.000000000000000000e+00
1.495000000000000107e+01 0.000000000000000000e+00
1.497000000000000064e+01 0.000000000000000000e+00
1.499000000000000021e+01 0.000000000000000000e+00
