# Redshift		Merger Rate Density [Gpc^-3yr^-1]
1.000000000031931770e-02 3.458097531393563173e+01
3.000000000031888964e-02 3.603263544014439645e+01
5.000000000031846331e-02 3.790223394704560889e+01
7.000000000031804392e-02 3.948083376856187243e+01
9.000000000031761760e-02 4.117989892481794811e+01
1.100000000003171913e-01 4.272378063889944855e+01
1.300000000003167511e-01 4.481592079584996924e+01
1.500000000003163247e-01 4.660801829230851467e+01
1.700000000003158984e-01 4.867800229272539525e+01
1.900000000003154721e-01 5.054071390977217959e+01
2.100000000003150458e-01 5.300927741791497994e+01
2.300000000003146194e-01 5.485151857249366003e+01
2.500000000003141931e-01 5.677662919331459079e+01
2.700000000003137668e-01 5.905822977600460177e+01
2.900000000003133405e-01 6.137232871226284914e+01
3.100000000003129141e-01 6.369735687776634592e+01
3.300000000003124878e-01 6.606954066849066010e+01
3.500000000003120615e-01 6.843165475337539760e+01
3.700000000003116352e-01 7.067013464101727038e+01
3.900000000003112088e-01 7.315087088722103204e+01
4.100000000003107825e-01 7.580721242158887208e+01
4.300000000003103562e-01 7.785586514325183316e+01
4.500000000003099299e-01 8.072709250089552313e+01
4.700000000003095035e-01 8.297725337862608797e+01
4.900000000003090772e-01 8.555338926190808024e+01
5.100000000003086509e-01 8.839782535213893766e+01
5.300000000003082246e-01 9.108562954159845049e+01
5.500000000003077982e-01 9.355800853426484309e+01
5.700000000003073719e-01 9.668908128455228734e+01
5.900000000003069456e-01 9.894960073818792523e+01
6.100000000003065193e-01 1.013329758064687383e+02
6.300000000003060929e-01 1.043701399299397394e+02
6.500000000003056666e-01 1.072292219936064583e+02
6.700000000003052403e-01 1.099925644711480857e+02
6.900000000003048140e-01 1.123991277501509956e+02
7.100000000003043876e-01 1.152449855991183512e+02
7.300000000003039613e-01 1.178713997444749424e+02
7.500000000003035350e-01 1.207757012799689988e+02
7.700000000003031086e-01 1.237830702844977253e+02
7.900000000003026823e-01 1.269719990175535997e+02
8.100000000003022560e-01 1.301772382532798531e+02
8.300000000003018297e-01 1.325505664257322849e+02
8.500000000003014033e-01 1.358032445172735265e+02
8.700000000003009770e-01 1.390461148453350688e+02
8.900000000003005507e-01 1.413925037339358539e+02
9.100000000003001244e-01 1.444573024349419939e+02
9.300000000002996980e-01 1.470339365118152557e+02
9.500000000002992717e-01 1.507714467025096781e+02
9.700000000002988454e-01 1.536805456203402969e+02
9.900000000002984191e-01 1.556992214794557583e+02
1.010000000000297993e+00 1.589478149868982086e+02
1.030000000000297566e+00 1.621107895309223750e+02
1.050000000000297140e+00 1.648233732200682766e+02
1.070000000000296714e+00 1.676605338064989041e+02
1.090000000000296287e+00 1.702703534311497151e+02
1.110000000000295861e+00 1.737306537087343088e+02
1.130000000000295435e+00 1.759613673962352323e+02
1.150000000000295008e+00 1.783756344810541066e+02
1.170000000000294582e+00 1.816688785116733982e+02
1.190000000000294156e+00 1.841209382386457207e+02
1.210000000000293729e+00 1.861826738938896995e+02
1.230000000000293303e+00 1.894906193343747418e+02
1.250000000000292877e+00 1.916152681067191565e+02
1.270000000000292451e+00 1.945409177183203724e+02
1.290000000000292024e+00 1.960790713008777004e+02
1.310000000000291598e+00 1.988686212378588323e+02
1.330000000000291172e+00 2.009838242625849034e+02
1.350000000000290745e+00 2.040237604900022461e+02
1.370000000000290319e+00 2.056161231048571949e+02
1.390000000000289893e+00 2.072942927974625320e+02
1.410000000000289466e+00 2.097055640234291047e+02
1.430000000000289040e+00 2.114999776839757430e+02
1.450000000000288614e+00 2.122186246469902642e+02
1.470000000000288187e+00 2.153295174021330922e+02
1.490000000000287761e+00 2.164762423410302290e+02
1.510000000000287335e+00 2.177848952947298358e+02
1.530000000000286908e+00 2.195781033597500596e+02
1.550000000000286482e+00 2.221439450792874482e+02
1.570000000000286056e+00 2.233123005318028049e+02
1.590000000000285629e+00 2.230832980986347422e+02
1.610000000000285203e+00 2.253112464159386832e+02
1.630000000000284777e+00 2.262334863658892345e+02
1.650000000000284350e+00 2.279501787315995216e+02
1.670000000000283924e+00 2.285207669327576241e+02
1.690000000000283498e+00 2.290953351692068622e+02
1.710000000000283071e+00 2.299645349764446109e+02
1.730000000000282645e+00 2.310977987159816678e+02
1.750000000000282219e+00 2.305919960412967669e+02
1.770000000000281792e+00 2.311019395193371793e+02
1.790000000000281366e+00 2.319033799911804579e+02
1.810000000000280940e+00 2.348477614649491159e+02
1.830000000000280513e+00 2.355762189448915080e+02
1.850000000000280087e+00 2.350469738195264995e+02
1.870000000000279661e+00 2.365689382498181317e+02
1.890000000000279234e+00 2.370962043974469111e+02
1.910000000000278808e+00 2.424844183219730667e+02
1.930000000000278382e+00 2.464259470403176806e+02
1.950000000000277955e+00 2.484353047178823317e+02
1.970000000000277529e+00 2.449113591350453021e+02
1.990000000000277103e+00 2.390992635805959310e+02
2.010000000000276899e+00 2.340643747557659822e+02
2.030000000000276472e+00 2.318213537439366689e+02
2.050000000000276046e+00 2.295930045360991585e+02
2.070000000000275620e+00 2.272113182572207108e+02
2.090000000000275193e+00 2.247063979664189617e+02
2.110000000000274767e+00 2.206372699282732412e+02
2.130000000000274341e+00 2.197599697786014303e+02
2.150000000000273914e+00 2.178315882719467140e+02
2.170000000000273488e+00 2.163186742448760072e+02
2.190000000000273062e+00 2.136121851305237271e+02
2.210000000000272635e+00 2.127055153063634805e+02
2.230000000000272209e+00 2.108558434046253751e+02
2.250000000000271783e+00 2.092459102564604621e+02
2.270000000000271356e+00 2.077499293738988513e+02
2.290000000000270930e+00 2.061753537435137105e+02
2.310000000000270504e+00 2.044964395374266815e+02
2.330000000000270077e+00 2.028286231935019828e+02
2.350000000000269651e+00 2.011383678613568691e+02
2.370000000000269225e+00 1.993352836919661115e+02
2.390000000000268798e+00 1.976201890260774690e+02
2.410000000000268372e+00 1.959135086775490322e+02
2.430000000000267946e+00 1.940841652302158877e+02
2.450000000000267519e+00 1.924364593932639309e+02
2.470000000000267093e+00 1.904939512900239436e+02
2.490000000000266667e+00 1.880376412974136144e+02
2.510000000000266240e+00 1.864015165435900201e+02
2.530000000000265814e+00 1.845858553886055233e+02
2.550000000000265388e+00 1.826141734253538687e+02
2.570000000000264961e+00 1.811452256119604840e+02
2.590000000000264535e+00 1.782545651321889864e+02
2.610000000000264109e+00 1.768481206938441517e+02
2.630000000000263682e+00 1.748559134113817208e+02
2.650000000000263256e+00 1.727539072178025492e+02
2.670000000000262830e+00 1.707694296467058734e+02
2.690000000000262403e+00 1.690621148185798859e+02
2.710000000000261977e+00 1.667577161070855709e+02
2.730000000000261551e+00 1.647077792338522499e+02
2.750000000000261124e+00 1.627229655780337794e+02
2.770000000000260698e+00 1.608047509697594251e+02
2.790000000000260272e+00 1.589642015890116795e+02
2.810000000000259845e+00 1.567334679021710997e+02
2.830000000000259419e+00 1.549202241042936237e+02
2.850000000000258993e+00 1.527073741198608161e+02
2.870000000000258567e+00 1.511108915553025156e+02
2.890000000000258140e+00 1.486860388327049236e+02
2.910000000000257714e+00 1.468421283884136415e+02
2.930000000000257288e+00 1.452386930768579987e+02
2.950000000000256861e+00 1.430248502926734204e+02
2.970000000000256435e+00 1.416013924285583983e+02
2.990000000000256009e+00 1.392003204118453823e+02
3.010000000000255582e+00 1.375032565256586281e+02
3.030000000000255156e+00 1.358414340415552033e+02
3.050000000000254730e+00 1.339601832390806351e+02
3.070000000000254303e+00 1.319959391857942990e+02
3.090000000000253877e+00 1.302523037013351654e+02
3.110000000000253451e+00 1.285759188517023119e+02
3.130000000000253024e+00 1.262772727554631729e+02
3.150000000000252598e+00 1.252835272433763691e+02
3.170000000000252172e+00 1.231190577301532585e+02
3.190000000000251745e+00 1.217154969629933987e+02
3.210000000000251319e+00 1.203241673536172840e+02
3.230000000000250893e+00 1.183128828398982932e+02
3.250000000000250466e+00 1.167587535875638736e+02
3.270000000000250040e+00 1.153725180795715630e+02
3.290000000000249614e+00 1.137594054272441184e+02
3.310000000000249187e+00 1.123512417040015663e+02
3.330000000000248761e+00 1.114501077675251111e+02
3.350000000000248335e+00 1.102916776786213688e+02
3.370000000000247908e+00 1.092744953541915720e+02
3.390000000000247482e+00 1.095405166844342233e+02
3.410000000000247056e+00 1.080556960300888960e+02
3.430000000000246629e+00 1.073661228623401342e+02
3.450000000000246203e+00 1.047681992021463344e+02
3.470000000000245777e+00 1.029838008205840083e+02
3.490000000000245350e+00 1.024242468030940501e+02
3.510000000000244924e+00 1.002709944003364342e+02
3.530000000000244498e+00 9.923666252055261339e+01
3.550000000000244071e+00 9.760668630803927215e+01
3.570000000000243645e+00 9.687471777182268795e+01
3.590000000000243219e+00 9.604087513491624861e+01
3.610000000000242792e+00 9.446470266865371457e+01
3.630000000000242366e+00 9.318230921458298610e+01
3.650000000000241940e+00 9.128548416847333158e+01
3.670000000000241513e+00 8.927482671428222716e+01
3.690000000000241087e+00 8.853483845930277596e+01
3.710000000000240661e+00 8.684877827582627674e+01
3.730000000000240234e+00 8.456954604272414144e+01
3.750000000000239808e+00 8.334247193078336124e+01
3.770000000000239382e+00 8.233597219113757149e+01
3.790000000000238956e+00 8.064036048360172515e+01
3.810000000000238529e+00 7.965668438550090968e+01
3.830000000000238103e+00 7.808334527979374684e+01
3.850000000000237677e+00 7.721146256021425813e+01
3.870000000000237250e+00 7.615772102553162881e+01
3.890000000000236824e+00 7.545012379051854623e+01
3.910000000000236398e+00 7.430149256200239449e+01
3.930000000000235971e+00 7.351136839064621142e+01
3.950000000000235545e+00 7.275811438906490025e+01
3.970000000000235119e+00 7.208326207463149160e+01
3.990000000000234692e+00 7.086405107294206118e+01
4.010000000000234266e+00 7.016377657279933544e+01
4.030000000000233840e+00 6.923973227520033902e+01
4.050000000000233413e+00 6.865615502013527305e+01
4.070000000000232987e+00 6.809169991558640334e+01
4.090000000000232561e+00 6.707570580798612525e+01
4.110000000000232134e+00 6.644743386339447966e+01
4.130000000000231708e+00 6.577160564106758045e+01
4.150000000000231282e+00 6.520438699352014567e+01
4.170000000000230855e+00 6.422667546430973573e+01
4.190000000000230429e+00 6.356080626677491097e+01
4.210000000000230003e+00 6.318120866276474601e+01
4.230000000000229576e+00 6.245067349111585742e+01
4.250000000000229150e+00 6.207086574240951649e+01
4.270000000000228724e+00 6.171074352315010003e+01
4.290000000000228297e+00 6.217654724937205657e+01
4.310000000000227871e+00 6.118853736195424631e+01
4.330000000000227445e+00 6.150844036858620711e+01
4.350000000000227018e+00 6.073840276884829592e+01
4.370000000000226592e+00 6.087174579821979137e+01
4.390000000000226166e+00 6.074056488548308863e+01
4.410000000000225739e+00 5.932558677830959226e+01
4.430000000000225313e+00 5.808252193780975858e+01
4.450000000000224887e+00 5.764220794665902758e+01
4.470000000000224460e+00 5.709548394778618530e+01
4.490000000000224034e+00 5.657562360317388084e+01
4.510000000000223608e+00 5.567201865229128543e+01
4.530000000000223181e+00 5.530058253830981840e+01
4.550000000000222755e+00 5.424351426855083247e+01
4.570000000000222329e+00 5.394198327116792058e+01
4.590000000000221902e+00 5.282386975351396075e+01
4.610000000000221476e+00 5.282891977757697077e+01
4.630000000000221050e+00 5.225889695979670790e+01
4.650000000000220624e+00 5.184621408672041554e+01
4.670000000000220197e+00 5.154681773225996722e+01
4.690000000000219771e+00 5.095734818685524914e+01
4.710000000000219345e+00 4.983834700139488660e+01
4.730000000000218918e+00 4.924846430317135315e+01
4.750000000000218492e+00 4.835454791489571136e+01
4.770000000000218066e+00 4.808168186354203044e+01
4.790000000000217639e+00 4.760201752073653836e+01
4.810000000000217213e+00 4.684389375024151292e+01
4.830000000000216787e+00 4.655883209298009007e+01
4.850000000000216360e+00 4.593528883579143951e+01
4.870000000000215934e+00 4.557518542659481398e+01
4.890000000000215508e+00 4.514129228492986812e+01
4.910000000000215081e+00 4.474505651706330411e+01
4.930000000000214655e+00 4.406844398518869355e+01
4.950000000000214229e+00 4.392850264136938421e+01
4.970000000000213802e+00 4.368969932394860223e+01
4.990000000000213376e+00 4.317156113628122682e+01
5.010000000000212950e+00 4.321966830259784587e+01
5.030000000000212523e+00 4.291852781486061019e+01
5.050000000000212097e+00 4.334040009407493699e+01
5.070000000000211671e+00 4.231678866216849144e+01
5.090000000000211244e+00 4.250567306313431004e+01
5.110000000000210818e+00 4.161787953251005234e+01
5.130000000000210392e+00 4.198128004947253800e+01
5.150000000000209965e+00 4.134279397947010182e+01
5.170000000000209539e+00 4.084920733458449149e+01
5.190000000000209113e+00 3.958209787229869647e+01
5.210000000000208686e+00 3.918780302443165908e+01
5.230000000000208260e+00 3.907580920025068849e+01
5.250000000000207834e+00 3.846817566580480729e+01
5.270000000000207407e+00 3.809907162966687366e+01
5.290000000000206981e+00 3.747268392026253991e+01
5.310000000000206555e+00 3.731635867102449566e+01
5.330000000000206128e+00 3.715720472361138604e+01
5.350000000000205702e+00 3.644504605818751486e+01
5.370000000000205276e+00 3.639527121039289881e+01
5.390000000000204849e+00 3.547372211604739789e+01
5.410000000000204423e+00 3.528320113819539472e+01
5.430000000000203997e+00 3.500378397370096195e+01
5.450000000000203570e+00 3.418157724400586517e+01
5.470000000000203144e+00 3.410656544477950547e+01
5.490000000000202718e+00 3.400080475624967846e+01
5.510000000000202292e+00 3.339718488028198351e+01
5.530000000000201865e+00 3.281732677970594381e+01
5.550000000000201439e+00 3.228675431079015112e+01
5.570000000000201013e+00 3.172333393873116236e+01
5.590000000000200586e+00 3.151042299355278331e+01
5.610000000000200160e+00 3.114804648559964306e+01
5.630000000000199734e+00 3.091312385856324596e+01
5.650000000000199307e+00 3.094620625678934545e+01
5.670000000000198881e+00 3.055843830529955341e+01
5.690000000000198455e+00 3.054379958851158605e+01
5.710000000000198028e+00 2.984649287362257652e+01
5.730000000000197602e+00 2.971473754629614916e+01
5.750000000000197176e+00 2.916327884746469934e+01
5.770000000000196749e+00 2.897631395786430986e+01
5.790000000000196323e+00 2.866765507610749353e+01
5.810000000000195897e+00 2.810918566604636126e+01
5.830000000000195470e+00 2.726116278173610752e+01
5.850000000000195044e+00 2.655395459544070746e+01
5.870000000000194618e+00 2.662268189686204778e+01
5.890000000000194191e+00 2.619971515362893655e+01
5.910000000000193765e+00 2.563630619681634215e+01
5.930000000000193339e+00 2.532640767386864056e+01
5.950000000000192912e+00 2.484102456303473261e+01
5.970000000000192486e+00 2.438924010585822799e+01
5.990000000000192060e+00 2.437781023987576035e+01
6.010000000000191633e+00 2.373695671237969407e+01
6.030000000000191207e+00 2.366411540201795205e+01
6.050000000000190781e+00 2.305498697678085662e+01
6.070000000000190354e+00 2.241330764087603100e+01
6.090000000000189928e+00 2.238542662806031558e+01
6.110000000000189502e+00 2.161504420391299064e+01
6.130000000000189075e+00 2.113896253479009602e+01
6.150000000000188649e+00 2.087900161951930755e+01
6.170000000000188223e+00 2.088244589173097765e+01
6.190000000000187796e+00 2.061924408270028408e+01
6.210000000000187370e+00 2.016939868742194264e+01
6.230000000000186944e+00 1.957162553106233815e+01
6.250000000000186517e+00 1.929125389489227516e+01
6.270000000000186091e+00 1.868665236247081296e+01
6.290000000000185665e+00 1.819201766826242306e+01
6.310000000000185238e+00 1.770518822842966244e+01
6.330000000000184812e+00 1.729344760776882950e+01
6.350000000000184386e+00 1.702768089843410948e+01
6.370000000000183960e+00 1.631429423050550653e+01
6.390000000000183533e+00 1.568496985462996385e+01
6.410000000000183107e+00 1.509108870957335036e+01
6.430000000000182681e+00 1.478972115587620983e+01
6.450000000000182254e+00 1.457292833041677582e+01
6.470000000000181828e+00 1.409056979452882175e+01
6.490000000000181402e+00 1.356873544894499872e+01
6.510000000000180975e+00 1.318802800912286166e+01
6.530000000000180549e+00 1.277957617543058966e+01
6.550000000000180123e+00 1.237730790284680360e+01
6.570000000000179696e+00 1.217679247859529390e+01
6.590000000000179270e+00 1.163765901559424165e+01
6.610000000000178844e+00 1.132156937323141754e+01
6.630000000000178417e+00 1.098534514403561779e+01
6.650000000000177991e+00 1.046033492603420889e+01
6.670000000000177565e+00 1.024413796416666500e+01
6.690000000000177138e+00 9.926131510465765473e+00
6.710000000000176712e+00 9.357747456360334226e+00
6.730000000000176286e+00 9.087903792810372749e+00
6.750000000000175859e+00 8.826088796864166142e+00
6.770000000000175433e+00 8.564092489472072245e+00
6.790000000000175007e+00 8.064455950325816858e+00
6.810000000000174580e+00 7.725694364944256876e+00
6.830000000000174154e+00 7.380501597468773767e+00
6.850000000000173728e+00 7.059447972480475286e+00
6.870000000000173301e+00 6.632137732604224567e+00
6.890000000000172875e+00 6.230207412814177559e+00
6.910000000000172449e+00 5.803318329033255729e+00
6.930000000000172022e+00 5.570217032314610961e+00
6.950000000000171596e+00 5.357094657655910197e+00
6.970000000000171170e+00 5.089883667518718902e+00
6.990000000000170743e+00 4.818561132498463628e+00
7.010000000000170317e+00 4.525385092532490994e+00
7.030000000000169891e+00 4.337215166134885891e+00
7.050000000000169464e+00 4.048201087036003010e+00
7.070000000000169038e+00 3.894188279661066066e+00
7.090000000000168612e+00 3.728800853586019759e+00
7.110000000000168185e+00 3.506708396006098294e+00
7.130000000000167759e+00 3.344409745138929413e+00
7.150000000000167333e+00 3.182407076405433521e+00
7.170000000000166906e+00 2.936320191537093560e+00
7.190000000000166480e+00 2.772746982513639047e+00
7.210000000000166054e+00 2.629977067739670549e+00
7.230000000000165628e+00 2.515996360647603680e+00
7.250000000000165201e+00 2.315827451156298178e+00
7.270000000000164775e+00 2.167337819602608739e+00
7.290000000000164349e+00 2.068711570311855041e+00
7.310000000000163922e+00 1.911009808047688496e+00
7.330000000000163496e+00 1.759087308151199291e+00
7.350000000000163070e+00 1.629849974954920455e+00
7.370000000000162643e+00 1.510484654845291708e+00
7.390000000000162217e+00 1.407373707374850458e+00
7.410000000000161791e+00 1.340143589501538779e+00
7.430000000000161364e+00 1.237918676701631693e+00
7.450000000000160938e+00 1.161022754948052071e+00
7.470000000000160512e+00 1.080376307924174384e+00
7.490000000000160085e+00 1.016804269524277160e+00
7.510000000000159659e+00 1.003804566096194284e+00
7.530000000000159233e+00 9.013590474688720766e-01
7.550000000000158806e+00 8.467443782363083260e-01
7.570000000000158380e+00 8.057631364583630607e-01
7.590000000000157954e+00 7.656174246340771150e-01
7.610000000000157527e+00 7.120258003081839648e-01
7.630000000000157101e+00 6.801305804770741981e-01
7.650000000000156675e+00 6.725552524435585156e-01
7.670000000000156248e+00 6.408211496426949871e-01
7.690000000000155822e+00 5.680442401756519155e-01
7.710000000000155396e+00 5.483058484877691985e-01
7.730000000000154969e+00 4.853810314730297448e-01
7.750000000000154543e+00 4.567066162901395332e-01
7.770000000000154117e+00 4.509784992689058192e-01
7.790000000000153690e+00 4.082894977132496828e-01
7.810000000000153264e+00 3.871408617757401416e-01
7.830000000000152838e+00 3.685065717336765689e-01
7.850000000000152411e+00 3.521517051754569638e-01
7.870000000000151985e+00 3.354989390525962567e-01
7.890000000000151559e+00 3.256703913345367907e-01
7.910000000000151132e+00 3.059240091973742803e-01
7.930000000000150706e+00 2.933625118152902722e-01
7.950000000000150280e+00 2.808554999988484568e-01
7.970000000000149853e+00 2.694255805908290502e-01
7.990000000000149427e+00 2.592195105793864696e-01
8.010000000000149001e+00 2.491480565277658099e-01
8.030000000000148574e+00 2.864241904911444814e-01
8.050000000000148148e+00 2.403110093250601376e-01
8.070000000000147722e+00 2.578948888038243847e-01
8.090000000000147296e+00 2.455438447039451078e-01
8.110000000000146869e+00 2.126904123115780088e-01
8.130000000000146443e+00 1.952674772490992916e-01
8.150000000000146017e+00 1.880891235239371129e-01
8.170000000000145590e+00 2.009823891584122113e-01
8.190000000000145164e+00 1.750914960921988173e-01
8.210000000000144738e+00 1.694192238742980861e-01
8.230000000000144311e+00 1.638756373617712148e-01
8.250000000000143885e+00 1.672645608619877933e-01
8.270000000000143459e+00 1.528807279634067928e-01
8.290000000000143032e+00 1.477926326385342604e-01
8.310000000000142606e+00 1.429677771698350253e-01
8.330000000000142180e+00 1.488258793222207443e-01
8.350000000000141753e+00 1.338112641280214399e-01
8.370000000000141327e+00 1.360944898436131645e-01
8.390000000000140901e+00 1.448264967868848341e-01
8.410000000000140474e+00 1.194965188850181381e-01
8.430000000000140048e+00 1.289397899619841303e-01
8.450000000000139622e+00 1.109042075158778035e-01
8.470000000000139195e+00 1.151560674106504867e-01
8.490000000000138769e+00 1.031429501096954721e-01
8.510000000000138343e+00 9.969650768410931452e-02
8.530000000000137916e+00 1.186976317226726141e-01
8.550000000000137490e+00 9.299082917260879932e-02
8.570000000000137064e+00 8.980845888623646689e-02
8.590000000000136637e+00 8.674210886165516221e-02
8.610000000000136211e+00 8.687111191225832529e-02
8.630000000000135785e+00 8.354693327602576158e-02
8.650000000000135358e+00 8.852256677204582702e-02
8.670000000000134932e+00 7.474645424712186847e-02
8.690000000000134506e+00 7.209208376785121442e-02
8.710000000000134079e+00 7.170602617758020658e-02
8.730000000000133653e+00 7.267664552780830900e-02
8.750000000000133227e+00 7.406990960559273196e-02
8.770000000000132800e+00 6.510168116591273646e-02
8.790000000000132374e+00 6.041220800167542565e-02
8.810000000000131948e+00 5.856442847017430398e-02
8.830000000000131521e+00 5.417665503008506356e-02
8.850000000000131095e+00 5.213075335008347105e-02
8.870000000000130669e+00 5.014119323317837301e-02
8.890000000000130242e+00 4.820600961755599351e-02
8.910000000000129816e+00 4.729835907824525565e-02
8.930000000000129390e+00 4.440389475646096956e-02
8.950000000000128964e+00 5.904918021253288685e-02
8.970000000000128537e+00 4.036172277710407819e-02
8.990000000000128111e+00 3.867582733563399572e-02
9.010000000000127685e+00 3.703715096244966642e-02
9.030000000000127258e+00 3.544437886202764232e-02
9.050000000000126832e+00 3.477483785209759676e-02
9.070000000000126406e+00 3.935775026533232246e-02
9.090000000000125979e+00 3.101314352281495448e-02
9.110000000000125553e+00 2.995993844204636672e-02
9.130000000000125127e+00 2.781928436720062028e-02
9.150000000000124700e+00 3.203713367756942654e-02
9.170000000000124274e+00 2.475179534618261040e-02
9.190000000000123848e+00 2.352883902770342914e-02
9.210000000000123421e+00 2.253624509417042135e-02
9.230000000000122995e+00 2.117767263524177046e-02
9.250000000000122569e+00 2.007264902610901916e-02
9.270000000000122142e+00 1.900534208516945281e-02
9.290000000000121716e+00 1.809482406041819716e-02
9.310000000000121290e+00 1.696819966791312737e-02
9.330000000000120863e+00 1.601348963176678700e-02
9.350000000000120437e+00 1.849537326484196678e-02
9.370000000000120011e+00 1.736345207153852654e-02
9.390000000000119584e+00 1.294794423138236408e-02
9.410000000000119158e+00 1.229103242887481795e-02
9.430000000000118732e+00 1.137241436762239689e-02
9.450000000000118305e+00 1.068887220467178677e-02
9.470000000000117879e+00 9.949469048813006436e-03
9.490000000000117453e+00 1.149712178057192211e-02
9.510000000000117026e+00 1.042271568014457687e-02
9.530000000000116600e+00 7.779670571963094756e-03
9.550000000000116174e+00 7.246857063714189084e-03
9.570000000000115747e+00 6.720119694574424110e-03
9.590000000000115321e+00 6.209402293488150600e-03
9.610000000000114895e+00 5.744870091438711648e-03
9.630000000000114468e+00 5.307241036525785736e-03
9.650000000000114042e+00 4.899427296555619073e-03
9.670000000000113616e+00 4.525581024865651079e-03
9.690000000000113189e+00 4.146362730920913862e-03
9.710000000000112763e+00 3.809167362724913061e-03
9.730000000000112337e+00 5.094100089223279650e-03
9.750000000000111910e+00 3.055809555788132140e-03
9.770000000000111484e+00 2.782837083218072001e-03
9.790000000000111058e+00 2.537239991451746383e-03
9.810000000000110632e+00 2.309574913951556365e-03
9.830000000000110205e+00 2.098910323605175481e-03
9.850000000000109779e+00 1.904328083510460536e-03
9.870000000000109353e+00 2.516940984754102110e-03
9.890000000000108926e+00 1.481027131531201073e-03
9.910000000000108500e+00 1.334585375512069468e-03
9.930000000000108074e+00 1.201734140490939720e-03
9.950000000000107647e+00 1.081125005232196892e-03
9.970000000000107221e+00 9.692566241553951653e-04
9.990000000000106795e+00 8.695232789076143189e-04
1.001000000000010637e+01 7.763053066331343857e-04
1.003000000000010594e+01 6.932451496141904968e-04
1.005000000000010552e+01 6.176041335424619239e-04
1.007000000000010509e+01 5.494358111161609182e-04
1.009000000000010466e+01 7.093938021050054648e-04
1.011000000000010424e+01 4.061471114648312203e-04
1.013000000000010381e+01 3.590675590254846722e-04
1.015000000000010338e+01 3.168740998126828336e-04
1.017000000000010296e+01 2.791332456088302426e-04
1.019000000000010253e+01 2.454946358700637612e-04
1.021000000000010210e+01 2.606827211462572208e-04
1.023000000000010168e+01 2.282652111461137606e-04
1.025000000000010125e+01 1.539000645194945650e-04
1.027000000000010083e+01 1.341984943660335750e-04
1.029000000000010040e+01 1.168043854686825827e-04
1.031000000000009997e+01 1.015031503390925684e-04
1.033000000000009955e+01 8.799819665136559502e-05
1.035000000000009912e+01 7.616774389124721686e-05
1.037000000000009869e+01 6.580351459873232610e-05
1.039000000000009827e+01 5.675158661082700407e-05
1.041000000000009784e+01 4.883347699088905241e-05
1.043000000000009742e+01 6.052931457754804793e-05
1.045000000000009699e+01 3.321199832059324375e-05
1.047000000000009656e+01 2.839472316034619376e-05
1.049000000000009614e+01 2.422877981054931382e-05
1.051000000000009571e+01 2.063206835530974966e-05
1.053000000000009528e+01 2.107522755692602115e-05
1.055000000000009486e+01 1.431690185817553302e-05
1.057000000000009443e+01 1.512445309740378844e-05
1.059000000000009400e+01 9.754850908979897464e-06
1.061000000000009358e+01 8.218176441138163701e-06
1.063000000000009315e+01 6.910323365396234057e-06
1.065000000000009273e+01 5.799121296864820904e-06
1.067000000000009230e+01 4.856959768920479176e-06
1.069000000000009187e+01 4.059783857669733562e-06
1.071000000000009145e+01 3.386686807381910862e-06
1.073000000000009102e+01 2.819652967506095875e-06
1.075000000000009059e+01 2.848347355935864521e-06
1.077000000000009017e+01 2.272086989692149103e-06
1.079000000000008974e+01 1.458416136965286547e-06
1.081000000000008932e+01 1.203235019030971604e-06
1.083000000000008889e+01 1.182638719346583508e-06
1.085000000000008846e+01 7.785905393960998523e-07
1.087000000000008804e+01 6.382084047873234535e-07
1.089000000000008761e+01 5.220753349355056861e-07
1.091000000000008718e+01 5.316355263204051788e-07
1.093000000000008676e+01 3.272027563891962968e-07
1.095000000000008633e+01 2.658418058122026744e-07
1.097000000000008590e+01 2.155429689539622041e-07
1.099000000000008548e+01 1.743990546408759634e-07
1.101000000000008505e+01 1.408146340303994067e-07
1.103000000000008463e+01 1.134621276522999648e-07
1.105000000000008420e+01 9.123225281633925939e-08
1.107000000000008377e+01 1.039585200858023768e-07
1.109000000000008335e+01 5.231945676214261701e-08
1.111000000000008292e+01 4.176188052084973945e-08
1.113000000000008249e+01 3.943991327466468367e-08
1.115000000000008207e+01 2.513464698542129876e-08
1.117000000000008164e+01 1.992839032466407594e-08
1.119000000000008122e+01 1.576714467687278741e-08
1.121000000000008079e+01 1.244834680355158738e-08
1.123000000000008036e+01 1.222415020597066150e-08
1.125000000000007994e+01 7.182730777222238406e-09
1.127000000000007951e+01 5.630684496427933462e-09
1.129000000000007908e+01 4.404561318209230927e-09
1.131000000000007866e+01 3.438038914206863324e-09
1.133000000000007823e+01 2.677830167464962508e-09
1.135000000000007780e+01 2.081223748190473683e-09
1.137000000000007738e+01 2.274073807404776250e-09
1.139000000000007695e+01 1.096196552071022166e-09
1.141000000000007653e+01 9.960889242725931776e-10
1.143000000000007610e+01 6.151703372147341104e-10
1.145000000000007567e+01 4.722666691289031456e-10
1.147000000000007525e+01 3.617682661450775555e-10
1.149000000000007482e+01 2.765175537448231194e-10
1.151000000000007439e+01 2.108921930784863094e-10
1.153000000000007397e+01 1.998648278959693107e-10
1.155000000000007354e+01 1.122200934691175159e-10
1.157000000000007311e+01 8.495996659374267268e-11
1.159000000000007269e+01 6.417958775581420192e-11
1.161000000000007226e+01 4.837441712792019933e-11
1.163000000000007184e+01 3.638061723774797581e-11
1.165000000000007141e+01 3.273686552007333880e-11
1.167000000000007098e+01 2.612683271545991033e-11
1.169000000000007056e+01 1.238624551624458271e-11
1.171000000000007013e+01 9.218962600903197638e-12
1.173000000000006970e+01 6.846202375410938529e-12
1.175000000000006928e+01 5.072729648209745818e-12
1.177000000000006885e+01 3.750216270254712434e-12
1.179000000000006843e+01 2.766250998911551910e-12
1.181000000000006800e+01 2.532911865938601745e-12
1.183000000000006757e+01 1.360769544144850511e-12
1.185000000000006715e+01 9.961516928397242074e-13
1.187000000000006672e+01 7.275749072081569719e-13
1.189000000000006629e+01 5.302034569889751879e-13
1.191000000000006587e+01 3.854903167459424038e-13
1.193000000000006544e+01 3.338358704299852523e-13
1.195000000000006501e+01 2.543972796691648039e-13
1.197000000000006459e+01 1.159631512793231884e-13
1.199000000000006416e+01 8.341984213299782397e-14
1.201000000000006374e+01 5.987170936283113628e-14
1.203000000000006331e+01 4.287208461653453230e-14
1.205000000000006288e+01 3.062863676994135495e-14
1.207000000000006246e+01 2.183087524725575045e-14
1.209000000000006203e+01 1.929275108217800944e-14
1.211000000000006160e+01 9.902652485685739864e-15
1.213000000000006118e+01 7.003449446088148362e-15
1.215000000000006075e+01 4.941693439903438111e-15
1.217000000000006033e+01 3.479376437029141152e-15
1.219000000000005990e+01 2.764025875514925034e-15
1.221000000000005947e+01 2.257855979706923091e-15
1.223000000000005905e+01 9.303481111665686565e-16
1.225000000000005862e+01 6.472003342825995231e-16
1.227000000000005819e+01 4.500676115818773039e-16
1.229000000000005777e+01 3.129063183010528124e-16
1.231000000000005734e+01 2.164485486219129623e-16
1.233000000000005691e+01 1.491211674575576387e-16
1.235000000000005649e+01 1.027091969052665771e-16
1.237000000000005606e+01 8.719578193719905657e-17
1.239000000000005564e+01 4.196185590476075051e-17
1.241000000000005521e+01 2.953508045700916104e-17
1.243000000000005478e+01 1.924570296168518536e-17
1.245000000000005436e+01 1.660189959609649680e-17
1.247000000000005393e+01 1.250394041609315459e-17
1.249000000000005350e+01 4.962343859123877043e-18
1.251000000000005308e+01 3.454346845555071279e-18
1.253000000000005265e+01 1.970092913825503750e-18
1.255000000000005222e+01 4.921825112401350098e-19
1.257000000000005180e+01 0.000000000000000000e+00
1.259000000000005137e+01 0.000000000000000000e+00
1.261000000000005095e+01 0.000000000000000000e+00
1.263000000000005052e+01 0.000000000000000000e+00
1.265000000000005009e+01 0.000000000000000000e+00
1.267000000000004967e+01 0.000000000000000000e+00
1.269000000000004924e+01 0.000000000000000000e+00
1.271000000000004881e+01 0.000000000000000000e+00
1.273000000000004839e+01 0.000000000000000000e+00
1.275000000000004796e+01 0.000000000000000000e+00
1.277000000000004754e+01 0.000000000000000000e+00
1.279000000000004711e+01 0.000000000000000000e+00
1.281000000000004668e+01 0.000000000000000000e+00
1.283000000000004626e+01 0.000000000000000000e+00
1.285000000000004583e+01 0.000000000000000000e+00
1.287000000000004540e+01 0.000000000000000000e+00
1.289000000000004498e+01 0.000000000000000000e+00
1.291000000000004455e+01 0.000000000000000000e+00
1.293000000000004412e+01 0.000000000000000000e+00
1.295000000000004370e+01 0.000000000000000000e+00
1.297000000000004327e+01 0.000000000000000000e+00
1.299000000000004285e+01 0.000000000000000000e+00
1.301000000000004242e+01 0.000000000000000000e+00
1.303000000000004199e+01 0.000000000000000000e+00
1.305000000000004157e+01 0.000000000000000000e+00
1.307000000000004114e+01 0.000000000000000000e+00
1.309000000000004071e+01 0.000000000000000000e+00
1.311000000000004029e+01 0.000000000000000000e+00
1.313000000000003986e+01 0.000000000000000000e+00
1.315000000000003944e+01 0.000000000000000000e+00
1.317000000000003901e+01 0.000000000000000000e+00
1.319000000000003858e+01 0.000000000000000000e+00
1.321000000000003816e+01 0.000000000000000000e+00
1.323000000000003773e+01 0.000000000000000000e+00
1.325000000000003730e+01 0.000000000000000000e+00
1.327000000000003688e+01 0.000000000000000000e+00
1.329000000000003645e+01 0.000000000000000000e+00
1.331000000000003602e+01 0.000000000000000000e+00
1.333000000000003560e+01 0.000000000000000000e+00
1.335000000000003517e+01 0.000000000000000000e+00
1.337000000000003475e+01 0.000000000000000000e+00
1.339000000000003432e+01 0.000000000000000000e+00
1.341000000000003389e+01 0.000000000000000000e+00
1.343000000000003347e+01 0.000000000000000000e+00
1.345000000000003304e+01 0.000000000000000000e+00
1.347000000000003261e+01 0.000000000000000000e+00
1.349000000000003219e+01 0.000000000000000000e+00
1.351000000000003176e+01 0.000000000000000000e+00
1.353000000000003133e+01 0.000000000000000000e+00
1.355000000000003091e+01 0.000000000000000000e+00
1.357000000000003048e+01 0.000000000000000000e+00
1.359000000000003006e+01 0.000000000000000000e+00
1.361000000000002963e+01 0.000000000000000000e+00
1.363000000000002920e+01 0.000000000000000000e+00
1.365000000000002878e+01 0.000000000000000000e+00
1.367000000000002835e+01 0.000000000000000000e+00
1.369000000000002792e+01 0.000000000000000000e+00
1.371000000000002750e+01 0.000000000000000000e+00
1.373000000000002707e+01 0.000000000000000000e+00
1.375000000000002665e+01 0.000000000000000000e+00
1.377000000000002622e+01 0.000000000000000000e+00
1.379000000000002579e+01 0.000000000000000000e+00
1.381000000000002537e+01 0.000000000000000000e+00
1.383000000000002494e+01 0.000000000000000000e+00
1.385000000000002451e+01 0.000000000000000000e+00
1.387000000000002409e+01 0.000000000000000000e+00
1.389000000000002366e+01 0.000000000000000000e+00
1.391000000000002323e+01 0.000000000000000000e+00
1.393000000000002281e+01 0.000000000000000000e+00
1.395000000000002238e+01 0.000000000000000000e+00
1.397000000000002196e+01 0.000000000000000000e+00
1.399000000000002153e+01 0.000000000000000000e+00
1.401000000000002110e+01 0.000000000000000000e+00
1.403000000000002068e+01 0.000000000000000000e+00
1.405000000000002025e+01 0.000000000000000000e+00
1.407000000000001982e+01 0.000000000000000000e+00
1.409000000000001940e+01 0.000000000000000000e+00
1.411000000000001897e+01 0.000000000000000000e+00
1.413000000000001855e+01 0.000000000000000000e+00
1.415000000000001812e+01 0.000000000000000000e+00
1.417000000000001769e+01 0.000000000000000000e+00
1.419000000000001727e+01 0.000000000000000000e+00
1.421000000000001684e+01 0.000000000000000000e+00
1.423000000000001641e+01 0.000000000000000000e+00
1.425000000000001599e+01 0.000000000000000000e+00
1.427000000000001556e+01 0.000000000000000000e+00
1.429000000000001513e+01 0.000000000000000000e+00
1.431000000000001471e+01 0.000000000000000000e+00
1.433000000000001428e+01 0.000000000000000000e+00
1.435000000000001386e+01 0.000000000000000000e+00
1.437000000000001343e+01 0.000000000000000000e+00
1.439000000000001300e+01 0.000000000000000000e+00
1.441000000000001258e+01 0.000000000000000000e+00
1.443000000000001215e+01 0.000000000000000000e+00
1.445000000000001172e+01 0.000000000000000000e+00
1.447000000000001130e+01 0.000000000000000000e+00
1.449000000000001087e+01 0.000000000000000000e+00
1.451000000000001044e+01 0.000000000000000000e+00
1.453000000000001002e+01 0.000000000000000000e+00
1.455000000000000959e+01 0.000000000000000000e+00
1.457000000000000917e+01 0.000000000000000000e+00
1.459000000000000874e+01 0.000000000000000000e+00
1.461000000000000831e+01 0.000000000000000000e+00
1.463000000000000789e+01 0.000000000000000000e+00
1.465000000000000746e+01 0.000000000000000000e+00
1.467000000000000703e+01 0.000000000000000000e+00
1.469000000000000661e+01 0.000000000000000000e+00
1.471000000000000618e+01 0.000000000000000000e+00
1.473000000000000576e+01 0.000000000000000000e+00
1.475000000000000533e+01 0.000000000000000000e+00
1.477000000000000490e+01 0.000000000000000000e+00
1.479000000000000448e+01 0.000000000000000000e+00
1.481000000000000405e+01 0.000000000000000000e+00
1.483000000000000362e+01 0.000000000000000000e+00
1.485000000000000320e+01 0.000000000000000000e+00
1.487000000000000277e+01 0.000000000000000000e+00
1.489000000000000234e+01 0.000000000000000000e+00
1.491000000000000192e+01 0.000000000000000000e+00
1.493000000000000149e+01 0.000000000000000000e+00
1.495000000000000107e+01 0.000000000000000000e+00
1.497000000000000064e+01 0.000000000000000000e+00
1.499000000000000021e+01 0.000000000000000000e+00
