# Redshift		Merger Rate Density [Gpc^-3yr^-1]
1.000000000031931770e-02 3.037855080874294700e+01
3.000000000031888964e-02 3.170977654391382217e+01
5.000000000031846331e-02 3.327733258704446229e+01
7.000000000031804392e-02 3.477592101169623362e+01
9.000000000031761760e-02 3.635673713271990692e+01
1.100000000003171913e-01 3.793654000722800390e+01
1.300000000003167511e-01 3.962300852411184593e+01
1.500000000003163247e-01 4.129105793148838899e+01
1.700000000003158984e-01 4.310587689080549012e+01
1.900000000003154721e-01 4.479579045670013926e+01
2.100000000003150458e-01 4.689138567157841919e+01
2.300000000003146194e-01 4.860636993597249500e+01
2.500000000003141931e-01 5.044726741782995560e+01
2.700000000003137668e-01 5.241721580819321247e+01
2.900000000003133405e-01 5.436478663297572211e+01
3.100000000003129141e-01 5.651258855438977236e+01
3.300000000003124878e-01 5.868864436359630332e+01
3.500000000003120615e-01 6.059917699349691134e+01
3.700000000003116352e-01 6.289430679402924085e+01
3.900000000003112088e-01 6.507942828761125043e+01
4.100000000003107825e-01 6.753048665048798682e+01
4.300000000003103562e-01 6.951286485465757892e+01
4.500000000003099299e-01 7.210345836766541083e+01
4.700000000003095035e-01 7.429825611426605292e+01
4.900000000003090772e-01 7.660932843620935273e+01
5.100000000003086509e-01 7.920727117920141325e+01
5.300000000003082246e-01 8.161334094709440024e+01
5.500000000003077982e-01 8.412534183837365731e+01
5.700000000003073719e-01 8.692982555329548688e+01
5.900000000003069456e-01 8.906620349369636358e+01
6.100000000003065193e-01 9.164186048665503392e+01
6.300000000003060929e-01 9.434748138201457834e+01
6.500000000003056666e-01 9.713191575090925767e+01
6.700000000003052403e-01 9.978382566571303869e+01
6.900000000003048140e-01 1.022968510410664891e+02
7.100000000003043876e-01 1.052267211283862594e+02
7.300000000003039613e-01 1.079440061570092695e+02
7.500000000003035350e-01 1.106573314822473293e+02
7.700000000003031086e-01 1.137382652473921638e+02
7.900000000003026823e-01 1.168532392952098178e+02
8.100000000003022560e-01 1.201277949556991445e+02
8.300000000003018297e-01 1.224398637606526421e+02
8.500000000003014033e-01 1.257928811344113882e+02
8.700000000003009770e-01 1.289719568571629509e+02
8.900000000003005507e-01 1.316939246269067212e+02
9.100000000003001244e-01 1.345558338737057227e+02
9.300000000002996980e-01 1.374133365205190103e+02
9.500000000002992717e-01 1.411414260040556599e+02
9.700000000002988454e-01 1.441070919016513301e+02
9.900000000002984191e-01 1.463865653032148373e+02
1.010000000000297993e+00 1.497449256094808732e+02
1.030000000000297566e+00 1.529448145981242249e+02
1.050000000000297140e+00 1.563761933968800406e+02
1.070000000000296714e+00 1.590212588445291431e+02
1.090000000000296287e+00 1.619831273904878515e+02
1.110000000000295861e+00 1.658908165253522213e+02
1.130000000000295435e+00 1.681778173722398435e+02
1.150000000000295008e+00 1.709130744973839739e+02
1.170000000000294582e+00 1.746130811827761420e+02
1.190000000000294156e+00 1.773124241017363829e+02
1.210000000000293729e+00 1.800100284112229190e+02
1.230000000000293303e+00 1.832271636243942226e+02
1.250000000000292877e+00 1.860034720471072376e+02
1.270000000000292451e+00 1.893796534882479818e+02
1.290000000000292024e+00 1.915641418745231590e+02
1.310000000000291598e+00 1.946860699145422018e+02
1.330000000000291172e+00 1.972567324798823449e+02
1.350000000000290745e+00 2.002325512045865423e+02
1.370000000000290319e+00 2.031470054047503027e+02
1.390000000000289893e+00 2.052765532760531073e+02
1.410000000000289466e+00 2.077900678693258101e+02
1.430000000000289040e+00 2.111999940093364501e+02
1.450000000000288614e+00 2.119028886278259165e+02
1.470000000000288187e+00 2.148809797146331562e+02
1.490000000000287761e+00 2.168482063753361047e+02
1.510000000000287335e+00 2.187682853858714509e+02
1.530000000000286908e+00 2.208353032768673074e+02
1.550000000000286482e+00 2.238124495657752391e+02
1.570000000000286056e+00 2.260057882831568179e+02
1.590000000000285629e+00 2.261747508420327506e+02
1.610000000000285203e+00 2.287650511745235633e+02
1.630000000000284777e+00 2.305219691148989227e+02
1.650000000000284350e+00 2.325662827826320154e+02
1.670000000000283924e+00 2.338517095717468521e+02
1.690000000000283498e+00 2.349722682200871020e+02
1.710000000000283071e+00 2.372481259912965186e+02
1.730000000000282645e+00 2.404939447204035901e+02
1.750000000000282219e+00 2.412127195587773656e+02
1.770000000000281792e+00 2.435160150414591271e+02
1.790000000000281366e+00 2.465365846220823585e+02
1.810000000000280940e+00 2.472982681297962131e+02
1.830000000000280513e+00 2.476592996319623126e+02
1.850000000000280087e+00 2.471612090221691176e+02
1.870000000000279661e+00 2.492534553187735185e+02
1.890000000000279234e+00 2.497366721863089936e+02
1.910000000000278808e+00 2.518411403651615785e+02
1.930000000000278382e+00 2.539025693288326124e+02
1.950000000000277955e+00 2.554546522157902757e+02
1.970000000000277529e+00 2.528953426461949050e+02
1.990000000000277103e+00 2.504690796753249629e+02
2.010000000000276899e+00 2.515516429005828343e+02
2.030000000000276472e+00 2.485699566167780574e+02
2.050000000000276046e+00 2.452834003565166370e+02
2.070000000000275620e+00 2.423799746973708409e+02
2.090000000000275193e+00 2.386431031007965942e+02
2.110000000000274767e+00 2.367508867438425568e+02
2.130000000000274341e+00 2.360109514680687255e+02
2.150000000000273914e+00 2.338269970597089014e+02
2.170000000000273488e+00 2.326767193186053646e+02
2.190000000000273062e+00 2.305205526535814897e+02
2.210000000000272635e+00 2.294475958845552555e+02
2.230000000000272209e+00 2.281284578363163860e+02
2.250000000000271783e+00 2.263468558275359896e+02
2.270000000000271356e+00 2.247530988054530781e+02
2.290000000000270930e+00 2.239063528485282575e+02
2.310000000000270504e+00 2.218466622002154907e+02
2.330000000000270077e+00 2.202624247476409209e+02
2.350000000000269651e+00 2.185612383814612087e+02
2.370000000000269225e+00 2.169297183872051278e+02
2.390000000000268798e+00 2.148270945032166708e+02
2.410000000000268372e+00 2.136658278255713981e+02
2.430000000000267946e+00 2.112981791957553810e+02
2.450000000000267519e+00 2.098065708935143618e+02
2.470000000000267093e+00 2.074203300265248799e+02
2.490000000000266667e+00 2.053427158743841119e+02
2.510000000000266240e+00 2.034817618371638162e+02
2.530000000000265814e+00 2.014465631581837783e+02
2.550000000000265388e+00 1.998093218138068892e+02
2.570000000000264961e+00 1.979556813417617605e+02
2.590000000000264535e+00 1.948902560290122778e+02
2.610000000000264109e+00 1.934873233108007753e+02
2.630000000000263682e+00 1.910162622273658144e+02
2.650000000000263256e+00 1.892846213496711130e+02
2.670000000000262830e+00 1.869876299506293265e+02
2.690000000000262403e+00 1.850061110810543425e+02
2.710000000000261977e+00 1.824002705504961455e+02
2.730000000000261551e+00 1.805013885521083239e+02
2.750000000000261124e+00 1.784363689523366645e+02
2.770000000000260698e+00 1.761336582193287370e+02
2.790000000000260272e+00 1.742699626108704365e+02
2.810000000000259845e+00 1.719649324398956196e+02
2.830000000000259419e+00 1.695265798641661377e+02
2.850000000000258993e+00 1.675274719503043741e+02
2.870000000000258567e+00 1.655146317052342795e+02
2.890000000000258140e+00 1.632028945626034897e+02
2.910000000000257714e+00 1.611599329114876014e+02
2.930000000000257288e+00 1.589789861266532114e+02
2.950000000000256861e+00 1.567115998319463870e+02
2.970000000000256435e+00 1.548545086112698925e+02
2.990000000000256009e+00 1.526309178666417381e+02
3.010000000000255582e+00 1.507622458512954040e+02
3.030000000000255156e+00 1.487919457348834555e+02
3.050000000000254730e+00 1.467147873769754369e+02
3.070000000000254303e+00 1.445000035683476369e+02
3.090000000000253877e+00 1.425696197201758366e+02
3.110000000000253451e+00 1.405860344130884698e+02
3.130000000000253024e+00 1.384912083586199856e+02
3.150000000000252598e+00 1.369524031555731085e+02
3.170000000000252172e+00 1.347838012852456302e+02
3.190000000000251745e+00 1.330196634946682082e+02
3.210000000000251319e+00 1.314683145455761917e+02
3.230000000000250893e+00 1.292652073221894682e+02
3.250000000000250466e+00 1.277618197995476805e+02
3.270000000000250040e+00 1.266549613076780503e+02
3.290000000000249614e+00 1.255549762251398818e+02
3.310000000000249187e+00 1.244886749938280843e+02
3.330000000000248761e+00 1.233117738724089492e+02
3.350000000000248335e+00 1.214073723509798697e+02
3.370000000000247908e+00 1.206350551437133305e+02
3.390000000000247482e+00 1.190553504879657112e+02
3.410000000000247056e+00 1.159653766584869601e+02
3.430000000000246629e+00 1.149407615506021614e+02
3.450000000000246203e+00 1.126803732765282007e+02
3.470000000000245777e+00 1.107758823648251933e+02
3.490000000000245350e+00 1.093652317077609268e+02
3.510000000000244924e+00 1.077569866805652197e+02
3.530000000000244498e+00 1.063798298380868061e+02
3.550000000000244071e+00 1.041371592087685372e+02
3.570000000000243645e+00 1.032702628385079180e+02
3.590000000000243219e+00 1.016644132605535589e+02
3.610000000000242792e+00 1.006374459268642454e+02
3.630000000000242366e+00 9.927115907826657804e+01
3.650000000000241940e+00 9.668510013572699791e+01
3.670000000000241513e+00 9.437023217939568553e+01
3.690000000000241087e+00 9.279159960372868454e+01
3.710000000000240661e+00 9.132809512487163772e+01
3.730000000000240234e+00 8.923530301311180324e+01
3.750000000000239808e+00 8.767847268249821013e+01
3.770000000000239382e+00 8.613046059146950029e+01
3.790000000000238956e+00 8.471434836160210580e+01
3.810000000000238529e+00 8.318967159941242073e+01
3.830000000000238103e+00 8.158591626028204757e+01
3.850000000000237677e+00 8.045718954705134252e+01
3.870000000000237250e+00 7.912964477764205640e+01
3.890000000000236824e+00 7.794047466009389780e+01
3.910000000000236398e+00 7.659556309715122779e+01
3.930000000000235971e+00 7.552503918573906105e+01
3.950000000000235545e+00 7.432532503548708291e+01
3.970000000000235119e+00 7.316820052513293149e+01
3.990000000000234692e+00 7.197874159923100024e+01
4.010000000000234266e+00 7.094055238126763641e+01
4.030000000000233840e+00 6.981141616693972196e+01
4.050000000000233413e+00 6.887707101023353573e+01
4.070000000000232987e+00 6.788050618234890976e+01
4.090000000000232561e+00 6.676299181711384279e+01
4.110000000000232134e+00 6.587190450559032229e+01
4.130000000000231708e+00 6.487273428883939630e+01
4.150000000000231282e+00 6.402687016796559760e+01
4.170000000000230855e+00 6.297855483971937929e+01
4.190000000000230429e+00 6.201913500442763194e+01
4.210000000000230003e+00 6.130352452913176364e+01
4.230000000000229576e+00 6.058977917726184614e+01
4.250000000000229150e+00 5.999365973661115703e+01
4.270000000000228724e+00 5.946454013275594264e+01
4.290000000000228297e+00 5.938384365517794805e+01
4.310000000000227871e+00 5.798624604148346151e+01
4.330000000000227445e+00 5.775952301186612203e+01
4.350000000000227018e+00 5.661391612230944048e+01
4.370000000000226592e+00 5.628001874912941105e+01
4.390000000000226166e+00 5.538653505908835228e+01
4.410000000000225739e+00 5.368963453523561924e+01
4.430000000000225313e+00 5.302298029291051762e+01
4.450000000000224887e+00 5.215060820496863414e+01
4.470000000000224460e+00 5.134252168945951667e+01
4.490000000000224034e+00 5.050684282668195380e+01
4.510000000000223608e+00 4.967062173643200396e+01
4.530000000000223181e+00 4.928035049769056286e+01
4.550000000000222755e+00 4.816017700099789067e+01
4.570000000000222329e+00 4.778046514592141136e+01
4.590000000000221902e+00 4.638197354769278746e+01
4.610000000000221476e+00 4.625720815188799406e+01
4.630000000000221050e+00 4.518377087048632035e+01
4.650000000000220624e+00 4.463504907993185356e+01
4.670000000000220197e+00 4.418937506216387590e+01
4.690000000000219771e+00 4.331108401396308238e+01
4.710000000000219345e+00 4.234272942283032393e+01
4.730000000000218918e+00 4.153354863997691382e+01
4.750000000000218492e+00 4.061907109025563756e+01
4.770000000000218066e+00 3.990194978474639242e+01
4.790000000000217639e+00 3.919610048883738784e+01
4.810000000000217213e+00 3.842077005759293939e+01
4.830000000000216787e+00 3.790618457210283054e+01
4.850000000000216360e+00 3.726718457033638998e+01
4.870000000000215934e+00 3.665144152954776047e+01
4.890000000000215508e+00 3.605318799625819537e+01
4.910000000000215081e+00 3.554221044974495669e+01
4.930000000000214655e+00 3.487657650676561616e+01
4.950000000000214229e+00 3.436880716145719106e+01
4.970000000000213802e+00 3.397874036738669190e+01
4.990000000000213376e+00 3.352389743566575220e+01
5.010000000000212950e+00 3.333387392369518665e+01
5.030000000000212523e+00 3.281121998695689257e+01
5.050000000000212097e+00 3.280030411303980742e+01
5.070000000000211671e+00 3.198846802050544369e+01
5.090000000000211244e+00 3.173863208832633731e+01
5.110000000000210818e+00 3.103649523682632605e+01
5.130000000000210392e+00 3.104418149924277870e+01
5.150000000000209965e+00 3.031850039714839085e+01
5.170000000000209539e+00 2.968603161856064432e+01
5.190000000000209113e+00 2.878795108459760854e+01
5.210000000000208686e+00 2.848994515262170069e+01
5.230000000000208260e+00 2.818004683024794232e+01
5.250000000000207834e+00 2.750465950615794242e+01
5.270000000000207407e+00 2.709730069972957267e+01
5.290000000000206981e+00 2.658447155979880705e+01
5.310000000000206555e+00 2.628022184189860155e+01
5.330000000000206128e+00 2.596023542152278196e+01
5.350000000000205702e+00 2.535307250774993193e+01
5.370000000000205276e+00 2.511662629675933545e+01
5.390000000000204849e+00 2.439706615543218859e+01
5.410000000000204423e+00 2.413535856423327530e+01
5.430000000000203997e+00 2.374591845723174899e+01
5.450000000000203570e+00 2.314878507247559014e+01
5.470000000000203144e+00 2.289064971649647262e+01
5.490000000000202718e+00 2.268057697561184938e+01
5.510000000000202292e+00 2.217811834699831053e+01
5.530000000000201865e+00 2.170737935076709135e+01
5.550000000000201439e+00 2.123416011165743456e+01
5.570000000000201013e+00 2.074832120298914262e+01
5.590000000000200586e+00 2.046387841764720505e+01
5.610000000000200160e+00 2.012295060090276522e+01
5.630000000000199734e+00 1.982377212305054925e+01
5.650000000000199307e+00 1.970355867036945696e+01
5.670000000000198881e+00 1.931757248911045366e+01
5.690000000000198455e+00 1.918282133027321379e+01
5.710000000000198028e+00 1.875211090052606266e+01
5.730000000000197602e+00 1.854002698648619685e+01
5.750000000000197176e+00 1.814807997800199857e+01
5.770000000000196749e+00 1.792557965260881403e+01
5.790000000000196323e+00 1.758694304093586069e+01
5.810000000000195897e+00 1.725062429710452250e+01
5.830000000000195470e+00 1.677539318303816174e+01
5.850000000000195044e+00 1.626781096393321135e+01
5.870000000000194618e+00 1.617029887797879439e+01
5.890000000000194191e+00 1.585852249722369578e+01
5.910000000000193765e+00 1.549782197267899164e+01
5.930000000000193339e+00 1.524167581271595395e+01
5.950000000000192912e+00 1.492710803775789685e+01
5.970000000000192486e+00 1.463426671921440558e+01
5.990000000000192060e+00 1.451383452433559107e+01
6.010000000000191633e+00 1.412575063387857455e+01
6.030000000000191207e+00 1.400656970638069687e+01
6.050000000000190781e+00 1.366488344143110467e+01
6.070000000000190354e+00 1.329149180079819637e+01
6.090000000000189928e+00 1.322637239669637488e+01
6.110000000000189502e+00 1.286743314151033069e+01
6.130000000000189075e+00 1.256738128785526065e+01
6.150000000000188649e+00 1.240547819795714268e+01
6.170000000000188223e+00 1.235239934801363759e+01
6.190000000000187796e+00 1.217471027957632224e+01
6.210000000000187370e+00 1.190532628002798710e+01
6.230000000000186944e+00 1.167223486305065272e+01
6.250000000000186517e+00 1.144035836898034475e+01
6.270000000000186091e+00 1.119781979956547957e+01
6.290000000000185665e+00 1.097918013685457694e+01
6.310000000000185238e+00 1.072187617003389803e+01
6.330000000000184812e+00 1.053611493248445719e+01
6.350000000000184386e+00 1.035098626211246042e+01
6.370000000000183960e+00 1.008440160554416742e+01
6.390000000000183533e+00 9.766042395657526853e+00
6.410000000000183107e+00 9.498093875374582495e+00
6.430000000000182681e+00 9.318510235218035120e+00
6.450000000000182254e+00 9.225661720619937611e+00
6.470000000000181828e+00 8.994562324616687476e+00
6.490000000000181402e+00 8.760290870890013792e+00
6.510000000000180975e+00 8.589428600873008079e+00
6.530000000000180549e+00 8.419900456896689533e+00
6.550000000000180123e+00 8.250049776161565873e+00
6.570000000000179696e+00 8.155593325025703777e+00
6.590000000000179270e+00 7.930889456811638816e+00
6.610000000000178844e+00 7.789015470943315478e+00
6.630000000000178417e+00 7.677692566471671753e+00
6.650000000000177991e+00 7.426062903363692236e+00
6.670000000000177565e+00 7.359101756422782969e+00
6.690000000000177138e+00 7.253919960296295599e+00
6.710000000000176712e+00 7.018714474198633368e+00
6.730000000000176286e+00 6.931409644945933479e+00
6.750000000000175859e+00 6.820794761697976050e+00
6.770000000000175433e+00 6.762584851698429489e+00
6.790000000000175007e+00 6.549720137798309416e+00
6.810000000000174580e+00 6.364616077489957391e+00
6.830000000000174154e+00 6.241304884563575683e+00
6.850000000000173728e+00 6.106285524227875960e+00
6.870000000000173301e+00 5.894985098770232135e+00
6.890000000000172875e+00 5.726206073707456490e+00
6.910000000000172449e+00 5.492341952224277790e+00
6.930000000000172022e+00 5.371404069505740786e+00
6.950000000000171596e+00 5.293987014179444728e+00
6.970000000000171170e+00 5.177710570852771532e+00
6.990000000000170743e+00 5.045979448509901211e+00
7.010000000000170317e+00 4.896390260065799360e+00
7.030000000000169891e+00 4.827745737871434351e+00
7.050000000000169464e+00 4.651410929961217633e+00
7.070000000000169038e+00 4.606602573406028078e+00
7.090000000000168612e+00 4.524117060640177712e+00
7.110000000000168185e+00 4.423992509566034848e+00
7.130000000000167759e+00 4.344058552684595398e+00
7.150000000000167333e+00 4.303239863216894001e+00
7.170000000000166906e+00 4.124650757368409693e+00
7.190000000000166480e+00 4.044916450129530716e+00
7.210000000000166054e+00 3.977362413730243240e+00
7.230000000000165628e+00 3.864075641797065863e+00
7.250000000000165201e+00 3.748258793040373238e+00
7.270000000000164775e+00 3.662475780061655417e+00
7.290000000000164349e+00 3.605028079838381583e+00
7.310000000000163922e+00 3.530286424963464675e+00
7.330000000000163496e+00 3.394550449140431247e+00
7.350000000000163070e+00 3.272624870550985943e+00
7.370000000000162643e+00 3.147048759132759166e+00
7.390000000000162217e+00 3.049347386155671469e+00
7.410000000000161791e+00 3.011155061903017405e+00
7.430000000000161364e+00 2.904927564708933652e+00
7.450000000000160938e+00 2.833071749074081769e+00
7.470000000000160512e+00 2.738437879099871353e+00
7.490000000000160085e+00 2.678856489366412408e+00
7.510000000000159659e+00 2.643721162468894992e+00
7.530000000000159233e+00 2.569089697803119687e+00
7.550000000000158806e+00 2.502247624489081002e+00
7.570000000000158380e+00 2.487382632158970264e+00
7.590000000000157954e+00 2.386035091095642269e+00
7.610000000000157527e+00 2.371840162367781613e+00
7.630000000000157101e+00 2.282454288284886168e+00
7.650000000000156675e+00 2.201817725022859218e+00
7.670000000000156248e+00 2.163114050058749793e+00
7.690000000000155822e+00 2.106287688283198456e+00
7.710000000000155396e+00 2.027156616247206777e+00
7.730000000000154969e+00 1.971750478591227873e+00
7.750000000000154543e+00 1.903611466081321479e+00
7.770000000000154117e+00 1.853634510376763078e+00
7.790000000000153690e+00 1.787377487071537319e+00
7.810000000000153264e+00 1.720644399045781814e+00
7.830000000000152838e+00 1.668665435462493685e+00
7.850000000000152411e+00 1.638985054212083181e+00
7.870000000000151985e+00 1.586893460938094247e+00
7.890000000000151559e+00 1.538609113411340878e+00
7.910000000000151132e+00 1.488787653893315133e+00
7.930000000000150706e+00 1.457668253432537142e+00
7.950000000000150280e+00 1.410853494207001013e+00
7.970000000000149853e+00 1.368654850513497889e+00
7.990000000000149427e+00 1.339487551279785249e+00
8.010000000000149001e+00 1.300460068456541496e+00
8.030000000000148574e+00 1.281899468514118512e+00
8.050000000000148148e+00 1.233993976337765641e+00
8.070000000000147722e+00 1.210317484762023721e+00
8.090000000000147296e+00 1.153509559811465968e+00
8.110000000000146869e+00 1.114283281919936419e+00
8.130000000000146443e+00 1.090121358095494708e+00
8.150000000000146017e+00 1.035545929945741461e+00
8.170000000000145590e+00 1.004202524623539761e+00
8.190000000000145164e+00 9.529025948272732416e-01
8.210000000000144738e+00 9.341332492166533052e-01
8.230000000000144311e+00 9.118954658578251049e-01
8.250000000000143885e+00 8.958091918482219418e-01
8.270000000000143459e+00 8.619749424034339746e-01
8.290000000000143032e+00 8.277609146428699383e-01
8.310000000000142606e+00 8.052286695206543055e-01
8.330000000000142180e+00 7.810181308752368601e-01
8.350000000000141753e+00 7.497062412550531407e-01
8.370000000000141327e+00 7.350989173752620065e-01
8.390000000000140901e+00 7.207965688953477112e-01
8.410000000000140474e+00 6.809032032984166927e-01
8.430000000000140048e+00 6.673966283682147838e-01
8.450000000000139622e+00 6.358036600965565333e-01
8.470000000000139195e+00 6.303543445075210361e-01
8.490000000000138769e+00 5.945780605100151606e-01
8.510000000000138343e+00 5.686009552454045490e-01
8.530000000000137916e+00 5.575383581047267390e-01
8.550000000000137490e+00 5.330259610059043807e-01
8.570000000000137064e+00 5.009829697487730993e-01
8.590000000000136637e+00 4.935825809489233773e-01
8.610000000000136211e+00 4.859668619332370154e-01
8.630000000000135785e+00 4.721303601100351188e-01
8.650000000000135358e+00 4.556852141290699820e-01
8.670000000000134932e+00 4.333160770456096489e-01
8.690000000000134506e+00 4.195818311655283295e-01
8.710000000000134079e+00 4.071991742484043497e-01
8.730000000000133653e+00 4.008389099743578377e-01
8.750000000000133227e+00 3.763319081960278534e-01
8.770000000000132800e+00 3.711233908986791286e-01
8.790000000000132374e+00 3.535885018636487076e-01
8.810000000000131948e+00 3.381773261061900016e-01
8.830000000000131521e+00 3.274059331846382870e-01
8.850000000000131095e+00 3.112116746284430135e-01
8.870000000000130669e+00 2.979779597173621841e-01
8.890000000000130242e+00 2.846357886318067187e-01
8.910000000000129816e+00 2.780740385209289345e-01
8.930000000000129390e+00 2.668705068147180781e-01
8.950000000000128964e+00 2.602126552640861012e-01
8.970000000000128537e+00 2.506691773719376126e-01
8.990000000000128111e+00 2.373868181712022463e-01
9.010000000000127685e+00 2.316301136574785702e-01
9.030000000000127258e+00 2.231247801956360022e-01
9.050000000000126832e+00 2.201256866826603875e-01
9.070000000000126406e+00 2.098866773969121913e-01
9.090000000000125979e+00 1.991416398378118013e-01
9.110000000000125553e+00 1.961934470508260864e-01
9.130000000000125127e+00 1.844275640510477376e-01
9.150000000000124700e+00 1.798555845600771919e-01
9.170000000000124274e+00 1.689760318438387199e-01
9.190000000000123848e+00 1.619951240474354903e-01
9.210000000000123421e+00 1.577074691792115513e-01
9.230000000000122995e+00 1.465357839237433346e-01
9.250000000000122569e+00 1.406781678827707105e-01
9.270000000000122142e+00 1.381077855450865977e-01
9.290000000000121716e+00 1.342741095998366829e-01
9.310000000000121290e+00 1.260117113332966665e-01
9.330000000000120863e+00 1.222171304380885865e-01
9.350000000000120437e+00 1.182382080952701919e-01
9.370000000000120011e+00 1.187145439075904946e-01
9.390000000000119584e+00 1.076390822191682084e-01
9.410000000000119158e+00 1.081735878751055036e-01
9.430000000000118732e+00 9.859286116028172231e-02
9.450000000000118305e+00 9.735067429360011459e-02
9.470000000000117879e+00 9.208711261606573883e-02
9.490000000000117453e+00 8.930886418536637672e-02
9.510000000000117026e+00 8.584197033591485504e-02
9.530000000000116600e+00 8.018518213752540147e-02
9.550000000000116174e+00 7.798850410385392562e-02
9.570000000000115747e+00 7.371653295670260730e-02
9.590000000000115321e+00 6.957101726013631415e-02
9.610000000000114895e+00 6.794014182205551644e-02
9.630000000000114468e+00 6.504082589214162102e-02
9.650000000000114042e+00 6.257307644679192815e-02
9.670000000000113616e+00 6.157234422137366353e-02
9.690000000000113189e+00 5.704790226020315519e-02
9.710000000000112763e+00 5.520699428408825521e-02
9.730000000000112337e+00 5.503320177573009508e-02
9.750000000000111910e+00 5.159346253297696083e-02
9.770000000000111484e+00 4.819680952807060131e-02
9.790000000000111058e+00 4.591839156858872756e-02
9.810000000000110632e+00 4.366197481532566038e-02
9.830000000000110205e+00 4.160714498497358055e-02
9.850000000000109779e+00 3.989249847967173829e-02
9.870000000000109353e+00 4.039503141855903257e-02
9.890000000000108926e+00 3.683294002180263760e-02
9.910000000000108500e+00 3.504847157792628093e-02
9.930000000000108074e+00 3.301493204427885519e-02
9.950000000000107647e+00 3.346142289893089955e-02
9.970000000000107221e+00 3.016405020874194862e-02
9.990000000000106795e+00 3.069779381203335822e-02
1.001000000000010637e+01 2.733778628038302863e-02
1.003000000000010594e+01 2.697698074099263293e-02
1.005000000000010552e+01 2.540876335964496746e-02
1.007000000000010509e+01 2.417640881316193355e-02
1.009000000000010466e+01 2.548296921839290213e-02
1.011000000000010424e+01 2.212154883681457032e-02
1.013000000000010381e+01 2.073687107256156140e-02
1.015000000000010338e+01 1.988731092533234379e-02
1.017000000000010296e+01 1.918327874295844976e-02
1.019000000000010253e+01 1.856287389580693267e-02
1.021000000000010210e+01 1.886002379193724501e-02
1.023000000000010168e+01 1.748278585444398847e-02
1.025000000000010125e+01 1.612894931147848890e-02
1.027000000000010083e+01 1.519223485742688014e-02
1.029000000000010040e+01 1.415404704083321127e-02
1.031000000000009997e+01 1.421019086264415331e-02
1.033000000000009955e+01 1.307875740492335168e-02
1.035000000000009912e+01 1.226912831005049810e-02
1.037000000000009869e+01 1.194120676953744180e-02
1.039000000000009827e+01 1.169246484930742264e-02
1.041000000000009784e+01 1.076696025869549808e-02
1.043000000000009742e+01 1.132823400923635079e-02
1.045000000000009699e+01 9.739977943537666757e-03
1.047000000000009656e+01 9.677677548920687531e-03
1.049000000000009614e+01 9.164034945902264223e-03
1.051000000000009571e+01 8.492375121314855654e-03
1.053000000000009528e+01 8.609844904556884435e-03
1.055000000000009486e+01 7.578772769208603176e-03
1.057000000000009443e+01 7.933703311382423601e-03
1.059000000000009400e+01 7.011406996333404210e-03
1.061000000000009358e+01 6.465503302511185421e-03
1.063000000000009315e+01 6.183574110652338696e-03
1.065000000000009273e+01 5.881079077208869500e-03
1.067000000000009230e+01 5.637591815802350109e-03
1.069000000000009187e+01 5.373027381545715866e-03
1.071000000000009145e+01 5.083027584058491186e-03
1.073000000000009102e+01 5.251646399396006290e-03
1.075000000000009059e+01 4.962649365320022897e-03
1.077000000000009017e+01 5.021215596896629225e-03
1.079000000000008974e+01 4.199079588975378544e-03
1.081000000000008932e+01 3.928150213205627676e-03
1.083000000000008889e+01 4.137221219448498390e-03
1.085000000000008846e+01 3.568825187865935777e-03
1.087000000000008804e+01 3.367718617643635903e-03
1.089000000000008761e+01 3.250133079109456501e-03
1.091000000000008718e+01 3.282672186913730521e-03
1.093000000000008676e+01 2.875340974873472413e-03
1.095000000000008633e+01 2.717570172728177563e-03
1.097000000000008590e+01 2.767665936276625122e-03
1.099000000000008548e+01 2.517069117152756063e-03
1.101000000000008505e+01 2.436793737620093943e-03
1.103000000000008463e+01 2.276527632597633109e-03
1.105000000000008420e+01 2.110877817302945093e-03
1.107000000000008377e+01 2.443737015719935415e-03
1.109000000000008335e+01 1.894094940181272491e-03
1.111000000000008292e+01 1.796490678743431664e-03
1.113000000000008249e+01 1.941304876607598175e-03
1.115000000000008207e+01 1.644293238431448210e-03
1.117000000000008164e+01 1.519803258957535879e-03
1.119000000000008122e+01 1.438836634222636409e-03
1.121000000000008079e+01 1.456245761222858511e-03
1.123000000000008036e+01 1.434614909608069710e-03
1.125000000000007994e+01 1.305055654194433494e-03
1.127000000000007951e+01 1.184885448569762603e-03
1.129000000000007908e+01 1.109651449131853363e-03
1.131000000000007866e+01 1.085301049565492006e-03
1.133000000000007823e+01 9.964531588427382337e-04
1.135000000000007780e+01 9.619862383762105501e-04
1.137000000000007738e+01 1.089395865280940161e-03
1.139000000000007695e+01 8.398487297938233816e-04
1.141000000000007653e+01 8.766503570522879950e-04
1.143000000000007610e+01 7.829950453264334503e-04
1.145000000000007567e+01 7.185910317483975088e-04
1.147000000000007525e+01 6.870312466707718642e-04
1.149000000000007482e+01 6.971545284344245414e-04
1.151000000000007439e+01 6.002013062691628851e-04
1.153000000000007397e+01 6.504005685420847019e-04
1.155000000000007354e+01 5.459218760427417055e-04
1.157000000000007311e+01 5.083147492070385839e-04
1.159000000000007269e+01 4.906424606346978211e-04
1.161000000000007226e+01 4.536100433362309954e-04
1.163000000000007184e+01 4.303380304710090155e-04
1.165000000000007141e+01 4.651990338136635823e-04
1.167000000000007098e+01 4.955063790484117402e-04
1.169000000000007056e+01 3.556635072736440291e-04
1.171000000000007013e+01 3.623931689161929612e-04
1.173000000000006970e+01 3.192595850420197807e-04
1.175000000000006928e+01 3.063489804243950052e-04
1.177000000000006885e+01 2.903089804130250424e-04
1.179000000000006843e+01 2.705047716436208239e-04
1.181000000000006800e+01 3.032165246165184993e-04
1.183000000000006757e+01 2.390990612787918508e-04
1.185000000000006715e+01 2.313912808396928445e-04
1.187000000000006672e+01 2.223129708520784806e-04
1.189000000000006629e+01 2.039279563122234080e-04
1.191000000000006587e+01 1.901319588947682074e-04
1.193000000000006544e+01 2.170314928203346606e-04
1.195000000000006501e+01 2.150235322321839752e-04
1.197000000000006459e+01 1.588661100190680948e-04
1.199000000000006416e+01 1.496674161928371674e-04
1.201000000000006374e+01 1.395660560574447223e-04
1.203000000000006331e+01 1.316279140193670209e-04
1.205000000000006288e+01 1.274114445880738112e-04
1.207000000000006246e+01 1.169101375266468263e-04
1.209000000000006203e+01 1.336004691881588870e-04
1.211000000000006160e+01 1.051261176281177050e-04
1.213000000000006118e+01 1.018304911231554690e-04
1.215000000000006075e+01 9.277458070895054729e-05
1.217000000000006033e+01 8.620370545124204703e-05
1.219000000000005990e+01 9.725764251493220316e-05
1.221000000000005947e+01 9.973112634722507911e-05
1.223000000000005905e+01 7.016556446087995013e-05
1.225000000000005862e+01 6.778855829825310977e-05
1.227000000000005819e+01 6.225861711055968731e-05
1.229000000000005777e+01 6.155594496589850205e-05
1.231000000000005734e+01 5.502357991702844529e-05
1.233000000000005691e+01 5.250811802013415156e-05
1.235000000000005649e+01 5.000463895629250933e-05
1.237000000000005606e+01 5.482231779243768098e-05
1.239000000000005564e+01 4.335591270578104405e-05
1.241000000000005521e+01 4.071809951327353582e-05
1.243000000000005478e+01 3.865917896662729491e-05
1.245000000000005436e+01 4.183870352569238224e-05
1.247000000000005393e+01 4.426491035797661935e-05
1.249000000000005350e+01 3.185325486017562865e-05
1.251000000000005308e+01 2.859764093514525975e-05
1.253000000000005265e+01 2.776907298786763297e-05
1.255000000000005222e+01 2.573408338118283247e-05
1.257000000000005180e+01 2.411758812871727623e-05
1.259000000000005137e+01 2.243577343402925606e-05
1.261000000000005095e+01 2.109524113404732414e-05
1.263000000000005052e+01 2.311821728766492990e-05
1.265000000000005009e+01 1.815233872149639603e-05
1.267000000000004967e+01 1.741133249936261724e-05
1.269000000000004924e+01 1.922971174833737633e-05
1.271000000000004881e+01 1.743112899410065864e-05
1.273000000000004839e+01 1.676796098743162623e-05
1.275000000000004796e+01 1.305974903939809637e-05
1.277000000000004754e+01 1.186456762250259330e-05
1.279000000000004711e+01 1.121973521503642821e-05
1.281000000000004668e+01 1.054508224401079588e-05
1.283000000000004626e+01 9.988996756429554207e-06
1.285000000000004583e+01 9.139793001588128492e-06
1.287000000000004540e+01 8.876627605378959932e-06
1.289000000000004498e+01 9.671191209348931436e-06
1.291000000000004455e+01 8.644820484243789625e-06
1.293000000000004412e+01 6.953482677363190948e-06
1.295000000000004370e+01 6.445278802388251861e-06
1.297000000000004327e+01 8.207402577207007974e-06
1.299000000000004285e+01 5.648981478623298914e-06
1.301000000000004242e+01 5.171280920943312823e-06
1.303000000000004199e+01 4.831259498799020635e-06
1.305000000000004157e+01 4.428489257320975012e-06
1.307000000000004114e+01 4.271130084010844495e-06
1.309000000000004071e+01 3.852406014758614312e-06
1.311000000000004029e+01 3.660428579198453197e-06
1.313000000000003986e+01 3.386770151092032410e-06
1.315000000000003944e+01 4.424426862230673938e-06
1.317000000000003901e+01 2.864479681236005130e-06
1.319000000000003858e+01 3.185939979122766979e-06
1.321000000000003816e+01 2.920815490028676006e-06
1.323000000000003773e+01 2.240643305555704068e-06
1.325000000000003730e+01 2.151670837873897089e-06
1.327000000000003688e+01 1.978367945112159930e-06
1.329000000000003645e+01 1.851263496802077201e-06
1.331000000000003602e+01 1.732820281983359871e-06
1.333000000000003560e+01 1.562982228703454741e-06
1.335000000000003517e+01 1.456833411949854636e-06
1.337000000000003475e+01 1.617458493953275302e-06
1.339000000000003432e+01 1.506520663937410929e-06
1.341000000000003389e+01 1.140485320952958263e-06
1.343000000000003347e+01 1.335158730662692689e-06
1.345000000000003304e+01 1.164100885814011297e-06
1.347000000000003261e+01 8.909963086007721721e-07
1.349000000000003219e+01 8.325960596571854166e-07
1.351000000000003176e+01 7.629639188000785450e-07
1.353000000000003133e+01 7.095191421543733704e-07
1.355000000000003091e+01 6.875989477223803839e-07
1.357000000000003048e+01 6.187850459206521504e-07
1.359000000000003006e+01 6.716726556770140335e-07
1.361000000000002963e+01 6.374702697875451613e-07
1.363000000000002920e+01 4.711419504649659268e-07
1.365000000000002878e+01 5.312715191990869645e-07
1.367000000000002835e+01 4.835788252597231375e-07
1.369000000000002792e+01 3.628239430273552188e-07
1.371000000000002750e+01 3.430746219980787690e-07
1.373000000000002707e+01 3.178636127769589591e-07
1.375000000000002665e+01 2.876489825322448765e-07
1.377000000000002622e+01 2.703510615093525355e-07
1.379000000000002579e+01 2.928741745594979271e-07
1.381000000000002537e+01 2.274614798170325671e-07
1.383000000000002494e+01 2.152238683826550150e-07
1.385000000000002451e+01 2.345453360804712681e-07
1.387000000000002409e+01 2.097819089589592217e-07
1.389000000000002366e+01 1.927722161238611415e-07
1.391000000000002323e+01 1.429678581134831196e-07
1.393000000000002281e+01 1.327087407904605271e-07
1.395000000000002238e+01 1.236140640508656568e-07
1.397000000000002196e+01 1.139850866774147507e-07
1.399000000000002153e+01 1.041824669783950741e-07
1.401000000000002110e+01 1.157431102880329266e-07
1.403000000000002068e+01 8.669797791395562657e-08
1.405000000000002025e+01 7.996817951111601813e-08
1.407000000000001982e+01 9.184120453486651876e-08
1.409000000000001940e+01 8.231142017697787605e-08
1.411000000000001897e+01 7.397291045928989221e-08
1.413000000000001855e+01 5.417080188712506995e-08
1.415000000000001812e+01 4.988443744373884481e-08
1.417000000000001769e+01 4.645467426850641023e-08
1.419000000000001727e+01 4.223085042309256136e-08
1.421000000000001684e+01 4.616381660672683797e-08
1.423000000000001641e+01 3.583367310649366078e-08
1.425000000000001599e+01 3.225475760213655670e-08
1.427000000000001556e+01 3.002291671235639271e-08
1.429000000000001513e+01 3.251809300495687017e-08
1.431000000000001471e+01 2.915404905325291170e-08
1.433000000000001428e+01 2.631510372703999427e-08
1.435000000000001386e+01 1.930779828266977221e-08
1.437000000000001343e+01 1.747375200330459501e-08
1.439000000000001300e+01 1.602851748002127625e-08
1.441000000000001258e+01 1.155635325750034141e-08
1.443000000000001215e+01 4.276520667139681324e-09
1.445000000000001172e+01 7.452524910301356973e-10
1.447000000000001130e+01 8.022023090222388425e-10
1.449000000000001087e+01 6.036712685422646900e-10
1.451000000000001044e+01 2.393967681070544553e-10
1.453000000000001002e+01 1.141301409890584248e-10
1.455000000000000959e+01 1.786049349698590468e-15
1.457000000000000917e+01 1.588149881670383979e-15
1.459000000000000874e+01 2.426440197011915591e-15
1.461000000000000831e+01 2.592100402215848093e-17
1.463000000000000789e+01 0.000000000000000000e+00
1.465000000000000746e+01 0.000000000000000000e+00
1.467000000000000703e+01 0.000000000000000000e+00
1.469000000000000661e+01 0.000000000000000000e+00
1.471000000000000618e+01 0.000000000000000000e+00
1.473000000000000576e+01 0.000000000000000000e+00
1.475000000000000533e+01 0.000000000000000000e+00
1.477000000000000490e+01 0.000000000000000000e+00
1.479000000000000448e+01 0.000000000000000000e+00
1.481000000000000405e+01 0.000000000000000000e+00
1.483000000000000362e+01 0.000000000000000000e+00
1.485000000000000320e+01 0.000000000000000000e+00
1.487000000000000277e+01 0.000000000000000000e+00
1.489000000000000234e+01 0.000000000000000000e+00
1.491000000000000192e+01 0.000000000000000000e+00
1.493000000000000149e+01 0.000000000000000000e+00
1.495000000000000107e+01 0.000000000000000000e+00
1.497000000000000064e+01 0.000000000000000000e+00
1.499000000000000021e+01 0.000000000000000000e+00
