# Redshift		Merger Rate Density [Gpc^-3yr^-1]
1.000000000031931770e-02 9.533554881465596509e+01
3.000000000031888964e-02 9.577110460246311163e+01
5.000000000031846331e-02 9.822608206275521070e+01
7.000000000031804392e-02 9.975292873684988137e+01
9.000000000031761760e-02 1.018255094822617792e+02
1.100000000003171913e-01 1.032098709311079006e+02
1.300000000003167511e-01 1.047381531046696921e+02
1.500000000003163247e-01 1.058117808829540536e+02
1.700000000003158984e-01 1.082759397767828062e+02
1.900000000003154721e-01 1.093422602811862987e+02
2.100000000003150458e-01 1.103591664763660418e+02
2.300000000003146194e-01 1.130438658235391927e+02
2.500000000003141931e-01 1.151912695955085724e+02
2.700000000003137668e-01 1.166682105009512611e+02
2.900000000003133405e-01 1.184731529737013176e+02
3.100000000003129141e-01 1.208643310901884718e+02
3.300000000003124878e-01 1.220349489427511003e+02
3.500000000003120615e-01 1.245285598615723188e+02
3.700000000003116352e-01 1.261709486451542546e+02
3.900000000003112088e-01 1.276374759041985669e+02
4.100000000003107825e-01 1.302792770500063853e+02
4.300000000003103562e-01 1.314102841435584992e+02
4.500000000003099299e-01 1.336602490681557072e+02
4.700000000003095035e-01 1.350326540683288101e+02
4.900000000003090772e-01 1.377626133211317097e+02
5.100000000003086509e-01 1.386039888395304160e+02
5.300000000003082246e-01 1.408125308533266207e+02
5.500000000003077982e-01 1.416815802655587504e+02
5.700000000003073719e-01 1.453193348568897534e+02
5.900000000003069456e-01 1.466951667911686457e+02
6.100000000003065193e-01 1.475164906176710531e+02
6.300000000003060929e-01 1.503509845756255174e+02
6.500000000003056666e-01 1.516145902886603380e+02
6.700000000003052403e-01 1.526265418976596777e+02
6.900000000003048140e-01 1.552465007087379263e+02
7.100000000003043876e-01 1.572640336463663289e+02
7.300000000003039613e-01 1.598334998931866835e+02
7.500000000003035350e-01 1.609444789788499008e+02
7.700000000003031086e-01 1.618479602530950388e+02
7.900000000003026823e-01 1.642452804334643304e+02
8.100000000003022560e-01 1.663672526776217353e+02
8.300000000003018297e-01 1.678397436062388692e+02
8.500000000003014033e-01 1.706718137012059913e+02
8.700000000003009770e-01 1.714173037672542534e+02
8.900000000003005507e-01 1.731479161559899183e+02
9.100000000003001244e-01 1.733426049480000302e+02
9.300000000002996980e-01 1.772655364444350425e+02
9.500000000002992717e-01 1.783255684876716032e+02
9.700000000002988454e-01 1.776346195903746548e+02
9.900000000002984191e-01 1.810004829560595283e+02
1.010000000000297993e+00 1.810220651103837781e+02
1.030000000000297566e+00 1.839747211449603412e+02
1.050000000000297140e+00 1.838138556719075041e+02
1.070000000000296714e+00 1.848686976645503250e+02
1.090000000000296287e+00 1.857857410015978701e+02
1.110000000000295861e+00 1.881012157794309303e+02
1.130000000000295435e+00 1.882228080800290684e+02
1.150000000000295008e+00 1.894281583363607524e+02
1.170000000000294582e+00 1.910659434305984803e+02
1.190000000000294156e+00 1.924200951017968464e+02
1.210000000000293729e+00 1.908558332173208498e+02
1.230000000000293303e+00 1.941366015354401213e+02
1.250000000000292877e+00 1.921811094360948573e+02
1.270000000000292451e+00 1.948080174383228211e+02
1.290000000000292024e+00 1.951606989341564145e+02
1.310000000000291598e+00 1.954742147695964150e+02
1.330000000000291172e+00 1.963252212546521491e+02
1.350000000000290745e+00 1.952275658702293981e+02
1.370000000000290319e+00 1.972608878624539841e+02
1.390000000000289893e+00 1.995883412780482331e+02
1.410000000000289466e+00 1.985082757121493557e+02
1.430000000000289040e+00 1.991518234389016300e+02
1.450000000000288614e+00 1.976312013206482447e+02
1.470000000000288187e+00 2.006560701777135023e+02
1.490000000000287761e+00 1.989743028198660397e+02
1.510000000000287335e+00 1.995586321771004918e+02
1.530000000000286908e+00 1.994145288014778714e+02
1.550000000000286482e+00 2.005784214368670177e+02
1.570000000000286056e+00 1.968650409038654630e+02
1.590000000000285629e+00 2.007913935262472478e+02
1.610000000000285203e+00 1.991194441533452846e+02
1.630000000000284777e+00 1.982038421850017755e+02
1.650000000000284350e+00 1.996334640465695145e+02
1.670000000000283924e+00 1.992051032795123433e+02
1.690000000000283498e+00 1.968419443378437279e+02
1.710000000000283071e+00 1.972438810309606652e+02
1.730000000000282645e+00 1.961070236471743158e+02
1.750000000000282219e+00 1.970927961944489368e+02
1.770000000000281792e+00 1.947022450960410254e+02
1.790000000000281366e+00 1.949514015444760560e+02
1.810000000000280940e+00 1.930906987709526845e+02
1.830000000000280513e+00 1.952729019725529724e+02
1.850000000000280087e+00 1.930752037978926694e+02
1.870000000000279661e+00 1.910431113662139069e+02
1.890000000000279234e+00 1.904225997351062460e+02
1.910000000000278808e+00 1.881414716067750419e+02
1.930000000000278382e+00 1.876635486537001327e+02
1.950000000000277955e+00 1.876101760437094583e+02
1.970000000000277529e+00 1.866031202174265502e+02
1.990000000000277103e+00 1.839001194748835246e+02
2.010000000000276899e+00 1.841028742238864027e+02
2.030000000000276472e+00 1.826108867090902095e+02
2.050000000000276046e+00 1.794123029805135729e+02
2.070000000000275620e+00 1.768915310897237418e+02
2.090000000000275193e+00 1.770134044141906315e+02
2.110000000000274767e+00 1.755825527548466596e+02
2.130000000000274341e+00 1.719056908228275802e+02
2.150000000000273914e+00 1.737403250085424418e+02
2.170000000000273488e+00 1.690998601706927786e+02
2.190000000000273062e+00 1.690739740506392366e+02
2.210000000000272635e+00 1.663507022892247278e+02
2.230000000000272209e+00 1.650374624065072453e+02
2.250000000000271783e+00 1.619245250766331878e+02
2.270000000000271356e+00 1.610485924056489182e+02
2.290000000000270930e+00 1.591333360434574047e+02
2.310000000000270504e+00 1.548890174199146372e+02
2.330000000000270077e+00 1.543185877994197597e+02
2.350000000000269651e+00 1.517449400505056474e+02
2.370000000000269225e+00 1.512460333663337622e+02
2.390000000000268798e+00 1.489519845968041807e+02
2.410000000000268372e+00 1.471101843113573580e+02
2.430000000000267946e+00 1.463183597049800539e+02
2.450000000000267519e+00 1.433898914408993619e+02
2.470000000000267093e+00 1.414426159031037287e+02
2.490000000000266667e+00 1.381685414746095830e+02
2.510000000000266240e+00 1.376596022784479203e+02
2.530000000000265814e+00 1.351702494152937959e+02
2.550000000000265388e+00 1.330272777754259437e+02
2.570000000000264961e+00 1.324431490684865196e+02
2.590000000000264535e+00 1.298044088498382393e+02
2.610000000000264109e+00 1.293052897485092956e+02
2.630000000000263682e+00 1.254241703235397551e+02
2.650000000000263256e+00 1.241075619869927920e+02
2.670000000000262830e+00 1.219264298410851382e+02
2.690000000000262403e+00 1.210727371770063741e+02
2.710000000000261977e+00 1.202061009123269315e+02
2.730000000000261551e+00 1.173765917438311419e+02
2.750000000000261124e+00 1.152376527013385328e+02
2.770000000000260698e+00 1.144280154490979982e+02
2.790000000000260272e+00 1.122418574852484880e+02
2.810000000000259845e+00 1.110663810930452655e+02
2.830000000000259419e+00 1.095296182816477426e+02
2.850000000000258993e+00 1.066132460629609966e+02
2.870000000000258567e+00 1.050755599519602583e+02
2.890000000000258140e+00 1.046225839849304862e+02
2.910000000000257714e+00 1.033933599443708999e+02
2.930000000000257288e+00 1.009664069579012278e+02
2.950000000000256861e+00 1.000629606460046546e+02
2.970000000000256435e+00 9.800441475197951036e+01
2.990000000000256009e+00 9.644886819465216377e+01
3.010000000000255582e+00 9.530085199408770791e+01
3.030000000000255156e+00 9.305453800523363839e+01
3.050000000000254730e+00 9.249972190936225047e+01
3.070000000000254303e+00 9.126933523594652797e+01
3.090000000000253877e+00 8.920908087099930128e+01
3.110000000000253451e+00 8.905207985414169514e+01
3.130000000000253024e+00 8.660222858367886545e+01
3.150000000000252598e+00 8.623868883447059375e+01
3.170000000000252172e+00 8.451074664798635183e+01
3.190000000000251745e+00 8.264365243979052877e+01
3.210000000000251319e+00 8.177442883305306509e+01
3.230000000000250893e+00 8.134513417539187685e+01
3.250000000000250466e+00 7.906023122586746865e+01
3.270000000000250040e+00 7.822943158854225487e+01
3.290000000000249614e+00 7.743567131499825962e+01
3.310000000000249187e+00 7.610966176727204413e+01
3.330000000000248761e+00 7.468006743251142154e+01
3.350000000000248335e+00 7.376398891205221275e+01
3.370000000000247908e+00 7.337013746751227927e+01
3.390000000000247482e+00 7.091793058695488128e+01
3.410000000000247056e+00 7.195952305597006671e+01
3.430000000000246629e+00 6.923767172813323612e+01
3.450000000000246203e+00 6.893500525201932305e+01
3.470000000000245777e+00 6.792323678929503217e+01
3.490000000000245350e+00 6.678220133523102220e+01
3.510000000000244924e+00 6.614326026844831574e+01
3.530000000000244498e+00 6.517954218299792046e+01
3.550000000000244071e+00 6.446862287602198194e+01
3.570000000000243645e+00 6.306637767000810868e+01
3.590000000000243219e+00 6.234583317526143986e+01
3.610000000000242792e+00 6.212293231985098174e+01
3.630000000000242366e+00 6.165801264029622786e+01
3.650000000000241940e+00 5.971434468268562767e+01
3.670000000000241513e+00 5.938312573254356863e+01
3.690000000000241087e+00 5.879742106030376902e+01
3.710000000000240661e+00 5.791509671510882384e+01
3.730000000000240234e+00 5.747769066229079726e+01
3.750000000000239808e+00 5.680918633968762066e+01
3.770000000000239382e+00 5.561799371700023187e+01
3.790000000000238956e+00 5.541926007515537123e+01
3.810000000000238529e+00 5.461936850068303073e+01
3.830000000000238103e+00 5.442333733798069062e+01
3.850000000000237677e+00 5.325898481709753440e+01
3.870000000000237250e+00 5.266531401816257585e+01
3.890000000000236824e+00 5.232446683842017876e+01
3.910000000000236398e+00 5.185314644869301759e+01
3.930000000000235971e+00 5.093066062410851202e+01
3.950000000000235545e+00 5.076599662087978970e+01
3.970000000000235119e+00 5.004103185530441777e+01
3.990000000000234692e+00 4.968344079322815787e+01
4.010000000000234266e+00 4.871710716081640413e+01
4.030000000000233840e+00 4.882957901928153177e+01
4.050000000000233413e+00 4.860258848551130484e+01
4.070000000000232987e+00 4.795970806767067529e+01
4.090000000000232561e+00 4.721936425753526834e+01
4.110000000000232134e+00 4.721457117060916175e+01
4.130000000000231708e+00 4.678034846498186994e+01
4.150000000000231282e+00 4.589695925869376225e+01
4.170000000000230855e+00 4.551798617535460068e+01
4.190000000000230429e+00 4.541618692239104149e+01
4.210000000000230003e+00 4.538171746133134121e+01
4.230000000000229576e+00 4.495440802693770621e+01
4.250000000000229150e+00 4.493953611709753915e+01
4.270000000000228724e+00 4.410539755773272219e+01
4.290000000000228297e+00 4.377972940353623699e+01
4.310000000000227871e+00 4.337107794021100204e+01
4.330000000000227445e+00 4.369288499931684555e+01
4.350000000000227018e+00 4.311593944884579344e+01
4.370000000000226592e+00 4.325916479244676793e+01
4.390000000000226166e+00 4.283170107298465012e+01
4.410000000000225739e+00 4.240253232942324502e+01
4.430000000000225313e+00 4.248664377784588453e+01
4.450000000000224887e+00 4.210213181914501490e+01
4.470000000000224460e+00 4.216558598914355116e+01
4.490000000000224034e+00 4.209331287186290638e+01
4.510000000000223608e+00 4.181512559070434065e+01
4.530000000000223181e+00 4.190545602354524846e+01
4.550000000000222755e+00 4.158230113568627218e+01
4.570000000000222329e+00 4.156581794565361321e+01
4.590000000000221902e+00 4.140667747466099513e+01
4.610000000000221476e+00 4.173955653631799123e+01
4.630000000000221050e+00 4.147326148396229684e+01
4.650000000000220624e+00 4.133005466997635580e+01
4.670000000000220197e+00 4.128589127347522947e+01
4.690000000000219771e+00 4.140271973732339461e+01
4.710000000000219345e+00 4.111800770462289734e+01
4.730000000000218918e+00 4.108213487237220107e+01
4.750000000000218492e+00 4.147209067160372342e+01
4.770000000000218066e+00 4.098869708113625876e+01
4.790000000000217639e+00 4.151200810809459796e+01
4.810000000000217213e+00 4.112924146169966377e+01
4.830000000000216787e+00 4.097783951812213132e+01
4.850000000000216360e+00 4.166276308569416642e+01
4.870000000000215934e+00 4.156287587501984859e+01
4.890000000000215508e+00 4.137160648569261667e+01
4.910000000000215081e+00 4.102869196310352606e+01
4.930000000000214655e+00 4.172456543594398681e+01
4.950000000000214229e+00 4.185758834482459889e+01
4.970000000000213802e+00 4.154382565726783128e+01
4.990000000000213376e+00 4.169140720980189485e+01
5.010000000000212950e+00 4.218707467676293987e+01
5.030000000000212523e+00 4.213120014146110748e+01
5.050000000000212097e+00 4.213297357392765718e+01
5.070000000000211671e+00 4.256008840378976288e+01
5.090000000000211244e+00 4.246185708873941422e+01
5.110000000000210818e+00 4.282243689555789956e+01
5.130000000000210392e+00 4.237481074714233387e+01
5.150000000000209965e+00 4.323831778748196797e+01
5.170000000000209539e+00 4.330784560017035290e+01
5.190000000000209113e+00 4.322317238675613282e+01
5.210000000000208686e+00 4.364143082551127861e+01
5.230000000000208260e+00 4.398113874103789556e+01
5.250000000000207834e+00 4.404348276854560140e+01
5.270000000000207407e+00 4.420814500154918392e+01
5.290000000000206981e+00 4.453070400707176191e+01
5.310000000000206555e+00 4.458506779052763846e+01
5.330000000000206128e+00 4.463090667475184148e+01
5.350000000000205702e+00 4.517103432985810940e+01
5.370000000000205276e+00 4.557867327994802764e+01
5.390000000000204849e+00 4.546960888746391305e+01
5.410000000000204423e+00 4.585173543827640685e+01
5.430000000000203997e+00 4.604639708107721674e+01
5.450000000000203570e+00 4.667986317234452542e+01
5.470000000000203144e+00 4.688497007390245841e+01
5.490000000000202718e+00 4.717858055847149501e+01
5.510000000000202292e+00 4.763042381039941375e+01
5.530000000000201865e+00 4.781884406931687437e+01
5.550000000000201439e+00 4.752090485826062149e+01
5.570000000000201013e+00 4.836675595283347917e+01
5.590000000000200586e+00 4.838834965225802875e+01
5.610000000000200160e+00 4.891095184487419800e+01
5.630000000000199734e+00 4.885971456109341204e+01
5.650000000000199307e+00 4.986503911064403383e+01
5.670000000000198881e+00 4.989028980564170723e+01
5.690000000000198455e+00 5.007392024583036516e+01
5.710000000000198028e+00 5.047754143263911430e+01
5.730000000000197602e+00 5.084956344083862234e+01
5.750000000000197176e+00 5.077434402616740527e+01
5.770000000000196749e+00 5.139094644595348171e+01
5.790000000000196323e+00 5.157816101426665512e+01
5.810000000000195897e+00 5.173216390638251738e+01
5.830000000000195470e+00 5.242741591684632851e+01
5.850000000000195044e+00 5.256268488980819598e+01
5.870000000000194618e+00 5.313291994442899835e+01
5.890000000000194191e+00 5.301954655291768859e+01
5.910000000000193765e+00 5.396245019308280888e+01
5.930000000000193339e+00 5.393437120037997090e+01
5.950000000000192912e+00 5.442586624942375551e+01
5.970000000000192486e+00 5.478862475706154100e+01
5.990000000000192060e+00 5.478654259988145014e+01
6.010000000000191633e+00 5.498475229713820767e+01
6.030000000000191207e+00 5.569023993992654198e+01
6.050000000000190781e+00 5.580624645059931055e+01
6.070000000000190354e+00 5.635204513811890337e+01
6.090000000000189928e+00 5.663673096161146248e+01
6.110000000000189502e+00 5.703598024752017182e+01
6.130000000000189075e+00 5.755828563458881320e+01
6.150000000000188649e+00 5.714828328456329842e+01
6.170000000000188223e+00 5.777939165268057309e+01
6.190000000000187796e+00 5.835643672684344097e+01
6.210000000000187370e+00 5.842453402498405524e+01
6.230000000000186944e+00 5.888526622491055207e+01
6.250000000000186517e+00 5.896493486035651443e+01
6.270000000000186091e+00 5.918420992824416516e+01
6.290000000000185665e+00 5.924690449256107883e+01
6.310000000000185238e+00 5.977813247159041055e+01
6.330000000000184812e+00 6.007586798276245332e+01
6.350000000000184386e+00 6.043167866683879197e+01
6.370000000000183960e+00 6.019370591031167095e+01
6.390000000000183533e+00 6.115179461076805012e+01
6.410000000000183107e+00 6.107772620176046985e+01
6.430000000000182681e+00 6.111945769490685620e+01
6.450000000000182254e+00 6.132026516231637459e+01
6.470000000000181828e+00 6.194487192138387144e+01
6.490000000000181402e+00 6.199293111388472255e+01
6.510000000000180975e+00 6.167654632571509410e+01
6.530000000000180549e+00 6.295681107167295210e+01
6.550000000000180123e+00 6.272038707954282444e+01
6.570000000000179696e+00 6.297411322494798469e+01
6.590000000000179270e+00 6.348578343732634721e+01
6.610000000000178844e+00 6.297124013962434219e+01
6.630000000000178417e+00 6.354865974919410831e+01
6.650000000000177991e+00 6.329388517827931793e+01
6.670000000000177565e+00 6.352071508885411788e+01
6.690000000000177138e+00 6.426793978903053528e+01
6.710000000000176712e+00 6.380764984172747489e+01
6.730000000000176286e+00 6.440922161463733175e+01
6.750000000000175859e+00 6.443626622339890275e+01
6.770000000000175433e+00 6.450190227675399512e+01
6.790000000000175007e+00 6.476004107343531757e+01
6.810000000000174580e+00 6.489013814780756206e+01
6.830000000000174154e+00 6.477595141385927491e+01
6.850000000000173728e+00 6.481765726160385555e+01
6.870000000000173301e+00 6.505430580816091890e+01
6.890000000000172875e+00 6.501450730710581638e+01
6.910000000000172449e+00 6.542674396774624768e+01
6.930000000000172022e+00 6.517385441118872791e+01
6.950000000000171596e+00 6.532245734798165415e+01
6.970000000000171170e+00 6.554663795988757613e+01
6.990000000000170743e+00 6.584015072351242281e+01
7.010000000000170317e+00 6.543507751656795790e+01
7.030000000000169891e+00 6.583886603474964261e+01
7.050000000000169464e+00 6.559956832209368827e+01
7.070000000000169038e+00 6.555920472774815266e+01
7.090000000000168612e+00 6.572767781518203378e+01
7.110000000000168185e+00 6.586818449286030841e+01
7.130000000000167759e+00 6.577023751704533083e+01
7.150000000000167333e+00 6.584208664036579250e+01
7.170000000000166906e+00 6.585001756539824669e+01
7.190000000000166480e+00 6.584052888187709129e+01
7.210000000000166054e+00 6.581233239975135518e+01
7.230000000000165628e+00 6.591814271032194483e+01
7.250000000000165201e+00 6.536216773127276269e+01
7.270000000000164775e+00 6.556729821377668088e+01
7.290000000000164349e+00 6.565373269527208322e+01
7.310000000000163922e+00 6.588018196429634088e+01
7.330000000000163496e+00 6.540597088115042368e+01
7.350000000000163070e+00 6.571913028886922348e+01
7.370000000000162643e+00 6.547616164738037980e+01
7.390000000000162217e+00 6.580647712798869975e+01
7.410000000000161791e+00 6.553827758556734295e+01
7.430000000000161364e+00 6.525113888759786107e+01
7.450000000000160938e+00 6.499589539486873946e+01
7.470000000000160512e+00 6.540699167872797659e+01
7.490000000000160085e+00 6.478738041936939851e+01
7.510000000000159659e+00 6.481254404549721926e+01
7.530000000000159233e+00 6.517711509001412651e+01
7.550000000000158806e+00 6.496730929843990054e+01
7.570000000000158380e+00 6.469200764528791581e+01
7.590000000000157954e+00 6.512066052069916111e+01
7.610000000000157527e+00 6.504832822485062138e+01
7.630000000000157101e+00 6.429853954975023100e+01
7.650000000000156675e+00 6.446436730035858886e+01
7.670000000000156248e+00 6.433501720594691164e+01
7.690000000000155822e+00 6.436539370125896653e+01
7.710000000000155396e+00 6.416552844093918395e+01
7.730000000000154969e+00 6.390159542431261741e+01
7.750000000000154543e+00 6.391394665115905838e+01
7.770000000000154117e+00 6.391171772067883694e+01
7.790000000000153690e+00 6.376535075532442676e+01
7.810000000000153264e+00 6.355969244172877097e+01
7.830000000000152838e+00 6.338400591148738528e+01
7.850000000000152411e+00 6.369374004019883273e+01
7.870000000000151985e+00 6.324556657786983038e+01
7.890000000000151559e+00 6.349100463024944929e+01
7.910000000000151132e+00 6.319475230815476152e+01
7.930000000000150706e+00 6.333570480284502935e+01
7.950000000000150280e+00 6.294639149756892493e+01
7.970000000000149853e+00 6.255311021591960952e+01
7.990000000000149427e+00 6.255711641974432524e+01
8.010000000000149001e+00 6.265231055323321385e+01
8.030000000000148574e+00 6.288293733193166446e+01
8.050000000000148148e+00 6.236297904277792270e+01
8.070000000000147722e+00 6.236237923296086905e+01
8.090000000000147296e+00 6.193737756922737958e+01
8.110000000000146869e+00 6.189353902808936425e+01
8.130000000000146443e+00 6.198769524522838026e+01
8.150000000000146017e+00 6.220177927462484746e+01
8.170000000000145590e+00 6.168685765691274980e+01
8.190000000000145164e+00 6.186237196090420554e+01
8.210000000000144738e+00 6.190835912501466964e+01
8.230000000000144311e+00 6.149466678113578411e+01
8.250000000000143885e+00 6.145525946775101289e+01
8.270000000000143459e+00 6.154037141183339088e+01
8.290000000000143032e+00 6.124487084612579935e+01
8.310000000000142606e+00 6.119731845186915820e+01
8.330000000000142180e+00 6.088321967914365018e+01
8.350000000000141753e+00 6.124933063968605751e+01
8.370000000000141327e+00 6.087952124879483051e+01
8.390000000000140901e+00 6.061756551107227864e+01
8.410000000000140474e+00 6.084142160107550268e+01
8.430000000000140048e+00 6.097148679421652417e+01
8.450000000000139622e+00 6.053402970081344137e+01
8.470000000000139195e+00 6.063198789954418544e+01
8.490000000000138769e+00 6.044215623047448815e+01
8.510000000000138343e+00 6.067163110743473453e+01
8.530000000000137916e+00 6.052970889662791620e+01
8.550000000000137490e+00 6.016213839087318860e+01
8.570000000000137064e+00 6.035167472880393547e+01
8.590000000000136637e+00 6.017557419582679046e+01
8.610000000000136211e+00 5.988875592422208172e+01
8.630000000000135785e+00 5.995902686184594188e+01
8.650000000000135358e+00 6.003859415318303405e+01
8.670000000000134932e+00 6.006062301062555520e+01
8.690000000000134506e+00 5.978426819258707070e+01
8.710000000000134079e+00 5.949700231937940487e+01
8.730000000000133653e+00 5.976944801965696996e+01
8.750000000000133227e+00 5.961756901911832074e+01
8.770000000000132800e+00 5.976482910286907213e+01
8.790000000000132374e+00 5.956967929114511406e+01
8.810000000000131948e+00 5.958310223210271772e+01
8.830000000000131521e+00 5.940793938151960418e+01
8.850000000000131095e+00 5.929852365859025554e+01
8.870000000000130669e+00 5.941208805951296767e+01
8.890000000000130242e+00 5.910768500022922467e+01
8.910000000000129816e+00 5.928695236944334113e+01
8.930000000000129390e+00 5.898288695519637770e+01
8.950000000000128964e+00 5.902011549717488492e+01
8.970000000000128537e+00 5.900052252385702189e+01
8.990000000000128111e+00 5.900830775788035965e+01
9.010000000000127685e+00 5.903807373142474546e+01
9.030000000000127258e+00 5.876366111118969826e+01
9.050000000000126832e+00 5.853284224802843028e+01
9.070000000000126406e+00 5.874825053623870019e+01
9.090000000000125979e+00 5.875078626815351157e+01
9.110000000000125553e+00 5.849608467256443589e+01
9.130000000000125127e+00 5.858763501445628208e+01
9.150000000000124700e+00 5.826808941209198878e+01
9.170000000000124274e+00 5.830429233895386432e+01
9.190000000000123848e+00 5.811976388518129966e+01
9.210000000000123421e+00 5.817329494291414704e+01
9.230000000000122995e+00 5.797390631876703537e+01
9.250000000000122569e+00 5.830439651236252274e+01
9.270000000000122142e+00 5.786504512748403073e+01
9.290000000000121716e+00 5.764912300935529288e+01
9.310000000000121290e+00 5.775835663967335876e+01
9.330000000000120863e+00 5.761735212255296545e+01
9.350000000000120437e+00 5.771135924566267761e+01
9.370000000000120011e+00 5.739059089666573499e+01
9.390000000000119584e+00 5.720940516938171072e+01
9.410000000000119158e+00 5.717791381850354782e+01
9.430000000000118732e+00 5.724984807429477485e+01
9.450000000000118305e+00 5.706961756026176147e+01
9.470000000000117879e+00 5.679403174783631414e+01
9.490000000000117453e+00 5.691058290745147019e+01
9.510000000000117026e+00 5.661010711242986559e+01
9.530000000000116600e+00 5.664476419820268660e+01
9.550000000000116174e+00 5.618948575082821861e+01
9.570000000000115747e+00 5.624906326922226185e+01
9.590000000000115321e+00 5.613731865454560221e+01
9.610000000000114895e+00 5.585920386814616734e+01
9.630000000000114468e+00 5.598295914548548069e+01
9.650000000000114042e+00 5.575471316600424387e+01
9.670000000000113616e+00 5.572814638379614394e+01
9.690000000000113189e+00 5.563809227032820104e+01
9.710000000000112763e+00 5.522373355043961141e+01
9.730000000000112337e+00 5.502342902694345383e+01
9.750000000000111910e+00 5.489309111193900037e+01
9.770000000000111484e+00 5.463021559278627137e+01
9.790000000000111058e+00 5.476236813580833029e+01
9.810000000000110632e+00 5.442399488177066758e+01
9.830000000000110205e+00 5.429125945685091637e+01
9.850000000000109779e+00 5.407219321033269210e+01
9.870000000000109353e+00 5.394394843246219295e+01
9.890000000000108926e+00 5.407127659938871744e+01
9.910000000000108500e+00 5.374579114082320785e+01
9.930000000000108074e+00 5.331459965910632803e+01
9.950000000000107647e+00 5.326498508667533116e+01
9.970000000000107221e+00 5.307466893647542605e+01
9.990000000000106795e+00 5.281902659393802679e+01
1.001000000000010637e+01 5.268787626046702144e+01
1.003000000000010594e+01 5.237872692250127216e+01
1.005000000000010552e+01 5.238125443626457667e+01
1.007000000000010509e+01 5.197077256582543470e+01
1.009000000000010466e+01 5.210212147926198867e+01
1.011000000000010424e+01 5.174348800664608206e+01
1.013000000000010381e+01 5.148498100083672568e+01
1.015000000000010338e+01 5.145237896373412667e+01
1.017000000000010296e+01 5.106545502618190824e+01
1.019000000000010253e+01 5.111037527026503113e+01
1.021000000000010210e+01 5.045487746501243720e+01
1.023000000000010168e+01 5.049659853099264240e+01
1.025000000000010125e+01 5.050217001925620508e+01
1.027000000000010083e+01 5.022292481594795532e+01
1.029000000000010040e+01 4.978164162245502666e+01
1.031000000000009997e+01 4.973818237090086569e+01
1.033000000000009955e+01 4.947253027387463931e+01
1.035000000000009912e+01 4.940784154604799738e+01
1.037000000000009869e+01 4.912314760653062251e+01
1.039000000000009827e+01 4.919999115400054990e+01
1.041000000000009784e+01 4.880317783244177576e+01
1.043000000000009742e+01 4.844237747890151269e+01
1.045000000000009699e+01 4.833303216017813497e+01
1.047000000000009656e+01 4.823734021160642982e+01
1.049000000000009614e+01 4.795765669210334892e+01
1.051000000000009571e+01 4.790229517045531793e+01
1.053000000000009528e+01 4.769869652605965626e+01
1.055000000000009486e+01 4.756576422829105866e+01
1.057000000000009443e+01 4.746340325083302503e+01
1.059000000000009400e+01 4.703245778926370946e+01
1.061000000000009358e+01 4.684979165594425865e+01
1.063000000000009315e+01 4.668241344115939739e+01
1.065000000000009273e+01 4.657238899969024715e+01
1.067000000000009230e+01 4.677622018884544275e+01
1.069000000000009187e+01 4.660644022610032522e+01
1.071000000000009145e+01 4.613415055936648912e+01
1.073000000000009102e+01 4.599393956254371574e+01
1.075000000000009059e+01 4.589663379760661144e+01
1.077000000000009017e+01 4.574210878148628012e+01
1.079000000000008974e+01 4.549541260478961391e+01
1.081000000000008932e+01 4.569723142255445936e+01
1.083000000000008889e+01 4.538956720957030200e+01
1.085000000000008846e+01 4.527335866164906975e+01
1.087000000000008804e+01 4.525552042927985497e+01
1.089000000000008761e+01 4.507189885669819063e+01
1.091000000000008718e+01 4.483272202649583704e+01
1.093000000000008676e+01 4.498377905136513988e+01
1.095000000000008633e+01 4.466065393312291576e+01
1.097000000000008590e+01 4.463689264085780906e+01
1.099000000000008548e+01 4.463652756968811985e+01
1.101000000000008505e+01 4.445851169000188463e+01
1.103000000000008463e+01 4.433952442752798362e+01
1.105000000000008420e+01 4.447480921279493771e+01
1.107000000000008377e+01 4.423266659244960408e+01
1.109000000000008335e+01 4.414907399882400796e+01
1.111000000000008292e+01 4.419164940779864281e+01
1.113000000000008249e+01 4.414563678229259125e+01
1.115000000000008207e+01 4.406544263840280706e+01
1.117000000000008164e+01 4.408653203701161516e+01
1.119000000000008122e+01 4.408203768618427176e+01
1.121000000000008079e+01 4.396656568548670663e+01
1.123000000000008036e+01 4.393820346800171706e+01
1.125000000000007994e+01 4.393699604851266827e+01
1.127000000000007951e+01 4.378725913970169614e+01
1.129000000000007908e+01 4.379252628807882530e+01
1.131000000000007866e+01 4.378184045026788596e+01
1.133000000000007823e+01 4.394557478066302991e+01
1.135000000000007780e+01 4.389560225816562422e+01
1.137000000000007738e+01 4.385837995043599591e+01
1.139000000000007695e+01 4.389457889733742491e+01
1.141000000000007653e+01 4.374775035963387637e+01
1.143000000000007610e+01 4.391599258629085512e+01
1.145000000000007567e+01 4.385480690035114293e+01
1.147000000000007525e+01 4.396931611440183474e+01
1.149000000000007482e+01 4.386235545489213195e+01
1.151000000000007439e+01 4.372661851754931206e+01
1.153000000000007397e+01 4.409240258750013908e+01
1.155000000000007354e+01 4.400418910166181519e+01
1.157000000000007311e+01 4.400773827350015921e+01
1.159000000000007269e+01 4.378378380549670368e+01
1.161000000000007226e+01 4.410879074044490977e+01
1.163000000000007184e+01 4.389369309793400475e+01
1.165000000000007141e+01 4.432432630576897736e+01
1.167000000000007098e+01 4.416180170580532405e+01
1.169000000000007056e+01 4.418301496266330730e+01
1.171000000000007013e+01 4.426141036303144460e+01
1.173000000000006970e+01 4.401322056065219357e+01
1.175000000000006928e+01 4.436381937500239303e+01
1.177000000000006885e+01 4.436581369766696525e+01
1.179000000000006843e+01 4.427027323870299114e+01
1.181000000000006800e+01 4.431298185170105342e+01
1.183000000000006757e+01 4.418212076343052530e+01
1.185000000000006715e+01 4.438590284913838957e+01
1.187000000000006672e+01 4.440421424783131954e+01
1.189000000000006629e+01 4.445197436323385887e+01
1.191000000000006587e+01 4.432732145797810830e+01
1.193000000000006544e+01 4.457564915233397329e+01
1.195000000000006501e+01 4.437290627829810319e+01
1.197000000000006459e+01 4.464676088765286011e+01
1.199000000000006416e+01 4.431727752557031152e+01
1.201000000000006374e+01 4.430828753499920936e+01
1.203000000000006331e+01 4.455885920434178615e+01
1.205000000000006288e+01 4.462396414685403556e+01
1.207000000000006246e+01 4.441570748894480403e+01
1.209000000000006203e+01 4.427827142754259171e+01
1.211000000000006160e+01 4.446967880883969571e+01
1.213000000000006118e+01 4.459490871913859422e+01
1.215000000000006075e+01 4.434452913642455485e+01
1.217000000000006033e+01 4.430705156013746659e+01
1.219000000000005990e+01 4.429036265396227634e+01
1.221000000000005947e+01 4.432224920230223830e+01
1.223000000000005905e+01 4.447566384022154296e+01
1.225000000000005862e+01 4.404816332758734632e+01
1.227000000000005819e+01 4.422463585087480453e+01
1.229000000000005777e+01 4.403287284372045463e+01
1.231000000000005734e+01 4.398679959044205390e+01
1.233000000000005691e+01 4.410626458924146220e+01
1.235000000000005649e+01 4.397042622645412990e+01
1.237000000000005606e+01 4.385089498861971435e+01
1.239000000000005564e+01 4.374078932882746784e+01
1.241000000000005521e+01 4.354181341546001960e+01
1.243000000000005478e+01 4.363774202264799129e+01
1.245000000000005436e+01 4.359255912000358535e+01
1.247000000000005393e+01 4.346784919965504201e+01
1.249000000000005350e+01 4.342389073807837718e+01
1.251000000000005308e+01 4.315378008018623035e+01
1.253000000000005265e+01 4.297379841917822318e+01
1.255000000000005222e+01 4.311418357729667861e+01
1.257000000000005180e+01 4.267316159236884232e+01
1.259000000000005137e+01 4.253962342192257040e+01
1.261000000000005095e+01 4.252277810417703563e+01
1.263000000000005052e+01 4.266073127674171417e+01
1.265000000000005009e+01 4.234656138717478058e+01
1.267000000000004967e+01 4.218061421736387473e+01
1.269000000000004924e+01 4.221781133232328642e+01
1.271000000000004881e+01 4.177942101193040259e+01
1.273000000000004839e+01 4.145008175491896196e+01
1.275000000000004796e+01 4.149081001164712035e+01
1.277000000000004754e+01 4.133556003939209234e+01
1.279000000000004711e+01 4.143780935514642749e+01
1.281000000000004668e+01 4.086928771823348683e+01
1.283000000000004626e+01 4.081336332799038047e+01
1.285000000000004583e+01 4.078839495601204845e+01
1.287000000000004540e+01 4.025916793689456341e+01
1.289000000000004498e+01 4.018416921507466100e+01
1.291000000000004455e+01 4.009288266468793438e+01
1.293000000000004412e+01 3.991538484724778613e+01
1.295000000000004370e+01 3.958454564612630122e+01
1.297000000000004327e+01 3.935901622860681215e+01
1.299000000000004285e+01 3.933746662039435193e+01
1.301000000000004242e+01 3.885888495771428808e+01
1.303000000000004199e+01 3.872918201270553595e+01
1.305000000000004157e+01 3.831971777776092125e+01
1.307000000000004114e+01 3.812924973018667174e+01
1.309000000000004071e+01 3.799850035055707309e+01
1.311000000000004029e+01 3.779445323073336027e+01
1.313000000000003986e+01 3.760059899999649957e+01
1.315000000000003944e+01 3.717870442648076335e+01
1.317000000000003901e+01 3.682128934113196550e+01
1.319000000000003858e+01 3.656167761520172377e+01
1.321000000000003816e+01 3.606218283367302035e+01
1.323000000000003773e+01 3.622483206866355232e+01
1.325000000000003730e+01 3.568552333462118753e+01
1.327000000000003688e+01 3.551763667312579287e+01
1.329000000000003645e+01 3.492314734088084549e+01
1.331000000000003602e+01 3.481981648670190310e+01
1.333000000000003560e+01 3.419059077820441672e+01
1.335000000000003517e+01 3.379570389562179855e+01
1.337000000000003475e+01 3.348260767099574764e+01
1.339000000000003432e+01 3.303169001077520761e+01
1.341000000000003389e+01 3.256874703546233008e+01
1.343000000000003347e+01 3.208519505978391351e+01
1.345000000000003304e+01 3.148068729998981397e+01
1.347000000000003261e+01 3.122761647326250412e+01
1.349000000000003219e+01 3.050031037028443137e+01
1.351000000000003176e+01 2.983858325518176713e+01
1.353000000000003133e+01 2.900227336280686430e+01
1.355000000000003091e+01 2.845195057008127648e+01
1.357000000000003048e+01 2.774704907273488885e+01
1.359000000000003006e+01 2.721598493278935393e+01
1.361000000000002963e+01 2.647220157970501830e+01
1.363000000000002920e+01 2.555759664510459217e+01
1.365000000000002878e+01 2.475033278908927414e+01
1.367000000000002835e+01 2.394369415678897894e+01
1.369000000000002792e+01 2.309816935042670849e+01
1.371000000000002750e+01 2.221889333705129843e+01
1.373000000000002707e+01 2.126407242692145161e+01
1.375000000000002665e+01 2.026789632555713183e+01
1.377000000000002622e+01 1.961632137026947120e+01
1.379000000000002579e+01 1.839006773981716236e+01
1.381000000000002537e+01 1.768475550343923430e+01
1.383000000000002494e+01 1.686055759136487708e+01
1.385000000000002451e+01 1.598823223534507854e+01
1.387000000000002409e+01 1.472328124480501543e+01
1.389000000000002366e+01 1.388971129094714207e+01
1.391000000000002323e+01 1.301058416959532060e+01
1.393000000000002281e+01 1.197418384530145019e+01
1.395000000000002238e+01 1.103501245860642399e+01
1.397000000000002196e+01 1.007494186822398063e+01
1.399000000000002153e+01 9.120669993236282025e+00
1.401000000000002110e+01 8.185847795485505785e+00
1.403000000000002068e+01 7.395679036378082216e+00
1.405000000000002025e+01 6.651662487752359354e+00
1.407000000000001982e+01 5.987877177937857454e+00
1.409000000000001940e+01 5.274197593546571916e+00
1.411000000000001897e+01 4.688868674423233074e+00
1.413000000000001855e+01 4.175166522900392252e+00
1.415000000000001812e+01 3.715864841338916591e+00
1.417000000000001769e+01 3.310628177323200028e+00
1.419000000000001727e+01 2.892733953155725679e+00
1.421000000000001684e+01 2.547599213011662922e+00
1.423000000000001641e+01 2.229503704503110306e+00
1.425000000000001599e+01 1.876798050174316002e+00
1.427000000000001556e+01 1.587995899570555425e+00
1.429000000000001513e+01 1.321742987073727615e+00
1.431000000000001471e+01 1.141948180855153705e+00
1.433000000000001428e+01 9.176579684396662939e-01
1.435000000000001386e+01 7.268127760108129554e-01
1.437000000000001343e+01 5.901777586246736984e-01
1.439000000000001300e+01 4.185326470591821946e-01
1.441000000000001258e+01 2.979954531502783110e-01
1.443000000000001215e+01 1.855996535920115265e-01
1.445000000000001172e+01 1.102384714553282796e-01
1.447000000000001130e+01 4.589385248496627434e-02
1.449000000000001087e+01 1.894586966054826599e-02
1.451000000000001044e+01 5.482853073299104839e-03
1.453000000000001002e+01 2.775525354970488807e-03
1.455000000000000959e+01 2.763155289023861913e-03
1.457000000000000917e+01 2.750886737761012134e-03
1.459000000000000874e+01 2.738690582079037969e-03
1.461000000000000831e+01 8.223688006055851276e-06
1.463000000000000789e+01 7.079786932499320881e-11
1.465000000000000746e+01 0.000000000000000000e+00
1.467000000000000703e+01 0.000000000000000000e+00
1.469000000000000661e+01 0.000000000000000000e+00
1.471000000000000618e+01 0.000000000000000000e+00
1.473000000000000576e+01 0.000000000000000000e+00
1.475000000000000533e+01 0.000000000000000000e+00
1.477000000000000490e+01 0.000000000000000000e+00
1.479000000000000448e+01 0.000000000000000000e+00
1.481000000000000405e+01 0.000000000000000000e+00
1.483000000000000362e+01 0.000000000000000000e+00
1.485000000000000320e+01 0.000000000000000000e+00
1.487000000000000277e+01 0.000000000000000000e+00
1.489000000000000234e+01 0.000000000000000000e+00
1.491000000000000192e+01 0.000000000000000000e+00
1.493000000000000149e+01 0.000000000000000000e+00
1.495000000000000107e+01 0.000000000000000000e+00
1.497000000000000064e+01 0.000000000000000000e+00
1.499000000000000021e+01 0.000000000000000000e+00
