# Redshift		Merger Rate Density [Gpc^-3yr^-1]
1.000000000031931770e-02 2.567097084762808095e+02
3.000000000031888964e-02 2.678622855335472082e+02
5.000000000031846331e-02 2.808174877036249768e+02
7.000000000031804392e-02 2.934507736500819988e+02
9.000000000031761760e-02 3.054924938210265282e+02
1.100000000003171913e-01 3.202350280171601753e+02
1.300000000003167511e-01 3.326093855699972437e+02
1.500000000003163247e-01 3.475530579522452967e+02
1.700000000003158984e-01 3.623100445000330296e+02
1.900000000003154721e-01 3.757929365840172409e+02
2.100000000003150458e-01 3.903145614361278035e+02
2.300000000003146194e-01 4.071483557729196718e+02
2.500000000003141931e-01 4.217469608221116459e+02
2.700000000003137668e-01 4.395553084177020082e+02
2.900000000003133405e-01 4.543620397660109802e+02
3.100000000003129141e-01 4.720202260721353582e+02
3.300000000003124878e-01 4.874026132241355640e+02
3.500000000003120615e-01 5.062048878574872788e+02
3.700000000003116352e-01 5.239448459918603476e+02
3.900000000003112088e-01 5.416952208005335478e+02
4.100000000003107825e-01 5.593434206958204413e+02
4.300000000003103562e-01 5.786653585129303110e+02
4.500000000003099299e-01 5.977192157996290689e+02
4.700000000003095035e-01 6.167108043794812602e+02
4.900000000003090772e-01 6.349119723981674497e+02
5.100000000003086509e-01 6.563574431631493553e+02
5.300000000003082246e-01 6.772073417277509861e+02
5.500000000003077982e-01 6.955936872467332250e+02
5.700000000003073719e-01 7.165598868594522628e+02
5.900000000003069456e-01 7.395571911156272336e+02
6.100000000003065193e-01 7.568127190064570868e+02
6.300000000003060929e-01 7.820879804481299971e+02
6.500000000003056666e-01 8.018827158045522765e+02
6.700000000003052403e-01 8.228137486012821000e+02
6.900000000003048140e-01 8.485596307607013387e+02
7.100000000003043876e-01 8.684285417234844999e+02
7.300000000003039613e-01 8.917197670194966577e+02
7.500000000003035350e-01 9.153454216045581688e+02
7.700000000003031086e-01 9.362572819376006237e+02
7.900000000003026823e-01 9.609051795048069380e+02
8.100000000003022560e-01 9.849570324634264580e+02
8.300000000003018297e-01 1.005858387652651686e+03
8.500000000003014033e-01 1.034098034473254074e+03
8.700000000003009770e-01 1.056228938609587885e+03
8.900000000003005507e-01 1.079244718299084070e+03
9.100000000003001244e-01 1.104992973820893440e+03
9.300000000002996980e-01 1.128714017655903262e+03
9.500000000002992717e-01 1.151645711823646025e+03
9.700000000002988454e-01 1.174356050166398745e+03
9.900000000002984191e-01 1.200227832593377343e+03
1.010000000000297993e+00 1.222977398227522599e+03
1.030000000000297566e+00 1.247853033058825304e+03
1.050000000000297140e+00 1.271533682319474792e+03
1.070000000000296714e+00 1.297185192394040314e+03
1.090000000000296287e+00 1.318872828028440154e+03
1.110000000000295861e+00 1.341512230732281978e+03
1.130000000000295435e+00 1.365137872077850034e+03
1.150000000000295008e+00 1.386872530002659687e+03
1.170000000000294582e+00 1.413996862863346223e+03
1.190000000000294156e+00 1.433047985828057335e+03
1.210000000000293729e+00 1.458859549442682010e+03
1.230000000000293303e+00 1.478453586361696352e+03
1.250000000000292877e+00 1.502576887302405567e+03
1.270000000000292451e+00 1.520942898716401942e+03
1.290000000000292024e+00 1.537317059822603369e+03
1.310000000000291598e+00 1.568000468780811616e+03
1.330000000000291172e+00 1.583194940224303991e+03
1.350000000000290745e+00 1.605025128392805527e+03
1.370000000000290319e+00 1.625364385817267021e+03
1.390000000000289893e+00 1.646220336758117583e+03
1.410000000000289466e+00 1.659202479629628669e+03
1.430000000000289040e+00 1.680019976542867198e+03
1.450000000000288614e+00 1.699265695949083238e+03
1.470000000000288187e+00 1.715422965755742098e+03
1.490000000000287761e+00 1.732045377511007928e+03
1.510000000000287335e+00 1.748633748709133670e+03
1.530000000000286908e+00 1.765085945778616178e+03
1.550000000000286482e+00 1.778456012172978490e+03
1.570000000000286056e+00 1.792294292507210457e+03
1.590000000000285629e+00 1.807482602930264648e+03
1.610000000000285203e+00 1.827963167376793763e+03
1.630000000000284777e+00 1.839384725108725434e+03
1.650000000000284350e+00 1.854994003197026132e+03
1.670000000000283924e+00 1.867080283089528848e+03
1.690000000000283498e+00 1.878370683358094084e+03
1.710000000000283071e+00 1.887923741800602102e+03
1.730000000000282645e+00 1.895600314734180529e+03
1.750000000000282219e+00 1.898437820496520771e+03
1.770000000000281792e+00 1.905146438112371698e+03
1.790000000000281366e+00 1.914396530419623332e+03
1.810000000000280940e+00 1.915578779237141816e+03
1.830000000000280513e+00 1.915248077931683838e+03
1.850000000000280087e+00 1.914331152605559510e+03
1.870000000000279661e+00 1.918185380750974673e+03
1.890000000000279234e+00 1.921783897529816386e+03
1.910000000000278808e+00 1.916271167321351868e+03
1.930000000000278382e+00 1.918854057558154182e+03
1.950000000000277955e+00 1.918291041018282385e+03
1.970000000000277529e+00 1.911618725119427609e+03
1.990000000000277103e+00 1.907762149983207109e+03
2.010000000000276899e+00 1.906786393729972588e+03
2.030000000000276472e+00 1.898456132131533195e+03
2.050000000000276046e+00 1.894802797824546360e+03
2.070000000000275620e+00 1.886092766154265746e+03
2.090000000000275193e+00 1.875737843905634236e+03
2.110000000000274767e+00 1.867726542347414352e+03
2.130000000000274341e+00 1.848071593956672132e+03
2.150000000000273914e+00 1.836710407142443046e+03
2.170000000000273488e+00 1.830538412819473024e+03
2.190000000000273062e+00 1.816521777145752822e+03
2.210000000000272635e+00 1.802729155615307945e+03
2.230000000000272209e+00 1.787499965212896541e+03
2.250000000000271783e+00 1.777646510656542205e+03
2.270000000000271356e+00 1.761974040369989552e+03
2.290000000000270930e+00 1.747591729577768774e+03
2.310000000000270504e+00 1.729989478501397343e+03
2.330000000000270077e+00 1.719298330377482216e+03
2.350000000000269651e+00 1.702396017058563757e+03
2.370000000000269225e+00 1.687458013836646387e+03
2.390000000000268798e+00 1.674362844299054132e+03
2.410000000000268372e+00 1.655935897589419710e+03
2.430000000000267946e+00 1.641954155325642205e+03
2.450000000000267519e+00 1.628915567222314849e+03
2.470000000000267093e+00 1.610898223770986078e+03
2.490000000000266667e+00 1.596367841180951700e+03
2.510000000000266240e+00 1.581495164959775366e+03
2.530000000000265814e+00 1.561740468218232309e+03
2.550000000000265388e+00 1.550713344071646361e+03
2.570000000000264961e+00 1.529223257192627443e+03
2.590000000000264535e+00 1.515248660757801190e+03
2.610000000000264109e+00 1.501384218002792750e+03
2.630000000000263682e+00 1.480779443803311324e+03
2.650000000000263256e+00 1.465798346964897064e+03
2.670000000000262830e+00 1.447123524561770864e+03
2.690000000000262403e+00 1.434553984368666761e+03
2.710000000000261977e+00 1.416660726676406284e+03
2.730000000000261551e+00 1.397752997559564619e+03
2.750000000000261124e+00 1.384246744328283512e+03
2.770000000000260698e+00 1.366609149205991343e+03
2.790000000000260272e+00 1.348619409816645202e+03
2.810000000000259845e+00 1.334037569306552768e+03
2.830000000000259419e+00 1.314069809689749036e+03
2.850000000000258993e+00 1.301244629053351900e+03
2.870000000000258567e+00 1.285074583368947970e+03
2.890000000000258140e+00 1.268688730580136507e+03
2.910000000000257714e+00 1.250652760217288460e+03
2.930000000000257288e+00 1.236113040954964617e+03
2.950000000000256861e+00 1.217903684748738897e+03
2.970000000000256435e+00 1.204959769325310845e+03
2.990000000000256009e+00 1.190518827333710306e+03
3.010000000000255582e+00 1.173879720246997977e+03
3.030000000000255156e+00 1.161006482272478479e+03
3.050000000000254730e+00 1.144589412829758658e+03
3.070000000000254303e+00 1.128437200996118008e+03
3.090000000000253877e+00 1.115629439336381211e+03
3.110000000000253451e+00 1.103748717029464160e+03
3.130000000000253024e+00 1.089351088320881900e+03
3.150000000000252598e+00 1.072703672585845879e+03
3.170000000000252172e+00 1.061629794849272685e+03
3.190000000000251745e+00 1.046863006069876974e+03
3.210000000000251319e+00 1.032940137403227709e+03
3.230000000000250893e+00 1.018747266938540747e+03
3.250000000000250466e+00 1.003036156454033403e+03
3.270000000000250040e+00 9.905927095027836913e+02
3.290000000000249614e+00 9.760198457348385546e+02
3.310000000000249187e+00 9.612442325361914754e+02
3.330000000000248761e+00 9.473936597008936360e+02
3.350000000000248335e+00 9.342856838872902472e+02
3.370000000000247908e+00 9.222673728130085919e+02
3.390000000000247482e+00 9.071753638356640295e+02
3.410000000000247056e+00 8.948220264777471584e+02
3.430000000000246629e+00 8.814164895500376815e+02
3.450000000000246203e+00 8.673680979575434549e+02
3.470000000000245777e+00 8.541877973030345856e+02
3.490000000000245350e+00 8.441625912691043823e+02
3.510000000000244924e+00 8.331043986843415041e+02
3.530000000000244498e+00 8.203696492032809147e+02
3.550000000000244071e+00 8.084393216509811282e+02
3.570000000000243645e+00 7.984828470841405306e+02
3.590000000000243219e+00 7.871816960702284405e+02
3.610000000000242792e+00 7.764223332814564174e+02
3.630000000000242366e+00 7.661353359894445703e+02
3.650000000000241940e+00 7.554970690703135006e+02
3.670000000000241513e+00 7.417520630680274962e+02
3.690000000000241087e+00 7.327780549022344303e+02
3.710000000000240661e+00 7.223009463293473118e+02
3.730000000000240234e+00 7.109675747088336948e+02
3.750000000000239808e+00 7.022441186634711130e+02
3.770000000000239382e+00 6.910558572181936370e+02
3.790000000000238956e+00 6.810416106220379788e+02
3.810000000000238529e+00 6.697988107771186606e+02
3.830000000000238103e+00 6.594771881623198624e+02
3.850000000000237677e+00 6.504904855815889277e+02
3.870000000000237250e+00 6.408076230953938648e+02
3.890000000000236824e+00 6.317752693591525031e+02
3.910000000000236398e+00 6.234869790630106081e+02
3.930000000000235971e+00 6.143562060580694606e+02
3.950000000000235545e+00 6.070044460428179036e+02
3.970000000000235119e+00 5.983387619819185375e+02
3.990000000000234692e+00 5.903235523663270214e+02
4.010000000000234266e+00 5.822538800818392701e+02
4.030000000000233840e+00 5.742230391979834394e+02
4.050000000000233413e+00 5.663366943638637849e+02
4.070000000000232987e+00 5.597808488271206215e+02
4.090000000000232561e+00 5.506375864007513883e+02
4.110000000000232134e+00 5.439516561161779009e+02
4.130000000000231708e+00 5.382704168961663527e+02
4.150000000000231282e+00 5.296811012276683641e+02
4.170000000000230855e+00 5.231716377594622145e+02
4.190000000000230429e+00 5.157441736524745011e+02
4.210000000000230003e+00 5.099242528928818388e+02
4.230000000000229576e+00 5.011728610186390256e+02
4.250000000000229150e+00 4.951796422684180357e+02
4.270000000000228724e+00 4.875760629009930653e+02
4.290000000000228297e+00 4.809653791068026294e+02
4.310000000000227871e+00 4.749399233020513407e+02
4.330000000000227445e+00 4.682662058751665768e+02
4.350000000000227018e+00 4.614355213332669337e+02
4.370000000000226592e+00 4.561418179526912695e+02
4.390000000000226166e+00 4.506022927779592919e+02
4.410000000000225739e+00 4.439915543797375221e+02
4.430000000000225313e+00 4.385033534712388814e+02
4.450000000000224887e+00 4.328023038376373393e+02
4.470000000000224460e+00 4.264582688318518535e+02
4.490000000000224034e+00 4.215871931501980043e+02
4.510000000000223608e+00 4.161227072496918140e+02
4.530000000000223181e+00 4.116564059629292842e+02
4.550000000000222755e+00 4.057979121709246897e+02
4.570000000000222329e+00 4.008834585909611405e+02
4.590000000000221902e+00 3.956934411019111621e+02
4.610000000000221476e+00 3.912470716023977388e+02
4.630000000000221050e+00 3.880214611598634633e+02
4.650000000000220624e+00 3.824993615477200137e+02
4.670000000000220197e+00 3.785416268179501458e+02
4.690000000000219771e+00 3.726246186386082400e+02
4.710000000000219345e+00 3.677845785928709574e+02
4.730000000000218918e+00 3.639351295956781200e+02
4.750000000000218492e+00 3.595354308055889305e+02
4.770000000000218066e+00 3.543365111461526453e+02
4.790000000000217639e+00 3.503822145560776562e+02
4.810000000000217213e+00 3.461051308426845026e+02
4.830000000000216787e+00 3.410410943990565897e+02
4.850000000000216360e+00 3.375165464369237611e+02
4.870000000000215934e+00 3.331928454241065083e+02
4.890000000000215508e+00 3.282242730186923723e+02
4.910000000000215081e+00 3.243865067571104532e+02
4.930000000000214655e+00 3.187929419594974547e+02
4.950000000000214229e+00 3.155426020036096588e+02
4.970000000000213802e+00 3.112299697034565042e+02
4.990000000000213376e+00 3.067160941564749805e+02
5.010000000000212950e+00 3.037818083753260225e+02
5.030000000000212523e+00 2.999915983635139582e+02
5.050000000000212097e+00 2.954347973085372701e+02
5.070000000000211671e+00 2.927517909627931090e+02
5.090000000000211244e+00 2.887333738720005272e+02
5.110000000000210818e+00 2.845247999389009124e+02
5.130000000000210392e+00 2.828251790435020894e+02
5.150000000000209965e+00 2.787472621981463021e+02
5.170000000000209539e+00 2.757629261187353222e+02
5.190000000000209113e+00 2.718054788357035250e+02
5.210000000000208686e+00 2.698807194965544909e+02
5.230000000000208260e+00 2.663449742393218571e+02
5.250000000000207834e+00 2.636694919905486358e+02
5.270000000000207407e+00 2.604628857577735062e+02
5.290000000000206981e+00 2.569484580130027780e+02
5.310000000000206555e+00 2.548411107064129055e+02
5.330000000000206128e+00 2.515626182095011245e+02
5.350000000000205702e+00 2.486507258981601467e+02
5.370000000000205276e+00 2.464806032397708577e+02
5.390000000000204849e+00 2.436817912858583668e+02
5.410000000000204423e+00 2.411410866778857383e+02
5.430000000000203997e+00 2.380541238624232392e+02
5.450000000000203570e+00 2.351217809023840175e+02
5.470000000000203144e+00 2.328861453475551286e+02
5.490000000000202718e+00 2.313264528078158264e+02
5.510000000000202292e+00 2.284548524567082950e+02
5.530000000000201865e+00 2.258378080467533380e+02
5.550000000000201439e+00 2.226025758709382671e+02
5.570000000000201013e+00 2.206317861561258269e+02
5.590000000000200586e+00 2.171344164538554651e+02
5.610000000000200160e+00 2.153700911435577154e+02
5.630000000000199734e+00 2.131417727070535761e+02
5.650000000000199307e+00 2.110348113964417109e+02
5.670000000000198881e+00 2.073393157684002119e+02
5.690000000000198455e+00 2.050897159483600660e+02
5.710000000000198028e+00 2.034727198698487030e+02
5.730000000000197602e+00 2.012425644322349001e+02
5.750000000000197176e+00 1.987948279760869639e+02
5.770000000000196749e+00 1.968291654001159543e+02
5.790000000000196323e+00 1.948503329370303447e+02
5.810000000000195897e+00 1.931066753357572452e+02
5.830000000000195470e+00 1.899105226774384221e+02
5.850000000000195044e+00 1.877273532856969780e+02
5.870000000000194618e+00 1.868414603872426767e+02
5.890000000000194191e+00 1.839404620669096744e+02
5.910000000000193765e+00 1.829824136245206034e+02
5.930000000000193339e+00 1.803642513776769647e+02
5.950000000000192912e+00 1.792287106988796950e+02
5.970000000000192486e+00 1.767508627788318734e+02
5.990000000000192060e+00 1.755335065911991137e+02
6.010000000000191633e+00 1.734880821295315059e+02
6.030000000000191207e+00 1.716410101610910033e+02
6.050000000000190781e+00 1.705060566952084287e+02
6.070000000000190354e+00 1.684621654229600836e+02
6.090000000000189928e+00 1.674237837760761352e+02
6.110000000000189502e+00 1.648494231325134649e+02
6.130000000000189075e+00 1.640989255105612585e+02
6.150000000000188649e+00 1.617963262685073857e+02
6.170000000000188223e+00 1.607495730463294592e+02
6.190000000000187796e+00 1.594141169645848777e+02
6.210000000000187370e+00 1.577282629243890142e+02
6.230000000000186944e+00 1.555553361262975613e+02
6.250000000000186517e+00 1.539903160877646258e+02
6.270000000000186091e+00 1.530133663453357826e+02
6.290000000000185665e+00 1.507536871418449493e+02
6.310000000000185238e+00 1.496029935701744478e+02
6.330000000000184812e+00 1.476364293492906654e+02
6.350000000000184386e+00 1.469127738225247128e+02
6.370000000000183960e+00 1.451426848335944157e+02
6.390000000000183533e+00 1.440873476964289921e+02
6.410000000000183107e+00 1.421287509921253900e+02
6.430000000000182681e+00 1.410220487406277812e+02
6.450000000000182254e+00 1.392512311674129819e+02
6.470000000000181828e+00 1.384180149858876234e+02
6.490000000000181402e+00 1.375223772693774151e+02
6.510000000000180975e+00 1.358320892105769531e+02
6.530000000000180549e+00 1.347289341416074535e+02
6.550000000000180123e+00 1.339217255724054212e+02
6.570000000000179696e+00 1.323478891641055100e+02
6.590000000000179270e+00 1.310099910814842588e+02
6.610000000000178844e+00 1.299690255115211244e+02
6.630000000000178417e+00 1.288611634581305054e+02
6.650000000000177991e+00 1.278954481139168280e+02
6.670000000000177565e+00 1.269106809262635238e+02
6.690000000000177138e+00 1.258704714001529652e+02
6.710000000000176712e+00 1.242081946283462059e+02
6.730000000000176286e+00 1.236473794314432979e+02
6.750000000000175859e+00 1.222017585585540047e+02
6.770000000000175433e+00 1.218140066937385626e+02
6.790000000000175007e+00 1.207458908967102786e+02
6.810000000000174580e+00 1.194499981820952428e+02
6.830000000000174154e+00 1.184179862547179169e+02
6.850000000000173728e+00 1.175050318659439483e+02
6.870000000000173301e+00 1.165169780353467957e+02
6.890000000000172875e+00 1.152918567155952161e+02
6.910000000000172449e+00 1.144801653764652514e+02
6.930000000000172022e+00 1.139553339616921335e+02
6.950000000000171596e+00 1.126243388147377829e+02
6.970000000000171170e+00 1.115380243249782524e+02
6.990000000000170743e+00 1.114292551103283131e+02
7.010000000000170317e+00 1.102935487993740651e+02
7.030000000000169891e+00 1.094013282369488422e+02
7.050000000000169464e+00 1.084664752631962017e+02
7.070000000000169038e+00 1.078114695072375611e+02
7.090000000000168612e+00 1.068891026258776122e+02
7.110000000000168185e+00 1.061370668441742566e+02
7.130000000000167759e+00 1.052502370081697336e+02
7.150000000000167333e+00 1.044297053461267382e+02
7.170000000000166906e+00 1.036707351294274844e+02
7.190000000000166480e+00 1.032385085658975612e+02
7.210000000000166054e+00 1.025730927330665310e+02
7.230000000000165628e+00 1.021560285817003404e+02
7.250000000000165201e+00 1.011324281616576428e+02
7.270000000000164775e+00 9.997380457465179404e+01
7.290000000000164349e+00 9.966582749901313321e+01
7.310000000000163922e+00 9.904409302192374298e+01
7.330000000000163496e+00 9.860805097972014721e+01
7.350000000000163070e+00 9.775997347093985468e+01
7.370000000000162643e+00 9.752387754210094784e+01
7.390000000000162217e+00 9.703297761527845466e+01
7.410000000000161791e+00 9.599251178200640311e+01
7.430000000000161364e+00 9.503226486309843324e+01
7.450000000000160938e+00 9.496029810818016870e+01
7.470000000000160512e+00 9.442912035530078185e+01
7.490000000000160085e+00 9.387715534202510526e+01
7.510000000000159659e+00 9.310616602501374928e+01
7.530000000000159233e+00 9.256331957177177117e+01
7.550000000000158806e+00 9.238244733821163379e+01
7.570000000000158380e+00 9.104998262234460071e+01
7.590000000000157954e+00 9.110816448304170478e+01
7.610000000000157527e+00 9.071503778941786322e+01
7.630000000000157101e+00 8.995419765366594333e+01
7.650000000000156675e+00 8.942441937878282943e+01
7.670000000000156248e+00 8.866668092051378380e+01
7.690000000000155822e+00 8.845505358058647971e+01
7.710000000000155396e+00 8.853655572934158613e+01
7.730000000000154969e+00 8.806191238334182003e+01
7.750000000000154543e+00 8.754542221442328298e+01
7.770000000000154117e+00 8.690292425437647239e+01
7.790000000000153690e+00 8.673786974474946021e+01
7.810000000000153264e+00 8.624194003990417912e+01
7.830000000000152838e+00 8.595001387662314585e+01
7.850000000000152411e+00 8.513291527945960979e+01
7.870000000000151985e+00 8.497916682853737314e+01
7.890000000000151559e+00 8.493683099057545860e+01
7.910000000000151132e+00 8.425078119431690027e+01
7.930000000000150706e+00 8.373161720914276884e+01
7.950000000000150280e+00 8.360253650066655950e+01
7.970000000000149853e+00 8.298661361418257343e+01
7.990000000000149427e+00 8.232834188439778700e+01
8.010000000000149001e+00 8.237764686187850316e+01
8.030000000000148574e+00 8.220210180155864066e+01
8.050000000000148148e+00 8.185208606732516046e+01
8.070000000000147722e+00 8.109497720794357178e+01
8.090000000000147296e+00 8.106417027600281244e+01
8.110000000000146869e+00 8.094363220640539680e+01
8.130000000000146443e+00 8.048492106770027021e+01
8.150000000000146017e+00 8.031578796339617554e+01
8.170000000000145590e+00 8.009316051722052521e+01
8.190000000000145164e+00 7.981014270379847630e+01
8.210000000000144738e+00 7.970302534271812078e+01
8.230000000000144311e+00 7.930147677939731921e+01
8.250000000000143885e+00 7.902303626422997240e+01
8.270000000000143459e+00 7.848753680650983711e+01
8.290000000000143032e+00 7.835537049539520638e+01
8.310000000000142606e+00 7.783091225671482505e+01
8.330000000000142180e+00 7.773690769029765590e+01
8.350000000000141753e+00 7.763394154285543891e+01
8.370000000000141327e+00 7.728368345384862437e+01
8.390000000000140901e+00 7.687455670097911309e+01
8.410000000000140474e+00 7.667663403623545548e+01
8.430000000000140048e+00 7.669460022242732578e+01
8.450000000000139622e+00 7.632562439550238764e+01
8.470000000000139195e+00 7.624986400887755167e+01
8.490000000000138769e+00 7.611052528897641878e+01
8.510000000000138343e+00 7.584017123078722022e+01
8.530000000000137916e+00 7.542594725571845515e+01
8.550000000000137490e+00 7.555872569554455254e+01
8.570000000000137064e+00 7.517035266674412242e+01
8.590000000000136637e+00 7.484928998080184215e+01
8.610000000000136211e+00 7.474953838239694903e+01
8.630000000000135785e+00 7.441960663546080923e+01
8.650000000000135358e+00 7.407532656276212890e+01
8.670000000000134932e+00 7.390597808989004136e+01
8.690000000000134506e+00 7.379579997827309512e+01
8.710000000000134079e+00 7.380111439025615994e+01
8.730000000000133653e+00 7.361743089991489342e+01
8.750000000000133227e+00 7.338817406564420764e+01
8.770000000000132800e+00 7.289161379005516039e+01
8.790000000000132374e+00 7.294043171257793290e+01
8.810000000000131948e+00 7.268268274408181640e+01
8.830000000000131521e+00 7.276266289872467041e+01
8.850000000000131095e+00 7.239020410209029421e+01
8.870000000000130669e+00 7.208246675736884868e+01
8.890000000000130242e+00 7.214718919544883136e+01
8.910000000000129816e+00 7.198499197806320637e+01
8.930000000000129390e+00 7.161419606814021677e+01
8.950000000000128964e+00 7.137955319731449322e+01
8.970000000000128537e+00 7.131249159246972624e+01
8.990000000000128111e+00 7.106208029112372060e+01
9.010000000000127685e+00 7.115519498240450957e+01
9.030000000000127258e+00 7.077483191343783631e+01
9.050000000000126832e+00 7.068914563021107256e+01
9.070000000000126406e+00 7.019921545468255886e+01
9.090000000000125979e+00 7.035194533449991638e+01
9.110000000000125553e+00 7.024757288990844017e+01
9.130000000000125127e+00 7.012455800500674741e+01
9.150000000000124700e+00 6.954812414646363550e+01
9.170000000000124274e+00 6.967505345306769016e+01
9.190000000000123848e+00 6.941707341208591231e+01
9.210000000000123421e+00 6.922238943597325544e+01
9.230000000000122995e+00 6.910738991767614436e+01
9.250000000000122569e+00 6.917264254919349753e+01
9.270000000000122142e+00 6.886292336187358387e+01
9.290000000000121716e+00 6.856624368112866819e+01
9.310000000000121290e+00 6.822337705846555878e+01
9.330000000000120863e+00 6.812744344288776688e+01
9.350000000000120437e+00 6.810760058829012564e+01
9.370000000000120011e+00 6.786939244375010105e+01
9.390000000000119584e+00 6.785653838858991094e+01
9.410000000000119158e+00 6.768468620127170254e+01
9.430000000000118732e+00 6.744059319808916086e+01
9.450000000000118305e+00 6.729459014479118650e+01
9.470000000000117879e+00 6.693779056124577664e+01
9.490000000000117453e+00 6.694176669885375475e+01
9.510000000000117026e+00 6.674245579205690149e+01
9.530000000000116600e+00 6.659655592025363546e+01
9.550000000000116174e+00 6.618639128056392451e+01
9.570000000000115747e+00 6.609810491800124055e+01
9.590000000000115321e+00 6.616821725787431774e+01
9.610000000000114895e+00 6.590185535091232794e+01
9.630000000000114468e+00 6.576136644278784615e+01
9.650000000000114042e+00 6.539294286910072174e+01
9.670000000000113616e+00 6.527660464157786180e+01
9.690000000000113189e+00 6.516426548638862926e+01
9.710000000000112763e+00 6.506315571081522364e+01
9.730000000000112337e+00 6.500935251939546333e+01
9.750000000000111910e+00 6.475286110083666813e+01
9.770000000000111484e+00 6.430970339605049446e+01
9.790000000000111058e+00 6.415332993484348378e+01
9.810000000000110632e+00 6.417295728674537258e+01
9.830000000000110205e+00 6.388489834350318120e+01
9.850000000000109779e+00 6.391090372753965454e+01
9.870000000000109353e+00 6.347658394774310153e+01
9.890000000000108926e+00 6.348773094955292606e+01
9.910000000000108500e+00 6.337467216912652646e+01
9.930000000000108074e+00 6.307698511601435598e+01
9.950000000000107647e+00 6.327532816886901657e+01
9.970000000000107221e+00 6.258485750160600247e+01
9.990000000000106795e+00 6.262545297238100517e+01
1.001000000000010637e+01 6.240115572883969008e+01
1.003000000000010594e+01 6.216861665247039781e+01
1.005000000000010552e+01 6.234687936742828640e+01
1.007000000000010509e+01 6.186438941306211348e+01
1.009000000000010466e+01 6.171025886363235458e+01
1.011000000000010424e+01 6.159758038659396817e+01
1.013000000000010381e+01 6.167330137581428318e+01
1.015000000000010338e+01 6.130343013944745678e+01
1.017000000000010296e+01 6.137990044589703587e+01
1.019000000000010253e+01 6.111700238895165427e+01
1.021000000000010210e+01 6.084589220467841386e+01
1.023000000000010168e+01 6.084748244463782640e+01
1.025000000000010125e+01 6.036522304081447743e+01
1.027000000000010083e+01 6.063383301122618008e+01
1.029000000000010040e+01 6.022672499132157498e+01
1.031000000000009997e+01 6.026589913289606670e+01
1.033000000000009955e+01 6.030563527348085984e+01
1.035000000000009912e+01 5.977275400764041535e+01
1.037000000000009869e+01 6.009044856741511609e+01
1.039000000000009827e+01 5.983703823901254282e+01
1.041000000000009784e+01 5.963902638855153526e+01
1.043000000000009742e+01 5.942908041811170250e+01
1.045000000000009699e+01 5.957911391690959846e+01
1.047000000000009656e+01 5.919639159968924957e+01
1.049000000000009614e+01 5.906063039173651674e+01
1.051000000000009571e+01 5.918989870015211352e+01
1.053000000000009528e+01 5.902881569261823103e+01
1.055000000000009486e+01 5.911722491085000541e+01
1.057000000000009443e+01 5.900590464682763781e+01
1.059000000000009400e+01 5.884845552520563672e+01
1.061000000000009358e+01 5.880158036526067633e+01
1.063000000000009315e+01 5.859982219257479130e+01
1.065000000000009273e+01 5.866473431974097963e+01
1.067000000000009230e+01 5.853876296592440553e+01
1.069000000000009187e+01 5.841586845278519036e+01
1.071000000000009145e+01 5.860550303664637539e+01
1.073000000000009102e+01 5.833122993579745952e+01
1.075000000000009059e+01 5.858717020024116806e+01
1.077000000000009017e+01 5.839772951922983424e+01
1.079000000000008974e+01 5.847893523555750050e+01
1.081000000000008932e+01 5.834532488822846119e+01
1.083000000000008889e+01 5.829463872416555148e+01
1.085000000000008846e+01 5.842925719502012782e+01
1.087000000000008804e+01 5.824934766239854156e+01
1.089000000000008761e+01 5.823832332908993692e+01
1.091000000000008718e+01 5.853455691479759793e+01
1.093000000000008676e+01 5.838979692660428356e+01
1.095000000000008633e+01 5.849740000601249079e+01
1.097000000000008590e+01 5.870545307846293070e+01
1.099000000000008548e+01 5.836923255687865719e+01
1.101000000000008505e+01 5.857161836351649242e+01
1.103000000000008463e+01 5.859656187121505155e+01
1.105000000000008420e+01 5.862364616979005660e+01
1.107000000000008377e+01 5.857312409164537570e+01
1.109000000000008335e+01 5.886859130948193553e+01
1.111000000000008292e+01 5.891767986369089982e+01
1.113000000000008249e+01 5.899107698375736675e+01
1.115000000000008207e+01 5.921464142287372567e+01
1.117000000000008164e+01 5.918453815302355281e+01
1.119000000000008122e+01 5.927286359910935687e+01
1.121000000000008079e+01 5.925316652458919719e+01
1.123000000000008036e+01 5.940800366031916013e+01
1.125000000000007994e+01 5.957973071888820726e+01
1.127000000000007951e+01 5.972214685506554588e+01
1.129000000000007908e+01 5.976705531368046564e+01
1.131000000000007866e+01 5.980781506027938121e+01
1.133000000000007823e+01 6.006217712354079197e+01
1.135000000000007780e+01 6.021701992716798912e+01
1.137000000000007738e+01 6.037327747842858372e+01
1.139000000000007695e+01 6.042631965502524594e+01
1.141000000000007653e+01 6.060024743643061385e+01
1.143000000000007610e+01 6.069387809755502872e+01
1.145000000000007567e+01 6.085000342060241962e+01
1.147000000000007525e+01 6.097430782278780725e+01
1.149000000000007482e+01 6.111534528971234437e+01
1.151000000000007439e+01 6.134251570489097105e+01
1.153000000000007397e+01 6.147076835054127741e+01
1.155000000000007354e+01 6.140318607620313429e+01
1.157000000000007311e+01 6.179822891119532358e+01
1.159000000000007269e+01 6.199149557680022582e+01
1.161000000000007226e+01 6.203697749659782801e+01
1.163000000000007184e+01 6.218173686597962302e+01
1.165000000000007141e+01 6.249058243535240109e+01
1.167000000000007098e+01 6.239567273845560180e+01
1.169000000000007056e+01 6.258877212021919689e+01
1.171000000000007013e+01 6.297822300676173057e+01
1.173000000000006970e+01 6.277259901599540370e+01
1.175000000000006928e+01 6.306060283872339056e+01
1.177000000000006885e+01 6.336220296807540819e+01
1.179000000000006843e+01 6.323126301065448018e+01
1.181000000000006800e+01 6.358134788603802434e+01
1.183000000000006757e+01 6.353574836471275233e+01
1.185000000000006715e+01 6.368854678517081425e+01
1.187000000000006672e+01 6.373908823254651423e+01
1.189000000000006629e+01 6.397640719957116318e+01
1.191000000000006587e+01 6.419614491639391929e+01
1.193000000000006544e+01 6.421338209365363525e+01
1.195000000000006501e+01 6.410382277851788047e+01
1.197000000000006459e+01 6.433567768869809811e+01
1.199000000000006416e+01 6.460412485066051147e+01
1.201000000000006374e+01 6.468235852025495092e+01
1.203000000000006331e+01 6.478172534182752429e+01
1.205000000000006288e+01 6.460444852874964283e+01
1.207000000000006246e+01 6.467537884106315005e+01
1.209000000000006203e+01 6.476977632653647277e+01
1.211000000000006160e+01 6.487474714805283327e+01
1.213000000000006118e+01 6.518987241546223288e+01
1.215000000000006075e+01 6.485036540403291383e+01
1.217000000000006033e+01 6.492364384650171871e+01
1.219000000000005990e+01 6.503205435434675508e+01
1.221000000000005947e+01 6.530336194664538141e+01
1.223000000000005905e+01 6.513335692010905120e+01
1.225000000000005862e+01 6.498878141974358869e+01
1.227000000000005819e+01 6.473274082136327934e+01
1.229000000000005777e+01 6.503711206849632731e+01
1.231000000000005734e+01 6.526634530371487131e+01
1.233000000000005691e+01 6.501301954794190863e+01
1.235000000000005649e+01 6.508306757519876840e+01
1.237000000000005606e+01 6.491360199516276452e+01
1.239000000000005564e+01 6.467991403845729792e+01
1.241000000000005521e+01 6.463544991227495018e+01
1.243000000000005478e+01 6.481194175862427187e+01
1.245000000000005436e+01 6.468213247525923748e+01
1.247000000000005393e+01 6.465846521951482373e+01
1.249000000000005350e+01 6.446328982176598288e+01
1.251000000000005308e+01 6.424424821806873354e+01
1.253000000000005265e+01 6.413901922622217455e+01
1.255000000000005222e+01 6.419146207409835370e+01
1.257000000000005180e+01 6.383708920785701224e+01
1.259000000000005137e+01 6.399738442792887128e+01
1.261000000000005095e+01 6.366925827576162789e+01
1.263000000000005052e+01 6.350282802603291543e+01
1.265000000000005009e+01 6.344245872508653861e+01
1.267000000000004967e+01 6.332243012972226381e+01
1.269000000000004924e+01 6.301910983297903357e+01
1.271000000000004881e+01 6.283104183103621665e+01
1.273000000000004839e+01 6.274627634649935004e+01
1.275000000000004796e+01 6.234054495376054206e+01
1.277000000000004754e+01 6.197153959014153912e+01
1.279000000000004711e+01 6.224079778070874625e+01
1.281000000000004668e+01 6.185897862181673190e+01
1.283000000000004626e+01 6.161458678643091957e+01
1.285000000000004583e+01 6.140326674325211087e+01
1.287000000000004540e+01 6.086737501544833862e+01
1.289000000000004498e+01 6.076477218213391751e+01
1.291000000000004455e+01 6.039611276339039136e+01
1.293000000000004412e+01 6.015312088671970514e+01
1.295000000000004370e+01 6.018762299123486770e+01
1.297000000000004327e+01 5.964778020528060409e+01
1.299000000000004285e+01 5.941198586024650297e+01
1.301000000000004242e+01 5.901119200504388118e+01
1.303000000000004199e+01 5.868809878250968382e+01
1.305000000000004157e+01 5.843573001435183301e+01
1.307000000000004114e+01 5.806116439062594736e+01
1.309000000000004071e+01 5.782750644132570983e+01
1.311000000000004029e+01 5.727409091112718897e+01
1.313000000000003986e+01 5.730578154891398412e+01
1.315000000000003944e+01 5.654147215154733175e+01
1.317000000000003901e+01 5.632126254603813464e+01
1.319000000000003858e+01 5.586905067949110304e+01
1.321000000000003816e+01 5.526994661734061509e+01
1.323000000000003773e+01 5.531189430793070017e+01
1.325000000000003730e+01 5.448275663699757132e+01
1.327000000000003688e+01 5.400480820562675177e+01
1.329000000000003645e+01 5.381734492380502388e+01
1.331000000000003602e+01 5.307892112353185610e+01
1.333000000000003560e+01 5.270112905403644277e+01
1.335000000000003517e+01 5.219011619458460416e+01
1.337000000000003475e+01 5.151990305285204386e+01
1.339000000000003432e+01 5.085888573282059610e+01
1.341000000000003389e+01 5.028901587100627069e+01
1.343000000000003347e+01 4.976692772993035163e+01
1.345000000000003304e+01 4.926674809601819049e+01
1.347000000000003261e+01 4.862027837992965829e+01
1.349000000000003219e+01 4.765209186746993453e+01
1.351000000000003176e+01 4.672121875520696932e+01
1.353000000000003133e+01 4.631426407913116350e+01
1.355000000000003091e+01 4.543084649843665801e+01
1.357000000000003048e+01 4.429298165548944155e+01
1.359000000000003006e+01 4.369871726241816390e+01
1.361000000000002963e+01 4.268405207832064008e+01
1.363000000000002920e+01 4.164256723815945094e+01
1.365000000000002878e+01 4.066133654502111483e+01
1.367000000000002835e+01 3.985792370003660778e+01
1.369000000000002792e+01 3.893673587777757206e+01
1.371000000000002750e+01 3.797525196222857602e+01
1.373000000000002707e+01 3.701004264059183413e+01
1.375000000000002665e+01 3.611060266940398833e+01
1.377000000000002622e+01 3.510438549974428213e+01
1.379000000000002579e+01 3.389640330826598102e+01
1.381000000000002537e+01 3.277450118687848146e+01
1.383000000000002494e+01 3.179945896856435894e+01
1.385000000000002451e+01 3.052713396192222461e+01
1.387000000000002409e+01 2.950507253212250802e+01
1.389000000000002366e+01 2.817302916694683645e+01
1.391000000000002323e+01 2.698379859065856223e+01
1.393000000000002281e+01 2.568461167839743098e+01
1.395000000000002238e+01 2.432805385857733427e+01
1.397000000000002196e+01 2.293853805099685061e+01
1.399000000000002153e+01 2.169597587283132611e+01
1.401000000000002110e+01 2.034046512428872688e+01
1.403000000000002068e+01 1.894064318964864668e+01
1.405000000000002025e+01 1.759128356020429962e+01
1.407000000000001982e+01 1.618187417883506285e+01
1.409000000000001940e+01 1.468077634214965066e+01
1.411000000000001897e+01 1.337603704487449185e+01
1.413000000000001855e+01 1.179564911555199735e+01
1.415000000000001812e+01 1.040292277812717714e+01
1.417000000000001769e+01 9.093208365091495438e+00
1.419000000000001727e+01 7.858108321571801724e+00
1.421000000000001684e+01 6.514506331655465665e+00
1.423000000000001641e+01 5.347794127037982292e+00
1.425000000000001599e+01 4.205639916453024263e+00
1.427000000000001556e+01 3.218975220259258752e+00
1.429000000000001513e+01 2.355979613707353870e+00
1.431000000000001471e+01 1.776283890822694778e+00
1.433000000000001428e+01 1.338448694502718972e+00
1.435000000000001386e+01 9.501305504004692315e-01
1.437000000000001343e+01 7.282832142677698739e-01
1.439000000000001300e+01 5.088411433021549080e-01
1.441000000000001258e+01 3.111634085507206660e-01
1.443000000000001215e+01 1.907462331512945197e-01
1.445000000000001172e+01 1.050149786005312169e-01
1.447000000000001130e+01 5.137747923587386578e-02
1.449000000000001087e+01 1.898755023441775144e-02
1.451000000000001044e+01 5.490977877672401954e-03
1.453000000000001002e+01 2.775554035773233723e-03
1.455000000000000959e+01 2.763155437521170980e-03
1.457000000000000917e+01 2.750886737761012134e-03
1.459000000000000874e+01 2.738690582079037969e-03
1.461000000000000831e+01 8.223688006055849582e-06
1.463000000000000789e+01 7.079786932499320881e-11
1.465000000000000746e+01 0.000000000000000000e+00
1.467000000000000703e+01 0.000000000000000000e+00
1.469000000000000661e+01 0.000000000000000000e+00
1.471000000000000618e+01 0.000000000000000000e+00
1.473000000000000576e+01 0.000000000000000000e+00
1.475000000000000533e+01 0.000000000000000000e+00
1.477000000000000490e+01 0.000000000000000000e+00
1.479000000000000448e+01 0.000000000000000000e+00
1.481000000000000405e+01 0.000000000000000000e+00
1.483000000000000362e+01 0.000000000000000000e+00
1.485000000000000320e+01 0.000000000000000000e+00
1.487000000000000277e+01 0.000000000000000000e+00
1.489000000000000234e+01 0.000000000000000000e+00
1.491000000000000192e+01 0.000000000000000000e+00
1.493000000000000149e+01 0.000000000000000000e+00
1.495000000000000107e+01 0.000000000000000000e+00
1.497000000000000064e+01 0.000000000000000000e+00
1.499000000000000021e+01 0.000000000000000000e+00
