# Redshift		Merger Rate Density [Gpc^-3yr^-1]
1.000000000031931770e-02 3.265725731961627076e+01
3.000000000031888964e-02 3.401775981557889139e+01
5.000000000031846331e-02 3.471948679503251611e+01
7.000000000031804392e-02 3.595193893629263471e+01
9.000000000031761760e-02 3.628324717573975278e+01
1.100000000003171913e-01 3.725219325894287437e+01
1.300000000003167511e-01 3.824712438537066816e+01
1.500000000003163247e-01 3.893065549771041844e+01
1.700000000003158984e-01 3.945921111707097140e+01
1.900000000003154721e-01 4.033833244132516427e+01
2.100000000003150458e-01 4.167629679399864528e+01
2.300000000003146194e-01 4.267596103690110709e+01
2.500000000003141931e-01 4.316655034283942882e+01
2.700000000003137668e-01 4.395925202720936653e+01
2.900000000003133405e-01 4.568638769864206495e+01
3.100000000003129141e-01 4.578263299280158805e+01
3.300000000003124878e-01 4.712401017523483659e+01
3.500000000003120615e-01 4.851580430000348798e+01
3.700000000003116352e-01 4.883648258587209057e+01
3.900000000003112088e-01 5.010006045593880231e+01
4.100000000003107825e-01 5.129789503492038705e+01
4.300000000003103562e-01 5.248423322483026254e+01
4.500000000003099299e-01 5.296796692271257712e+01
4.700000000003095035e-01 5.473553517714855587e+01
4.900000000003090772e-01 5.513441089448993182e+01
5.100000000003086509e-01 5.631396105543694830e+01
5.300000000003082246e-01 5.756827947565738413e+01
5.500000000003077982e-01 5.830572918056383713e+01
5.700000000003073719e-01 5.986139271260352501e+01
5.900000000003069456e-01 6.102050471544091437e+01
6.100000000003065193e-01 6.201446528812729042e+01
6.300000000003060929e-01 6.268369369593175122e+01
6.500000000003056666e-01 6.378028817211811941e+01
6.700000000003052403e-01 6.536506795230187095e+01
6.900000000003048140e-01 6.576899462220315229e+01
7.100000000003043876e-01 6.701296440405802457e+01
7.300000000003039613e-01 6.786709687542764868e+01
7.500000000003035350e-01 6.895253561073808157e+01
7.700000000003031086e-01 7.096480458687325665e+01
7.900000000003026823e-01 7.032974847470890722e+01
8.100000000003022560e-01 7.214702813403711446e+01
8.300000000003018297e-01 7.204700400930086346e+01
8.500000000003014033e-01 7.390042399359971625e+01
8.700000000003009770e-01 7.490340425623378451e+01
8.900000000003005507e-01 7.629898533553962636e+01
9.100000000003001244e-01 7.728471874084212345e+01
9.300000000002996980e-01 7.729807971287389989e+01
9.500000000002992717e-01 7.915697817028616612e+01
9.700000000002988454e-01 7.947279635407981857e+01
9.900000000002984191e-01 8.090814655012921719e+01
1.010000000000297993e+00 8.275373387294570193e+01
1.030000000000297566e+00 8.320981320447954488e+01
1.050000000000297140e+00 8.368705793446130770e+01
1.070000000000296714e+00 8.400551246357144919e+01
1.090000000000296287e+00 8.604451446101852241e+01
1.110000000000295861e+00 8.505146043905739361e+01
1.130000000000295435e+00 8.684205951582850957e+01
1.150000000000295008e+00 8.866556535563184127e+01
1.170000000000294582e+00 8.849039532069485858e+01
1.190000000000294156e+00 8.900720857882285486e+01
1.210000000000293729e+00 8.965576595654779624e+01
1.230000000000293303e+00 9.109635247160926497e+01
1.250000000000292877e+00 9.160422586367228348e+01
1.270000000000292451e+00 9.192085769830599418e+01
1.290000000000292024e+00 9.235511882155579144e+01
1.310000000000291598e+00 9.334090030613673150e+01
1.330000000000291172e+00 9.288229060635688938e+01
1.350000000000290745e+00 9.517610524680861772e+01
1.370000000000290319e+00 9.522591346517785382e+01
1.390000000000289893e+00 9.448577404867290852e+01
1.410000000000289466e+00 9.604013651691259668e+01
1.430000000000289040e+00 9.645278768913166800e+01
1.450000000000288614e+00 9.682330918572415612e+01
1.470000000000288187e+00 9.743937119188609586e+01
1.490000000000287761e+00 9.729397988575554734e+01
1.510000000000287335e+00 9.850059785540518931e+01
1.530000000000286908e+00 9.842425870720576597e+01
1.550000000000286482e+00 9.756545924901064382e+01
1.570000000000286056e+00 9.898047693167094963e+01
1.590000000000285629e+00 9.834705799440698115e+01
1.610000000000285203e+00 9.751213973986030226e+01
1.630000000000284777e+00 9.946712954282789099e+01
1.650000000000284350e+00 9.863127196652256146e+01
1.670000000000283924e+00 9.921768991029766482e+01
1.690000000000283498e+00 9.873650945757964337e+01
1.710000000000283071e+00 9.812186060361180751e+01
1.730000000000282645e+00 9.739403390915823877e+01
1.750000000000282219e+00 9.822094234187056827e+01
1.770000000000281792e+00 9.814139349252229749e+01
1.790000000000281366e+00 9.720286321488654835e+01
1.810000000000280940e+00 9.668681795619049524e+01
1.830000000000280513e+00 9.786535513207338965e+01
1.850000000000280087e+00 9.700271420318412652e+01
1.870000000000279661e+00 9.654128810950264494e+01
1.890000000000279234e+00 9.608957603262878422e+01
1.910000000000278808e+00 9.477864045218504430e+01
1.930000000000278382e+00 9.531138577704849979e+01
1.950000000000277955e+00 9.391228417810562235e+01
1.970000000000277529e+00 9.383625237964645294e+01
1.990000000000277103e+00 9.261161321378804701e+01
2.010000000000276899e+00 9.322437148357104775e+01
2.030000000000276472e+00 9.278938939326205571e+01
2.050000000000276046e+00 9.192018485826196184e+01
2.070000000000275620e+00 9.135930455238271009e+01
2.090000000000275193e+00 9.000805578085807213e+01
2.110000000000274767e+00 8.936180825225861213e+01
2.130000000000274341e+00 8.853693766294038880e+01
2.150000000000273914e+00 8.819007414398885203e+01
2.170000000000273488e+00 8.804532713153660950e+01
2.190000000000273062e+00 8.692841637360261586e+01
2.210000000000272635e+00 8.580618018932719337e+01
2.230000000000272209e+00 8.479550479831939924e+01
2.250000000000271783e+00 8.460618608385057371e+01
2.270000000000271356e+00 8.399703111398579836e+01
2.290000000000270930e+00 8.313200389029763926e+01
2.310000000000270504e+00 8.110259035765621149e+01
2.330000000000270077e+00 8.033834077527684769e+01
2.350000000000269651e+00 7.944413500423704022e+01
2.370000000000269225e+00 8.008495771400862395e+01
2.390000000000268798e+00 7.752330111828820236e+01
2.410000000000268372e+00 7.797027931815595991e+01
2.430000000000267946e+00 7.638523842271989395e+01
2.450000000000267519e+00 7.573434958010329865e+01
2.470000000000267093e+00 7.499052466188062738e+01
2.490000000000266667e+00 7.377859469681483517e+01
2.510000000000266240e+00 7.237498373340696389e+01
2.530000000000265814e+00 7.242768196693917560e+01
2.550000000000265388e+00 7.130740532371257245e+01
2.570000000000264961e+00 7.010196905686413515e+01
2.590000000000264535e+00 6.914689978370496704e+01
2.610000000000264109e+00 6.902361044493270015e+01
2.630000000000263682e+00 6.717571015891350328e+01
2.650000000000263256e+00 6.703854231786802131e+01
2.670000000000262830e+00 6.531564381479373083e+01
2.690000000000262403e+00 6.457112819918968682e+01
2.710000000000261977e+00 6.392349683161464213e+01
2.730000000000261551e+00 6.376425867362681288e+01
2.750000000000261124e+00 6.185358845387120397e+01
2.770000000000260698e+00 6.089494564046172087e+01
2.790000000000260272e+00 5.984190128355150762e+01
2.810000000000259845e+00 5.942002284843925963e+01
2.830000000000259419e+00 5.970225021483304317e+01
2.850000000000258993e+00 5.738682049643112748e+01
2.870000000000258567e+00 5.754916737528575510e+01
2.890000000000258140e+00 5.612743079744090835e+01
2.910000000000257714e+00 5.575237923511376437e+01
2.930000000000257288e+00 5.547759240480427678e+01
2.950000000000256861e+00 5.419356927302929705e+01
2.970000000000256435e+00 5.326773913832528962e+01
2.990000000000256009e+00 5.290908153917322210e+01
3.010000000000255582e+00 5.139881113950131208e+01
3.030000000000255156e+00 5.141470882166666456e+01
3.050000000000254730e+00 5.041071613200724499e+01
3.070000000000254303e+00 4.930277850827373243e+01
3.090000000000253877e+00 4.833907058894726561e+01
3.110000000000253451e+00 4.807965294558817959e+01
3.130000000000253024e+00 4.813207053814489456e+01
3.150000000000252598e+00 4.641508704157843823e+01
3.170000000000252172e+00 4.621824042330885618e+01
3.190000000000251745e+00 4.462328751793725701e+01
3.210000000000251319e+00 4.450948837381024248e+01
3.230000000000250893e+00 4.475748706872509075e+01
3.250000000000250466e+00 4.363086019053272935e+01
3.270000000000250040e+00 4.299393681036642789e+01
3.290000000000249614e+00 4.164352682653424864e+01
3.310000000000249187e+00 4.163069644781228362e+01
3.330000000000248761e+00 4.113859687437511070e+01
3.350000000000248335e+00 4.035466862387728071e+01
3.370000000000247908e+00 3.975267098411777766e+01
3.390000000000247482e+00 3.978643552324861332e+01
3.410000000000247056e+00 3.870912005118335486e+01
3.430000000000246629e+00 3.828101858518010658e+01
3.450000000000246203e+00 3.746400849280664147e+01
3.470000000000245777e+00 3.661891367257415197e+01
3.490000000000245350e+00 3.666856014850559831e+01
3.510000000000244924e+00 3.612394234434995610e+01
3.530000000000244498e+00 3.524091763806807620e+01
3.550000000000244071e+00 3.500754198910600934e+01
3.570000000000243645e+00 3.527323121948653295e+01
3.590000000000243219e+00 3.392153412695974168e+01
3.610000000000242792e+00 3.380833251980411802e+01
3.630000000000242366e+00 3.320220294041671139e+01
3.650000000000241940e+00 3.278317577527962356e+01
3.670000000000241513e+00 3.211598303949160993e+01
3.690000000000241087e+00 3.191655988911319497e+01
3.710000000000240661e+00 3.144752777795249088e+01
3.730000000000240234e+00 3.109574135218501212e+01
3.750000000000239808e+00 3.043013816733114751e+01
3.770000000000239382e+00 3.027424989723466453e+01
3.790000000000238956e+00 2.942916532666851026e+01
3.810000000000238529e+00 2.942952488495463115e+01
3.830000000000238103e+00 2.906160836454423446e+01
3.850000000000237677e+00 2.845754262445151994e+01
3.870000000000237250e+00 2.814176439142736896e+01
3.890000000000236824e+00 2.806945528543263890e+01
3.910000000000236398e+00 2.753101074482113830e+01
3.930000000000235971e+00 2.715421704945264381e+01
3.950000000000235545e+00 2.729035469021818727e+01
3.970000000000235119e+00 2.606821950375707786e+01
3.990000000000234692e+00 2.624792636361797804e+01
4.010000000000234266e+00 2.573399664692179201e+01
4.030000000000233840e+00 2.527823137168840262e+01
4.050000000000233413e+00 2.540374491306778637e+01
4.070000000000232987e+00 2.510327576990999887e+01
4.090000000000232561e+00 2.467943678486736303e+01
4.110000000000232134e+00 2.445475153545440961e+01
4.130000000000231708e+00 2.398327350285554260e+01
4.150000000000231282e+00 2.378403403599658006e+01
4.170000000000230855e+00 2.359461272783558883e+01
4.190000000000230429e+00 2.333032517252652482e+01
4.210000000000230003e+00 2.276380290832632980e+01
4.230000000000229576e+00 2.299143600490604555e+01
4.250000000000229150e+00 2.238883599824252713e+01
4.270000000000228724e+00 2.192795069779358030e+01
4.290000000000228297e+00 2.197048625557397017e+01
4.310000000000227871e+00 2.181326103977229991e+01
4.330000000000227445e+00 2.170402210355384298e+01
4.350000000000227018e+00 2.144816366243810535e+01
4.370000000000226592e+00 2.115618974374049799e+01
4.390000000000226166e+00 2.060654935138185095e+01
4.410000000000225739e+00 2.041188299577926912e+01
4.430000000000225313e+00 2.030452327888353992e+01
4.450000000000224887e+00 1.985123127442868807e+01
4.470000000000224460e+00 1.980053572311489418e+01
4.490000000000224034e+00 1.975753294178103658e+01
4.510000000000223608e+00 1.919377464830504465e+01
4.530000000000223181e+00 1.912506144118029994e+01
4.550000000000222755e+00 1.900345274894148773e+01
4.570000000000222329e+00 1.880230327096820986e+01
4.590000000000221902e+00 1.852854345916169976e+01
4.610000000000221476e+00 1.848614336529515612e+01
4.630000000000221050e+00 1.805168819558948812e+01
4.650000000000220624e+00 1.772309166952643267e+01
4.670000000000220197e+00 1.817192849647383923e+01
4.690000000000219771e+00 1.768143429284583235e+01
4.710000000000219345e+00 1.732572617054065844e+01
4.730000000000218918e+00 1.722714937637900334e+01
4.750000000000218492e+00 1.706922988010285636e+01
4.770000000000218066e+00 1.699152357704707583e+01
4.790000000000217639e+00 1.663201780676199348e+01
4.810000000000217213e+00 1.650327947796954930e+01
4.830000000000216787e+00 1.642813512149679056e+01
4.850000000000216360e+00 1.625066853941280343e+01
4.870000000000215934e+00 1.615214410755704932e+01
4.890000000000215508e+00 1.618399758834461011e+01
4.910000000000215081e+00 1.590828401291474492e+01
4.930000000000214655e+00 1.582573480005511080e+01
4.950000000000214229e+00 1.531488131755447490e+01
4.970000000000213802e+00 1.523362305896337787e+01
4.990000000000213376e+00 1.518554640412586565e+01
5.010000000000212950e+00 1.493093762964892868e+01
5.030000000000212523e+00 1.479960838895213904e+01
5.050000000000212097e+00 1.483244240556494375e+01
5.070000000000211671e+00 1.451239551737115718e+01
5.090000000000211244e+00 1.449406591297473135e+01
5.110000000000210818e+00 1.435652771736975097e+01
5.130000000000210392e+00 1.421732292284198174e+01
5.150000000000209965e+00 1.415602109314776591e+01
5.170000000000209539e+00 1.411412303237682053e+01
5.190000000000209113e+00 1.388519536312922931e+01
5.210000000000208686e+00 1.403324255907168805e+01
5.230000000000208260e+00 1.372126641096980215e+01
5.250000000000207834e+00 1.363642842385689669e+01
5.270000000000207407e+00 1.349330612854307354e+01
5.290000000000206981e+00 1.338675233241008478e+01
5.310000000000206555e+00 1.353788300854903071e+01
5.330000000000206128e+00 1.322168955177730254e+01
5.350000000000205702e+00 1.312216932334521324e+01
5.370000000000205276e+00 1.296855524714311159e+01
5.390000000000204849e+00 1.294675214443293854e+01
5.410000000000204423e+00 1.291647258439190793e+01
5.430000000000203997e+00 1.289928298144094221e+01
5.450000000000203570e+00 1.276586985338089342e+01
5.470000000000203144e+00 1.255653118456292461e+01
5.490000000000202718e+00 1.260889016240844107e+01
5.510000000000202292e+00 1.227573213670818397e+01
5.530000000000201865e+00 1.227430381690770922e+01
5.550000000000201439e+00 1.234054748718264705e+01
5.570000000000201013e+00 1.215305369190991591e+01
5.590000000000200586e+00 1.210858991973727683e+01
5.610000000000200160e+00 1.202864430271988638e+01
5.630000000000199734e+00 1.177541282162275316e+01
5.650000000000199307e+00 1.169145562999264776e+01
5.670000000000198881e+00 1.176978502290048922e+01
5.690000000000198455e+00 1.164908898572502238e+01
5.710000000000198028e+00 1.141952628763903554e+01
5.730000000000197602e+00 1.152307957581486164e+01
5.750000000000197176e+00 1.127084521413419438e+01
5.770000000000196749e+00 1.125256157050376338e+01
5.790000000000196323e+00 1.129642199456633023e+01
5.810000000000195897e+00 1.099343238054695071e+01
5.830000000000195470e+00 1.090556815089761322e+01
5.850000000000195044e+00 1.085841783207261280e+01
5.870000000000194618e+00 1.087327421535896832e+01
5.890000000000194191e+00 1.093622574737251085e+01
5.910000000000193765e+00 1.067759970154091320e+01
5.930000000000193339e+00 1.060296255931583786e+01
5.950000000000192912e+00 1.068419785429819591e+01
5.970000000000192486e+00 1.055225749519133949e+01
5.990000000000192060e+00 1.045798180583196846e+01
6.010000000000191633e+00 1.039121670215490489e+01
6.030000000000191207e+00 1.052710322667842213e+01
6.050000000000190781e+00 1.023694766327410299e+01
6.070000000000190354e+00 1.022355470086742812e+01
6.090000000000189928e+00 1.031021700512224903e+01
6.110000000000189502e+00 1.005278695763868591e+01
6.130000000000189075e+00 1.010890803626726431e+01
6.150000000000188649e+00 1.017283799673267985e+01
6.170000000000188223e+00 9.923654800355866001e+00
6.190000000000187796e+00 1.002086328977462060e+01
6.210000000000187370e+00 9.901328953261675281e+00
6.230000000000186944e+00 9.883222252598429236e+00
6.250000000000186517e+00 9.863499425802531917e+00
6.270000000000186091e+00 9.703442383532140170e+00
6.290000000000185665e+00 9.771135614043362949e+00
6.310000000000185238e+00 9.658687205316045521e+00
6.330000000000184812e+00 9.785683719685035697e+00
6.350000000000184386e+00 9.596519233034015883e+00
6.370000000000183960e+00 9.695184702333001781e+00
6.390000000000183533e+00 9.652255721344740635e+00
6.410000000000183107e+00 9.476736407534199103e+00
6.430000000000182681e+00 9.504680257529464882e+00
6.450000000000182254e+00 9.412103492682977190e+00
6.470000000000181828e+00 9.440377144257826814e+00
6.490000000000181402e+00 9.454573926835637465e+00
6.510000000000180975e+00 9.430625128464834361e+00
6.530000000000180549e+00 9.205096671199818559e+00
6.550000000000180123e+00 9.306196339960067121e+00
6.570000000000179696e+00 9.394684152907315067e+00
6.590000000000179270e+00 9.347019760067132310e+00
6.610000000000178844e+00 9.450648193520461149e+00
6.630000000000178417e+00 9.271533360112425015e+00
6.650000000000177991e+00 9.289699865892085739e+00
6.670000000000177565e+00 9.478234461596795057e+00
6.690000000000177138e+00 9.095390156416689464e+00
6.710000000000176712e+00 9.254352983787942577e+00
6.730000000000176286e+00 9.103909875696279741e+00
6.750000000000175859e+00 9.152136382794161307e+00
6.770000000000175433e+00 9.140413695335716682e+00
6.790000000000175007e+00 9.296329717196071485e+00
6.810000000000174580e+00 9.156432974312751938e+00
6.830000000000174154e+00 9.156176127430621037e+00
6.850000000000173728e+00 9.164517912289619872e+00
6.870000000000173301e+00 9.122053661070463448e+00
6.890000000000172875e+00 9.157377637225728506e+00
6.910000000000172449e+00 9.167681368546407583e+00
6.930000000000172022e+00 9.244603869828237563e+00
6.950000000000171596e+00 9.107758681617101004e+00
6.970000000000171170e+00 9.220650370096148407e+00
6.990000000000170743e+00 9.192565819380730474e+00
7.010000000000170317e+00 9.220316112056266888e+00
7.030000000000169891e+00 9.262136661962985684e+00
7.050000000000169464e+00 9.253975894459456342e+00
7.070000000000169038e+00 9.228769481241936745e+00
7.090000000000168612e+00 9.232861245067731204e+00
7.110000000000168185e+00 9.366588452027880152e+00
7.130000000000167759e+00 9.346652633173965441e+00
7.150000000000167333e+00 9.288751216989167503e+00
7.170000000000166906e+00 9.384534795576318089e+00
7.190000000000166480e+00 9.302576753743750260e+00
7.210000000000166054e+00 9.420984836002839202e+00
7.230000000000165628e+00 9.415596474758221035e+00
7.250000000000165201e+00 9.504200926654876369e+00
7.270000000000164775e+00 9.416228477627209159e+00
7.290000000000164349e+00 9.555263395485127376e+00
7.310000000000163922e+00 9.474066364267434537e+00
7.330000000000163496e+00 9.589355483087601328e+00
7.350000000000163070e+00 9.495660411720370675e+00
7.370000000000162643e+00 9.655141474576566907e+00
7.390000000000162217e+00 9.701075232503084678e+00
7.410000000000161791e+00 9.724724139658036393e+00
7.430000000000161364e+00 9.743094385858485751e+00
7.450000000000160938e+00 9.710815242637213629e+00
7.470000000000160512e+00 9.828461531394736994e+00
7.490000000000160085e+00 9.849581617166625946e+00
7.510000000000159659e+00 9.856474101605739335e+00
7.530000000000159233e+00 9.949082924733733790e+00
7.550000000000158806e+00 1.010669103115723644e+01
7.570000000000158380e+00 1.006068437955321571e+01
7.590000000000157954e+00 1.014143350744375205e+01
7.610000000000157527e+00 1.028056582486463988e+01
7.630000000000157101e+00 1.025079196758620270e+01
7.650000000000156675e+00 1.023119994933006183e+01
7.670000000000156248e+00 1.036328049640822790e+01
7.690000000000155822e+00 1.051446850124434995e+01
7.710000000000155396e+00 1.048376295081847154e+01
7.730000000000154969e+00 1.061925241510988194e+01
7.750000000000154543e+00 1.069959744568551940e+01
7.770000000000154117e+00 1.073191247711170959e+01
7.790000000000153690e+00 1.076858237307627242e+01
7.810000000000153264e+00 1.093787902528648637e+01
7.830000000000152838e+00 1.089001602502022692e+01
7.850000000000152411e+00 1.115041145404244460e+01
7.870000000000151985e+00 1.115167303433802282e+01
7.890000000000151559e+00 1.127152686523139025e+01
7.910000000000151132e+00 1.123816217098601555e+01
7.930000000000150706e+00 1.144072134725206524e+01
7.950000000000150280e+00 1.153174768739339662e+01
7.970000000000149853e+00 1.155684918197131417e+01
7.990000000000149427e+00 1.160152754996452984e+01
8.010000000000149001e+00 1.179644041192909221e+01
8.030000000000148574e+00 1.196472077974413040e+01
8.050000000000148148e+00 1.190720950999489247e+01
8.070000000000147722e+00 1.203175169262063982e+01
8.090000000000147296e+00 1.232779721046695975e+01
8.110000000000146869e+00 1.221387472093340598e+01
8.130000000000146443e+00 1.243039523498155496e+01
8.150000000000146017e+00 1.249971218538031437e+01
8.170000000000145590e+00 1.264769566629713005e+01
8.190000000000145164e+00 1.278475492127421020e+01
8.210000000000144738e+00 1.295962248011700702e+01
8.230000000000144311e+00 1.310217412130842618e+01
8.250000000000143885e+00 1.316369133172522154e+01
8.270000000000143459e+00 1.331655292607529795e+01
8.290000000000143032e+00 1.337161448020524190e+01
8.310000000000142606e+00 1.353542998835793121e+01
8.330000000000142180e+00 1.361957941034268771e+01
8.350000000000141753e+00 1.392019204940453569e+01
8.370000000000141327e+00 1.397588171468257379e+01
8.390000000000140901e+00 1.401915894689697772e+01
8.410000000000140474e+00 1.435271597494027951e+01
8.430000000000140048e+00 1.433226988595646745e+01
8.450000000000139622e+00 1.457551739594355666e+01
8.470000000000139195e+00 1.471153158363491897e+01
8.490000000000138769e+00 1.484862183648729506e+01
8.510000000000138343e+00 1.490174813074029814e+01
8.530000000000137916e+00 1.518878379503559195e+01
8.550000000000137490e+00 1.530678678053462427e+01
8.570000000000137064e+00 1.541013251792573335e+01
8.590000000000136637e+00 1.564028919209000179e+01
8.610000000000136211e+00 1.581284849871980924e+01
8.630000000000135785e+00 1.591901099544840825e+01
8.650000000000135358e+00 1.614518160855121920e+01
8.670000000000134932e+00 1.625298810005378058e+01
8.690000000000134506e+00 1.635184141488297982e+01
8.710000000000134079e+00 1.665921553741908667e+01
8.730000000000133653e+00 1.679465684097671385e+01
8.750000000000133227e+00 1.694404822426547952e+01
8.770000000000132800e+00 1.704826863251963331e+01
8.790000000000132374e+00 1.731652494500334072e+01
8.810000000000131948e+00 1.749147316440291888e+01
8.830000000000131521e+00 1.762979506399523189e+01
8.850000000000131095e+00 1.782549552493636469e+01
8.870000000000130669e+00 1.804462900029002981e+01
8.890000000000130242e+00 1.824050800120113180e+01
8.910000000000129816e+00 1.822911771096668332e+01
8.930000000000129390e+00 1.857367519040644055e+01
8.950000000000128964e+00 1.866204825382438770e+01
8.970000000000128537e+00 1.880428592348247108e+01
8.990000000000128111e+00 1.915344395752271822e+01
9.010000000000127685e+00 1.916460257627995034e+01
9.030000000000127258e+00 1.942028568532133193e+01
9.050000000000126832e+00 1.964397997194329193e+01
9.070000000000126406e+00 1.995429132198500000e+01
9.090000000000125979e+00 1.982630794903806404e+01
9.110000000000125553e+00 2.009836816770722479e+01
9.130000000000125127e+00 2.038798952138539278e+01
9.150000000000124700e+00 2.051303363858847106e+01
9.170000000000124274e+00 2.078949566947530769e+01
9.190000000000123848e+00 2.074876679527384127e+01
9.210000000000123421e+00 2.113695592601942508e+01
9.230000000000122995e+00 2.123454375009616513e+01
9.250000000000122569e+00 2.134598049040500101e+01
9.270000000000122142e+00 2.166260526087799931e+01
9.290000000000121716e+00 2.183948938712360999e+01
9.310000000000121290e+00 2.193871843856096504e+01
9.330000000000120863e+00 2.204727678459354934e+01
9.350000000000120437e+00 2.233894775160775836e+01
9.370000000000120011e+00 2.258136123943868157e+01
9.390000000000119584e+00 2.261764700179729104e+01
9.410000000000119158e+00 2.285782532760384100e+01
9.430000000000118732e+00 2.316818441024320308e+01
9.450000000000118305e+00 2.310363318528527543e+01
9.470000000000117879e+00 2.333636497951726696e+01
9.490000000000117453e+00 2.343849196496379506e+01
9.510000000000117026e+00 2.378312404952529846e+01
9.530000000000116600e+00 2.375755889203875881e+01
9.550000000000116174e+00 2.397795982278728388e+01
9.570000000000115747e+00 2.431356744534244996e+01
9.590000000000115321e+00 2.431941193583885408e+01
9.610000000000114895e+00 2.449001171488037087e+01
9.630000000000114468e+00 2.455464458806062922e+01
9.650000000000114042e+00 2.479165976466146759e+01
9.670000000000113616e+00 2.502309098426503908e+01
9.690000000000113189e+00 2.497001278797114310e+01
9.710000000000112763e+00 2.528545575421594549e+01
9.730000000000112337e+00 2.531436760076616466e+01
9.750000000000111910e+00 2.556509910572695077e+01
9.770000000000111484e+00 2.557641321320843630e+01
9.790000000000111058e+00 2.580488059234721732e+01
9.810000000000110632e+00 2.604090756263881801e+01
9.830000000000110205e+00 2.595757555603381661e+01
9.850000000000109779e+00 2.604309007096699702e+01
9.870000000000109353e+00 2.627110900683057082e+01
9.890000000000108926e+00 2.645247149729493685e+01
9.910000000000108500e+00 2.651320743105869582e+01
9.930000000000108074e+00 2.650288032527179993e+01
9.950000000000107647e+00 2.670327243663220074e+01
9.970000000000107221e+00 2.677799059135312731e+01
9.990000000000106795e+00 2.705195513663825935e+01
1.001000000000010637e+01 2.701206871546957800e+01
1.003000000000010594e+01 2.709937396653202768e+01
1.005000000000010552e+01 2.701483870953457611e+01
1.007000000000010509e+01 2.722453670067911702e+01
1.009000000000010466e+01 2.748162697300607249e+01
1.011000000000010424e+01 2.730426099102976067e+01
1.013000000000010381e+01 2.752367618156680606e+01
1.015000000000010338e+01 2.750325735034141772e+01
1.017000000000010296e+01 2.753250153364323083e+01
1.019000000000010253e+01 2.759478317135028647e+01
1.021000000000010210e+01 2.781253821742782151e+01
1.023000000000010168e+01 2.769670989670821726e+01
1.025000000000010125e+01 2.787830475199852742e+01
1.027000000000010083e+01 2.762254971108760060e+01
1.029000000000010040e+01 2.775246136709239408e+01
1.031000000000009997e+01 2.786897210278077708e+01
1.033000000000009955e+01 2.797728496689113342e+01
1.035000000000009912e+01 2.784020316415977092e+01
1.037000000000009869e+01 2.789991283921743559e+01
1.039000000000009827e+01 2.798100411252092812e+01
1.041000000000009784e+01 2.785200580576641016e+01
1.043000000000009742e+01 2.785577976245320642e+01
1.045000000000009699e+01 2.786832635993367546e+01
1.047000000000009656e+01 2.788208917815110865e+01
1.049000000000009614e+01 2.777732181794014821e+01
1.051000000000009571e+01 2.799797896657864982e+01
1.053000000000009528e+01 2.777297698049103758e+01
1.055000000000009486e+01 2.760049511235018826e+01
1.057000000000009443e+01 2.768480720261544192e+01
1.059000000000009400e+01 2.767009938243151979e+01
1.061000000000009358e+01 2.759597157976219606e+01
1.063000000000009315e+01 2.750212361305413111e+01
1.065000000000009273e+01 2.759391587731903428e+01
1.067000000000009230e+01 2.743109842096297868e+01
1.069000000000009187e+01 2.710502051366671594e+01
1.071000000000009145e+01 2.743355794120698476e+01
1.073000000000009102e+01 2.724242655562267856e+01
1.075000000000009059e+01 2.718526084274942889e+01
1.077000000000009017e+01 2.696813246105396900e+01
1.079000000000008974e+01 2.682415091252539696e+01
1.081000000000008932e+01 2.672775292482190679e+01
1.083000000000008889e+01 2.673493004749236945e+01
1.085000000000008846e+01 2.667266493282800255e+01
1.087000000000008804e+01 2.646963159039900404e+01
1.089000000000008761e+01 2.643273528328369082e+01
1.091000000000008718e+01 2.616031329953530715e+01
1.093000000000008676e+01 2.606833235193829879e+01
1.095000000000008633e+01 2.586853004514122034e+01
1.097000000000008590e+01 2.611360345761918111e+01
1.099000000000008548e+01 2.560451917165540436e+01
1.101000000000008505e+01 2.559430106892445522e+01
1.103000000000008463e+01 2.555936471198414495e+01
1.105000000000008420e+01 2.524610029362340313e+01
1.107000000000008377e+01 2.527674580124002546e+01
1.109000000000008335e+01 2.494137155786428295e+01
1.111000000000008292e+01 2.480259219504373647e+01
1.113000000000008249e+01 2.473353975309213126e+01
1.115000000000008207e+01 2.458928331134564260e+01
1.117000000000008164e+01 2.429715604246988647e+01
1.119000000000008122e+01 2.409305807351395501e+01
1.121000000000008079e+01 2.416284963358963722e+01
1.123000000000008036e+01 2.379001169572450891e+01
1.125000000000007994e+01 2.369838161115380970e+01
1.127000000000007951e+01 2.355315737199162385e+01
1.129000000000007908e+01 2.345007230123025721e+01
1.131000000000007866e+01 2.310602892216057924e+01
1.133000000000007823e+01 2.290327883266372311e+01
1.135000000000007780e+01 2.277727861315138114e+01
1.137000000000007738e+01 2.263237965081387770e+01
1.139000000000007695e+01 2.234548389415526159e+01
1.141000000000007653e+01 2.217387317808488945e+01
1.143000000000007610e+01 2.215595519204844166e+01
1.145000000000007567e+01 2.182134116328052542e+01
1.147000000000007525e+01 2.151430036810603852e+01
1.149000000000007482e+01 2.137903274927858277e+01
1.151000000000007439e+01 2.119147797041159365e+01
1.153000000000007397e+01 2.109900739166512906e+01
1.155000000000007354e+01 2.076011788767786825e+01
1.157000000000007311e+01 2.062180080193179776e+01
1.159000000000007269e+01 2.058606355583098591e+01
1.161000000000007226e+01 2.010358925560292320e+01
1.163000000000007184e+01 1.991983094624018946e+01
1.165000000000007141e+01 1.983661084541963859e+01
1.167000000000007098e+01 1.946815655526701150e+01
1.169000000000007056e+01 1.939555105764887344e+01
1.171000000000007013e+01 1.925876929581059827e+01
1.173000000000006970e+01 1.891650599472589889e+01
1.175000000000006928e+01 1.881751398927895025e+01
1.177000000000006885e+01 1.849240265517963522e+01
1.179000000000006843e+01 1.838607066443661253e+01
1.181000000000006800e+01 1.810531027952323058e+01
1.183000000000006757e+01 1.787562900667009202e+01
1.185000000000006715e+01 1.769277166523452749e+01
1.187000000000006672e+01 1.756214945409995210e+01
1.189000000000006629e+01 1.740645309443077338e+01
1.191000000000006587e+01 1.716794026769484915e+01
1.193000000000006544e+01 1.689741783191375291e+01
1.195000000000006501e+01 1.675870754785126593e+01
1.197000000000006459e+01 1.648505207483621149e+01
1.199000000000006416e+01 1.642392403890799457e+01
1.201000000000006374e+01 1.611691545677345871e+01
1.203000000000006331e+01 1.592198513240438906e+01
1.205000000000006288e+01 1.571145204840737364e+01
1.207000000000006246e+01 1.561627696876726645e+01
1.209000000000006203e+01 1.545166325531631024e+01
1.211000000000006160e+01 1.520008960851505897e+01
1.213000000000006118e+01 1.500788628486981757e+01
1.215000000000006075e+01 1.476053249845213067e+01
1.217000000000006033e+01 1.466196950279183397e+01
1.219000000000005990e+01 1.450802802500053623e+01
1.221000000000005947e+01 1.422384320796885682e+01
1.223000000000005905e+01 1.410321910834131742e+01
1.225000000000005862e+01 1.390710953299178776e+01
1.227000000000005819e+01 1.384653087394814186e+01
1.229000000000005777e+01 1.362875581377120326e+01
1.231000000000005734e+01 1.333717296116665452e+01
1.233000000000005691e+01 1.326423981407036479e+01
1.235000000000005649e+01 1.307003966508374226e+01
1.237000000000005606e+01 1.291169084064812367e+01
1.239000000000005564e+01 1.279700966816025876e+01
1.241000000000005521e+01 1.262847493424211720e+01
1.243000000000005478e+01 1.249677761844014334e+01
1.245000000000005436e+01 1.221111265449388128e+01
1.247000000000005393e+01 1.212457479341995104e+01
1.249000000000005350e+01 1.201811648303892710e+01
1.251000000000005308e+01 1.191573678954077131e+01
1.253000000000005265e+01 1.165197953075290371e+01
1.255000000000005222e+01 1.152586361820219096e+01
1.257000000000005180e+01 1.143908981054075724e+01
1.259000000000005137e+01 1.126275057259210044e+01
1.261000000000005095e+01 1.115502286597862280e+01
1.263000000000005052e+01 1.100176613812336512e+01
1.265000000000005009e+01 1.087435430745591347e+01
1.267000000000004967e+01 1.077508260853040056e+01
1.269000000000004924e+01 1.070251499699443087e+01
1.271000000000004881e+01 1.035501268988895340e+01
1.273000000000004839e+01 1.030376687812246139e+01
1.275000000000004796e+01 1.038119856088446191e+01
1.277000000000004754e+01 1.020600140958908675e+01
1.279000000000004711e+01 9.998795114423801422e+00
1.281000000000004668e+01 9.950935542509396825e+00
1.283000000000004626e+01 9.608034477371830917e+00
1.285000000000004583e+01 9.771152913929801898e+00
1.287000000000004540e+01 9.636135521270714932e+00
1.289000000000004498e+01 9.445014327449312574e+00
1.291000000000004455e+01 9.333422881600581533e+00
1.293000000000004412e+01 9.182652068385131372e+00
1.295000000000004370e+01 9.207704774608568954e+00
1.297000000000004327e+01 9.100090511125880965e+00
1.299000000000004285e+01 8.893919388375323365e+00
1.301000000000004242e+01 8.824813199699004684e+00
1.303000000000004199e+01 8.761152206249601448e+00
1.305000000000004157e+01 8.615910211377308059e+00
1.307000000000004114e+01 8.558639362314837129e+00
1.309000000000004071e+01 8.405851167702346416e+00
1.311000000000004029e+01 8.365705620643083762e+00
1.313000000000003986e+01 8.167443438645475950e+00
1.315000000000003944e+01 8.097597496423498242e+00
1.317000000000003901e+01 8.002636235545640631e+00
1.319000000000003858e+01 7.962916232952521156e+00
1.321000000000003816e+01 7.854390891546024989e+00
1.323000000000003773e+01 7.742380082916137773e+00
1.325000000000003730e+01 7.629266790988622482e+00
1.327000000000003688e+01 7.557526656607301163e+00
1.329000000000003645e+01 7.405876500559924303e+00
1.331000000000003602e+01 7.404827509111259864e+00
1.333000000000003560e+01 7.242095007669529849e+00
1.335000000000003517e+01 7.088506686507661136e+00
1.337000000000003475e+01 7.104835034498646174e+00
1.339000000000003432e+01 6.950137052502360469e+00
1.341000000000003389e+01 6.769100565735321595e+00
1.343000000000003347e+01 6.694010179855549580e+00
1.345000000000003304e+01 6.594782742884900628e+00
1.347000000000003261e+01 6.449261362972751321e+00
1.349000000000003219e+01 6.377467038532540045e+00
1.351000000000003176e+01 6.233961529909487709e+00
1.353000000000003133e+01 6.065866308001107932e+00
1.355000000000003091e+01 5.959809320912218489e+00
1.357000000000003048e+01 5.796108139319330554e+00
1.359000000000003006e+01 5.591580820501376614e+00
1.361000000000002963e+01 5.559066915855818358e+00
1.363000000000002920e+01 5.405345218488298187e+00
1.365000000000002878e+01 5.136584091733804591e+00
1.367000000000002835e+01 4.980115863133177889e+00
1.369000000000002792e+01 4.689973572605720342e+00
1.371000000000002750e+01 4.440402316731752563e+00
1.373000000000002707e+01 4.301703705423904012e+00
1.375000000000002665e+01 3.997206930017454418e+00
1.377000000000002622e+01 3.791227738728228491e+00
1.379000000000002579e+01 3.555591052685065812e+00
1.381000000000002537e+01 3.334898478923839615e+00
1.383000000000002494e+01 3.139916000498687687e+00
1.385000000000002451e+01 2.826336472645682996e+00
1.387000000000002409e+01 2.565993199494713384e+00
1.389000000000002366e+01 2.357494233802449379e+00
1.391000000000002323e+01 2.125569412698800509e+00
1.393000000000002281e+01 1.885226141185461834e+00
1.395000000000002238e+01 1.699212948207251106e+00
1.397000000000002196e+01 1.494252187003361820e+00
1.399000000000002153e+01 1.253167022317057677e+00
1.401000000000002110e+01 1.134658693697836895e+00
1.403000000000002068e+01 9.336252976576395746e-01
1.405000000000002025e+01 8.084691104852577137e-01
1.407000000000001982e+01 7.433384246731796763e-01
1.409000000000001940e+01 6.243932324404035672e-01
1.411000000000001897e+01 5.677998471399703373e-01
1.413000000000001855e+01 4.563058147513253116e-01
1.415000000000001812e+01 3.873075287974358516e-01
1.417000000000001769e+01 3.335968762623925388e-01
1.419000000000001727e+01 3.089928934740268085e-01
1.421000000000001684e+01 2.502528055962590647e-01
1.423000000000001641e+01 2.310854977115246178e-01
1.425000000000001599e+01 2.015299244572862913e-01
1.427000000000001556e+01 1.694808716946228644e-01
1.429000000000001513e+01 1.586072681924950156e-01
1.431000000000001471e+01 1.236737765491320307e-01
1.433000000000001428e+01 8.660668840034217719e-02
1.435000000000001386e+01 7.821361815235557124e-02
1.437000000000001343e+01 4.908255071208576792e-02
1.439000000000001300e+01 4.346743719754250779e-02
1.441000000000001258e+01 4.324334271783510097e-02
1.443000000000001215e+01 2.988567356465947344e-02
1.445000000000001172e+01 2.437952574223532093e-02
1.447000000000001130e+01 1.625827200491776134e-02
1.449000000000001087e+01 5.515486967436697592e-03
1.451000000000001044e+01 5.490856835752511156e-03
1.453000000000001002e+01 2.775496968687889577e-03
1.455000000000000959e+01 2.763155288270438114e-03
1.457000000000000917e+01 2.750886737761011700e-03
1.459000000000000874e+01 2.738690582079037102e-03
1.461000000000000831e+01 8.223688006055851276e-06
1.463000000000000789e+01 7.079786932499320881e-11
1.465000000000000746e+01 0.000000000000000000e+00
1.467000000000000703e+01 0.000000000000000000e+00
1.469000000000000661e+01 0.000000000000000000e+00
1.471000000000000618e+01 0.000000000000000000e+00
1.473000000000000576e+01 0.000000000000000000e+00
1.475000000000000533e+01 0.000000000000000000e+00
1.477000000000000490e+01 0.000000000000000000e+00
1.479000000000000448e+01 0.000000000000000000e+00
1.481000000000000405e+01 0.000000000000000000e+00
1.483000000000000362e+01 0.000000000000000000e+00
1.485000000000000320e+01 0.000000000000000000e+00
1.487000000000000277e+01 0.000000000000000000e+00
1.489000000000000234e+01 0.000000000000000000e+00
1.491000000000000192e+01 0.000000000000000000e+00
1.493000000000000149e+01 0.000000000000000000e+00
1.495000000000000107e+01 0.000000000000000000e+00
1.497000000000000064e+01 0.000000000000000000e+00
1.499000000000000021e+01 0.000000000000000000e+00
