# Redshift		Merger Rate Density [Gpc^-3yr^-1]
1.000000000031931770e-02 1.965919886297989194e+02
3.000000000031888964e-02 2.067242821722526571e+02
5.000000000031846331e-02 2.170144072196399634e+02
7.000000000031804392e-02 2.279653077715558709e+02
9.000000000031761760e-02 2.390870734610319062e+02
1.100000000003171913e-01 2.504569789970838656e+02
1.300000000003167511e-01 2.621600245589918359e+02
1.500000000003163247e-01 2.741565564419593670e+02
1.700000000003158984e-01 2.860894804833183684e+02
1.900000000003154721e-01 2.986807560727755231e+02
2.100000000003150458e-01 3.114104617744462757e+02
2.300000000003146194e-01 3.248098497311016217e+02
2.500000000003141931e-01 3.386688201323431713e+02
2.700000000003137668e-01 3.517615323651223775e+02
2.900000000003133405e-01 3.655911331346421207e+02
3.100000000003129141e-01 3.803563586384166229e+02
3.300000000003124878e-01 3.949373024066740641e+02
3.500000000003120615e-01 4.104443766919779932e+02
3.700000000003116352e-01 4.247385397038434576e+02
3.900000000003112088e-01 4.405291592574978949e+02
4.100000000003107825e-01 4.568732712894678230e+02
4.300000000003103562e-01 4.727665510884714877e+02
4.500000000003099299e-01 4.893624128493809735e+02
4.700000000003095035e-01 5.059804544006552192e+02
4.900000000003090772e-01 5.233613165707056396e+02
5.100000000003086509e-01 5.403648658701407612e+02
5.300000000003082246e-01 5.577759460239445843e+02
5.500000000003077982e-01 5.764811458140250124e+02
5.700000000003073719e-01 5.942578498603589878e+02
5.900000000003069456e-01 6.123833828163078579e+02
6.100000000003065193e-01 6.310311718609316358e+02
6.300000000003060929e-01 6.497819442305827806e+02
6.500000000003056666e-01 6.690388699002592148e+02
6.700000000003052403e-01 6.886552870226865934e+02
6.900000000003048140e-01 7.074069069941780299e+02
7.100000000003043876e-01 7.289673841755649164e+02
7.300000000003039613e-01 7.474115491828623590e+02
7.500000000003035350e-01 7.678226764095823000e+02
7.700000000003031086e-01 7.878096636403838602e+02
7.900000000003026823e-01 8.087550007439348292e+02
8.100000000003022560e-01 8.302226766955336643e+02
8.300000000003018297e-01 8.509335768651833405e+02
8.500000000003014033e-01 8.723071950536258328e+02
8.700000000003009770e-01 8.925205914801673543e+02
8.900000000003005507e-01 9.153825179629584454e+02
9.100000000003001244e-01 9.359980030015724424e+02
9.300000000002996980e-01 9.583827446445752685e+02
9.500000000002992717e-01 9.794052198055637746e+02
9.700000000002988454e-01 1.001703366087306222e+03
9.900000000002984191e-01 1.023601079255978902e+03
1.010000000000297993e+00 1.045156292091753130e+03
1.030000000000297566e+00 1.065402650907577708e+03
1.050000000000297140e+00 1.086797824681692418e+03
1.070000000000296714e+00 1.110110281651076548e+03
1.090000000000296287e+00 1.130413551530409904e+03
1.110000000000295861e+00 1.153734022792515816e+03
1.130000000000295435e+00 1.173680519890880078e+03
1.150000000000295008e+00 1.195668014632408585e+03
1.170000000000294582e+00 1.216557459595193905e+03
1.190000000000294156e+00 1.237581606247565333e+03
1.210000000000293729e+00 1.257934692375523809e+03
1.230000000000293303e+00 1.278621258808528864e+03
1.250000000000292877e+00 1.300308443578392598e+03
1.270000000000292451e+00 1.319738324274021352e+03
1.290000000000292024e+00 1.339694327925372590e+03
1.310000000000291598e+00 1.358410818184502432e+03
1.330000000000291172e+00 1.376145658374296090e+03
1.350000000000290745e+00 1.396640064266330910e+03
1.370000000000290319e+00 1.413479890562703531e+03
1.390000000000289893e+00 1.432249981747657785e+03
1.410000000000289466e+00 1.448975990630873639e+03
1.430000000000289040e+00 1.466651550260862450e+03
1.450000000000288614e+00 1.483706181206185875e+03
1.470000000000288187e+00 1.500083320820293920e+03
1.490000000000287761e+00 1.516738356370566862e+03
1.510000000000287335e+00 1.533035011709784385e+03
1.530000000000286908e+00 1.546289793888041231e+03
1.550000000000286482e+00 1.563275298735846945e+03
1.570000000000286056e+00 1.576319209116549473e+03
1.590000000000285629e+00 1.589953412813947807e+03
1.610000000000285203e+00 1.605593918164421439e+03
1.630000000000284777e+00 1.615193533408135181e+03
1.650000000000284350e+00 1.630779355558253428e+03
1.670000000000283924e+00 1.643708782443605742e+03
1.690000000000283498e+00 1.658957085855989817e+03
1.710000000000283071e+00 1.673338461901969140e+03
1.730000000000282645e+00 1.684053274122923767e+03
1.750000000000282219e+00 1.684763956988218979e+03
1.770000000000281792e+00 1.681313976426941508e+03
1.790000000000281366e+00 1.684162466848295480e+03
1.810000000000280940e+00 1.683847424497098700e+03
1.830000000000280513e+00 1.684071860522553152e+03
1.850000000000280087e+00 1.686359476027550272e+03
1.870000000000279661e+00 1.688273211404562744e+03
1.890000000000279234e+00 1.691377431313221450e+03
1.910000000000278808e+00 1.695417679856617951e+03
1.930000000000278382e+00 1.703860141629840655e+03
1.950000000000277955e+00 1.713502714166064152e+03
1.970000000000277529e+00 1.709703846935050251e+03
1.990000000000277103e+00 1.707104814382379118e+03
2.010000000000276899e+00 1.697953213942491857e+03
2.030000000000276472e+00 1.690338978323095034e+03
2.050000000000276046e+00 1.693740665095053828e+03
2.070000000000275620e+00 1.686353580473740749e+03
2.090000000000275193e+00 1.683596870038993984e+03
2.110000000000274767e+00 1.681804225904146051e+03
2.130000000000274341e+00 1.673418822700623650e+03
2.150000000000273914e+00 1.667657725327146409e+03
2.170000000000273488e+00 1.656459448282070980e+03
2.190000000000273062e+00 1.647166629468405517e+03
2.210000000000272635e+00 1.634656169742747124e+03
2.230000000000272209e+00 1.616225522138321139e+03
2.250000000000271783e+00 1.593124967194338979e+03
2.270000000000271356e+00 1.568072779078035865e+03
2.290000000000270930e+00 1.551473959903475816e+03
2.310000000000270504e+00 1.533837092154841912e+03
2.330000000000270077e+00 1.521666184762168996e+03
2.350000000000269651e+00 1.507402966367137424e+03
2.370000000000269225e+00 1.494505413357531779e+03
2.390000000000268798e+00 1.481538908563873747e+03
2.410000000000268372e+00 1.469245193782691786e+03
2.430000000000267946e+00 1.453766211777487797e+03
2.450000000000267519e+00 1.437802405165399477e+03
2.470000000000267093e+00 1.421145990712517687e+03
2.490000000000266667e+00 1.407280987412000059e+03
2.510000000000266240e+00 1.393766447271930929e+03
2.530000000000265814e+00 1.377491030590245828e+03
2.550000000000265388e+00 1.362807225979256145e+03
2.570000000000264961e+00 1.347981979759907972e+03
2.590000000000264535e+00 1.331069748762483869e+03
2.610000000000264109e+00 1.314446670318445967e+03
2.630000000000263682e+00 1.298539146630518189e+03
2.650000000000263256e+00 1.283846382911058981e+03
2.670000000000262830e+00 1.268224415615457019e+03
2.690000000000262403e+00 1.252869436517737313e+03
2.710000000000261977e+00 1.236834442170330249e+03
2.730000000000261551e+00 1.221899536671647411e+03
2.750000000000261124e+00 1.207029355906244746e+03
2.770000000000260698e+00 1.191568967717455962e+03
2.790000000000260272e+00 1.174879619874614264e+03
2.810000000000259845e+00 1.160974557728015043e+03
2.830000000000259419e+00 1.145483947723409074e+03
2.850000000000258993e+00 1.130091463166011636e+03
2.870000000000258567e+00 1.115944076885096592e+03
2.890000000000258140e+00 1.101175628326420110e+03
2.910000000000257714e+00 1.087808828196390095e+03
2.930000000000257288e+00 1.072854824938720640e+03
2.950000000000256861e+00 1.058906024901392584e+03
2.970000000000256435e+00 1.045215054086989994e+03
2.990000000000256009e+00 1.029022726248942035e+03
3.010000000000255582e+00 1.014563067668239114e+03
3.030000000000255156e+00 1.000183672401930721e+03
3.050000000000254730e+00 9.873820255315423537e+02
3.070000000000254303e+00 9.730180203071065534e+02
3.090000000000253877e+00 9.599849416809652212e+02
3.110000000000253451e+00 9.477499644717572664e+02
3.130000000000253024e+00 9.339601978815596794e+02
3.150000000000252598e+00 9.214744386903698796e+02
3.170000000000252172e+00 9.106503590590053818e+02
3.190000000000251745e+00 8.984803928518585963e+02
3.210000000000251319e+00 8.856853581205555201e+02
3.230000000000250893e+00 8.753329746399975875e+02
3.250000000000250466e+00 8.639984916214784789e+02
3.270000000000250040e+00 8.500414689781266588e+02
3.290000000000249614e+00 8.376015915767113711e+02
3.310000000000249187e+00 8.216323582700072166e+02
3.330000000000248761e+00 8.068870317652498443e+02
3.350000000000248335e+00 7.934846647535414377e+02
3.370000000000247908e+00 7.805008921661582235e+02
3.390000000000247482e+00 7.669371950393152702e+02
3.410000000000247056e+00 7.556577234950539150e+02
3.430000000000246629e+00 7.442441490751848505e+02
3.450000000000246203e+00 7.318849268148104557e+02
3.470000000000245777e+00 7.226742970097425314e+02
3.490000000000245350e+00 7.127325086095390816e+02
3.510000000000244924e+00 7.024581727345596391e+02
3.530000000000244498e+00 6.920831338557244408e+02
3.550000000000244071e+00 6.827702349026644697e+02
3.570000000000243645e+00 6.754998444273434188e+02
3.590000000000243219e+00 6.665353915794938757e+02
3.610000000000242792e+00 6.592316833590333545e+02
3.630000000000242366e+00 6.490518122396624676e+02
3.650000000000241940e+00 6.365815569315003586e+02
3.670000000000241513e+00 6.252793090887792005e+02
3.690000000000241087e+00 6.155931404112467362e+02
3.710000000000240661e+00 6.061653420967769534e+02
3.730000000000240234e+00 5.962389661103010212e+02
3.750000000000239808e+00 5.868794624684265955e+02
3.770000000000239382e+00 5.798535606950467809e+02
3.790000000000238956e+00 5.724054306692891032e+02
3.810000000000238529e+00 5.646398470880860714e+02
3.830000000000238103e+00 5.562129691562478229e+02
3.850000000000237677e+00 5.503115797730129088e+02
3.870000000000237250e+00 5.407391521929446299e+02
3.890000000000236824e+00 5.330291476247425635e+02
3.910000000000236398e+00 5.250177613353570223e+02
3.930000000000235971e+00 5.178022092202676276e+02
3.950000000000235545e+00 5.105603442964246597e+02
3.970000000000235119e+00 5.027114550414174801e+02
3.990000000000234692e+00 4.953448186447081980e+02
4.010000000000234266e+00 4.865193934290331867e+02
4.030000000000233840e+00 4.797592619698893373e+02
4.050000000000233413e+00 4.719679271018047189e+02
4.070000000000232987e+00 4.636376249047989972e+02
4.090000000000232561e+00 4.565262766434909167e+02
4.110000000000232134e+00 4.494011412280243007e+02
4.130000000000231708e+00 4.453091381652691894e+02
4.150000000000231282e+00 4.385858740007879533e+02
4.170000000000230855e+00 4.320336397939580024e+02
4.190000000000230429e+00 4.280096802259129731e+02
4.210000000000230003e+00 4.206112936587589388e+02
4.230000000000229576e+00 4.177516078245247968e+02
4.250000000000229150e+00 4.095618910576309872e+02
4.270000000000228724e+00 4.031518145090889789e+02
4.290000000000228297e+00 3.965874804119616783e+02
4.310000000000227871e+00 3.906469827836149307e+02
4.330000000000227445e+00 3.848868958092583625e+02
4.350000000000227018e+00 3.798906821877808966e+02
4.370000000000226592e+00 3.735833742187775783e+02
4.390000000000226166e+00 3.679204564478681618e+02
4.410000000000225739e+00 3.639442758667889848e+02
4.430000000000225313e+00 3.586108041002369191e+02
4.450000000000224887e+00 3.547769115974355145e+02
4.470000000000224460e+00 3.509739772786652452e+02
4.490000000000224034e+00 3.468278943817423396e+02
4.510000000000223608e+00 3.428360248558880130e+02
4.530000000000223181e+00 3.381125846204743084e+02
4.550000000000222755e+00 3.337030466603630430e+02
4.570000000000222329e+00 3.293784057523524211e+02
4.590000000000221902e+00 3.259216358347764526e+02
4.610000000000221476e+00 3.220722053340644493e+02
4.630000000000221050e+00 3.180929369026570726e+02
4.650000000000220624e+00 3.150204607068845348e+02
4.670000000000220197e+00 3.094863174267258614e+02
4.690000000000219771e+00 3.057484918078013152e+02
4.710000000000219345e+00 3.012167753988863410e+02
4.730000000000218918e+00 2.959093412073256104e+02
4.750000000000218492e+00 2.932570503184985569e+02
4.770000000000218066e+00 2.889752250835529139e+02
4.790000000000217639e+00 2.852959273608774424e+02
4.810000000000217213e+00 2.811944914508934517e+02
4.830000000000216787e+00 2.784052549121687434e+02
4.850000000000216360e+00 2.750279177188947415e+02
4.870000000000215934e+00 2.731480835711412851e+02
4.890000000000215508e+00 2.701738677047529791e+02
4.910000000000215081e+00 2.670625351153850033e+02
4.930000000000214655e+00 2.644066669775922378e+02
4.950000000000214229e+00 2.611111503996901320e+02
4.970000000000213802e+00 2.583619132215579270e+02
4.990000000000213376e+00 2.561657242844561324e+02
5.010000000000212950e+00 2.514971209188156820e+02
5.030000000000212523e+00 2.488111383299542467e+02
5.050000000000212097e+00 2.453914780607724140e+02
5.070000000000211671e+00 2.417308664168258190e+02
5.090000000000211244e+00 2.387127636030800204e+02
5.110000000000210818e+00 2.359513310210421935e+02
5.130000000000210392e+00 2.320939738919489912e+02
5.150000000000209965e+00 2.279867496418928852e+02
5.170000000000209539e+00 2.251964074143433265e+02
5.190000000000209113e+00 2.222869673572865281e+02
5.210000000000208686e+00 2.189112562224276530e+02
5.230000000000208260e+00 2.169048788625176769e+02
5.250000000000207834e+00 2.146221374642930186e+02
5.270000000000207407e+00 2.111632237529377107e+02
5.290000000000206981e+00 2.094506148477597947e+02
5.310000000000206555e+00 2.070155713415316825e+02
5.330000000000206128e+00 2.044092309461235857e+02
5.350000000000205702e+00 2.017304195385014225e+02
5.370000000000205276e+00 2.003803198258638076e+02
5.390000000000204849e+00 1.986105901092514898e+02
5.410000000000204423e+00 1.961372260247358668e+02
5.430000000000203997e+00 1.939515570880121231e+02
5.450000000000203570e+00 1.920826940626455723e+02
5.470000000000203144e+00 1.894995954533205236e+02
5.490000000000202718e+00 1.875173384159677141e+02
5.510000000000202292e+00 1.850805799453412419e+02
5.530000000000201865e+00 1.831875614503314864e+02
5.550000000000201439e+00 1.810746710107062540e+02
5.570000000000201013e+00 1.792201194962133570e+02
5.590000000000200586e+00 1.773930927955496770e+02
5.610000000000200160e+00 1.756687436045043853e+02
5.630000000000199734e+00 1.734537281741740173e+02
5.650000000000199307e+00 1.708118987341677268e+02
5.670000000000198881e+00 1.687489925322806528e+02
5.690000000000198455e+00 1.666567274839797506e+02
5.710000000000198028e+00 1.644636112806061021e+02
5.730000000000197602e+00 1.627553082946735117e+02
5.750000000000197176e+00 1.610610232158171300e+02
5.770000000000196749e+00 1.597040217341852042e+02
5.790000000000196323e+00 1.569799475454043147e+02
5.810000000000195897e+00 1.556525651094123930e+02
5.830000000000195470e+00 1.538680773282731593e+02
5.850000000000195044e+00 1.519534715458264031e+02
5.870000000000194618e+00 1.502235983876740590e+02
5.890000000000194191e+00 1.494312215299285924e+02
5.910000000000193765e+00 1.477047368121160673e+02
5.930000000000193339e+00 1.458274335221572642e+02
5.950000000000192912e+00 1.448998334315485863e+02
5.970000000000192486e+00 1.423554447294794727e+02
5.990000000000192060e+00 1.416376150647249119e+02
6.010000000000191633e+00 1.399861302657568274e+02
6.030000000000191207e+00 1.386077377582939221e+02
6.050000000000190781e+00 1.370747672332663569e+02
6.070000000000190354e+00 1.357717446824257763e+02
6.090000000000189928e+00 1.340329290239439501e+02
6.110000000000189502e+00 1.324862244818104955e+02
6.130000000000189075e+00 1.312684876027400946e+02
6.150000000000188649e+00 1.298731182809116547e+02
6.170000000000188223e+00 1.279988671734342063e+02
6.190000000000187796e+00 1.264688212978067554e+02
6.210000000000187370e+00 1.247450654323126429e+02
6.230000000000186944e+00 1.228540894026701267e+02
6.250000000000186517e+00 1.214898578222254173e+02
6.270000000000186091e+00 1.196074893628587148e+02
6.290000000000185665e+00 1.187240435605638993e+02
6.310000000000185238e+00 1.174429439324378421e+02
6.330000000000184812e+00 1.164683828172678233e+02
6.350000000000184386e+00 1.149795314506501711e+02
6.370000000000183960e+00 1.138722063751165905e+02
6.390000000000183533e+00 1.126834074195039506e+02
6.410000000000183107e+00 1.113849470995357365e+02
6.430000000000182681e+00 1.107672654001537609e+02
6.450000000000182254e+00 1.094854704929536950e+02
6.470000000000181828e+00 1.088197829450331540e+02
6.490000000000181402e+00 1.072617445968525658e+02
6.510000000000180975e+00 1.068289083022102517e+02
6.530000000000180549e+00 1.051034626356902777e+02
6.550000000000180123e+00 1.040684323025543989e+02
6.570000000000179696e+00 1.031937219133088206e+02
6.590000000000179270e+00 1.022781961118316900e+02
6.610000000000178844e+00 1.009365156267897419e+02
6.630000000000178417e+00 9.997339025274359869e+01
6.650000000000177991e+00 9.988714220799334953e+01
6.670000000000177565e+00 9.832398378621385859e+01
6.690000000000177138e+00 9.692331459076727640e+01
6.710000000000176712e+00 9.557196274630231869e+01
6.730000000000176286e+00 9.499611268681709930e+01
6.750000000000175859e+00 9.330895819698000082e+01
6.770000000000175433e+00 9.221784966941856965e+01
6.790000000000175007e+00 9.155169804850606852e+01
6.810000000000174580e+00 9.040259390298623998e+01
6.830000000000174154e+00 8.949240337287780278e+01
6.850000000000173728e+00 8.798863086345906481e+01
6.870000000000173301e+00 8.726416465887244556e+01
6.890000000000172875e+00 8.650980215134072182e+01
6.910000000000172449e+00 8.555637386494164787e+01
6.930000000000172022e+00 8.487510333332062373e+01
6.950000000000171596e+00 8.377083802363550546e+01
6.970000000000171170e+00 8.349222528379593200e+01
6.990000000000170743e+00 8.256977932421375499e+01
7.010000000000170317e+00 8.160771747103848384e+01
7.030000000000169891e+00 8.078800518677707032e+01
7.050000000000169464e+00 7.996538147199615310e+01
7.070000000000169038e+00 7.905598642629159656e+01
7.090000000000168612e+00 7.874242408502645674e+01
7.110000000000168185e+00 7.782502213601414098e+01
7.130000000000167759e+00 7.687604507181106328e+01
7.150000000000167333e+00 7.626624343134795936e+01
7.170000000000166906e+00 7.584982788532924758e+01
7.190000000000166480e+00 7.497589008746390959e+01
7.210000000000166054e+00 7.385570475522270328e+01
7.230000000000165628e+00 7.328157295535869764e+01
7.250000000000165201e+00 7.222329004818300291e+01
7.270000000000164775e+00 7.115387301753477800e+01
7.290000000000164349e+00 7.068099253722222386e+01
7.310000000000163922e+00 6.968249455039202189e+01
7.330000000000163496e+00 6.915831882465730018e+01
7.350000000000163070e+00 6.823787440800730053e+01
7.370000000000162643e+00 6.798195558409452133e+01
7.390000000000162217e+00 6.711760914734513506e+01
7.410000000000161791e+00 6.638903370717385144e+01
7.430000000000161364e+00 6.566380053783217363e+01
7.450000000000160938e+00 6.544741771756535798e+01
7.470000000000160512e+00 6.470950988193975206e+01
7.490000000000160085e+00 6.400847101695778463e+01
7.510000000000159659e+00 6.352908488711539547e+01
7.530000000000159233e+00 6.300296497684499286e+01
7.550000000000158806e+00 6.242422262367749397e+01
7.570000000000158380e+00 6.182669865173340895e+01
7.590000000000157954e+00 6.083288197886772508e+01
7.610000000000157527e+00 6.016601188783564425e+01
7.630000000000157101e+00 5.974236571883250946e+01
7.650000000000156675e+00 5.911963996356913498e+01
7.670000000000156248e+00 5.863350846839995256e+01
7.690000000000155822e+00 5.811700106168463265e+01
7.710000000000155396e+00 5.738366701495162658e+01
7.730000000000154969e+00 5.687523015442995700e+01
7.750000000000154543e+00 5.614482155331130997e+01
7.770000000000154117e+00 5.540436625552524674e+01
7.790000000000153690e+00 5.515916283620082083e+01
7.810000000000153264e+00 5.438372152171658058e+01
7.830000000000152838e+00 5.404177057022944553e+01
7.850000000000152411e+00 5.366548821994027207e+01
7.870000000000151985e+00 5.305224480979440216e+01
7.890000000000151559e+00 5.291757332812188253e+01
7.910000000000151132e+00 5.211878739881076683e+01
7.930000000000150706e+00 5.159916259634715630e+01
7.950000000000150280e+00 5.086466145788038062e+01
7.970000000000149853e+00 5.030610206421044239e+01
7.990000000000149427e+00 4.992533204604893626e+01
8.010000000000149001e+00 4.952971991056352863e+01
8.030000000000148574e+00 4.905427611918433684e+01
8.050000000000148148e+00 4.859383189086783261e+01
8.070000000000147722e+00 4.797270935047832552e+01
8.090000000000147296e+00 4.784148802451259996e+01
8.110000000000146869e+00 4.713950555604657922e+01
8.130000000000146443e+00 4.663215786381393713e+01
8.150000000000146017e+00 4.627139115430305338e+01
8.170000000000145590e+00 4.575192062160888895e+01
8.190000000000145164e+00 4.543904593817343596e+01
8.210000000000144738e+00 4.479246489550294541e+01
8.230000000000144311e+00 4.455666056213351567e+01
8.250000000000143885e+00 4.382345017461725689e+01
8.270000000000143459e+00 4.351493159429041668e+01
8.290000000000143032e+00 4.312190193360109447e+01
8.310000000000142606e+00 4.264348622060373373e+01
8.330000000000142180e+00 4.231731838123646838e+01
8.350000000000141753e+00 4.187745188631572546e+01
8.370000000000141327e+00 4.150703277349148124e+01
8.390000000000140901e+00 4.091726429829473233e+01
8.410000000000140474e+00 4.059339551633659227e+01
8.430000000000140048e+00 4.029048710923456156e+01
8.450000000000139622e+00 3.973467054050638581e+01
8.470000000000139195e+00 3.922248175981083307e+01
8.490000000000138769e+00 3.880481305552724081e+01
8.510000000000138343e+00 3.869174086960921244e+01
8.530000000000137916e+00 3.813580572840680105e+01
8.550000000000137490e+00 3.781693211193013582e+01
8.570000000000137064e+00 3.728643261207037796e+01
8.590000000000136637e+00 3.694180512749538536e+01
8.610000000000136211e+00 3.657461840645234474e+01
8.630000000000135785e+00 3.632566692973403377e+01
8.650000000000135358e+00 3.588098839507019733e+01
8.670000000000134932e+00 3.548677438131784356e+01
8.690000000000134506e+00 3.506754669652880096e+01
8.710000000000134079e+00 3.464168749182717733e+01
8.730000000000133653e+00 3.422554934297578910e+01
8.750000000000133227e+00 3.396152221182031639e+01
8.770000000000132800e+00 3.349130745855135416e+01
8.790000000000132374e+00 3.309717046847129751e+01
8.810000000000131948e+00 3.275603493110254050e+01
8.830000000000131521e+00 3.230038949439521190e+01
8.850000000000131095e+00 3.221319973962594929e+01
8.870000000000130669e+00 3.165849825911793047e+01
8.890000000000130242e+00 3.144270904336683259e+01
8.910000000000129816e+00 3.097552483967893977e+01
8.930000000000129390e+00 3.054443056996408146e+01
8.950000000000128964e+00 3.022761340466843905e+01
8.970000000000128537e+00 2.998919694399666724e+01
8.990000000000128111e+00 2.960038374395267269e+01
9.010000000000127685e+00 2.915924239788000705e+01
9.030000000000127258e+00 2.887638326288628932e+01
9.050000000000126832e+00 2.852376478498251799e+01
9.070000000000126406e+00 2.818615225955435122e+01
9.090000000000125979e+00 2.772573618308657828e+01
9.110000000000125553e+00 2.737089472624220576e+01
9.130000000000125127e+00 2.712825965864227129e+01
9.150000000000124700e+00 2.660203934657482350e+01
9.170000000000124274e+00 2.643052969022126675e+01
9.190000000000123848e+00 2.601403544975916304e+01
9.210000000000123421e+00 2.566276366397969255e+01
9.230000000000122995e+00 2.545796177205772537e+01
9.250000000000122569e+00 2.513694054437308623e+01
9.270000000000122142e+00 2.475321454417124301e+01
9.290000000000121716e+00 2.453168032034038504e+01
9.310000000000121290e+00 2.415953916022697356e+01
9.330000000000120863e+00 2.385649106584538970e+01
9.350000000000120437e+00 2.341744304513357022e+01
9.370000000000120011e+00 2.310540628609217251e+01
9.390000000000119584e+00 2.278049914760556760e+01
9.410000000000119158e+00 2.239706918035290073e+01
9.430000000000118732e+00 2.209722712344832729e+01
9.450000000000118305e+00 2.185933884976376262e+01
9.470000000000117879e+00 2.151619833123322678e+01
9.490000000000117453e+00 2.131498457302742366e+01
9.510000000000117026e+00 2.104957029745315467e+01
9.530000000000116600e+00 2.065512454193245517e+01
9.550000000000116174e+00 2.033418879954042069e+01
9.570000000000115747e+00 1.999688147243585234e+01
9.590000000000115321e+00 1.985305329132681251e+01
9.610000000000114895e+00 1.954650674706281066e+01
9.630000000000114468e+00 1.920424042360875205e+01
9.650000000000114042e+00 1.894144703228556281e+01
9.670000000000113616e+00 1.868287303392549603e+01
9.690000000000113189e+00 1.839298285583076620e+01
9.710000000000112763e+00 1.815064151497140799e+01
9.730000000000112337e+00 1.786427917405369570e+01
9.750000000000111910e+00 1.756736215028319847e+01
9.770000000000111484e+00 1.730720886645020329e+01
9.790000000000111058e+00 1.704443910948007712e+01
9.810000000000110632e+00 1.688341368384243069e+01
9.830000000000110205e+00 1.652616385326831150e+01
9.850000000000109779e+00 1.637361761587263231e+01
9.870000000000109353e+00 1.618439577263864848e+01
9.890000000000108926e+00 1.587483809917005750e+01
9.910000000000108500e+00 1.567541273954013370e+01
9.930000000000108074e+00 1.547560784013347579e+01
9.950000000000107647e+00 1.517736311169580610e+01
9.970000000000107221e+00 1.490318526522004916e+01
9.990000000000106795e+00 1.488261034648190417e+01
1.001000000000010637e+01 1.462360305404233074e+01
1.003000000000010594e+01 1.433501738786781132e+01
1.005000000000010552e+01 1.414122681872289888e+01
1.007000000000010509e+01 1.403247946959517911e+01
1.009000000000010466e+01 1.378290830598630912e+01
1.011000000000010424e+01 1.367573094920445342e+01
1.013000000000010381e+01 1.343478141503897305e+01
1.015000000000010338e+01 1.319394375568746192e+01
1.017000000000010296e+01 1.308826029617821618e+01
1.019000000000010253e+01 1.294831921306922418e+01
1.021000000000010210e+01 1.272518089800456131e+01
1.023000000000010168e+01 1.262103726661239733e+01
1.025000000000010125e+01 1.243917031163836739e+01
1.027000000000010083e+01 1.234304821631759808e+01
1.029000000000010040e+01 1.219211379590464972e+01
1.031000000000009997e+01 1.203150173912732690e+01
1.033000000000009955e+01 1.182899769222381536e+01
1.035000000000009912e+01 1.170592052754465051e+01
1.037000000000009869e+01 1.157571728385931387e+01
1.039000000000009827e+01 1.149033508616624566e+01
1.041000000000009784e+01 1.141171628753968292e+01
1.043000000000009742e+01 1.120438794264257787e+01
1.045000000000009699e+01 1.113855182678213396e+01
1.047000000000009656e+01 1.101665960657614463e+01
1.049000000000009614e+01 1.085093258515266257e+01
1.051000000000009571e+01 1.081621957368935583e+01
1.053000000000009528e+01 1.071183603393219386e+01
1.055000000000009486e+01 1.052535472717035248e+01
1.057000000000009443e+01 1.053901418949514657e+01
1.059000000000009400e+01 1.028516437491860636e+01
1.061000000000009358e+01 1.030337843731674141e+01
1.063000000000009315e+01 1.027839659336387790e+01
1.065000000000009273e+01 1.008997265778454810e+01
1.067000000000009230e+01 1.006241246619802787e+01
1.069000000000009187e+01 9.907121606877186792e+00
1.071000000000009145e+01 9.799195289585881596e+00
1.073000000000009102e+01 9.790931304586441897e+00
1.075000000000009059e+01 9.702319062107116920e+00
1.077000000000009017e+01 9.587562016409595600e+00
1.079000000000008974e+01 9.499757504777960548e+00
1.081000000000008932e+01 9.485207816488930632e+00
1.083000000000008889e+01 9.358799374738248744e+00
1.085000000000008846e+01 9.293685980224751120e+00
1.087000000000008804e+01 9.220025798048602894e+00
1.089000000000008761e+01 9.157114946410366940e+00
1.091000000000008718e+01 9.057221840866860774e+00
1.093000000000008676e+01 8.912772715905758147e+00
1.095000000000008633e+01 8.911318733554956850e+00
1.097000000000008590e+01 8.799303411370683392e+00
1.099000000000008548e+01 8.825421754259185292e+00
1.101000000000008505e+01 8.787749838191389884e+00
1.103000000000008463e+01 8.552191082695228985e+00
1.105000000000008420e+01 8.578166865519015971e+00
1.107000000000008377e+01 8.341898548140214587e+00
1.109000000000008335e+01 8.349968641351964038e+00
1.111000000000008292e+01 8.336474171751929063e+00
1.113000000000008249e+01 8.250107066035718972e+00
1.115000000000008207e+01 8.111724420349498033e+00
1.117000000000008164e+01 8.068579419382786000e+00
1.119000000000008122e+01 7.979069473466746665e+00
1.121000000000008079e+01 7.884365438327176179e+00
1.123000000000008036e+01 7.784693918228706266e+00
1.125000000000007994e+01 7.749080753505788621e+00
1.127000000000007951e+01 7.633507359032242867e+00
1.129000000000007908e+01 7.459769807625034943e+00
1.131000000000007866e+01 7.516305535596131904e+00
1.133000000000007823e+01 7.406874767859134678e+00
1.135000000000007780e+01 7.240201028259186877e+00
1.137000000000007738e+01 7.155044463761977447e+00
1.139000000000007695e+01 7.101971790792194206e+00
1.141000000000007653e+01 6.972609308939371253e+00
1.143000000000007610e+01 6.890092158288653401e+00
1.145000000000007567e+01 6.864185757199734006e+00
1.147000000000007525e+01 6.698954631670347659e+00
1.149000000000007482e+01 6.576037418390286327e+00
1.151000000000007439e+01 6.420548995678395876e+00
1.153000000000007397e+01 6.432012079435541985e+00
1.155000000000007354e+01 6.278837903844888046e+00
1.157000000000007311e+01 6.212668706660902984e+00
1.159000000000007269e+01 6.080238739750555510e+00
1.161000000000007226e+01 6.018481248285723062e+00
1.163000000000007184e+01 5.818867182344308553e+00
1.165000000000007141e+01 5.770025163432643822e+00
1.167000000000007098e+01 5.657966806795381665e+00
1.169000000000007056e+01 5.540014657947621934e+00
1.171000000000007013e+01 5.398525729382611438e+00
1.173000000000006970e+01 5.363200516731491341e+00
1.175000000000006928e+01 5.211414486556863679e+00
1.177000000000006885e+01 5.112036182187748246e+00
1.179000000000006843e+01 4.995864855450987463e+00
1.181000000000006800e+01 4.937385692132310488e+00
1.183000000000006757e+01 4.781994896858147825e+00
1.185000000000006715e+01 4.654527465235481110e+00
1.187000000000006672e+01 4.531011042175780545e+00
1.189000000000006629e+01 4.471437943137188675e+00
1.191000000000006587e+01 4.309320665793610949e+00
1.193000000000006544e+01 4.260262847598700553e+00
1.195000000000006501e+01 4.106864084544612048e+00
1.197000000000006459e+01 4.074340674299723020e+00
1.199000000000006416e+01 3.891632061335771109e+00
1.201000000000006374e+01 3.802389405729112326e+00
1.203000000000006331e+01 3.703294768061240472e+00
1.205000000000006288e+01 3.588134615941288796e+00
1.207000000000006246e+01 3.479910848687610692e+00
1.209000000000006203e+01 3.408519262581925613e+00
1.211000000000006160e+01 3.326537107903641211e+00
1.213000000000006118e+01 3.161461783683711335e+00
1.215000000000006075e+01 3.150734090970116696e+00
1.217000000000006033e+01 2.963258042709425943e+00
1.219000000000005990e+01 2.864932962323762933e+00
1.221000000000005947e+01 2.839545884306779122e+00
1.223000000000005905e+01 2.735898585418680806e+00
1.225000000000005862e+01 2.648684981283678130e+00
1.227000000000005819e+01 2.523841692931964698e+00
1.229000000000005777e+01 2.445821337886601832e+00
1.231000000000005734e+01 2.351008249563263597e+00
1.233000000000005691e+01 2.294606009496707788e+00
1.235000000000005649e+01 2.201077413773035119e+00
1.237000000000005606e+01 2.124297061935906950e+00
1.239000000000005564e+01 2.054396830296195020e+00
1.241000000000005521e+01 1.967373511294406185e+00
1.243000000000005478e+01 1.891415289569200242e+00
1.245000000000005436e+01 1.820024528834915278e+00
1.247000000000005393e+01 1.746289790139676557e+00
1.249000000000005350e+01 1.679522381968186373e+00
1.251000000000005308e+01 1.615328259926475329e+00
1.253000000000005265e+01 1.530703904970631912e+00
1.255000000000005222e+01 1.485690648627998822e+00
1.257000000000005180e+01 1.440422024191216011e+00
1.259000000000005137e+01 1.362377851670701467e+00
1.261000000000005095e+01 1.311470499950813773e+00
1.263000000000005052e+01 1.242000206403048201e+00
1.265000000000005009e+01 1.180452880467009580e+00
1.267000000000004967e+01 1.155038196018107310e+00
1.269000000000004924e+01 1.106722345640394956e+00
1.271000000000004881e+01 1.039828386150710271e+00
1.273000000000004839e+01 9.893983829160630794e-01
1.275000000000004796e+01 9.532675571732517339e-01
1.277000000000004754e+01 9.179724709053000975e-01
1.279000000000004711e+01 8.621921702508340557e-01
1.281000000000004668e+01 8.430934467082622508e-01
1.283000000000004626e+01 7.755219783990163762e-01
1.285000000000004583e+01 7.472208515956225705e-01
1.287000000000004540e+01 7.068953747842159352e-01
1.289000000000004498e+01 7.071499049597612663e-01
1.291000000000004455e+01 6.346514841213879432e-01
1.293000000000004412e+01 6.378103751358038531e-01
1.295000000000004370e+01 5.760302058393947933e-01
1.297000000000004327e+01 5.570163643840995160e-01
1.299000000000004285e+01 5.332102042144288845e-01
1.301000000000004242e+01 5.201987726043088012e-01
1.303000000000004199e+01 4.763458790528200537e-01
1.305000000000004157e+01 4.585720089198409011e-01
1.307000000000004114e+01 4.444330692601964339e-01
1.309000000000004071e+01 4.101826194014581151e-01
1.311000000000004029e+01 3.971523282387521281e-01
1.313000000000003986e+01 3.812417875644831255e-01
1.315000000000003944e+01 3.553900193757381087e-01
1.317000000000003901e+01 3.328619400886505542e-01
1.319000000000003858e+01 3.297577133615409717e-01
1.321000000000003816e+01 3.126511144685522603e-01
1.323000000000003773e+01 3.059402607260502394e-01
1.325000000000003730e+01 2.760796494867105433e-01
1.327000000000003688e+01 2.659145444652071810e-01
1.329000000000003645e+01 2.465776232410457347e-01
1.331000000000003602e+01 2.483467053520901913e-01
1.333000000000003560e+01 2.359133772746241642e-01
1.335000000000003517e+01 2.195015766567139370e-01
1.337000000000003475e+01 2.100384590035852539e-01
1.339000000000003432e+01 2.091274548619274642e-01
1.341000000000003389e+01 1.955026609462006126e-01
1.343000000000003347e+01 1.906181182801108265e-01
1.345000000000003304e+01 1.743718672156498450e-01
1.347000000000003261e+01 1.715910308257743433e-01
1.349000000000003219e+01 1.584473621096620100e-01
1.351000000000003176e+01 1.643067616007836129e-01
1.353000000000003133e+01 1.580480261650884510e-01
1.355000000000003091e+01 1.420463179698699674e-01
1.357000000000003048e+01 1.366267978917065085e-01
1.359000000000003006e+01 1.378029479711292971e-01
1.361000000000002963e+01 1.295339302717000707e-01
1.363000000000002920e+01 1.324355317574854030e-01
1.365000000000002878e+01 1.149583756853620603e-01
1.367000000000002835e+01 1.223397936950206683e-01
1.369000000000002792e+01 1.050560747190320138e-01
1.371000000000002750e+01 1.142801955449984780e-01
1.373000000000002707e+01 1.134902807993048157e-01
1.375000000000002665e+01 1.022437561280656881e-01
1.377000000000002622e+01 9.410704922386445292e-02
1.379000000000002579e+01 9.679801436619589472e-02
1.381000000000002537e+01 9.189827317449192345e-02
1.383000000000002494e+01 9.984219331586154100e-02
1.385000000000002451e+01 7.282647356548238582e-02
1.387000000000002409e+01 8.152183819251219987e-02
1.389000000000002366e+01 7.206393541142262771e-02
1.391000000000002323e+01 7.277827721151591822e-02
1.393000000000002281e+01 7.133708641992612953e-02
1.395000000000002238e+01 7.275759870404858998e-02
1.397000000000002196e+01 5.963187978339184320e-02
1.399000000000002153e+01 4.832326209443495169e-02
1.401000000000002110e+01 2.038982347445322113e-02
1.403000000000002068e+01 1.472945373428350031e-02
1.405000000000002025e+01 1.662075731226287864e-02
1.407000000000001982e+01 1.336506293341515987e-02
1.409000000000001940e+01 1.531439136153845554e-02
1.411000000000001897e+01 1.497198490707110467e-02
1.413000000000001855e+01 1.200215594985784909e-02
1.415000000000001812e+01 1.183768519552500301e-02
1.417000000000001769e+01 8.912616978531547399e-03
1.419000000000001727e+01 8.738739918459035097e-03
1.421000000000001684e+01 5.878987969732976659e-03
1.423000000000001641e+01 3.162576269939146832e-03
1.425000000000001599e+01 3.070544753001758741e-03
1.427000000000001556e+01 2.968116816473155388e-03
1.429000000000001513e+01 2.850042119036476970e-03
1.431000000000001471e+01 2.800672374986255733e-03
1.433000000000001428e+01 2.776846651224873855e-03
1.435000000000001386e+01 1.156717336879770964e-04
1.437000000000001343e+01 6.969142593791477470e-05
1.439000000000001300e+01 4.109563196591320639e-05
1.441000000000001258e+01 1.589824242178289321e-05
1.443000000000001215e+01 8.723374474271738419e-10
1.445000000000001172e+01 3.088590887289913759e-10
1.447000000000001130e+01 2.071314066202718872e-10
1.449000000000001087e+01 4.729833817923726979e-14
1.451000000000001044e+01 3.929793082198332630e-14
1.453000000000001002e+01 8.217548797362364189e-17
1.455000000000000959e+01 1.552158401137311322e-17
1.457000000000000917e+01 1.272609524259126493e-17
1.459000000000000874e+01 0.000000000000000000e+00
1.461000000000000831e+01 0.000000000000000000e+00
1.463000000000000789e+01 0.000000000000000000e+00
1.465000000000000746e+01 0.000000000000000000e+00
1.467000000000000703e+01 0.000000000000000000e+00
1.469000000000000661e+01 0.000000000000000000e+00
1.471000000000000618e+01 0.000000000000000000e+00
1.473000000000000576e+01 0.000000000000000000e+00
1.475000000000000533e+01 0.000000000000000000e+00
1.477000000000000490e+01 0.000000000000000000e+00
1.479000000000000448e+01 0.000000000000000000e+00
1.481000000000000405e+01 0.000000000000000000e+00
1.483000000000000362e+01 0.000000000000000000e+00
1.485000000000000320e+01 0.000000000000000000e+00
1.487000000000000277e+01 0.000000000000000000e+00
1.489000000000000234e+01 0.000000000000000000e+00
1.491000000000000192e+01 0.000000000000000000e+00
1.493000000000000149e+01 0.000000000000000000e+00
1.495000000000000107e+01 0.000000000000000000e+00
1.497000000000000064e+01 0.000000000000000000e+00
1.499000000000000021e+01 0.000000000000000000e+00
