FLUX_BATSE_64,T90,FLUENCE_BATSE,PFLX_COMP_EPEAK,TRIGGER_TIME
2.6739,0.768,2.1278e-07,0.0,59653.101352718
1.622,0.896,5.5905e-08,0.0,60082.951013993
3.5757,0.32,1.0083e-07,450.2773,57093.403306779
3.3492,0.32,5.3748e-08,0.0,60966.723433849
3.0041,0.832,7.1503e-08,1004.254,60302.867546229
9.2584,0.832,3.6184e-07,928.2537,60328.728561161
0.6532,0.512,2.254e-08,2385.238,59682.167416428
3.0264,0.576,1.5498e-07,367.4395,55516.480865012
3.9051,1.024,1.4484e-07,0.0,60876.789702561
4.8091,1.056,1.1226e-07,0.0,60753.213529067
2.5592,0.704,1.8586e-07,377.082,56795.708835935
3.0352,1.6,1.4855e-07,0.0,59476.652684692
22.8823,0.96,8.1016e-07,531.6207,56508.023096377
2.8964,0.832,1.7149e-07,703.928,56247.458618061
9.4294,0.064,2.1314e-07,332.119,55604.550387994
3.0307,0.576,5.3038e-08,368.4794,55698.453187609
7.8867,0.16,1.3465e-07,98.40894,57816.003079519
46.9079,0.112,8.78e-07,1073.204,59210.634808039
1.8961,1.216,6.1576e-08,0.0,60729.691803323
1.4553,1.728,1.7702e-07,0.0,58450.128771385
3.6654,0.128,1.1045e-07,0.0,59120.290266208
2.543,1.856,3.8174e-07,2749.837,54851.626652308
2.4984,0.512,1.2367e-07,95.2408,55101.421727009
6.2925,0.512,1.847e-07,0.0,56824.164642744
22.6936,0.192,1.2439e-06,1168.434,60134.735032693
0.6672,0.128,1.3141e-08,0.0,57713.185848375
4.4379,0.416,1.2435e-07,0.0,60049.473598778
2.4574,0.896,2.2167e-07,58.13097,58326.594083492
14.9314,0.16,4.0691e-07,431.9586,59790.658970279
0.745,0.768,2.1638e-08,0.0,56667.411160529
3.3179,0.832,2.0741e-07,302.2981,54826.044184332
2.6086,0.096,6.3946e-08,0.0,58610.7120016
7.1349,0.048,1.4788e-07,0.0,59233.120946988
1.7391,1.6,1.2913e-07,0.0,61042.883372376
2.0187,1.6,2.0705e-07,565.9553,55396.311315081
4.1064,0.192,1.3587e-07,478.2112,55062.607262364
3.4138,0.768,2.1901e-07,0.0,60148.193558643
2.9797,1.472,3.9923e-07,163.1491,58593.980844515
3.4602,0.064,1.6023e-08,40.64228,58320.642452938
3.0745,0.64,1.5831e-07,216.4151,57201.766634151
3.859,0.832,2.2236e-07,192.3344,57992.818107231
6.4828,0.384,3.0536e-07,0.0,56081.439002938
4.791,0.352,1.7146e-07,584.5059,55098.624930686
8.8627,0.272,2.1055e-07,883.5512,58729.721947401
36.6704,0.128,1.2868e-06,945.6052,57780.066525354
8.6046,0.096,8.3014e-08,166.4221,60336.201857923
8.5151,0.008,1.1738e-07,449.8111,58271.93825627
3.1116,0.704,1.9812e-07,552.1861,58294.940760522
2.6598,0.832,8.1296e-08,0.0,60154.29357037
2.183,0.512,8.4114e-08,0.0,60942.435403977
5.6756,0.512,2.9162e-07,200.954,59542.104092097
2.5716,1.6,2.3594e-07,879.7875,60367.194619957
1.7067,1.792,8.4661e-08,3047.587,57702.179071049
1.5484,1.024,8.3317e-08,0.0,55368.529356834
1.8546,0.768,1.3481e-07,280.8223,56460.564465857
3.9819,1.088,5.3274e-07,2010.687,59422.410263139
3.3938,0.768,7.9965e-08,247.8842,58874.46587679
1.5994,1.216,1.3427e-07,2676.822,59017.679233742
10.9952,1.152,7.5544e-07,1480.176,58898.317234906
3.803,1.344,3.2757e-07,2715.625,55967.649806494
0.5452,1.344,1.4788e-08,289.6341,59460.021366287
6.1003,0.384,2.167e-07,223632.8,55774.334526453
4.2451,0.256,1.3253e-07,452.5927,59785.563374033
2.7195,0.512,1.832e-07,436.5653,57629.334463458
2.2883,1.28,1.2541e-07,697.2255,56243.806067883
4.2054,1.536,1.7263e-07,0.0,61001.989200178
2.0783,0.832,6.4958e-08,348.0094,59431.001534175
58.776,1.616,6.716e-06,0.0,60838.620330815
0.673,0.896,3.2797e-08,0.0,59736.044081891
6.2012,1.664,1.0124e-06,1409.992,54898.733619204
8.1272,0.256,2.9237e-07,511.4674,56427.056456895
1.9047,1.664,1.0968e-07,0.0,57521.552993112
1.4749,0.128,2.8082e-08,0.0,59518.174758735
2.3508,0.64,7.6079e-08,285.794,59115.748421441
1.8717,1.728,9.5884e-08,143.6871,55619.008660026
7.8651,0.96,5.4066e-07,326.1012,59044.344049929
5.0843,0.512,2.5662e-07,711.8329,56813.376975125
1.3166,0.768,7.1976e-08,552.2592,57174.903592651
2.5928,1.024,7.9023e-08,155.5551,59570.768197088
11.1294,0.256,2.5123e-07,647.2079,59874.612342934
3.7625,0.384,6.7691e-08,0.0,59281.837501653
1.8239,1.6,7.0484e-08,1726.651,59832.627058804
4.5093,0.704,2.4177e-07,655.7897,59023.75195548
9.8637,0.64,5.5772e-07,1056.519,56258.913892567
7.24,1.44,2.4754e-07,494.3462,58950.186834747
3.0143,0.512,8.6071e-08,0.0,59752.393899383
2.368,0.896,7.3617e-08,564.5167,54933.061171911
2.6781,0.576,3.9074e-08,170.4839,54709.05294852
4.1935,0.448,9.9557e-08,432.4385,57752.298215186
4.048,0.032,4.1878e-08,0.0,59979.129518688
9.2417,1.792,1.068e-06,136.9883,57288.864162572
0.9805,1.024,6.1541e-08,0.0,60417.782067671
33.5054,1.024,1.2299e-06,718.0015,60193.538277182
0.9653,1.28,9.2433e-08,393.9342,56000.411512425
3.8229,0.416,9.5312e-08,99.09834,57082.04477602
5.6313,0.256,3.0555e-07,1333.845,59771.674983051
3.8642,0.864,3.4692e-08,403.2774,55969.352634138
2.6158,0.832,2.7809e-07,656.5027,54693.916725517
5.1292,0.192,1.9304e-07,309.554,54826.509151684
1.7991,0.64,5.775e-08,0.0,60734.308173113
2.815,1.664,1.1354e-07,0.0,58915.89374053
4.2999,0.192,9.4107e-08,909.0992,59572.980324785
3.9475,1.728,1.7234e-07,1566.548,60539.057035611
1.5601,1.024,4.9133e-08,0.0,56109.654031426
1.4233,1.024,1.5215e-07,0.0,54948.643759905
3.83,1.28,3.5232e-07,71.28341,59599.61939717
5.6892,0.112,1.4829e-07,0.0,58877.408844701
1.7351,1.216,1.6114e-07,0.0,60387.180427248
1.5854,0.576,8.416e-08,588.5718,56214.638201212
0.6491,0.96,2.2722e-08,997.7587,58149.527686366
4.8827,0.192,1.3142e-07,391.7053,58150.705539343
4.3165,0.32,1.6862e-07,2547.424,55868.947982877
38.1155,0.064,7.8343e-07,683.687,59960.374382802
1.7645,0.96,2.3239e-07,951.3375,55002.90110823
11.6964,0.832,3.8025e-07,0.0,60529.919601698
4.2727,0.128,5.8269e-08,295.6631,59811.998220085
3.3007,0.928,7.2655e-08,0.0,60466.171050026
2.9474,1.728,2.4507e-07,0.0,59822.580936634
5.2001,0.448,2.0642e-07,896.8208,59370.21456469
8.3939,1.536,4.9097e-07,785.1097,60532.880091237
4.4413,0.064,1.0727e-07,762.4386,56745.271779788
4.0611,0.512,6.2555e-08,0.0,59785.243713745
6.7237,0.128,1.0623e-07,339.0917,55671.945969141
3.0705,0.064,8.5728e-08,293.6709,60599.68044968
4.1964,0.48,7.0555e-08,0.0,60935.092523045
3.9907,0.192,1.2798e-07,226.5317,57288.429374116
3.0604,0.672,1.3802e-07,98.85343,57489.061718953
3.4634,0.224,9.2136e-08,323.0709,57021.870899469
15.6568,0.32,7.388e-07,0.0,60964.624534311
2.7661,0.32,1.4378e-07,0.0,61000.688182761
5.9517,0.448,1.2755e-07,311.1816,56827.490295512
10.5278,0.24,2.4322e-07,402.3665,55372.77255176
4.6269,0.384,2.1039e-07,530.1995,56848.536869392
2.2407,1.792,1.2215e-07,0.0,58676.017600178
3.8882,0.672,7.0217e-08,0.0,57778.10220263
5.8264,0.256,2.5048e-07,1202.877,56090.687321265
8.4753,0.16,1.3765e-07,517.0612,58705.675014382
2.2513,0.832,1.0987e-07,0.0,60023.948682776
3.5345,0.384,9.4369e-08,0.0,60262.387967503
3.1393,0.448,9.2921e-08,0.0,59621.047093486
2.8623,0.416,5.3855e-08,115.0168,60149.048951983
3.4316,1.088,8.6791e-08,0.0,58476.987354785
2.7407,0.768,1.5993e-07,2610.504,54982.7749594
7.6963,0.96,4.1688e-07,350.31,58188.073533578
6.1707,0.272,1.1264e-07,92.90292,56989.96242868
1.6547,0.576,3.3019e-08,0.0,60911.568216
15.588,0.256,4.8392e-07,322.9394,58371.352453788
15.6843,0.176,4.5053e-07,1520.465,59946.015427856
6.7147,0.128,1.546e-07,373.9791,55660.17871065
3.2918,0.192,1.2948e-07,435.1163,57067.292623259
2.4202,1.792,3.8887e-07,227.9216,57960.248789579
2.9649,0.256,5.6269e-08,1345.125,54813.173398565
3.3441,0.528,5.3892e-08,138.726,60059.229622218
2.7828,0.16,6.5454e-08,461.9866,56961.998158826
11.4077,0.384,5.6913e-07,340.9735,58110.81823001
1.7359,1.408,2.0135e-07,55.48438,57239.745978129
3.2746,0.576,1.5632e-07,0.0,60655.099558733
2.1319,1.6,2.8993e-07,0.0,58582.901452024
3.7842,0.192,9.8958e-08,438.8054,55856.853746575
4.6506,0.192,1.8341e-07,1137.15,54839.321798145
25.1393,0.176,9.8332e-07,714.7665,56901.820573784
3.048,1.28,3.9309e-07,0.0,60321.741753048
10.7148,0.64,3.06e-07,0.0,60009.672934362
5.0234,0.048,5.4477e-08,315.8096,60241.555953943
2.9755,0.32,7.2521e-08,594.7273,56858.1579325
4.9068,0.192,1.4778e-07,1047.985,58540.515111993
4.4239,0.96,7.7348e-07,907.9193,58933.137867389
8.1559,0.448,4.656e-07,835.4348,56150.014239442
2.474,0.192,7.8217e-08,242.9045,55110.360265376
2.2221,1.856,2.6024e-07,0.0,61004.041421101
8.5178,1.6,1.8784e-06,835.3549,56474.760772139
11.0088,0.096,2.6791e-07,0.0,61017.536487828
3.5976,1.856,2.4129e-07,146.6427,59712.865376845
4.0804,1.728,1.4412e-07,768.0232,57780.634360758
5.8502,0.225,1.5802e-07,663.026,60489.817078744
5.3248,1.408,2.3141e-07,318.4117,56788.095272689
61.117,1.536,5.6463e-06,207.2146,58302.949205061
20.6048,0.16,6.0724e-07,1927.986,60506.238926575
39.9594,0.896,4.7542e-06,0.0,59992.911929276
5.0566,0.896,7.9161e-07,874.3542,56169.296568672
3.1,0.32,9.9945e-08,0.0,54939.816260628
6.0382,0.256,2.6606e-07,293.5263,58210.480690118
20.8826,0.288,3.6216e-07,340.9032,57040.926766913
4.065,0.704,1.2372e-07,235.5478,60404.109775826
4.9909,0.64,2.3882e-07,218.9097,55690.475180318
9.9112,0.448,4.8664e-07,273.2042,59162.104928161
16.2244,0.96,9.0088e-07,2623.301,54961.015971888
2.1042,0.128,4.9358e-08,3899.019,56571.366913941
11.1839,0.08,1.0184e-07,299.4746,58190.977980654
2.1199,0.576,9.7129e-08,4205.026,57506.412011138
4.1592,1.92,2.4425e-07,1811.752,57202.564359819
19.2841,0.16,4.9967e-07,938.3804,56156.168399573
4.169,0.896,3.0625e-07,119.8617,58022.782004217
11.9342,0.832,5.3888e-07,0.0,60692.848586732
4.1761,0.96,2.9549e-07,544.7712,56086.488794343
4.8162,0.208,1.5131e-07,536.1563,58146.215238402
35.8503,0.208,1.0323e-06,948.3809,58844.723427594
0.5907,0.32,1.5766e-08,0.0,60957.665932955
10.5031,0.288,3.1589e-07,2158.123,57551.842217005
1.6502,0.896,7.5011e-08,0.0,58386.407297972
1.9501,1.472,8.4735e-08,0.0,59112.650545849
27.0932,0.144,1.1495e-06,1020.079,58954.366731062
2.6591,1.152,1.0269e-07,748.004,55083.854082634
2.7166,0.96,2.2427e-07,409.168,56097.884223528
7.8795,0.32,2.9213e-07,510.8411,55468.916502556
3.9113,0.704,3.2058e-07,669.1092,57358.565159818
60.9947,0.448,1.755e-06,911.5998,54890.203714253
3.711,0.512,3.0153e-07,0.0,61011.768786008
0.4427,0.192,3.0367e-08,1008.848,58708.520253975
5.7692,0.192,1.16e-07,358.3766,55122.957182901
0.7635,1.856,9.637e-08,0.0,56144.705806942
3.3076,0.384,1.2999e-07,215.5846,57542.719399022
6.2213,0.896,2.2371e-07,427.4282,57177.433840299
0.0061,0.064,1.5135e-08,0.0,59748.760821326
2.067,0.32,4.1961e-08,2512.412,58959.106233768
6.4307,0.576,9.0539e-08,323.6741,55203.073979914
2.874,0.064,5.1579e-08,554.9803,58903.415793599
11.5359,1.917,1.8819e-06,170.7539,55546.720747034
3.0808,0.336,2.4362e-08,133.5828,60191.34689044
1.9996,1.92,1.7146e-07,544.2383,55231.858376931
4.1885,1.28,1.5983e-07,1091.979,56983.087108476
2.6242,0.192,7.4547e-08,592.3087,54670.913461323
7.6767,0.32,4.3456e-07,1961.361,57740.221796045
6.0863,0.096,7.547e-08,50.60793,58056.72899447
3.8348,0.256,1.039e-07,1955.497,58225.689417287
5.381,1.536,3.12e-07,401.2027,58970.434546843
6.1876,0.192,2.2404e-07,305.8758,55161.332925491
2.5283,1.28,4.0237e-08,1082.55,56186.084906312
6.8343,0.256,1.7718e-07,0.0,60053.567863412
4.5539,0.96,3.1709e-07,660.168,54714.499248127
9.3137,1.856,1.0789e-06,0.0,60739.645114807
10.6705,0.192,2.7906e-07,1137.651,56398.770061296
0.8601,0.64,4.8689e-08,0.0,61084.349882956
3.0873,1.152,1.049e-07,131.6213,58106.279364339
1.9027,0.768,1.161e-07,217.6597,55902.511993108
4.548,0.96,2.1162e-07,404.8456,58335.54347819
5.7462,0.256,1.4889e-07,939.7919,57384.128616462
1.3596,0.192,3.9431e-08,0.0,60075.944655074
0.0792,0.016,3.0771e-08,266.4845,56963.111994665
2.3662,0.512,9.1363e-08,244.7763,54830.870612694
7.1727,0.384,3.9132e-07,1195.94,55529.652449741
4.8473,0.144,7.5705e-08,1357.729,56319.743332565
4.6053,1.088,1.5098e-07,953.6964,56027.584724448
3.0973,1.408,2.0661e-07,0.0,60954.560822088
18.056,1.024,2.3973e-06,252.4569,59362.585950956
6.4217,0.448,2.692e-07,454.9047,55707.714604272
3.1891,0.512,8.9999e-08,0.0,60858.617730493
5.3308,0.384,1.2439e-07,303.38,56170.901063364
3.7483,0.384,7.6097e-08,0.0,57873.204395215
10.2279,0.8,2.6517e-07,332.573,60048.33390028
5.2006,0.96,1.4114e-07,550.8116,55256.067576777
5.4878,0.704,1.2717e-07,89.2616,56071.133966189
2.017,0.384,6.2595e-08,297.467,55835.804150181
9.7394,0.448,3.9962e-07,1239.158,58210.406242679
0.6591,1.6,5.2163e-08,9914.39,56950.438555036
4.3303,0.256,1.6468e-07,0.0,60651.868770205
8.2948,0.744,1.0892e-07,70.71641,60566.83587921
13.1274,0.64,7.8823e-07,800.9833,57245.848770243
2.8712,1.408,1.4794e-07,0.0,59676.167154535
1.4876,1.792,1.6589e-07,0.0,58146.881475191
1.0653,0.384,3.2598e-08,155.3529,60465.594432764
12.8364,0.256,6.112e-07,1015.254,60052.883026556
8.6059,1.472,2.3219e-07,260.6005,55845.093864523
2.6503,1.28,1.1691e-07,3208.53,58117.119052562
5.9735,1.472,2.2087e-07,0.0,59709.146601282
10.3712,0.32,2.4537e-07,393.5377,59936.997300454
7.4557,0.96,2.2887e-07,119.7571,56554.173382652
3.8087,0.704,1.7508e-07,67.12282,59593.584576538
0.1027,0.64,4.033e-08,0.0,60205.411533617
3.2782,0.88,2.6685e-08,388.8279,56415.214223946
1.8884,0.256,4.83e-08,171.6241,60123.23305739
3.3198,0.32,1.6018e-07,822.2206,58331.275735119
2.7743,0.672,2.5915e-08,333.3569,55675.758063037
2.748,0.064,7.9979e-08,421.657,56803.571466658
2.4985,1.536,2.2269e-07,72.94752,56204.210627217
3.0352,0.08,8.8063e-08,25.72617,57023.641371157
6.0222,0.032,1.2465e-07,0.0,60263.650245386
3.1382,0.64,2.1961e-07,584.0536,58011.51963271
3.6946,0.192,1.081e-07,1473.549,59934.915090136
3.9557,0.128,1.1883e-07,620.0573,56686.499324438
17.3395,1.728,1.924e-06,767.9626,60543.775030113
16.0573,0.08,3.63e-07,522.4109,56941.282180105
3.2755,1.728,1.1739e-07,419.144,56469.452127481
2.3583,0.896,1.564e-07,615.0071,58174.417293697
3.9952,0.448,1.431e-07,1898.088,54926.662978482
2.581,1.664,1.5862e-07,140.6515,56046.002861851
1.0076,1.28,6.3895e-08,1251.22,55955.311968214
4.2786,0.128,7.428e-08,673.1649,58249.363608631
10.9482,0.112,1.4326e-07,459.3614,55759.180447457
3.5973,0.768,1.2698e-07,172.8134,58717.705198102
19.5776,0.32,1.5378e-06,0.0,61054.486415624
7.171,0.192,1.3102e-07,1736.739,57604.967752555
5.1136,0.064,1.2046e-07,366.493,56506.730472257
5.2254,0.384,1.5108e-07,327.5499,55500.624684339
7.6127,0.704,3.903e-07,314.1826,59033.341430681
2.1479,0.576,8.3975e-08,0.0,60162.168430249
3.1982,1.28,4.2115e-07,628.1061,55504.809884851
4.3485,0.064,6.9131e-08,0.0,59511.065409708
2.2339,0.64,7.9133e-08,0.0,60626.076153086
2.2953,0.768,8.2964e-08,0.0,60004.686611519
9.8516,0.768,5.0891e-07,831.6712,57595.065367108
2.8472,0.704,1.2248e-07,217.3579,57208.588328796
3.3862,1.664,3.761e-07,0.0,58393.616520157
3.007,0.512,1.713e-07,138.3298,59282.998554734
24.1922,0.384,1.4644e-06,1399.5,56416.313928079
6.2622,0.576,1.7571e-07,197.455,60150.439477765
11.8018,0.144,3.448e-07,670.3316,57287.23436431
2.8836,0.256,1.4322e-07,0.0,60817.918053008
3.9757,0.288,9.5524e-08,3526.666,58176.211302784
5.8461,0.16,1.1145e-07,444.4234,59956.342042796
35.2604,0.152,4.8299e-07,94.8918,60486.31435915
5.3505,0.512,4.4359e-07,2015.308,56223.322418353
8.9296,0.64,4.6883e-07,1128.322,58935.872779691
2.4514,0.96,1.0395e-07,0.0,59789.428836929
2.3092,1.28,2.4042e-07,0.0,58565.547972713
1.0387,0.448,9.8984e-09,0.0,60397.514843949
1.574,1.152,2.0349e-07,224.1624,54998.156742271
2.3866,0.384,1.4343e-07,619.3962,57148.971703676
4.1513,0.32,2.073e-07,0.0,60374.928200808
2.0716,1.536,3.1569e-07,177.6666,55717.779734315
3.6688,1.152,2.9814e-07,125.8451,56569.903514841
3.6237,0.192,7.0494e-08,169.7243,54792.613498051
3.6426,0.32,2.5623e-07,326.0434,59114.717981685
2.5667,0.896,8.2537e-08,210.498,56862.533205728
3.4995,0.96,1.4143e-07,629.6583,55858.895859301
5.2259,0.256,1.9755e-07,240.0334,55213.879394252
0.813,1.664,6.6023e-08,0.0,55827.481070109
8.4992,0.224,2.6877e-07,363.7525,58664.256924989
3.8143,0.64,1.1271e-07,0.0,60902.492486521
5.1555,0.832,2.0804e-07,0.0,58692.271259866
1.5521,1.792,1.6386e-07,81.34022,57626.938088868
5.9472,0.704,6.7518e-07,451.5406,58314.754919691
4.3223,0.288,9.5465e-08,185.0969,60192.656247337
47.693,0.224,1.4418e-06,2708.371,58640.079951114
0.8285,0.704,3.2384e-08,252.5847,56107.56541298
9.1197,0.096,1.5318e-07,290.5131,56832.422695549
3.7588,1.12,7.3331e-08,0.0,60703.682566814
3.7627,0.336,7.1231e-08,321.9956,57787.486410358
7.474,0.256,3.2807e-07,452.4891,55495.034214584
7.2225,0.16,1.8032e-07,620.4216,59681.7130676
3.3191,0.128,8.5988e-08,198.2088,54771.490648818
1.7326,0.384,7.7764e-08,254.8823,57442.910681372
0.6851,0.128,1.1691e-08,0.0,60478.59908141
1.9021,0.192,5.3127e-08,0.0,61082.891971463
8.7222,0.576,5.7803e-07,877.6862,55529.725987736
8.1087,0.32,1.8496e-07,589.1711,57271.943603088
0.9651,0.768,6.4876e-08,0.0,60835.366187618
2.2717,1.344,1.0457e-07,0.0,60874.295602947
3.7079,0.896,1.4265e-07,0.0,60723.324602132
6.2348,1.856,3.7796e-07,565.8079,57943.333610873
2.6373,0.832,1.0465e-07,0.0,59321.956794466
3.8923,1.344,1.3155e-07,0.0,59308.14123146
4.404,0.384,1.0317e-07,881.7613,59973.253716986
1.3737,1.088,1.3407e-07,0.0,59814.145050759
5.242,0.08,6.4836e-08,232.6574,58317.081766214
2.7814,1.664,9.0563e-08,684.873,57461.473211666
0.7209,1.472,1.2761e-07,0.0,60546.549498828
6.9548,0.704,2.8081e-07,432.2994,58731.985051952
2.3417,0.832,7.2532e-08,667.3471,60599.467131141
2.0083,0.576,7.6575e-08,133.2002,57124.507369695
4.241,0.192,1.365e-07,206.6331,55363.77260296
3.9771,0.832,1.7322e-07,915.3809,54921.680791496
1.736,0.512,1.1542e-07,0.0,57068.026002282
3.7854,0.128,5.5579e-08,224.9422,58014.139153701
50.4184,0.04,1.2631e-06,671.3044,57622.671990857
7.486,0.256,3.0944e-07,1244.559,55250.109829935
2.9178,0.288,5.7347e-08,602.7156,59040.036192972
2.416,0.192,1.0829e-07,483.6549,55538.203436522
1.821,1.216,1.325e-07,1013.532,54751.045402581
1.5931,0.96,7.1672e-08,1807.118,56032.891447063
2.9903,0.992,5.2232e-08,74.91448,58914.934320911
4.0058,0.896,2.9936e-07,685.8927,58628.031801524
6.4505,1.344,3.881e-07,0.0,60996.513797946
3.2749,0.32,1.5253e-07,1307.77,56749.007025436
1.9265,1.28,2.9564e-07,0.0,58804.637249546
8.6419,0.512,2.9894e-07,943.4278,56471.859742931
3.7813,0.64,3.9257e-07,1652.63,54950.752748982
2.565,0.128,6.3015e-08,0.0,60653.233150027
5.5001,0.576,1.8742e-07,79.90772,57983.137036799
1.9884,1.728,1.8411e-07,0.0,60962.019795565
18.0821,0.768,3.6641e-07,0.0,60648.15234392
5.3917,0.384,3.1384e-07,1155.903,59410.86563203
3.5305,0.16,7.9946e-08,265.9876,57385.486185977
48.9318,0.64,2.5545e-06,4231.105,56102.308626613
2.8102,0.48,9.2421e-08,2087.83,58008.984868895
6.0681,0.384,4.7304e-07,0.0,59112.831245025
2.746,0.576,6.3392e-08,0.0,60960.61559265
16.6573,0.768,9.4643e-07,1399.93,54816.530555485
4.3849,1.088,8.975e-08,0.0,59484.030530771
1.7259,1.536,1.5149e-07,0.0,60987.888729866
2.9929,0.96,2.5689e-07,429.219,54672.54124725
6.5781,0.32,2.6144e-07,467.5235,54868.619932531
2.7762,0.192,3.8053e-08,0.0,60569.608855612
2.4983,1.984,4.2533e-07,174.2733,58249.43741442
2.6664,0.448,5.2698e-08,0.0,59197.672067325
2.4331,1.6,6.9832e-08,2117.193,59406.43187702
1.9772,1.6,6.0017e-08,1747.082,55988.7222116
8.3721,1.664,1.0706e-06,179.1803,57606.584009497
5.8424,0.448,3.3335e-07,1246.481,59877.040490958
5.0813,0.448,7.3326e-08,373.3887,57777.528113792
10.9953,0.192,1.9612e-07,0.0,60935.269263079
3.6661,0.96,1.3478e-07,278.1827,59366.72376779
31.2947,0.704,9.8522e-07,0.0,59522.782069506
16.3884,0.448,6.5983e-07,390.6323,57817.256328523
0.7462,1.472,9.8352e-08,0.0,60599.073304557
0.4815,0.32,1.5506e-08,0.0,59866.020674677
4.1586,1.536,1.388e-07,321.3014,56342.625855853
11.9291,1.28,1.2669e-06,1150.903,59384.531756131
2.077,1.92,7.1577e-08,0.0,59486.153926575
5.3835,0.544,1.2202e-07,79.24372,58212.847587482
12.5228,1.6,8.3975e-07,1249.177,57981.599351331
1.7315,1.792,2.6016e-07,1040.224,56087.579578968
12.821,0.176,3.3641e-07,668.7704,55233.562562387
0.8188,1.088,3.89e-08,0.0,60805.925464575
1.856,1.28,1.2725e-07,0.0,59719.87613093
14.3516,0.448,6.5369e-07,0.0,60764.911366929
5.1683,0.256,1.0061e-07,228.2634,57266.924125821
3.8542,1.6,1.5458e-07,328.9915,57774.132546581
5.2734,0.576,6.055e-07,625.6821,55359.544695093
8.5337,0.512,4.0674e-07,890.8319,56547.357615692
1.7731,0.832,1.2746e-07,0.0,59346.78892729
14.1104,1.28,1.8448e-06,1158.459,60558.18560347
0.0,0.0,0.0,181.6573,55008.707470652
33.0444,1.168,5.1375e-06,428.5928,57790.452751111
6.2917,0.448,4.8738e-07,703.4066,56212.723800769
4.1647,0.176,4.7403e-08,149.568,57178.782164765
2.9004,0.576,1.0987e-07,0.0,59299.05723294
3.1324,1.024,2.1176e-07,0.0,60694.945211831
4.3505,0.08,1.1132e-07,549.8489,58688.030518429
4.7771,0.704,3.7546e-07,2909.121,59747.771677112
9.744,0.192,3.5905e-07,572.3456,54999.208316848
7.2999,0.384,5.8257e-07,1095.389,55419.108210222
8.743,0.832,5.1671e-07,476.6246,58327.881931861
5.348,1.792,3.4768e-07,0.0,60345.851744365
3.2284,0.256,5.6778e-08,450.1406,60318.167768623
5.0838,1.664,6.7777e-07,74.62303,54777.320846237
4.3749,1.728,3.8481e-07,725.8069,57231.151001083
4.0386,1.152,3.0846e-07,2396.317,57945.712922188
4.3148,0.576,1.1261e-07,0.0,60884.392888588
6.1799,1.408,6.1772e-07,0.0,57079.222532152
6.3236,0.768,3.6769e-07,200.9495,57004.300178577
3.0407,0.768,1.4075e-07,429.2598,55189.373339785
8.6813,0.48,2.0926e-07,392.7464,57846.582844879
1.7473,0.64,9.1459e-08,202.3892,55332.396276818
1.3399,1.984,3.7486e-07,965.1357,55197.987675726
3.4595,1.664,2.2118e-07,1725.296,58448.161693865
1.1828,0.576,7.1472e-08,440.6319,56662.747600023
5.6849,0.832,2.4689e-07,1265.368,60229.230793477
1.2066,0.512,4.2145e-08,0.0,57054.039517231
25.7074,0.144,4.6872e-07,315.4425,57942.045963608
3.9899,0.544,8.5162e-08,901.3311,58263.151378266
2.6498,0.704,1.6882e-07,781.9813,55770.055819631
2.8506,0.64,2.2403e-07,1163.514,57124.93097456
3.2116,0.32,8.6773e-08,2095.434,57224.431324621
4.7676,0.448,2.2451e-07,187.3404,58155.202812522
6.1012,1.056,5.687e-07,420.1888,56066.7210066
4.658,0.832,5.839e-07,674.6902,55081.808188359
4.4482,0.576,1.592e-07,1791.901,57837.331227327
4.0118,0.08,3.9849e-08,0.0,58407.717655133
6.1212,0.016,4.3802e-08,0.0,60477.233832184
7.7662,0.256,2.8079e-07,1135.05,57991.36883697
0.0001,0.256,5.5515e-08,0.0,60334.867159808
10.0112,1.28,7.3271e-07,424.0999,57244.484825346
3.6028,0.64,2.0691e-07,1703.05,54763.890750743
6.7809,0.032,1.3809e-07,0.0,59204.591470074
2.9068,1.728,5.2078e-07,541.5581,54772.364589189
14.7086,0.704,6.7409e-07,0.0,60903.062620991
2.787,1.088,8.9375e-08,0.0,60682.481994135
3.5669,0.896,2.2754e-07,4810.727,56153.200840034
15.509,0.32,5.619e-07,707.7983,60283.100826475
5.3717,0.032,6.9932e-08,0.0,54829.675201106
370.312,0.576,1.7833e-05,401.2292,58474.841405537
1.9355,0.384,1.5664e-07,716.321,55029.111479009
4.36,0.384,2.5249e-07,1665.634,56358.12620916
6.2425,0.432,2.2057e-07,287.5588,55882.509514227
3.0922,0.288,2.5636e-08,0.0,60810.865531372
2.0721,0.384,1.8591e-07,1150.253,57218.135742932
1.2445,1.472,6.743e-08,0.0,58034.079616833
3.4817,0.256,7.305e-08,239.4732,56013.417930945
4.7598,0.576,5.6995e-07,0.0,59727.258882101
2.1683,1.408,6.2884e-08,0.0,59740.90598299
3.3897,0.96,2.5158e-07,281.8124,56465.615199119
2.8383,0.256,9.6357e-08,624.1074,56778.138673675
3.8882,1.92,3.158e-07,143.7076,58286.871799346
1.6185,1.792,3.1954e-07,0.0,60324.46057992
5.6644,0.448,2.8666e-07,512.0059,57620.495956554
0.7267,0.896,6.6156e-08,0.0,56135.353924548
12.4864,0.96,5.6691e-07,1497.037,59296.918268478
1.2359,0.704,2.4786e-08,0.0,56900.214597868
1.4821,0.576,1.3689e-07,4606.164,55962.285478094
0.6987,0.768,3.24e-08,0.0,60632.615460077
1.9812,0.512,9.3692e-08,0.0,60085.210691356
2.1119,0.96,1.0562e-07,615.3942,56999.631924993
9.1437,0.512,5.0883e-07,836.6934,56876.499693101
10.9119,1.088,1.1506e-06,173.1015,55979.02055706
2.1429,0.48,3.8228e-08,624.4161,58037.810045671
1.1968,0.192,4.3284e-08,1766.214,55235.385809512
1.7456,0.448,6.9436e-08,313.0786,55605.875594233
2.0599,0.704,5.9002e-08,0.0,57877.734386405
10.1061,0.832,7.4292e-07,232.7175,55376.801427693
1.092,0.016,5.3281e-08,0.0,58121.089723587
9.217,1.664,1.2277e-06,1324.942,57806.209017133
0.3867,0.832,1.9961e-08,0.0,60137.027236234
208.061,0.032,6.3508e-06,144.574,58065.656093797
7.9061,0.832,5.3424e-07,663.9215,57387.568150062
7.9414,0.224,3.4606e-07,890.2384,55877.908196339
6.5343,1.28,4.4146e-07,313.801,56966.406102001
3.9187,1.264,8.9716e-08,0.0,58618.18961962
3.5767,1.408,1.195e-07,204.6065,60563.487853617
2.9631,0.224,7.9548e-08,486.3318,57948.049202813
2.2036,1.28,1.5258e-07,0.0,59183.229740183
3.0446,0.704,6.5105e-08,679.8425,56666.770904637
3.5654,0.384,1.8171e-07,618.9827,57563.477098988
188.577,0.384,5.3681e-06,413.7892,56009.507172722
1.0816,0.32,3.559e-08,316.2015,58141.820020528
2.4335,0.32,6.1418e-08,13076.56,54789.184340961
3.9851,0.64,2.463e-07,530.5813,59903.895461232
5.8134,1.792,9.0799e-07,1966.944,60511.017259445
187.268,0.352,6.6295e-06,347.2687,60310.539858328
6.4471,0.192,1.7467e-07,369.4204,54804.516965197
3.8192,0.768,3.5329e-07,1737.197,56643.108467173
9.8803,1.152,8.5463e-07,1292.188,58153.108529238
6.3548,0.128,1.42e-07,0.0,60940.884327123
1.9159,1.984,2.9146e-07,89.53919,56624.629459293
1.9671,0.256,4.9272e-08,978.8054,58443.306588746
2.1858,0.024,6.9733e-08,0.0,55161.388756164
0.8554,1.728,1.1291e-07,0.0,58900.161790639
3.2838,0.256,5.9467e-08,181.6577,57182.316196559
3.909,0.192,6.7173e-08,513.449,57288.296946575
38.4254,0.304,1.8133e-06,2170.823,54889.771544061
8.2143,0.432,2.289e-07,698.8821,57484.503203683
66.725,1.408,5.7305e-06,243.9309,56697.31317396
2.4308,0.704,1.3414e-07,5143.288,58607.678105479
2.8133,0.192,7.1935e-08,233.9867,56153.802855852
7.7044,0.576,5.0385e-07,199.8861,54823.419411431
6.7661,0.256,1.2241e-07,91.55299,56512.253167722
5.8035,0.192,7.1507e-08,1822.74,54918.713251586
1.9355,0.576,6.9582e-08,0.0,60443.681739096
4.2062,0.64,4.6491e-07,465.2468,58613.430046804
4.9483,1.472,2.2204e-07,0.0,59771.278560511
16.0392,0.048,2.8147e-07,318.716,55045.23545234
11.3504,0.064,1.1064e-07,231.5572,55413.30014441
0.9887,0.96,2.6048e-08,0.0,59158.482284421
0.5497,1.536,4.9602e-08,385.3028,59107.143926471
1.71,0.128,1.7629e-08,722.8513,57061.928687689
30.0007,1.136,2.7077e-06,194.924,59087.187414012
4.4618,0.192,1.4988e-07,792.5041,55243.421529947
2.3308,0.96,1.4945e-07,993.4102,56818.487057378
3.935,1.152,1.1757e-07,0.0,59788.681010923
0.5623,0.896,3.7473e-08,0.0,60178.992296337
8.4026,0.768,5.8239e-07,1445.343,57378.340435463
2.9681,0.48,4.6254e-08,261.7709,57023.270066683
4.1392,0.32,1.7485e-07,0.0,59668.519551775
0.5943,0.896,2.5107e-08,508.6878,59352.889096235
1.2402,1.664,9.9947e-08,0.0,58983.380290785
3.7459,0.192,1.5856e-07,0.0,58443.400686286
4.257,0.08,6.0801e-08,228.1377,57106.695862213
3.5004,1.28,3.6385e-07,356.9443,56996.337007995
1.7873,0.704,9.6502e-08,1210.65,56056.619477315
3.5032,1.28,8.4635e-08,396.2972,54775.613788048
22.2151,0.096,4.49e-07,869.0389,60476.744271446
3.2311,0.256,6.0442e-08,126.9114,59214.622025487
4.7333,1.792,6.3338e-07,314.596,56834.84322046
3.5924,0.272,9.374e-08,0.0,60693.771666279
0.6745,0.32,2.3532e-08,0.0,58634.568099793
2.3422,1.792,2.0807e-07,4241.173,56559.910435645
1.0519,0.96,3.2122e-08,473.8487,59157.622466019
79.3628,0.96,3.2965e-06,517.1387,57253.439808993
1.2664,1.28,4.0459e-08,0.0,60561.573666057
18.2507,0.192,7.485e-07,1021.997,55747.150832616
6.4648,0.32,1.5827e-07,317.1451,57317.577107513
10.5445,0.368,2.7122e-07,305.9569,58600.190452323
1.6525,1.792,2.1718e-07,1847744.0,55820.015991299
5.6639,0.32,4.4133e-07,1243.219,57908.602836647
6.3299,0.576,2.5361e-07,343.7138,54680.385538512
1.6386,0.192,3.2756e-08,0.0,60345.662480704
5.6049,1.472,4.2259e-07,434.4489,55341.744040295
2.4059,0.96,2.0209e-07,0.0,54857.244834893
0.824,1.536,6.4223e-08,0.0,56161.627736098
6.7727,0.576,2.2899e-07,112.2571,58876.152844618
4.1482,0.192,1.1787e-07,1694.898,56327.483931755
4.4688,0.16,7.1912e-08,0.0,60891.484762523
20.6677,0.144,4.6945e-07,140.6982,59204.9628973
3.1332,0.112,8.3668e-08,192.7401,57687.373105102
5.8905,0.032,1.004e-07,243.163,58608.05149687
1.1371,1.152,1.7747e-08,0.0,60281.830604768
1.3526,1.728,1.3163e-07,832.5048,56972.435411928
2.7608,0.32,5.6865e-08,999.1007,55673.029034201
13.3494,0.32,6.8755e-07,845.7714,60064.32452321
6.553,0.96,3.7112e-07,1076.418,59107.845547938
2.7647,0.768,1.6082e-07,81900.0,54971.831874721
7.8696,1.408,8.4116e-07,1065.664,60444.169271296
5.1499,1.28,3.2316e-07,0.0,59976.2358033
2.826,1.344,6.7964e-08,243.1277,55496.229522705
3.7141,0.768,4.1439e-07,387.0484,58374.783420604
0.9918,0.512,2.3562e-08,168.4376,54728.789989644
4.4618,0.256,9.1714e-08,664.8873,58329.017828046
6.2353,0.96,3.1119e-07,470.0422,58295.391558426
4.0074,0.64,1.0336e-07,0.0,60455.491412611
2.134,1.344,1.3943e-07,0.0,59344.805565166
0.6368,1.6,2.82e-08,0.0,57548.689775881
3.1259,0.128,3.3953e-08,94.05456,58739.154969121
2.771,1.728,1.0621e-07,446.0818,55554.227243769
13.1317,0.704,5.1732e-07,147.2067,54839.020166267
60.9514,1.472,4.8423e-06,102.8706,58083.235228109
2.3988,0.128,6.546e-08,798.7237,55383.693274587
6.5266,0.384,3.7238e-07,494.5233,55283.140794039
0.8502,0.32,2.3295e-08,0.0,60553.710167494
3.3739,0.512,1.1496e-07,975.4105,55297.515941484
8.9097,0.384,4.2495e-07,0.0,61029.984775796
3.3169,0.128,7.7806e-08,505.9506,56478.39796249
2.4313,1.536,1.9143e-07,5221.024,55490.06286641
24.6092,0.256,1.1663e-06,734.673,58787.891332502
3.766,0.512,1.1226e-07,348.4718,59910.35220504
2.3361,1.984,1.0292e-07,845.0244,58261.782269756
1.578,0.256,2.4919e-08,502.5656,56255.605640037
2.562,0.704,1.985e-07,0.0,61037.029285383
4.4688,1.088,3.4863e-07,352.1313,56662.064595066
15.681,0.096,2.182e-07,1357.252,57803.002165776
2.9926,1.024,2.333e-07,1408.494,59753.64856981
5.7766,0.64,5.5856e-07,1192.741,57604.179667179
4.2153,0.192,1.7514e-07,305.4,55303.166478337
1.9352,1.728,1.0702e-07,0.0,54840.332285794
1.4351,0.832,7.6115e-08,0.0,58820.289804121
22.2231,0.32,9.3585e-07,616.8108,59005.76229392
0.9571,1.536,9.7117e-08,0.0,58128.608324288
2.8112,0.176,1.2106e-07,614.3219,58094.054658007
2.6152,0.832,1.2958e-07,1149.838,57879.168613439
22.8889,0.352,7.7506e-07,0.0,60723.996317151
2.7703,0.64,6.9547e-08,27.4777,58150.780387696
1.5344,0.256,3.813e-08,185.1227,58148.744060078
4.606,0.128,8.7641e-08,185.5407,55927.354246615
0.636,1.984,6.8406e-08,551.4519,57097.400106465
0.8654,0.96,7.9439e-08,1792.267,57429.118614305
18.4241,0.128,5.4712e-07,556.1556,56622.162620734
3.1774,0.096,4.1036e-08,251.0613,59023.137507378
6.0278,1.408,1.4634e-06,624.8391,56993.470203769
3.4615,0.64,1.6702e-07,757.2717,58635.324585368
2.9993,0.832,2.8691e-08,154.5984,59036.23066349
3.4951,0.384,7.1312e-08,533.7822,60161.684153052
4.0834,0.128,1.1729e-07,465.9605,55534.343270886
2.3975,1.792,2.7784e-07,0.0,59974.204038253
1.8068,1.28,6.2827e-08,0.0,55399.290563932
3.9645,0.576,1.7548e-07,954.7247,54783.230241867
2.5393,0.832,2.7643e-07,0.0,59335.939608277
3.2504,0.048,6.4193e-08,678.1469,56094.629752761
4.1978,0.128,9.6499e-08,449.5187,56479.900090394
4.2121,0.384,2.2082e-07,0.0,59919.586391346
2.4812,0.96,1.3044e-07,205.1595,56386.876516543
1.335,1.664,2.1732e-07,0.0,57614.621509048
10.6293,1.024,4.7906e-07,0.0,61067.835099168
2.6559,0.768,2.8093e-07,542.9983,54829.186827316
3.9157,0.448,7.8346e-08,0.0,60271.832238238
2.7003,0.384,1.0349e-07,323.051,58333.590158957
3.7056,0.192,7.168e-08,772.3461,57676.400012779
0.8663,1.536,8.6941e-08,0.0,59856.622359991
4.0659,0.032,6.5721e-08,516.9235,57707.744810468
6.1347,0.192,2.4102e-07,840.1863,55057.367838216
2.3367,1.024,1.1243e-07,451.2037,57164.943565601
2.1301,0.064,4.6467e-08,0.0,59750.015811358
2.7788,0.448,9.3011e-08,775.0372,54881.073821165
2.58,0.64,8.6129e-08,0.0,55519.685447428
1.8796,0.896,2.0207e-07,1815.491,56987.233293246
3.7835,0.832,7.8802e-08,601.2784,54763.245243122
4.1827,0.832,1.5944e-07,788.1045,57764.760140332
2.8425,0.64,4.1568e-08,154.9492,56376.005402991
0.5675,1.856,7.2687e-08,0.0,59380.981870411
3.2875,1.088,1.0267e-07,156.4918,57621.936959873
2.7375,0.768,2.1315e-07,633.723,56489.442286899
7.5819,0.096,1.1324e-07,332.052,57050.624241937
2.6998,0.32,4.6307e-08,569.3965,54785.890603556
11.8246,0.192,4.1737e-07,852.6987,54809.980513761
2.7851,0.32,7.1633e-08,15263.44,57583.096708543
14.621,0.496,3.8002e-07,0.0,61070.562046541
4.9222,0.768,2.6428e-07,118.8036,60432.906304962
1.1478,0.448,1.5616e-08,0.0,60517.338761469
6.5322,0.512,1.8437e-07,1278.323,57148.629926118
4.8186,0.032,5.6881e-08,0.0,58962.579298293
22.459,0.512,7.9636e-07,2681.666,55710.033829531
3.053,0.576,1.8945e-07,1913.682,56185.00048192
10.7137,0.32,3.6043e-07,588.348,56775.906002303
7.8504,0.064,1.3056e-07,901.3042,57101.462171279
31.1582,0.576,2.2906e-06,1079.138,60011.564206036
5.7999,0.384,1.9671e-07,421.217,55003.921825238
31.7564,0.288,1.7521e-06,800.3752,55917.619386844
11.2172,0.112,2.8906e-07,819.5804,60089.448707541
3.6039,0.192,2.0056e-07,0.0,59156.259141305
6.7161,1.056,3.6069e-07,646.3401,57486.267868713
4.7989,0.448,1.1684e-07,0.0,59661.507078317
9.3403,0.576,3.263e-07,822.2901,55435.455432097
2.1724,0.384,3.7994e-08,189.4557,55592.779613118
3.3351,0.32,1.6368e-07,299.2777,57277.600365877
4.8918,1.856,7.7315e-07,1677.535,54895.051802404
4.946,1.792,2.7012e-07,1216.41,58477.786436935
2.5629,0.576,1.5619e-07,438.5744,55188.191092069
7.4924,0.576,3.1701e-07,0.0,58501.937383476
1.3486,1.28,1.0492e-07,151.4998,57884.647977598
1.0318,1.6,9.5624e-08,0.0,59349.546362293
2.7075,0.512,2.3767e-07,1262.834,56985.276628887
2.9335,0.448,1.119e-07,628.8237,56974.345642393
4.4818,0.208,6.0818e-08,213.8527,55123.750473162
14.3834,1.408,1.9903e-06,186.818,59466.446751911
3.6566,1.664,2.8526e-07,0.0,58314.741193177
0.7713,0.704,2.7214e-08,0.0,60552.177168894
8.9562,0.304,2.0602e-07,554.5049,59389.040546849
9.3519,0.704,8.0259e-07,1049.728,55116.782670946
