9.258399999999999963e+00 8.319999999999999618e-01 3.618400000000000161e-07 9.282536999999999807e+02
2.288230000000000075e+01 9.599999999999999645e-01 8.101600000000000495e-07 5.316207000000000562e+02
9.429399999999999338e+00 6.400000000000000133e-02 2.131399999999999882e-07 3.321190000000000282e+02
7.886700000000000266e+00 1.600000000000000033e-01 1.346500000000000047e-07 9.840894000000000119e+01
4.690789999999999793e+01 1.120000000000000023e-01 8.780000000000000005e-07 1.073203999999999951e+03
2.269359999999999999e+01 1.920000000000000040e-01 1.243900000000000067e-06 1.168433999999999969e+03
1.493140000000000001e+01 1.600000000000000033e-01 4.069099999999999822e-07 4.319585999999999899e+02
4.106399999999999828e+00 1.920000000000000040e-01 1.358700000000000116e-07 4.782112000000000194e+02
4.791000000000000369e+00 3.519999999999999796e-01 1.714600000000000014e-07 5.845058999999999969e+02
8.862700000000000244e+00 2.720000000000000195e-01 2.105499999999999895e-07 8.835511999999999944e+02
3.667040000000000077e+01 1.280000000000000027e-01 1.286799999999999902e-06 9.456051999999999680e+02
8.604599999999999582e+00 9.600000000000000200e-02 8.301400000000000471e-08 1.664221000000000004e+02
8.515100000000000335e+00 8.000000000000000167e-03 1.173799999999999963e-07 4.498111000000000104e+02
5.675600000000000200e+00 5.120000000000000107e-01 2.916200000000000133e-07 2.009540000000000077e+02
4.245099999999999874e+00 2.560000000000000053e-01 1.325300000000000095e-07 4.525926999999999794e+02
8.127200000000000202e+00 2.560000000000000053e-01 2.923700000000000167e-07 5.114673999999999978e+02
7.865099999999999980e+00 9.599999999999999645e-01 5.406600000000000251e-07 3.261012000000000057e+02
5.084299999999999820e+00 5.120000000000000107e-01 2.566199999999999778e-07 7.118328999999999951e+02
1.112940000000000040e+01 2.560000000000000053e-01 2.512300000000000070e-07 6.472078999999999951e+02
4.509299999999999642e+00 7.039999999999999591e-01 2.417699999999999739e-07 6.557897000000000389e+02
9.863699999999999690e+00 6.400000000000000133e-01 5.577199999999999939e-07 1.056519000000000005e+03
4.193500000000000227e+00 4.480000000000000093e-01 9.955699999999999607e-08 4.324384999999999764e+02
5.129199999999999982e+00 1.920000000000000040e-01 1.930399999999999869e-07 3.095539999999999736e+02
5.631300000000000416e+00 2.560000000000000053e-01 3.055499999999999799e-07 1.333845000000000027e+03
4.882699999999999818e+00 1.920000000000000040e-01 1.314199999999999949e-07 3.917053000000000225e+02
4.316499999999999559e+00 3.200000000000000067e-01 1.686200000000000104e-07 2.547423999999999978e+03
3.811549999999999727e+01 6.400000000000000133e-02 7.834299999999999683e-07 6.836870000000000118e+02
4.272700000000000387e+00 1.280000000000000027e-01 5.826899999999999720e-08 2.956630999999999858e+02
4.299900000000000055e+00 1.920000000000000040e-01 9.410699999999999690e-08 9.090991999999999962e+02
5.200099999999999945e+00 4.480000000000000093e-01 2.064199999999999915e-07 8.968207999999999629e+02
6.723700000000000010e+00 1.280000000000000027e-01 1.062300000000000056e-07 3.390917000000000030e+02
4.441300000000000026e+00 6.400000000000000133e-02 1.072699999999999937e-07 7.624385999999999513e+02
5.951699999999999768e+00 4.480000000000000093e-01 1.275500000000000006e-07 3.111816000000000031e+02
1.052779999999999916e+01 2.399999999999999911e-01 2.432199999999999769e-07 4.023664999999999736e+02
4.626900000000000013e+00 3.840000000000000080e-01 2.103899999999999933e-07 5.301994999999999436e+02
5.826399999999999579e+00 2.560000000000000053e-01 2.504800000000000036e-07 1.202876999999999953e+03
8.475300000000000722e+00 1.600000000000000033e-01 1.376499999999999918e-07 5.170611999999999853e+02
7.696299999999999919e+00 9.599999999999999645e-01 4.168800000000000113e-07 3.503100000000000023e+02
6.170700000000000074e+00 2.720000000000000195e-01 1.126399999999999948e-07 9.290291999999999462e+01
1.568430000000000035e+01 1.759999999999999898e-01 4.505299999999999983e-07 1.520464999999999918e+03
6.714699999999999669e+00 1.280000000000000027e-01 1.545999999999999947e-07 3.739791000000000167e+02
1.558799999999999919e+01 2.560000000000000053e-01 4.839199999999999551e-07 3.229393999999999778e+02
1.140770000000000017e+01 3.840000000000000080e-01 5.691299999999999618e-07 3.409735000000000014e+02
4.650599999999999845e+00 1.920000000000000040e-01 1.834099999999999992e-07 1.137150000000000091e+03
2.513929999999999865e+01 1.759999999999999898e-01 9.833200000000000992e-07 7.147664999999999509e+02
4.423899999999999721e+00 9.599999999999999645e-01 7.734799999999999619e-07 9.079193000000000211e+02
8.155900000000000816e+00 4.480000000000000093e-01 4.655999999999999870e-07 8.354347999999999956e+02
5.850200000000000067e+00 2.250000000000000056e-01 1.580200000000000081e-07 6.630259999999999536e+02
2.060480000000000089e+01 1.600000000000000033e-01 6.072400000000000297e-07 1.927986000000000104e+03
5.056600000000000428e+00 8.960000000000000187e-01 7.916100000000000323e-07 8.743541999999999916e+02
6.038199999999999790e+00 2.560000000000000053e-01 2.660599999999999882e-07 2.935262999999999920e+02
2.088260000000000005e+01 2.879999999999999782e-01 3.621600000000000083e-07 3.409032000000000266e+02
4.065000000000000391e+00 7.039999999999999591e-01 1.237199999999999988e-07 2.355477999999999952e+02
4.990899999999999892e+00 6.400000000000000133e-01 2.388200000000000170e-07 2.189096999999999866e+02
1.622439999999999927e+01 9.599999999999999645e-01 9.008800000000000042e-07 2.623300999999999931e+03
1.118389999999999951e+01 8.000000000000000167e-02 1.018400000000000040e-07 2.994746000000000095e+02
1.928409999999999869e+01 1.600000000000000033e-01 4.996699999999999738e-07 9.383804000000000087e+02
4.168999999999999595e+00 8.960000000000000187e-01 3.062499999999999795e-07 1.198616999999999990e+02
3.585029999999999717e+01 2.079999999999999905e-01 1.032300000000000052e-06 9.483808999999999969e+02
4.176099999999999923e+00 9.599999999999999645e-01 2.954900000000000076e-07 5.447712000000000216e+02
4.816200000000000259e+00 2.079999999999999905e-01 1.513099999999999963e-07 5.361562999999999874e+02
1.050309999999999988e+01 2.879999999999999782e-01 3.158900000000000050e-07 2.158123000000000047e+03
4.906799999999999606e+00 1.920000000000000040e-01 1.477799999999999905e-07 1.047984999999999900e+03
2.709319999999999951e+01 1.439999999999999891e-01 1.149499999999999963e-06 1.020078999999999951e+03
7.879500000000000171e+00 3.200000000000000067e-01 2.921300000000000093e-07 5.108410999999999831e+02
6.099470000000000169e+01 4.480000000000000093e-01 1.754999999999999926e-06 9.115997999999999593e+02
5.769199999999999662e+00 1.920000000000000040e-01 1.160000000000000064e-07 3.583765999999999963e+02
6.221300000000000274e+00 8.960000000000000187e-01 2.237100000000000094e-07 4.274282000000000039e+02
6.430699999999999861e+00 5.759999999999999565e-01 9.053900000000000095e-08 3.236741000000000099e+02
7.676700000000000301e+00 3.200000000000000067e-01 4.345599999999999949e-07 1.961361000000000104e+03
6.086299999999999599e+00 9.600000000000000200e-02 7.547000000000000015e-08 5.060793000000000319e+01
6.187599999999999767e+00 1.920000000000000040e-01 2.240400000000000130e-07 3.058758000000000266e+02
4.553899999999999615e+00 9.599999999999999645e-01 3.170899999999999892e-07 6.601680000000000064e+02
1.067050000000000054e+01 1.920000000000000040e-01 2.790600000000000120e-07 1.137651000000000067e+03
5.746199999999999974e+00 2.560000000000000053e-01 1.488900000000000051e-07 9.397919000000000551e+02
4.548000000000000043e+00 9.599999999999999645e-01 2.116200000000000116e-07 4.048455999999999904e+02
7.172699999999999854e+00 3.840000000000000080e-01 3.913199999999999862e-07 1.195940000000000055e+03
4.847299999999999720e+00 1.439999999999999891e-01 7.570500000000000193e-08 1.357729000000000042e+03
6.421700000000000408e+00 4.480000000000000093e-01 2.692000000000000018e-07 4.549046999999999912e+02
5.330799999999999983e+00 3.840000000000000080e-01 1.243899999999999909e-07 3.033799999999999955e+02
5.200599999999999667e+00 9.599999999999999645e-01 1.411400000000000052e-07 5.508115999999999985e+02
1.022789999999999999e+01 8.000000000000000444e-01 2.651699999999999849e-07 3.325729999999999791e+02
5.487800000000000011e+00 7.039999999999999591e-01 1.271699999999999933e-07 8.926160000000000139e+01
9.739399999999999835e+00 4.480000000000000093e-01 3.996199999999999745e-07 1.239157999999999902e+03
8.294800000000000395e+00 7.439999999999999947e-01 1.089199999999999986e-07 7.071640999999999622e+01
1.312739999999999974e+01 6.400000000000000133e-01 7.882300000000000113e-07 8.009832999999999856e+02
5.023399999999999643e+00 4.800000000000000100e-02 5.447699999999999872e-08 3.158095999999999890e+02
1.283639999999999937e+01 2.560000000000000053e-01 6.111999999999999673e-07 1.015254000000000019e+03
1.037119999999999997e+01 3.200000000000000067e-01 2.453699999999999797e-07 3.935376999999999725e+02
7.455700000000000216e+00 9.599999999999999645e-01 2.288700000000000106e-07 1.197570999999999941e+02
1.605730000000000146e+01 8.000000000000000167e-02 3.630000000000000079e-07 5.224108999999999696e+02
4.278599999999999959e+00 1.280000000000000027e-01 7.428000000000000075e-08 6.731648999999999887e+02
1.094819999999999993e+01 1.120000000000000023e-01 1.432600000000000004e-07 4.593614000000000033e+02
7.171000000000000263e+00 1.920000000000000040e-01 1.310199999999999913e-07 1.736739000000000033e+03
5.113599999999999923e+00 6.400000000000000133e-02 1.204600000000000080e-07 3.664929999999999950e+02
5.225399999999999601e+00 3.840000000000000080e-01 1.510800000000000002e-07 3.275498999999999796e+02
7.612700000000000244e+00 7.039999999999999591e-01 3.902999999999999943e-07 3.141825999999999794e+02
9.851599999999999469e+00 7.680000000000000160e-01 5.089099999999999691e-07 8.316711999999999989e+02
2.419219999999999970e+01 3.840000000000000080e-01 1.464399999999999905e-06 1.399500000000000000e+03
1.180180000000000007e+01 1.439999999999999891e-01 3.448000000000000170e-07 6.703315999999999804e+02
9.911199999999999122e+00 4.480000000000000093e-01 4.866399999999999689e-07 2.732042000000000144e+02
5.846099999999999852e+00 1.600000000000000033e-01 1.114499999999999954e-07 4.444234000000000151e+02
3.526039999999999708e+01 1.519999999999999962e-01 4.829900000000000123e-07 9.489180000000000348e+01
5.350500000000000256e+00 5.120000000000000107e-01 4.435900000000000169e-07 2.015307999999999993e+03
8.929600000000000648e+00 6.400000000000000133e-01 4.688299999999999967e-07 1.128321999999999889e+03
5.225900000000000212e+00 2.560000000000000053e-01 1.975499999999999922e-07 2.400334000000000003e+02
8.499200000000000088e+00 2.240000000000000047e-01 2.687699999999999907e-07 3.637524999999999977e+02
5.947199999999999598e+00 7.039999999999999591e-01 6.751799999999999883e-07 4.515405999999999835e+02
4.769299999999999784e+01 2.240000000000000047e-01 1.441799999999999901e-06 2.708371000000000095e+03
9.119699999999999918e+00 9.600000000000000200e-02 1.531799999999999992e-07 2.905131000000000085e+02
4.322300000000000253e+00 2.879999999999999782e-01 9.546500000000000152e-08 1.850969000000000051e+02
7.474000000000000199e+00 2.560000000000000053e-01 3.280699999999999989e-07 4.524891000000000076e+02
7.222500000000000142e+00 1.600000000000000033e-01 1.803199999999999894e-07 6.204216000000000122e+02
8.722200000000000841e+00 5.759999999999999565e-01 5.780299999999999952e-07 8.776861999999999853e+02
8.108700000000000685e+00 3.200000000000000067e-01 1.849600000000000098e-07 5.891711000000000240e+02
4.403999999999999915e+00 3.840000000000000080e-01 1.031700000000000033e-07 8.817613000000000056e+02
5.241999999999999993e+00 8.000000000000000167e-02 6.483599999999999903e-08 2.326573999999999955e+02
4.240999999999999659e+00 1.920000000000000040e-01 1.365000000000000113e-07 2.066331000000000131e+02
6.954799999999999649e+00 7.039999999999999591e-01 2.808099999999999847e-07 4.322993999999999915e+02
5.041839999999999833e+01 4.000000000000000083e-02 1.263100000000000028e-06 6.713043999999999869e+02
7.485999999999999766e+00 2.560000000000000053e-01 3.094399999999999968e-07 1.244558999999999969e+03
6.262199999999999989e+00 5.759999999999999565e-01 1.757100000000000031e-07 1.974550000000000125e+02
4.005799999999999805e+00 8.960000000000000187e-01 2.993600000000000019e-07 6.858926999999999907e+02
8.641899999999999693e+00 5.120000000000000107e-01 2.989400000000000021e-07 9.434278000000000475e+02
5.500099999999999767e+00 5.759999999999999565e-01 1.874199999999999934e-07 7.990771999999999764e+01
5.391700000000000159e+00 3.840000000000000080e-01 3.138400000000000098e-07 1.155903000000000020e+03
4.893180000000000263e+01 6.400000000000000133e-01 2.554499999999999852e-06 4.231104999999999563e+03
1.665729999999999933e+01 7.680000000000000160e-01 9.464300000000000382e-07 1.399930000000000064e+03
6.578100000000000058e+00 3.200000000000000067e-01 2.614399999999999905e-07 4.675235000000000127e+02
5.842399999999999594e+00 4.480000000000000093e-01 3.333500000000000038e-07 1.246480999999999995e+03
5.081299999999999706e+00 4.480000000000000093e-01 7.332600000000000425e-08 3.733886999999999716e+02
1.638840000000000074e+01 4.480000000000000093e-01 6.598299999999999997e-07 3.906322999999999865e+02
5.383499999999999730e+00 5.440000000000000391e-01 1.220200000000000034e-07 7.924371999999999616e+01
1.282099999999999973e+01 1.759999999999999898e-01 3.364099999999999796e-07 6.687703999999999951e+02
5.168300000000000338e+00 2.560000000000000053e-01 1.006099999999999990e-07 2.282633999999999901e+02
5.273399999999999643e+00 5.759999999999999565e-01 6.054999999999999625e-07 6.256820999999999913e+02
8.533699999999999619e+00 5.120000000000000107e-01 4.067400000000000012e-07 8.908319000000000187e+02
6.291699999999999626e+00 4.480000000000000093e-01 4.873799999999999610e-07 7.034066000000000258e+02
4.164699999999999847e+00 1.759999999999999898e-01 4.740299999999999771e-08 1.495680000000000121e+02
4.350500000000000256e+00 8.000000000000000167e-02 1.113199999999999936e-07 5.498488999999999578e+02
9.743999999999999773e+00 1.920000000000000040e-01 3.590499999999999759e-07 5.723455999999999904e+02
4.777099999999999902e+00 7.039999999999999591e-01 3.754600000000000017e-07 2.909121000000000095e+03
7.299900000000000055e+00 3.840000000000000080e-01 5.825699999999999551e-07 1.095388999999999896e+03
8.743000000000000327e+00 8.319999999999999618e-01 5.167100000000000258e-07 4.766245999999999867e+02
6.323599999999999888e+00 7.680000000000000160e-01 3.676899999999999791e-07 2.009495000000000005e+02
8.681300000000000239e+00 4.799999999999999822e-01 2.092600000000000090e-07 3.927463999999999942e+02
5.684899999999999842e+00 8.319999999999999618e-01 2.468900000000000091e-07 1.265367999999999938e+03
2.570739999999999981e+01 1.439999999999999891e-01 4.687199999999999779e-07 3.154424999999999955e+02
4.767599999999999838e+00 4.480000000000000093e-01 2.245099999999999901e-07 1.873403999999999883e+02
4.658000000000000362e+00 8.319999999999999618e-01 5.839000000000000338e-07 6.746902000000000044e+02
4.448199999999999932e+00 5.759999999999999565e-01 1.591999999999999962e-07 1.791901000000000067e+03
7.766200000000000436e+00 2.560000000000000053e-01 2.807900000000000149e-07 1.135049999999999955e+03
1.550900000000000034e+01 3.200000000000000067e-01 5.618999999999999692e-07 7.077983000000000402e+02
3.703120000000000118e+02 5.759999999999999565e-01 1.783300000000000019e-05 4.012291999999999916e+02
6.242499999999999716e+00 4.319999999999999951e-01 2.205699999999999958e-07 2.875588000000000193e+02
4.360000000000000320e+00 3.840000000000000080e-01 2.524900000000000064e-07 1.665634000000000015e+03
5.664399999999999658e+00 4.480000000000000093e-01 2.866600000000000006e-07 5.120058999999999969e+02
1.248639999999999972e+01 9.599999999999999645e-01 5.669099999999999856e-07 1.497037000000000035e+03
9.143700000000000827e+00 5.120000000000000107e-01 5.088299999999999843e-07 8.366933999999999969e+02
1.010609999999999964e+01 8.319999999999999618e-01 7.429200000000000377e-07 2.327175000000000011e+02
7.906100000000000350e+00 8.319999999999999618e-01 5.342400000000000510e-07 6.639215000000000373e+02
7.941399999999999793e+00 2.240000000000000047e-01 3.460600000000000164e-07 8.902383999999999560e+02
2.080610000000000070e+02 3.200000000000000067e-02 6.350800000000000249e-06 1.445740000000000123e+02
1.885769999999999982e+02 3.840000000000000080e-01 5.368100000000000324e-06 4.137891999999999939e+02
1.872680000000000007e+02 3.519999999999999796e-01 6.629499999999999800e-06 3.472687000000000239e+02
6.447099999999999831e+00 1.920000000000000040e-01 1.746699999999999885e-07 3.694203999999999724e+02
4.922200000000000131e+00 7.680000000000000160e-01 2.642799999999999816e-07 1.188036000000000030e+02
3.842540000000000333e+01 3.039999999999999925e-01 1.813300000000000071e-06 2.170822999999999865e+03
8.214299999999999713e+00 4.319999999999999951e-01 2.288999999999999917e-07 6.988821000000000367e+02
7.704399999999999693e+00 5.759999999999999565e-01 5.038499999999999490e-07 1.998860999999999990e+02
1.121720000000000006e+01 1.120000000000000023e-01 2.890600000000000221e-07 8.195804000000000542e+02
6.766099999999999781e+00 2.560000000000000053e-01 1.224099999999999956e-07 9.155298999999999410e+01
5.803499999999999659e+00 1.920000000000000040e-01 7.150700000000000629e-08 1.822740000000000009e+03
4.206199999999999939e+00 6.400000000000000133e-01 4.649099999999999987e-07 4.652468000000000075e+02
1.603920000000000101e+01 4.800000000000000100e-02 2.814699999999999919e-07 3.187160000000000082e+02
1.135040000000000049e+01 6.400000000000000133e-02 1.106400000000000034e-07 2.315571999999999946e+02
4.461800000000000210e+00 1.920000000000000040e-01 1.498799999999999895e-07 7.925040999999999940e+02
8.402599999999999625e+00 7.680000000000000160e-01 5.823899999999999627e-07 1.445343000000000075e+03
4.256999999999999673e+00 8.000000000000000167e-02 6.080100000000000294e-08 2.281376999999999953e+02
2.221509999999999962e+01 9.600000000000000200e-02 4.490000000000000104e-07 8.690389000000000124e+02
7.936279999999999291e+01 9.599999999999999645e-01 3.296500000000000117e-06 5.171386999999999716e+02
1.825069999999999837e+01 1.920000000000000040e-01 7.485000000000000122e-07 1.021996999999999957e+03
6.464800000000000324e+00 3.200000000000000067e-01 1.582700000000000004e-07 3.171451000000000136e+02
1.054449999999999932e+01 3.679999999999999938e-01 2.712200000000000159e-07 3.059569000000000187e+02
5.663899999999999935e+00 3.200000000000000067e-01 4.413299999999999953e-07 1.243219000000000051e+03
6.329900000000000304e+00 5.759999999999999565e-01 2.536100000000000058e-07 3.437137999999999920e+02
6.772700000000000387e+00 5.759999999999999565e-01 2.289899999999999878e-07 1.122570999999999941e+02
4.148200000000000109e+00 1.920000000000000040e-01 1.178699999999999960e-07 1.694897999999999911e+03
2.066769999999999996e+01 1.439999999999999891e-01 4.694500000000000115e-07 1.406982000000000141e+02
5.890500000000000291e+00 3.200000000000000067e-02 1.003999999999999991e-07 2.431630000000000109e+02
1.334939999999999927e+01 3.200000000000000067e-01 6.875499999999999859e-07 8.457713999999999714e+02
6.552999999999999936e+00 9.599999999999999645e-01 3.711200000000000039e-07 1.076417999999999893e+03
4.461800000000000210e+00 2.560000000000000053e-01 9.171399999999999658e-08 6.648872999999999820e+02
6.235299999999999621e+00 9.599999999999999645e-01 3.111900000000000224e-07 4.700421999999999798e+02
1.313170000000000037e+01 7.039999999999999591e-01 5.173200000000000292e-07 1.472067000000000121e+02
6.526600000000000179e+00 3.840000000000000080e-01 3.723800000000000032e-07 4.945233000000000061e+02
2.460920000000000130e+01 2.560000000000000053e-01 1.166299999999999955e-06 7.346730000000000018e+02
1.568099999999999916e+01 9.600000000000000200e-02 2.182000000000000083e-07 1.357251999999999953e+03
5.776600000000000179e+00 6.400000000000000133e-01 5.585599999999999935e-07 1.192740999999999985e+03
4.215300000000000047e+00 1.920000000000000040e-01 1.751399999999999920e-07 3.053999999999999773e+02
2.222309999999999874e+01 3.200000000000000067e-01 9.358500000000000057e-07 6.168107999999999720e+02
4.605999999999999872e+00 1.280000000000000027e-01 8.764099999999999710e-08 1.855406999999999869e+02
1.842409999999999926e+01 1.280000000000000027e-01 5.471200000000000446e-07 5.561556000000000495e+02
4.083400000000000141e+00 1.280000000000000027e-01 1.172900000000000001e-07 4.659605000000000246e+02
4.197799999999999976e+00 1.280000000000000027e-01 9.649899999999999609e-08 4.495187000000000239e+02
4.065900000000000070e+00 3.200000000000000067e-02 6.572099999999999670e-08 5.169234999999999900e+02
6.134699999999999598e+00 1.920000000000000040e-01 2.410200000000000234e-07 8.401862999999999602e+02
4.182699999999999640e+00 8.319999999999999618e-01 1.594400000000000036e-07 7.881045000000000300e+02
7.581900000000000084e+00 9.600000000000000200e-02 1.132400000000000002e-07 3.320520000000000209e+02
1.182460000000000022e+01 1.920000000000000040e-01 4.173699999999999846e-07 8.526987000000000307e+02
6.532199999999999562e+00 5.120000000000000107e-01 1.843700000000000025e-07 1.278323000000000093e+03
2.245899999999999963e+01 5.120000000000000107e-01 7.963599999999999656e-07 2.681666000000000167e+03
1.071369999999999933e+01 3.200000000000000067e-01 3.604300000000000054e-07 5.883479999999999563e+02
3.115820000000000078e+01 5.759999999999999565e-01 2.290600000000000143e-06 1.079137999999999920e+03
7.850399999999999601e+00 6.400000000000000133e-02 1.305599999999999991e-07 9.013042000000000371e+02
5.799900000000000055e+00 3.840000000000000080e-01 1.967099999999999926e-07 4.212169999999999845e+02
3.175639999999999930e+01 2.879999999999999782e-01 1.752099999999999920e-06 8.003751999999999498e+02
9.340299999999999159e+00 5.759999999999999565e-01 3.263000000000000036e-07 8.222901000000000522e+02
4.481799999999999784e+00 2.079999999999999905e-01 6.081799999999999574e-08 2.138526999999999987e+02
9.351900000000000546e+00 7.039999999999999591e-01 8.025899999999999890e-07 1.049728000000000065e+03
8.956200000000000827e+00 3.039999999999999925e-01 2.060199999999999879e-07 5.545049000000000206e+02
