# Redshift		Merger Rate Density [Gpc^-3yr^-1]
1.000000000031931770e-02 1.272506545198240389e+02
3.000000000031888964e-02 1.284855765003175065e+02
5.000000000031846331e-02 1.322455097860505191e+02
7.000000000031804392e-02 1.341773049713256114e+02
9.000000000031761760e-02 1.366970694324242857e+02
1.100000000003171913e-01 1.394104285655818387e+02
1.300000000003167511e-01 1.414607427164258979e+02
1.500000000003163247e-01 1.440137524224789445e+02
1.700000000003158984e-01 1.466838153102944773e+02
1.900000000003154721e-01 1.492563696188164784e+02
2.100000000003150458e-01 1.517091095790242434e+02
2.300000000003146194e-01 1.541292404838457344e+02
2.500000000003141931e-01 1.571257553391835415e+02
2.700000000003137668e-01 1.601015631640321999e+02
2.900000000003133405e-01 1.627390253454807691e+02
3.100000000003129141e-01 1.659136101890302655e+02
3.300000000003124878e-01 1.688107380815671945e+02
3.500000000003120615e-01 1.718581495208603087e+02
3.700000000003116352e-01 1.749660083218832369e+02
3.900000000003112088e-01 1.785214751302525826e+02
4.100000000003107825e-01 1.806837902489695864e+02
4.300000000003103562e-01 1.840800857553089998e+02
4.500000000003099299e-01 1.875059738371811591e+02
4.700000000003095035e-01 1.900126764041777676e+02
4.900000000003090772e-01 1.933136971679668079e+02
5.100000000003086509e-01 1.960733764493882063e+02
5.300000000003082246e-01 1.991048921991916814e+02
5.500000000003077982e-01 2.023437159570514154e+02
5.700000000003073719e-01 2.048406139110931861e+02
5.900000000003069456e-01 2.081344184240155926e+02
6.100000000003065193e-01 2.111442385965626158e+02
6.300000000003060929e-01 2.138769519409148927e+02
6.500000000003056666e-01 2.162325574055656148e+02
6.700000000003052403e-01 2.202324730893218714e+02
6.900000000003048140e-01 2.229398128324037316e+02
7.100000000003043876e-01 2.250502895305768334e+02
7.300000000003039613e-01 2.288706704067638213e+02
7.500000000003035350e-01 2.311141021057754301e+02
7.700000000003031086e-01 2.342334998962608665e+02
7.900000000003026823e-01 2.369466223128208640e+02
8.100000000003022560e-01 2.395617421294967642e+02
8.300000000003018297e-01 2.431524195859059034e+02
8.500000000003014033e-01 2.455974564515633460e+02
8.700000000003009770e-01 2.486061083803546126e+02
8.900000000003005507e-01 2.508578875342278423e+02
9.100000000003001244e-01 2.538590780064191392e+02
9.300000000002996980e-01 2.558871749191017102e+02
9.500000000002992717e-01 2.595501400377254413e+02
9.700000000002988454e-01 2.613818477845367738e+02
9.900000000002984191e-01 2.640024473943194039e+02
1.010000000000297993e+00 2.655051459484344605e+02
1.030000000000297566e+00 2.682383951548592904e+02
1.050000000000297140e+00 2.711550118098092526e+02
1.070000000000296714e+00 2.726037430925920830e+02
1.090000000000296287e+00 2.753155543217636705e+02
1.110000000000295861e+00 2.780826379838348998e+02
1.130000000000295435e+00 2.794151762014068368e+02
1.150000000000295008e+00 2.821368468216267615e+02
1.170000000000294582e+00 2.834957637448268883e+02
1.190000000000294156e+00 2.851823509883178644e+02
1.210000000000293729e+00 2.870800638615701814e+02
1.230000000000293303e+00 2.895328999819569731e+02
1.250000000000292877e+00 2.902624022107615360e+02
1.270000000000292451e+00 2.924533922812628361e+02
1.290000000000292024e+00 2.937349329658749753e+02
1.310000000000291598e+00 2.954762474585695031e+02
1.330000000000291172e+00 2.968417435827885242e+02
1.350000000000290745e+00 2.979436030208660213e+02
1.370000000000290319e+00 2.993817625007795300e+02
1.390000000000289893e+00 3.005160590721213794e+02
1.410000000000289466e+00 3.015593863466963285e+02
1.430000000000289040e+00 3.028353298986428968e+02
1.450000000000288614e+00 3.032188739551556864e+02
1.470000000000288187e+00 3.042707083302403817e+02
1.490000000000287761e+00 3.042004713694190059e+02
1.510000000000287335e+00 3.049173224641452293e+02
1.530000000000286908e+00 3.065828592456526849e+02
1.550000000000286482e+00 3.059674734830656462e+02
1.570000000000286056e+00 3.063822385394008734e+02
1.590000000000285629e+00 3.077541242997389190e+02
1.610000000000285203e+00 3.071244397288951404e+02
1.630000000000284777e+00 3.071064236152653280e+02
1.650000000000284350e+00 3.075923801177123664e+02
1.670000000000283924e+00 3.066135761121598762e+02
1.690000000000283498e+00 3.070843990774702092e+02
1.710000000000283071e+00 3.063014896778129810e+02
1.730000000000282645e+00 3.058677427053206088e+02
1.750000000000282219e+00 3.048841952234168389e+02
1.770000000000281792e+00 3.049604498522714380e+02
1.790000000000281366e+00 3.034406565782548455e+02
1.810000000000280940e+00 3.018610672962449826e+02
1.830000000000280513e+00 3.009450457808771375e+02
1.850000000000280087e+00 3.005053498653822999e+02
1.870000000000279661e+00 2.994744908971526911e+02
1.890000000000279234e+00 2.974558118317985986e+02
1.910000000000278808e+00 2.958700036915347482e+02
1.930000000000278382e+00 2.951557115332118428e+02
1.950000000000277955e+00 2.923278042710043110e+02
1.970000000000277529e+00 2.912579535579972685e+02
1.990000000000277103e+00 2.894621690510226699e+02
2.010000000000276899e+00 2.873314224473249965e+02
2.030000000000276472e+00 2.863926214763042708e+02
2.050000000000276046e+00 2.840789431998369423e+02
2.070000000000275620e+00 2.813046214045661486e+02
2.090000000000275193e+00 2.799820543434947808e+02
2.110000000000274767e+00 2.767472166603023425e+02
2.130000000000274341e+00 2.751015253362961062e+02
2.150000000000273914e+00 2.736444845820893192e+02
2.170000000000273488e+00 2.701035200770531333e+02
2.190000000000273062e+00 2.688185818619177212e+02
2.210000000000272635e+00 2.654174843648581827e+02
2.230000000000272209e+00 2.627058788545569428e+02
2.250000000000271783e+00 2.595647614948982209e+02
2.270000000000271356e+00 2.588330761799649054e+02
2.290000000000270930e+00 2.548128759312913871e+02
2.310000000000270504e+00 2.522212835709007379e+02
2.330000000000270077e+00 2.498375036910098572e+02
2.350000000000269651e+00 2.473465166451794062e+02
2.370000000000269225e+00 2.445101039592492214e+02
2.390000000000268798e+00 2.415493653573576580e+02
2.410000000000268372e+00 2.389723920034517448e+02
2.430000000000267946e+00 2.366969295457465137e+02
2.450000000000267519e+00 2.327682990760190194e+02
2.470000000000267093e+00 2.308312623330359656e+02
2.490000000000266667e+00 2.276676170283546128e+02
2.510000000000266240e+00 2.252872222785928784e+02
2.530000000000265814e+00 2.220052385819418248e+02
2.550000000000265388e+00 2.197133409660698931e+02
2.570000000000264961e+00 2.167864517892217009e+02
2.590000000000264535e+00 2.135688234611351959e+02
2.610000000000264109e+00 2.113538905538383119e+02
2.630000000000263682e+00 2.085472595057794081e+02
2.650000000000263256e+00 2.058724235459982026e+02
2.670000000000262830e+00 2.038745398961207229e+02
2.690000000000262403e+00 2.004440407691069765e+02
2.710000000000261977e+00 1.982971195144978367e+02
2.730000000000261551e+00 1.951146533536850711e+02
2.750000000000261124e+00 1.926136299083211441e+02
2.770000000000260698e+00 1.895251587234220665e+02
2.790000000000260272e+00 1.875327603938837342e+02
2.810000000000259845e+00 1.845135297070033857e+02
2.830000000000259419e+00 1.821349843193287654e+02
2.850000000000258993e+00 1.801600016868432306e+02
2.870000000000258567e+00 1.770095266125085800e+02
2.890000000000258140e+00 1.753851516348310327e+02
2.910000000000257714e+00 1.722753768024380179e+02
2.930000000000257288e+00 1.698102225059444947e+02
2.950000000000256861e+00 1.678042842058713973e+02
2.970000000000256435e+00 1.651175319936633343e+02
2.990000000000256009e+00 1.635822527278995437e+02
3.010000000000255582e+00 1.602962118826153812e+02
3.030000000000255156e+00 1.586134932350131805e+02
3.050000000000254730e+00 1.559752316188572649e+02
3.070000000000254303e+00 1.534962798695110564e+02
3.090000000000253877e+00 1.520087307157855889e+02
3.110000000000253451e+00 1.497237660990262214e+02
3.130000000000253024e+00 1.474509883974846787e+02
3.150000000000252598e+00 1.453123470062070055e+02
3.170000000000252172e+00 1.436277320850667536e+02
3.190000000000251745e+00 1.415393341729166536e+02
3.210000000000251319e+00 1.391240380970526473e+02
3.230000000000250893e+00 1.374427370223666287e+02
3.250000000000250466e+00 1.351056649379518149e+02
3.270000000000250040e+00 1.335129099148079206e+02
3.290000000000249614e+00 1.312697731591520096e+02
3.310000000000249187e+00 1.293401213068897277e+02
3.330000000000248761e+00 1.280218082679453744e+02
3.350000000000248335e+00 1.257804038632764900e+02
3.370000000000247908e+00 1.240346252440640171e+02
3.390000000000247482e+00 1.222566382485670005e+02
3.410000000000247056e+00 1.210103920866733773e+02
3.430000000000246629e+00 1.189457838170167463e+02
3.450000000000246203e+00 1.172629920979266558e+02
3.470000000000245777e+00 1.154419625181725451e+02
3.490000000000245350e+00 1.137998011838091799e+02
3.510000000000244924e+00 1.131619906978715022e+02
3.530000000000244498e+00 1.110372563834803543e+02
3.550000000000244071e+00 1.097223107379675895e+02
3.570000000000243645e+00 1.079902242922122184e+02
3.590000000000243219e+00 1.066745603780284171e+02
3.610000000000242792e+00 1.051918757343971293e+02
3.630000000000242366e+00 1.037870384112490711e+02
3.650000000000241940e+00 1.022540670331392221e+02
3.670000000000241513e+00 1.008753479608376864e+02
3.690000000000241087e+00 9.969112489541998912e+01
3.710000000000240661e+00 9.852148088181141361e+01
3.730000000000240234e+00 9.721646048393142792e+01
3.750000000000239808e+00 9.597734362049855861e+01
3.770000000000239382e+00 9.452280551844805245e+01
3.790000000000238956e+00 9.363167341568407664e+01
3.810000000000238529e+00 9.252769361263399617e+01
3.830000000000238103e+00 9.114253522608524349e+01
3.850000000000237677e+00 8.977838888738432388e+01
3.870000000000237250e+00 8.892845356938447310e+01
3.890000000000236824e+00 8.790298708052510790e+01
3.910000000000236398e+00 8.706521879742011549e+01
3.930000000000235971e+00 8.556197748425236682e+01
3.950000000000235545e+00 8.449753070593772009e+01
3.970000000000235119e+00 8.406492479366437465e+01
3.990000000000234692e+00 8.282954863177242544e+01
4.010000000000234266e+00 8.166919904536109698e+01
4.030000000000233840e+00 8.102235404148727582e+01
4.050000000000233413e+00 7.994116528839109037e+01
4.070000000000232987e+00 7.952425393406414855e+01
4.090000000000232561e+00 7.823002801374352089e+01
4.110000000000232134e+00 7.763159084579763203e+01
4.130000000000231708e+00 7.654997117632747461e+01
4.150000000000231282e+00 7.578908798689172954e+01
4.170000000000230855e+00 7.498389198838019354e+01
4.190000000000230429e+00 7.432788910220469347e+01
4.210000000000230003e+00 7.348518445451638570e+01
4.230000000000229576e+00 7.307772230671076841e+01
4.250000000000229150e+00 7.210281869046353620e+01
4.270000000000228724e+00 7.120349527731768546e+01
4.290000000000228297e+00 7.070368027194419369e+01
4.310000000000227871e+00 6.997455638838140146e+01
4.330000000000227445e+00 6.953418357764385860e+01
4.350000000000227018e+00 6.884141560591125142e+01
4.370000000000226592e+00 6.819122455572231445e+01
4.390000000000226166e+00 6.767073420737538925e+01
4.410000000000225739e+00 6.693868968767571914e+01
4.430000000000225313e+00 6.655105083191355675e+01
4.450000000000224887e+00 6.574118925106154165e+01
4.470000000000224460e+00 6.580466256474130660e+01
4.490000000000224034e+00 6.504571992190695084e+01
4.510000000000223608e+00 6.460919059144308108e+01
4.530000000000223181e+00 6.391830343856415197e+01
4.550000000000222755e+00 6.369489340752900119e+01
4.570000000000222329e+00 6.317394890662920659e+01
4.590000000000221902e+00 6.289061091988779140e+01
4.610000000000221476e+00 6.255720544155109764e+01
4.630000000000221050e+00 6.216358408289397630e+01
4.650000000000220624e+00 6.179249644976355427e+01
4.670000000000220197e+00 6.139868607069912088e+01
4.690000000000219771e+00 6.094444434669041755e+01
4.710000000000219345e+00 6.074639331669429509e+01
4.730000000000218918e+00 6.048274642121927513e+01
4.750000000000218492e+00 6.007625867613368342e+01
4.770000000000218066e+00 5.987471281481202823e+01
4.790000000000217639e+00 5.978997057705607432e+01
4.810000000000217213e+00 5.917197369392066975e+01
4.830000000000216787e+00 5.907622091970415568e+01
4.850000000000216360e+00 5.892212702254894197e+01
4.870000000000215934e+00 5.873067984418091214e+01
4.890000000000215508e+00 5.839709056783087249e+01
4.910000000000215081e+00 5.825624794424909680e+01
4.930000000000214655e+00 5.796847460119418827e+01
4.950000000000214229e+00 5.802792194491089361e+01
4.970000000000213802e+00 5.786850071702361475e+01
4.990000000000213376e+00 5.784680083308069953e+01
5.010000000000212950e+00 5.736310126109997043e+01
5.030000000000212523e+00 5.751971618837176692e+01
5.050000000000212097e+00 5.745310981647509152e+01
5.070000000000211671e+00 5.726666099470949689e+01
5.090000000000211244e+00 5.745539548729167478e+01
5.110000000000210818e+00 5.724235375284732896e+01
5.130000000000210392e+00 5.713402369739853270e+01
5.150000000000209965e+00 5.724275675583454159e+01
5.170000000000209539e+00 5.714094568101411653e+01
5.190000000000209113e+00 5.707732780052371879e+01
5.210000000000208686e+00 5.730209013078927427e+01
5.230000000000208260e+00 5.709800862616372541e+01
5.250000000000207834e+00 5.742326638503853076e+01
5.270000000000207407e+00 5.718012320650596081e+01
5.290000000000206981e+00 5.747690132799525742e+01
5.310000000000206555e+00 5.726337600021633278e+01
5.330000000000206128e+00 5.747823185461314921e+01
5.350000000000205702e+00 5.759521348836255328e+01
5.370000000000205276e+00 5.766811737244903213e+01
5.390000000000204849e+00 5.785267405843633526e+01
5.410000000000204423e+00 5.782526622188337484e+01
5.430000000000203997e+00 5.794338026936698327e+01
5.450000000000203570e+00 5.809060364499752183e+01
5.470000000000203144e+00 5.836435317283066837e+01
5.490000000000202718e+00 5.847291064469983013e+01
5.510000000000202292e+00 5.853597341806565169e+01
5.530000000000201865e+00 5.865118009615969186e+01
5.550000000000201439e+00 5.877949587509002782e+01
5.570000000000201013e+00 5.914819564791330464e+01
5.590000000000200586e+00 5.910235097645919922e+01
5.610000000000200160e+00 5.926627342198543147e+01
5.630000000000199734e+00 5.942892511434250480e+01
5.650000000000199307e+00 5.974148961237443700e+01
5.670000000000198881e+00 5.986223551927122344e+01
5.690000000000198455e+00 6.012379846233769598e+01
5.710000000000198028e+00 6.022411742904218102e+01
5.730000000000197602e+00 6.055710805334415170e+01
5.750000000000197176e+00 6.066521969238360157e+01
5.770000000000196749e+00 6.089280685837025686e+01
5.790000000000196323e+00 6.117276397244267372e+01
5.810000000000195897e+00 6.135179704557722857e+01
5.830000000000195470e+00 6.150375575080965262e+01
5.850000000000195044e+00 6.188095443876007806e+01
5.870000000000194618e+00 6.217374345136737190e+01
5.890000000000194191e+00 6.233789461148469968e+01
5.910000000000193765e+00 6.264308918445584595e+01
5.930000000000193339e+00 6.289226713333201957e+01
5.950000000000192912e+00 6.308010849260357844e+01
5.970000000000192486e+00 6.335141435148663192e+01
5.990000000000192060e+00 6.369171551406137866e+01
6.010000000000191633e+00 6.396590619473008843e+01
6.030000000000191207e+00 6.420855962571606312e+01
6.050000000000190781e+00 6.430511317173356645e+01
6.070000000000190354e+00 6.461116376643960280e+01
6.090000000000189928e+00 6.494693603143963401e+01
6.110000000000189502e+00 6.541582007432127455e+01
6.130000000000189075e+00 6.547009119331356430e+01
6.150000000000188649e+00 6.566555532440469278e+01
6.170000000000188223e+00 6.587748327985578101e+01
6.190000000000187796e+00 6.634065391006929246e+01
6.210000000000187370e+00 6.651422751371579523e+01
6.230000000000186944e+00 6.660544365778896747e+01
6.250000000000186517e+00 6.685003557040496958e+01
6.270000000000186091e+00 6.717749456480878223e+01
6.290000000000185665e+00 6.747314239213847031e+01
6.310000000000185238e+00 6.778654580999551627e+01
6.330000000000184812e+00 6.788176008982728149e+01
6.350000000000184386e+00 6.806366232317590459e+01
6.370000000000183960e+00 6.840496313218410762e+01
6.390000000000183533e+00 6.874488307917494012e+01
6.410000000000183107e+00 6.900691179113096041e+01
6.430000000000182681e+00 6.910987937850376284e+01
6.450000000000182254e+00 6.941928310646663647e+01
6.470000000000181828e+00 6.952652935959939384e+01
6.490000000000181402e+00 6.990063100453036782e+01
6.510000000000180975e+00 7.007135749340042707e+01
6.530000000000180549e+00 7.024890646146248230e+01
6.550000000000180123e+00 7.052014005645702355e+01
6.570000000000179696e+00 7.065619829232528559e+01
6.590000000000179270e+00 7.079712002720721387e+01
6.610000000000178844e+00 7.120837585209027054e+01
6.630000000000178417e+00 7.137370002102825595e+01
6.650000000000177991e+00 7.152506633374724743e+01
6.670000000000177565e+00 7.158084873688299865e+01
6.690000000000177138e+00 7.194607385002876754e+01
6.710000000000176712e+00 7.200903069009699209e+01
6.730000000000176286e+00 7.237306881570277994e+01
6.750000000000175859e+00 7.236179704125339640e+01
6.770000000000175433e+00 7.260042081740338915e+01
6.790000000000175007e+00 7.282225521054367334e+01
6.810000000000174580e+00 7.296676029731899860e+01
6.830000000000174154e+00 7.301652759514001900e+01
6.850000000000173728e+00 7.325283200884911139e+01
6.870000000000173301e+00 7.312501745178151680e+01
6.890000000000172875e+00 7.353707156416945168e+01
6.910000000000172449e+00 7.339076447292647742e+01
6.930000000000172022e+00 7.380418467564625473e+01
6.950000000000171596e+00 7.379377016739013584e+01
6.970000000000171170e+00 7.393672484980523052e+01
6.990000000000170743e+00 7.417438404024700560e+01
7.010000000000170317e+00 7.432025620663442567e+01
7.030000000000169891e+00 7.435361096150677440e+01
7.050000000000169464e+00 7.430112830754420372e+01
7.070000000000169038e+00 7.438912656661835854e+01
7.090000000000168612e+00 7.466616272191356529e+01
7.110000000000168185e+00 7.459270029659177226e+01
7.130000000000167759e+00 7.496248844593122840e+01
7.150000000000167333e+00 7.487260528361908030e+01
7.170000000000166906e+00 7.481209008737418742e+01
7.190000000000166480e+00 7.492466583190713436e+01
7.210000000000166054e+00 7.498114685124068046e+01
7.230000000000165628e+00 7.521425213301607471e+01
7.250000000000165201e+00 7.517861682599091466e+01
7.270000000000164775e+00 7.531172362252956987e+01
7.290000000000164349e+00 7.518446388657227430e+01
7.310000000000163922e+00 7.533270340182896518e+01
7.330000000000163496e+00 7.532333813134879108e+01
7.350000000000163070e+00 7.540656439303535308e+01
7.370000000000162643e+00 7.544379077832216751e+01
7.390000000000162217e+00 7.556603384569606874e+01
7.410000000000161791e+00 7.553525948689463121e+01
7.430000000000161364e+00 7.549840923874708665e+01
7.450000000000160938e+00 7.569650396982265761e+01
7.470000000000160512e+00 7.545388024679557759e+01
7.490000000000160085e+00 7.559112479557218478e+01
7.510000000000159659e+00 7.551391214764916526e+01
7.530000000000159233e+00 7.564941018239026960e+01
7.550000000000158806e+00 7.561424101156407573e+01
7.570000000000158380e+00 7.565092764371425460e+01
7.590000000000157954e+00 7.571575176329770329e+01
7.610000000000157527e+00 7.564452369199634063e+01
7.630000000000157101e+00 7.569363003022958480e+01
7.650000000000156675e+00 7.562366344930106266e+01
7.670000000000156248e+00 7.565973722033379545e+01
7.690000000000155822e+00 7.565458222719820469e+01
7.710000000000155396e+00 7.565118207849448595e+01
7.730000000000154969e+00 7.567239423596318204e+01
7.750000000000154543e+00 7.564289359452733663e+01
7.770000000000154117e+00 7.561990634140448719e+01
7.790000000000153690e+00 7.559863948125054378e+01
7.810000000000153264e+00 7.557013096656682194e+01
7.830000000000152838e+00 7.566528946242416964e+01
7.850000000000152411e+00 7.557533708999352484e+01
7.870000000000151985e+00 7.557184301139253080e+01
7.890000000000151559e+00 7.562513294529044572e+01
7.910000000000151132e+00 7.554404015220283952e+01
7.930000000000150706e+00 7.553264019162710952e+01
7.950000000000150280e+00 7.559706910859576112e+01
7.970000000000149853e+00 7.551015388481546609e+01
7.990000000000149427e+00 7.554155409608225114e+01
8.010000000000149001e+00 7.539793573826048600e+01
8.030000000000148574e+00 7.545028465908552562e+01
8.050000000000148148e+00 7.559728243023803884e+01
8.070000000000147722e+00 7.555459097652526168e+01
8.090000000000147296e+00 7.534241070594940481e+01
8.110000000000146869e+00 7.548002400794392486e+01
8.130000000000146443e+00 7.541543966121639642e+01
8.150000000000146017e+00 7.537386778991914582e+01
8.170000000000145590e+00 7.534480991483157197e+01
8.190000000000145164e+00 7.539968393175374217e+01
8.210000000000144738e+00 7.545343197909511446e+01
8.230000000000144311e+00 7.543897448168742415e+01
8.250000000000143885e+00 7.530600139221394329e+01
8.270000000000143459e+00 7.543558071143490906e+01
8.290000000000143032e+00 7.543339898855124659e+01
8.310000000000142606e+00 7.541038784498989855e+01
8.330000000000142180e+00 7.534482871554610028e+01
8.350000000000141753e+00 7.542015554090970397e+01
8.370000000000141327e+00 7.542493480647084425e+01
8.390000000000140901e+00 7.538928356290257682e+01
8.410000000000140474e+00 7.550577931835293555e+01
8.430000000000140048e+00 7.538547157749316341e+01
8.450000000000139622e+00 7.552763953926458385e+01
8.470000000000139195e+00 7.544930771124234070e+01
8.490000000000138769e+00 7.539873605649417243e+01
8.510000000000138343e+00 7.556852181581534467e+01
8.530000000000137916e+00 7.546503881001848413e+01
8.550000000000137490e+00 7.536963008922872120e+01
8.570000000000137064e+00 7.552006037825913154e+01
8.590000000000136637e+00 7.550927525559279729e+01
8.610000000000136211e+00 7.560593843541712999e+01
8.630000000000135785e+00 7.567741272815456455e+01
8.650000000000135358e+00 7.564709294008349616e+01
8.670000000000134932e+00 7.573475434876593226e+01
8.690000000000134506e+00 7.562943326906463426e+01
8.710000000000134079e+00 7.572302298709537638e+01
8.730000000000133653e+00 7.579094420241366947e+01
8.750000000000133227e+00 7.583633477783952515e+01
8.770000000000132800e+00 7.584757680734506380e+01
8.790000000000132374e+00 7.590441525393535471e+01
8.810000000000131948e+00 7.594674172851252081e+01
8.830000000000131521e+00 7.594207029881189897e+01
8.850000000000131095e+00 7.594283382139710170e+01
8.870000000000130669e+00 7.602096775798553097e+01
8.890000000000130242e+00 7.599702002107201793e+01
8.910000000000129816e+00 7.609889592169048456e+01
8.930000000000129390e+00 7.620146991038630802e+01
8.950000000000128964e+00 7.622266478797027389e+01
8.970000000000128537e+00 7.625020328167056505e+01
8.990000000000128111e+00 7.634914721315176678e+01
9.010000000000127685e+00 7.637840480534575249e+01
9.030000000000127258e+00 7.644419960157155458e+01
9.050000000000126832e+00 7.641938915530289478e+01
9.070000000000126406e+00 7.653591829711085381e+01
9.090000000000125979e+00 7.658896319571448430e+01
9.110000000000125553e+00 7.666253405748066996e+01
9.130000000000125127e+00 7.663868538273763420e+01
9.150000000000124700e+00 7.675221557323558841e+01
9.170000000000124274e+00 7.676498884072243811e+01
9.190000000000123848e+00 7.674690890796478016e+01
9.210000000000123421e+00 7.690735274488751827e+01
9.230000000000122995e+00 7.689366193516200099e+01
9.250000000000122569e+00 7.691774538688561336e+01
9.270000000000122142e+00 7.698528874293057811e+01
9.290000000000121716e+00 7.710659853075824799e+01
9.310000000000121290e+00 7.709995624515543966e+01
9.330000000000120863e+00 7.708530166166183051e+01
9.350000000000120437e+00 7.726107031884424714e+01
9.370000000000120011e+00 7.724514970574102790e+01
9.390000000000119584e+00 7.722450260370983699e+01
9.410000000000119158e+00 7.731628496690133545e+01
9.430000000000118732e+00 7.736899628542452945e+01
9.450000000000118305e+00 7.735253290602381071e+01
9.470000000000117879e+00 7.736646353881029370e+01
9.490000000000117453e+00 7.742507556067103280e+01
9.510000000000117026e+00 7.751195941623221586e+01
9.530000000000116600e+00 7.746318948798472093e+01
9.550000000000116174e+00 7.754979810202146950e+01
9.570000000000115747e+00 7.747939672123430910e+01
9.590000000000115321e+00 7.763525015133576801e+01
9.610000000000114895e+00 7.754701211641088321e+01
9.630000000000114468e+00 7.755018440935920410e+01
9.650000000000114042e+00 7.752960155723231139e+01
9.670000000000113616e+00 7.758050187441774881e+01
9.690000000000113189e+00 7.758662863138169996e+01
9.710000000000112763e+00 7.760217748251790226e+01
9.730000000000112337e+00 7.758788622895396259e+01
9.750000000000111910e+00 7.761326831298143247e+01
9.770000000000111484e+00 7.744830028640261332e+01
9.790000000000111058e+00 7.756721517897656781e+01
9.810000000000110632e+00 7.745498191157582824e+01
9.830000000000110205e+00 7.746799855746687058e+01
9.850000000000109779e+00 7.743500431078362567e+01
9.870000000000109353e+00 7.744797455462678215e+01
9.890000000000108926e+00 7.744981775812784974e+01
9.910000000000108500e+00 7.741094919242274841e+01
9.930000000000108074e+00 7.731147174038632386e+01
9.950000000000107647e+00 7.713395109490194557e+01
9.970000000000107221e+00 7.719929522667391097e+01
9.990000000000106795e+00 7.712904903688841785e+01
1.001000000000010637e+01 7.707699216144135335e+01
1.003000000000010594e+01 7.691200239852487641e+01
1.005000000000010552e+01 7.691404908144218666e+01
1.007000000000010509e+01 7.680913573977171893e+01
1.009000000000010466e+01 7.681364866804439373e+01
1.011000000000010424e+01 7.678805916226266959e+01
1.013000000000010381e+01 7.671762535351788870e+01
1.015000000000010338e+01 7.645078401592799366e+01
1.017000000000010296e+01 7.651372072875562935e+01
1.019000000000010253e+01 7.617831939517672879e+01
1.021000000000010210e+01 7.627581486414453593e+01
1.023000000000010168e+01 7.602507670147451790e+01
1.025000000000010125e+01 7.607516331012173794e+01
1.027000000000010083e+01 7.586545000219729218e+01
1.029000000000010040e+01 7.579428429812497825e+01
1.031000000000009997e+01 7.559723812594749859e+01
1.033000000000009955e+01 7.552752448382118189e+01
1.035000000000009912e+01 7.544624608589602133e+01
1.037000000000009869e+01 7.524429730130222538e+01
1.039000000000009827e+01 7.523941642890797254e+01
1.041000000000009784e+01 7.499141545929322206e+01
1.043000000000009742e+01 7.484268418626834318e+01
1.045000000000009699e+01 7.479126891785968212e+01
1.047000000000009656e+01 7.464683772203537160e+01
1.049000000000009614e+01 7.444776052240899844e+01
1.051000000000009571e+01 7.421328233382305939e+01
1.053000000000009528e+01 7.413244466597764415e+01
1.055000000000009486e+01 7.407287037006268804e+01
1.057000000000009443e+01 7.393026918966174321e+01
1.059000000000009400e+01 7.373501096551886747e+01
1.061000000000009358e+01 7.358266890339443478e+01
1.063000000000009315e+01 7.347410020006104503e+01
1.065000000000009273e+01 7.332707692356271423e+01
1.067000000000009230e+01 7.322496595539362829e+01
1.069000000000009187e+01 7.298369853291403331e+01
1.071000000000009145e+01 7.284689201358915511e+01
1.073000000000009102e+01 7.266539398209189926e+01
1.075000000000009059e+01 7.261296684712786487e+01
1.077000000000009017e+01 7.244337898934675479e+01
1.079000000000008974e+01 7.220634196660608950e+01
1.081000000000008932e+01 7.217882175861650751e+01
1.083000000000008889e+01 7.203814971720166227e+01
1.085000000000008846e+01 7.193621081875501488e+01
1.087000000000008804e+01 7.174930347626903426e+01
1.089000000000008761e+01 7.159809221878097674e+01
1.091000000000008718e+01 7.154893371744458364e+01
1.093000000000008676e+01 7.132085024284755548e+01
1.095000000000008633e+01 7.126267157053669621e+01
1.097000000000008590e+01 7.109584302363209929e+01
1.099000000000008548e+01 7.097138310610101541e+01
1.101000000000008505e+01 7.088228082063294266e+01
1.103000000000008463e+01 7.083635978778758613e+01
1.105000000000008420e+01 7.058644262289942617e+01
1.107000000000008377e+01 7.061007034154009432e+01
1.109000000000008335e+01 7.050548226751467951e+01
1.111000000000008292e+01 7.040470413877328326e+01
1.113000000000008249e+01 7.024873289174742297e+01
1.115000000000008207e+01 7.019113542625856894e+01
1.117000000000008164e+01 7.009986656304126029e+01
1.119000000000008122e+01 7.001829481788352894e+01
1.121000000000008079e+01 6.998190174896338078e+01
1.123000000000008036e+01 6.978967022267228515e+01
1.125000000000007994e+01 6.976665812269943956e+01
1.127000000000007951e+01 6.983131937163967962e+01
1.129000000000007908e+01 6.960033309323816297e+01
1.131000000000007866e+01 6.972224710037144746e+01
1.133000000000007823e+01 6.954327633972428657e+01
1.135000000000007780e+01 6.936774915928648966e+01
1.137000000000007738e+01 6.947812192586664537e+01
1.139000000000007695e+01 6.950603696585335456e+01
1.141000000000007653e+01 6.937163601743441177e+01
1.143000000000007610e+01 6.916186689805674348e+01
1.145000000000007567e+01 6.938227878903519752e+01
1.147000000000007525e+01 6.924312226964845252e+01
1.149000000000007482e+01 6.919019817180613074e+01
1.151000000000007439e+01 6.918292717425244120e+01
1.153000000000007397e+01 6.911364807293941226e+01
1.155000000000007354e+01 6.915768006642872479e+01
1.157000000000007311e+01 6.908805729576600640e+01
1.159000000000007269e+01 6.900766979041365801e+01
1.161000000000007226e+01 6.908175550216573413e+01
1.163000000000007184e+01 6.907883067143518474e+01
1.165000000000007141e+01 6.899227906908043906e+01
1.167000000000007098e+01 6.900633140925586417e+01
1.169000000000007056e+01 6.901620434997754217e+01
1.171000000000007013e+01 6.889109993365946139e+01
1.173000000000006970e+01 6.903106684360378154e+01
1.175000000000006928e+01 6.892379848261693098e+01
1.177000000000006885e+01 6.883312163128488237e+01
1.179000000000006843e+01 6.880991183639588371e+01
1.181000000000006800e+01 6.897091979796559258e+01
1.183000000000006757e+01 6.888895773733996464e+01
1.185000000000006715e+01 6.880883763203006254e+01
1.187000000000006672e+01 6.880892128780584471e+01
1.189000000000006629e+01 6.875577324662667422e+01
1.191000000000006587e+01 6.874815302408643447e+01
1.193000000000006544e+01 6.856316493241800458e+01
1.195000000000006501e+01 6.872369447403157494e+01
1.197000000000006459e+01 6.866469800288413694e+01
1.199000000000006416e+01 6.854734862698700226e+01
1.201000000000006374e+01 6.856437519271112535e+01
1.203000000000006331e+01 6.851362058249853249e+01
1.205000000000006288e+01 6.855525257296761765e+01
1.207000000000006246e+01 6.829312206911357919e+01
1.209000000000006203e+01 6.840141625690181115e+01
1.211000000000006160e+01 6.825277167190999705e+01
1.213000000000006118e+01 6.812881619821628476e+01
1.215000000000006075e+01 6.810818470854833606e+01
1.217000000000006033e+01 6.808126636538960952e+01
1.219000000000005990e+01 6.798984271415906733e+01
1.221000000000005947e+01 6.783020562507840623e+01
1.223000000000005905e+01 6.774392894196454051e+01
1.225000000000005862e+01 6.775519234448533723e+01
1.227000000000005819e+01 6.754073952859012309e+01
1.229000000000005777e+01 6.746719452090677294e+01
1.231000000000005734e+01 6.735874041256067812e+01
1.233000000000005691e+01 6.709455187243936791e+01
1.235000000000005649e+01 6.714253337058039506e+01
1.237000000000005606e+01 6.696273669900133996e+01
1.239000000000005564e+01 6.667468642867953577e+01
1.241000000000005521e+01 6.671223125801877529e+01
1.243000000000005478e+01 6.652509652598790524e+01
1.245000000000005436e+01 6.638662131562109892e+01
1.247000000000005393e+01 6.616300474074368765e+01
1.249000000000005350e+01 6.592083435995635909e+01
1.251000000000005308e+01 6.585366803589512585e+01
1.253000000000005265e+01 6.562567831323303835e+01
1.255000000000005222e+01 6.541284064527570763e+01
1.257000000000005180e+01 6.523280948422753056e+01
1.259000000000005137e+01 6.502350132637218394e+01
1.261000000000005095e+01 6.485489125948883782e+01
1.263000000000005052e+01 6.469265797408597507e+01
1.265000000000005009e+01 6.432888114991936845e+01
1.267000000000004967e+01 6.415890053030537388e+01
1.269000000000004924e+01 6.381050094957105046e+01
1.271000000000004881e+01 6.365106112350400736e+01
1.273000000000004839e+01 6.346047334810477025e+01
1.275000000000004796e+01 6.333194824160172232e+01
1.277000000000004754e+01 6.283253612436416091e+01
1.279000000000004711e+01 6.260124088820809618e+01
1.281000000000004668e+01 6.243151028770705580e+01
1.283000000000004626e+01 6.208396553822182540e+01
1.285000000000004583e+01 6.177218850218684310e+01
1.287000000000004540e+01 6.156875301823855295e+01
1.289000000000004498e+01 6.120242336380166392e+01
1.291000000000004455e+01 6.095616791987548311e+01
1.293000000000004412e+01 6.054441725857937939e+01
1.295000000000004370e+01 6.019923499519138232e+01
1.297000000000004327e+01 5.992112334464139423e+01
1.299000000000004285e+01 5.964943180118027044e+01
1.301000000000004242e+01 5.939379145075184141e+01
1.303000000000004199e+01 5.891187481275480309e+01
1.305000000000004157e+01 5.853914864595157042e+01
1.307000000000004114e+01 5.824880225511670773e+01
1.309000000000004071e+01 5.787211795351250032e+01
1.311000000000004029e+01 5.736970601638655154e+01
1.313000000000003986e+01 5.714422367909792655e+01
1.315000000000003944e+01 5.683410215774934215e+01
1.317000000000003901e+01 5.630518053266703049e+01
1.319000000000003858e+01 5.583327162104006192e+01
1.321000000000003816e+01 5.543571824691858296e+01
1.323000000000003773e+01 5.513707569598433622e+01
1.325000000000003730e+01 5.453459793667238387e+01
1.327000000000003688e+01 5.402671245159908153e+01
1.329000000000003645e+01 5.365918706334532828e+01
1.331000000000003602e+01 5.308323273930967900e+01
1.333000000000003560e+01 5.262775708630743310e+01
1.335000000000003517e+01 5.215349346103426598e+01
1.337000000000003475e+01 5.153930657951350724e+01
1.339000000000003432e+01 5.100799231675168244e+01
1.341000000000003389e+01 5.034176338957915675e+01
1.343000000000003347e+01 4.972405983566574150e+01
1.345000000000003304e+01 4.920788664448193828e+01
1.347000000000003261e+01 4.832098636952699877e+01
1.349000000000003219e+01 4.761887277607846869e+01
1.351000000000003176e+01 4.685155822123048353e+01
1.353000000000003133e+01 4.605277702294552000e+01
1.355000000000003091e+01 4.521506784879999685e+01
1.357000000000003048e+01 4.440022300225529506e+01
1.359000000000003006e+01 4.334985435457786451e+01
1.361000000000002963e+01 4.234243394459279131e+01
1.363000000000002920e+01 4.140645175410426759e+01
1.365000000000002878e+01 4.067966632325063614e+01
1.367000000000002835e+01 3.955749061896290186e+01
1.369000000000002792e+01 3.862882218813991386e+01
1.371000000000002750e+01 3.768179084931364287e+01
1.373000000000002707e+01 3.677871230968262495e+01
1.375000000000002665e+01 3.571663971431075169e+01
1.377000000000002622e+01 3.480160708706984707e+01
1.379000000000002579e+01 3.367526093828207223e+01
1.381000000000002537e+01 3.258016171822869467e+01
1.383000000000002494e+01 3.152529590703482043e+01
1.385000000000002451e+01 3.047288220940130898e+01
1.387000000000002409e+01 2.930033708285814242e+01
1.389000000000002366e+01 2.808995290617882290e+01
1.391000000000002323e+01 2.689862722410438423e+01
1.393000000000002281e+01 2.552072456942569545e+01
1.395000000000002238e+01 2.423328741695217303e+01
1.397000000000002196e+01 2.288122482713540151e+01
1.399000000000002153e+01 2.144817754913448482e+01
1.401000000000002110e+01 2.010446891090033716e+01
1.403000000000002068e+01 1.869711543828190159e+01
1.405000000000002025e+01 1.723780974633028862e+01
1.407000000000001982e+01 1.585654032299139793e+01
1.409000000000001940e+01 1.436871628421641667e+01
1.411000000000001897e+01 1.287556095482777607e+01
1.413000000000001855e+01 1.150238267265427972e+01
1.415000000000001812e+01 1.013652183740816426e+01
1.417000000000001769e+01 8.749985994735615336e+00
1.419000000000001727e+01 7.471208051954570273e+00
1.421000000000001684e+01 6.198915231594875230e+00
1.423000000000001641e+01 4.978288383576742859e+00
1.425000000000001599e+01 3.922158955056565421e+00
1.427000000000001556e+01 2.976346179290057847e+00
1.429000000000001513e+01 2.249958656845028493e+00
1.431000000000001471e+01 1.644404404775412942e+00
1.433000000000001428e+01 1.227402568719101916e+00
1.435000000000001386e+01 9.037174122492643846e-01
1.437000000000001343e+01 6.358289957574398965e-01
1.439000000000001300e+01 4.490243488699456886e-01
1.441000000000001258e+01 3.043824511038123459e-01
1.443000000000001215e+01 1.852717173372231685e-01
1.445000000000001172e+01 1.122190616688751169e-01
1.447000000000001130e+01 5.463631871507683424e-02
1.449000000000001087e+01 2.099798308626682833e-02
1.451000000000001044e+01 8.110775601710987215e-03
1.453000000000001002e+01 2.736113972694516165e-03
1.455000000000000959e+01 1.651995983944844724e-03
1.457000000000000917e+01 1.640003707047080509e-03
1.459000000000000874e+01 1.632877137313862564e-03
1.461000000000000831e+01 5.436169131290927593e-04
1.463000000000000789e+01 1.221659300557352190e-08
1.465000000000000746e+01 5.771718528246005146e-09
1.467000000000000703e+01 0.000000000000000000e+00
1.469000000000000661e+01 0.000000000000000000e+00
1.471000000000000618e+01 0.000000000000000000e+00
1.473000000000000576e+01 0.000000000000000000e+00
1.475000000000000533e+01 0.000000000000000000e+00
1.477000000000000490e+01 0.000000000000000000e+00
1.479000000000000448e+01 0.000000000000000000e+00
1.481000000000000405e+01 0.000000000000000000e+00
1.483000000000000362e+01 0.000000000000000000e+00
1.485000000000000320e+01 0.000000000000000000e+00
1.487000000000000277e+01 0.000000000000000000e+00
1.489000000000000234e+01 0.000000000000000000e+00
1.491000000000000192e+01 0.000000000000000000e+00
1.493000000000000149e+01 0.000000000000000000e+00
1.495000000000000107e+01 0.000000000000000000e+00
1.497000000000000064e+01 0.000000000000000000e+00
1.499000000000000021e+01 0.000000000000000000e+00
