# Redshift		Merger Rate Density [Gpc^-3yr^-1]
1.000000000031931770e-02 9.482404681685180492e+01
3.000000000031888964e-02 9.946437269407927317e+01
5.000000000031846331e-02 1.046037097270003073e+02
7.000000000031804392e-02 1.093148200880537360e+02
9.000000000031761760e-02 1.145056295307472141e+02
1.100000000003171913e-01 1.198075557340857529e+02
1.300000000003167511e-01 1.250520150873711600e+02
1.500000000003163247e-01 1.307139907731537392e+02
1.700000000003158984e-01 1.361810305823794067e+02
1.900000000003154721e-01 1.422047991442812815e+02
2.100000000003150458e-01 1.482322005540949874e+02
2.300000000003146194e-01 1.545792183837979223e+02
2.500000000003141931e-01 1.604680171940888442e+02
2.700000000003137668e-01 1.667679029554369947e+02
2.900000000003133405e-01 1.737243058965681826e+02
3.100000000003129141e-01 1.800818860275158499e+02
3.300000000003124878e-01 1.872424106996114972e+02
3.500000000003120615e-01 1.932945978228546835e+02
3.700000000003116352e-01 2.004426512389464961e+02
3.900000000003112088e-01 2.076085983662691490e+02
4.100000000003107825e-01 2.147949285255942584e+02
4.300000000003103562e-01 2.222775062371065928e+02
4.500000000003099299e-01 2.300422756179745534e+02
4.700000000003095035e-01 2.375218253588791129e+02
4.900000000003090772e-01 2.450564765416033879e+02
5.100000000003086509e-01 2.533153029952876807e+02
5.300000000003082246e-01 2.613630523029411847e+02
5.500000000003077982e-01 2.699159224759336553e+02
5.700000000003073719e-01 2.780995562640076741e+02
5.900000000003069456e-01 2.864412385259709595e+02
6.100000000003065193e-01 2.948372519511434575e+02
6.300000000003060929e-01 3.029597611591631789e+02
6.500000000003056666e-01 3.115290947862530970e+02
6.700000000003052403e-01 3.206254392553358912e+02
6.900000000003048140e-01 3.299763875114300049e+02
7.100000000003043876e-01 3.383976634990988259e+02
7.300000000003039613e-01 3.480682532308937311e+02
7.500000000003035350e-01 3.572481013594264141e+02
7.700000000003031086e-01 3.672584654874966077e+02
7.900000000003026823e-01 3.754990489295368548e+02
8.100000000003022560e-01 3.858861748711906330e+02
8.300000000003018297e-01 3.955540393128724190e+02
8.500000000003014033e-01 4.042442289133990130e+02
8.700000000003009770e-01 4.140922486894529584e+02
8.900000000003005507e-01 4.231082524763343145e+02
9.100000000003001244e-01 4.339388877559997582e+02
9.300000000002996980e-01 4.423417175285640610e+02
9.500000000002992717e-01 4.515423040178559972e+02
9.700000000002988454e-01 4.620093728909790798e+02
9.900000000002984191e-01 4.720669519767089355e+02
1.010000000000297993e+00 4.806336046872952465e+02
1.030000000000297566e+00 4.906302934800445996e+02
1.050000000000297140e+00 5.005932050066967918e+02
1.070000000000296714e+00 5.097534335690035050e+02
1.090000000000296287e+00 5.209070118713834745e+02
1.110000000000295861e+00 5.290275394294999387e+02
1.130000000000295435e+00 5.394139562804975867e+02
1.150000000000295008e+00 5.482451653063534422e+02
1.170000000000294582e+00 5.575497168829095926e+02
1.190000000000294156e+00 5.666665880330717755e+02
1.210000000000293729e+00 5.758875950448350522e+02
1.230000000000293303e+00 5.844865115327363583e+02
1.250000000000292877e+00 5.932686836208865770e+02
1.270000000000292451e+00 6.017898060431288059e+02
1.290000000000292024e+00 6.103739063754761673e+02
1.310000000000291598e+00 6.181083898707635171e+02
1.330000000000291172e+00 6.266728822341400473e+02
1.350000000000290745e+00 6.349324533777175930e+02
1.370000000000290319e+00 6.412249011864390695e+02
1.390000000000289893e+00 6.505124932956993007e+02
1.410000000000289466e+00 6.553332707466295233e+02
1.430000000000289040e+00 6.630264412118881410e+02
1.450000000000288614e+00 6.697640858387146636e+02
1.470000000000288187e+00 6.768487935926607406e+02
1.490000000000287761e+00 6.817714894433794370e+02
1.510000000000287335e+00 6.898568602012335305e+02
1.530000000000286908e+00 6.963612099272127125e+02
1.550000000000286482e+00 7.034083042531563024e+02
1.570000000000286056e+00 7.096196571618293092e+02
1.590000000000285629e+00 7.137475624247849737e+02
1.610000000000285203e+00 7.208799390930960271e+02
1.630000000000284777e+00 7.241283622143537286e+02
1.650000000000284350e+00 7.324135542437152253e+02
1.670000000000283924e+00 7.331804405534827538e+02
1.690000000000283498e+00 7.396770765458684309e+02
1.710000000000283071e+00 7.490978592208632563e+02
1.730000000000282645e+00 7.519948793385365207e+02
1.750000000000282219e+00 7.500445427010025696e+02
1.770000000000281792e+00 7.446812685923860045e+02
1.790000000000281366e+00 7.424517177209174861e+02
1.810000000000280940e+00 7.410240152527657074e+02
1.830000000000280513e+00 7.355778780146857798e+02
1.850000000000280087e+00 7.339145381834085811e+02
1.870000000000279661e+00 7.343241442082634194e+02
1.890000000000279234e+00 7.319079377412978147e+02
1.910000000000278808e+00 7.307259581125794057e+02
1.930000000000278382e+00 7.317037484070541495e+02
1.950000000000277955e+00 7.362898930112919516e+02
1.970000000000277529e+00 7.368323519246547448e+02
1.990000000000277103e+00 7.317216812983855334e+02
2.010000000000276899e+00 7.280413351391948709e+02
2.030000000000276472e+00 7.245154175277297099e+02
2.050000000000276046e+00 7.222156904195566085e+02
2.070000000000275620e+00 7.160418490284631616e+02
2.090000000000275193e+00 7.142901136531021393e+02
2.110000000000274767e+00 7.111674468599552483e+02
2.130000000000274341e+00 7.055228843484476329e+02
2.150000000000273914e+00 7.011486988606851583e+02
2.170000000000273488e+00 6.957299404147023552e+02
2.190000000000273062e+00 6.927407836748965337e+02
2.210000000000272635e+00 6.851099644377954974e+02
2.230000000000272209e+00 6.756114464255535950e+02
2.250000000000271783e+00 6.660824157356087198e+02
2.270000000000271356e+00 6.540937737714353943e+02
2.290000000000270930e+00 6.481032384567926101e+02
2.310000000000270504e+00 6.413512837035759730e+02
2.330000000000270077e+00 6.348775330862640658e+02
2.350000000000269651e+00 6.280966008910437495e+02
2.370000000000269225e+00 6.204205490363460740e+02
2.390000000000268798e+00 6.134121561673279075e+02
2.410000000000268372e+00 6.066866882124082849e+02
2.430000000000267946e+00 5.960091466576969879e+02
2.450000000000267519e+00 5.905152851435875618e+02
2.470000000000267093e+00 5.799385155058345163e+02
2.490000000000266667e+00 5.716118370491584528e+02
2.510000000000266240e+00 5.658772025952724789e+02
2.530000000000265814e+00 5.579445704342941781e+02
2.550000000000265388e+00 5.493869720328058293e+02
2.570000000000264961e+00 5.430846483789441663e+02
2.590000000000264535e+00 5.355965886881283495e+02
2.610000000000264109e+00 5.289152756798000610e+02
2.630000000000263682e+00 5.206692852432078098e+02
2.650000000000263256e+00 5.151859353454749453e+02
2.670000000000262830e+00 5.063940073262107262e+02
2.690000000000262403e+00 5.007696378558139259e+02
2.710000000000261977e+00 4.928714675429110912e+02
2.730000000000261551e+00 4.858954880726180363e+02
2.750000000000261124e+00 4.789272525348231397e+02
2.770000000000260698e+00 4.707896698010422938e+02
2.790000000000260272e+00 4.648788032695520656e+02
2.810000000000259845e+00 4.580916349436764676e+02
2.830000000000259419e+00 4.513745563957904778e+02
2.850000000000258993e+00 4.447046588424755100e+02
2.870000000000258567e+00 4.374109066309766831e+02
2.890000000000258140e+00 4.318088142954440514e+02
2.910000000000257714e+00 4.253577200030170502e+02
2.930000000000257288e+00 4.188736101689746079e+02
2.950000000000256861e+00 4.142574833083255044e+02
2.970000000000256435e+00 4.081726576175605032e+02
2.990000000000256009e+00 4.003249073325866902e+02
3.010000000000255582e+00 3.947693427884709649e+02
3.030000000000255156e+00 3.880911728166100829e+02
3.050000000000254730e+00 3.823329289687954997e+02
3.070000000000254303e+00 3.772970314531775102e+02
3.090000000000253877e+00 3.725403348076485486e+02
3.110000000000253451e+00 3.672368234508573437e+02
3.130000000000253024e+00 3.630469241676964316e+02
3.150000000000252598e+00 3.562250552348148176e+02
3.170000000000252172e+00 3.512077595676244641e+02
3.190000000000251745e+00 3.469966397435558179e+02
3.210000000000251319e+00 3.421676863415893877e+02
3.230000000000250893e+00 3.398285382395458214e+02
3.250000000000250466e+00 3.346629358751243899e+02
3.270000000000250040e+00 3.277727812876722737e+02
3.290000000000249614e+00 3.231851548654209410e+02
3.310000000000249187e+00 3.157016451643443702e+02
3.330000000000248761e+00 3.111320036834707707e+02
3.350000000000248335e+00 3.043819037746072809e+02
3.370000000000247908e+00 2.991339491637021979e+02
3.390000000000247482e+00 2.935834330609455378e+02
3.410000000000247056e+00 2.888734230079696204e+02
3.430000000000246629e+00 2.839913868640118721e+02
3.450000000000246203e+00 2.804810612018524125e+02
3.470000000000245777e+00 2.752429475684064641e+02
3.490000000000245350e+00 2.712137289126142718e+02
3.510000000000244924e+00 2.686731576586632855e+02
3.530000000000244498e+00 2.645076529926344620e+02
3.550000000000244071e+00 2.607823433177302377e+02
3.570000000000243645e+00 2.589008784358293269e+02
3.590000000000243219e+00 2.573242063390601970e+02
3.610000000000242792e+00 2.536538678144127061e+02
3.630000000000242366e+00 2.501727903574646632e+02
3.650000000000241940e+00 2.448735657716690355e+02
3.670000000000241513e+00 2.422476656057019682e+02
3.690000000000241087e+00 2.374969562280433308e+02
3.710000000000240661e+00 2.332450026011022146e+02
3.730000000000240234e+00 2.308537415387337717e+02
3.750000000000239808e+00 2.263103829340487039e+02
3.770000000000239382e+00 2.237746730458946445e+02
3.790000000000238956e+00 2.212850157790510082e+02
3.810000000000238529e+00 2.190664474886686435e+02
3.830000000000238103e+00 2.161919621826490641e+02
3.850000000000237677e+00 2.143173339084554812e+02
3.870000000000237250e+00 2.112075916133267981e+02
3.890000000000236824e+00 2.078426178906000246e+02
3.910000000000236398e+00 2.045667564704304482e+02
3.930000000000235971e+00 2.021688679554841599e+02
3.950000000000235545e+00 1.986852213078779243e+02
3.970000000000235119e+00 1.969866469354167862e+02
3.990000000000234692e+00 1.937256562173484440e+02
4.010000000000234266e+00 1.910625799992411089e+02
4.030000000000233840e+00 1.883710002288059684e+02
4.050000000000233413e+00 1.862759984926914569e+02
4.070000000000232987e+00 1.840166383849681324e+02
4.090000000000232561e+00 1.806758571646306848e+02
4.110000000000232134e+00 1.799809798047320726e+02
4.130000000000231708e+00 1.774741009154182620e+02
4.150000000000231282e+00 1.756491849406023675e+02
4.170000000000230855e+00 1.738298506809966000e+02
4.190000000000230429e+00 1.724045944303548197e+02
4.210000000000230003e+00 1.691376299595643502e+02
4.230000000000229576e+00 1.680613648610349458e+02
4.250000000000229150e+00 1.658490454183557574e+02
4.270000000000228724e+00 1.619219604406578128e+02
4.290000000000228297e+00 1.597313956870270601e+02
4.310000000000227871e+00 1.573115330530218898e+02
4.330000000000227445e+00 1.558915014471808149e+02
4.350000000000227018e+00 1.529539733933659136e+02
4.370000000000226592e+00 1.509143069383658258e+02
4.390000000000226166e+00 1.489335704245473266e+02
4.410000000000225739e+00 1.472141213095322030e+02
4.430000000000225313e+00 1.449444524663707625e+02
4.450000000000224887e+00 1.442330505516646610e+02
4.470000000000224460e+00 1.427613285605124531e+02
4.490000000000224034e+00 1.408690660588228525e+02
4.510000000000223608e+00 1.394473234282917247e+02
4.530000000000223181e+00 1.383137665076650649e+02
4.550000000000222755e+00 1.360942218927801832e+02
4.570000000000222329e+00 1.345058898858833629e+02
4.590000000000221902e+00 1.334329606546003788e+02
4.610000000000221476e+00 1.312743731008641532e+02
4.630000000000221050e+00 1.313927638505228686e+02
4.650000000000220624e+00 1.292054850556622796e+02
4.670000000000220197e+00 1.269751538326477629e+02
4.690000000000219771e+00 1.256336590582247794e+02
4.710000000000219345e+00 1.235432540311660574e+02
4.730000000000218918e+00 1.218232239186381776e+02
4.750000000000218492e+00 1.198449214064526558e+02
4.770000000000218066e+00 1.195676976037535866e+02
4.790000000000217639e+00 1.175689928337070427e+02
4.810000000000217213e+00 1.161337973664414562e+02
4.830000000000216787e+00 1.151826951844949889e+02
4.850000000000216360e+00 1.143998380302944327e+02
4.870000000000215934e+00 1.123278002402449545e+02
4.890000000000215508e+00 1.121806486654517983e+02
4.910000000000215081e+00 1.102215700850670430e+02
4.930000000000214655e+00 1.096112277299753970e+02
4.950000000000214229e+00 1.083052105469715229e+02
4.970000000000213802e+00 1.071443214639849231e+02
4.990000000000213376e+00 1.053108280513852577e+02
5.010000000000212950e+00 1.036172354160713667e+02
5.030000000000212523e+00 1.029821415886323166e+02
5.050000000000212097e+00 1.014062189685791395e+02
5.070000000000211671e+00 9.984597660875564884e+01
5.090000000000211244e+00 9.860770620844360224e+01
5.110000000000210818e+00 9.751495086045956384e+01
5.130000000000210392e+00 9.511233513687757579e+01
5.150000000000209965e+00 9.381281560418881327e+01
5.170000000000209539e+00 9.226375425316419410e+01
5.190000000000209113e+00 9.132414887758132238e+01
5.210000000000208686e+00 8.992587119780543503e+01
5.230000000000208260e+00 8.902340692258137267e+01
5.250000000000207834e+00 8.775300908758579510e+01
5.270000000000207407e+00 8.685386630460403978e+01
5.290000000000206981e+00 8.637450357550008562e+01
5.310000000000206555e+00 8.489734629296732749e+01
5.330000000000206128e+00 8.397700994271525587e+01
5.350000000000205702e+00 8.299961733571396394e+01
5.370000000000205276e+00 8.230474029524444290e+01
5.390000000000204849e+00 8.218786530476921826e+01
5.410000000000204423e+00 8.039905008156516431e+01
5.430000000000203997e+00 8.046432232468866630e+01
5.450000000000203570e+00 7.949446026943732591e+01
5.470000000000203144e+00 7.879362721470538133e+01
5.490000000000202718e+00 7.704109053074672886e+01
5.510000000000202292e+00 7.640040296513616624e+01
5.530000000000201865e+00 7.606935652253331170e+01
5.550000000000201439e+00 7.518726683456425519e+01
5.570000000000201013e+00 7.374443617446415544e+01
5.590000000000200586e+00 7.310322302209577572e+01
5.610000000000200160e+00 7.267853525936170911e+01
5.630000000000199734e+00 7.184529994360323712e+01
5.650000000000199307e+00 6.996224739927212966e+01
5.670000000000198881e+00 6.931962245298085179e+01
5.690000000000198455e+00 6.829726946718497516e+01
5.710000000000198028e+00 6.743473522215457194e+01
5.730000000000197602e+00 6.640458615902190331e+01
5.750000000000197176e+00 6.580917270696819799e+01
5.770000000000196749e+00 6.494933339629696434e+01
5.790000000000196323e+00 6.340570491744788484e+01
5.810000000000195897e+00 6.339536509593085611e+01
5.830000000000195470e+00 6.271398565093043231e+01
5.850000000000195044e+00 6.152136555102199367e+01
5.870000000000194618e+00 6.085925984552058310e+01
5.890000000000194191e+00 6.056234562598657334e+01
5.910000000000193765e+00 5.977731491992879853e+01
5.930000000000193339e+00 5.928280159211979594e+01
5.950000000000192912e+00 5.874917429995084461e+01
5.970000000000192486e+00 5.839053515562041241e+01
5.990000000000192060e+00 5.752655788227893652e+01
6.010000000000191633e+00 5.731756374277009058e+01
6.030000000000191207e+00 5.586213270434380007e+01
6.050000000000190781e+00 5.556390281757461480e+01
6.070000000000190354e+00 5.550363300264324806e+01
6.090000000000189928e+00 5.451990931019063424e+01
6.110000000000189502e+00 5.386727610474604688e+01
6.130000000000189075e+00 5.285534885911781799e+01
6.150000000000188649e+00 5.288454767129107381e+01
6.170000000000188223e+00 5.212150831216821700e+01
6.190000000000187796e+00 5.114298484635830278e+01
6.210000000000187370e+00 5.000170469008006080e+01
6.230000000000186944e+00 4.989788996913102892e+01
6.250000000000186517e+00 4.889886223497380513e+01
6.270000000000186091e+00 4.806726084913321984e+01
6.290000000000185665e+00 4.783896077930000246e+01
6.310000000000185238e+00 4.680959270097508096e+01
6.330000000000184812e+00 4.677566001563160114e+01
6.350000000000184386e+00 4.600589783088769735e+01
6.370000000000183960e+00 4.572313605668325209e+01
6.390000000000183533e+00 4.523831546033709827e+01
6.410000000000183107e+00 4.488230448018971686e+01
6.430000000000182681e+00 4.426501280982342479e+01
6.450000000000182254e+00 4.371419288920935742e+01
6.470000000000181828e+00 4.312657902607340787e+01
6.490000000000181402e+00 4.318033197475216411e+01
6.510000000000180975e+00 4.211082781717501433e+01
6.530000000000180549e+00 4.164342325790080679e+01
6.550000000000180123e+00 4.126105725773864918e+01
6.570000000000179696e+00 4.081316238863226431e+01
6.590000000000179270e+00 4.036470720153953806e+01
6.610000000000178844e+00 3.973521454849439749e+01
6.630000000000178417e+00 3.946039538192284368e+01
6.650000000000177991e+00 3.932955898624012292e+01
6.670000000000177565e+00 3.878477405917357856e+01
6.690000000000177138e+00 3.814785940744947368e+01
6.710000000000176712e+00 3.783098975289738775e+01
6.730000000000176286e+00 3.713883846483795281e+01
6.750000000000175859e+00 3.669800012164267144e+01
6.770000000000175433e+00 3.615753181271944072e+01
6.790000000000175007e+00 3.537592876899799421e+01
6.810000000000174580e+00 3.525679707132357521e+01
6.830000000000174154e+00 3.469911680986085400e+01
6.850000000000173728e+00 3.428150923880024692e+01
6.870000000000173301e+00 3.404192589508996036e+01
6.890000000000172875e+00 3.348967411313056175e+01
6.910000000000172449e+00 3.329290269304344463e+01
6.930000000000172022e+00 3.318247053312579453e+01
6.950000000000171596e+00 3.245568341003266966e+01
6.970000000000171170e+00 3.231649212776205360e+01
6.990000000000170743e+00 3.225869347170709034e+01
7.010000000000170317e+00 3.147607571057537612e+01
7.030000000000169891e+00 3.119210457608877363e+01
7.050000000000169464e+00 3.072144418324116799e+01
7.070000000000169038e+00 3.061022302189111954e+01
7.090000000000168612e+00 3.008701160997722823e+01
7.110000000000168185e+00 3.003154902897053802e+01
7.130000000000167759e+00 2.960398079190177967e+01
7.150000000000167333e+00 2.928688965480264272e+01
7.170000000000166906e+00 2.918317164008591647e+01
7.190000000000166480e+00 2.846374958420139478e+01
7.210000000000166054e+00 2.852538741917432930e+01
7.230000000000165628e+00 2.823097743410386329e+01
7.250000000000165201e+00 2.755807370424222214e+01
7.270000000000164775e+00 2.717718439009233222e+01
7.290000000000164349e+00 2.676258878315425704e+01
7.310000000000163922e+00 2.666299268476715767e+01
7.330000000000163496e+00 2.674098982618983911e+01
7.350000000000163070e+00 2.632680849074008478e+01
7.370000000000162643e+00 2.606509491033016701e+01
7.390000000000162217e+00 2.592246084798535222e+01
7.410000000000161791e+00 2.588102446973404369e+01
7.430000000000161364e+00 2.525379830919534996e+01
7.450000000000160938e+00 2.539759113928691292e+01
7.470000000000160512e+00 2.508289861194397474e+01
7.490000000000160085e+00 2.478888686196501467e+01
7.510000000000159659e+00 2.443685123779229329e+01
7.530000000000159233e+00 2.458123173125267158e+01
7.550000000000158806e+00 2.415494853873416403e+01
7.570000000000158380e+00 2.366092694654737016e+01
7.590000000000157954e+00 2.362536335871239856e+01
7.610000000000157527e+00 2.326532911204645870e+01
7.630000000000157101e+00 2.329240664571792507e+01
7.650000000000156675e+00 2.276624275453331947e+01
7.670000000000156248e+00 2.279182559780729633e+01
7.690000000000155822e+00 2.262638811243570913e+01
7.710000000000155396e+00 2.243235895759883647e+01
7.730000000000154969e+00 2.239696478601151597e+01
7.750000000000154543e+00 2.228302429541619389e+01
7.770000000000154117e+00 2.191942109192817156e+01
7.790000000000153690e+00 2.175294474239701259e+01
7.810000000000153264e+00 2.172665601049779482e+01
7.830000000000152838e+00 2.146014657757367416e+01
7.850000000000152411e+00 2.156408879140521506e+01
7.870000000000151985e+00 2.129800754384279315e+01
7.890000000000151559e+00 2.114711152229822133e+01
7.910000000000151132e+00 2.099827020402020494e+01
7.930000000000150706e+00 2.080517710475640669e+01
7.950000000000150280e+00 2.044047402770948807e+01
7.970000000000149853e+00 2.023305112447540921e+01
7.990000000000149427e+00 2.020455638415611688e+01
8.010000000000149001e+00 2.004214455016051133e+01
8.030000000000148574e+00 2.007982997572959150e+01
8.050000000000148148e+00 1.973483738316893366e+01
8.070000000000147722e+00 1.972522059792223104e+01
8.090000000000147296e+00 1.949166593348383358e+01
8.110000000000146869e+00 1.935865953536234940e+01
8.130000000000146443e+00 1.937815612208374105e+01
8.150000000000146017e+00 1.931473604603957739e+01
8.170000000000145590e+00 1.934088184499099228e+01
8.190000000000145164e+00 1.893866598514721744e+01
8.210000000000144738e+00 1.900308550970149213e+01
8.230000000000144311e+00 1.889479583169036303e+01
8.250000000000143885e+00 1.847104883551311616e+01
8.270000000000143459e+00 1.866995359859107850e+01
8.290000000000143032e+00 1.822976514367859835e+01
8.310000000000142606e+00 1.824167275915587894e+01
8.330000000000142180e+00 1.822045793988021956e+01
8.350000000000141753e+00 1.799515531093306109e+01
8.370000000000141327e+00 1.787333691934338731e+01
8.390000000000140901e+00 1.773031149279169583e+01
8.410000000000140474e+00 1.744206719668306249e+01
8.430000000000140048e+00 1.756015805402418550e+01
8.450000000000139622e+00 1.747259586201934667e+01
8.470000000000139195e+00 1.727724266138080012e+01
8.490000000000138769e+00 1.739536361785598473e+01
8.510000000000138343e+00 1.730880767856839597e+01
8.530000000000137916e+00 1.710396084278719897e+01
8.550000000000137490e+00 1.706524175382630304e+01
8.570000000000137064e+00 1.701484099362357227e+01
8.590000000000136637e+00 1.688182182489534355e+01
8.610000000000136211e+00 1.670223058298255836e+01
8.630000000000135785e+00 1.651854358938409106e+01
8.650000000000135358e+00 1.668264978287638201e+01
8.670000000000134932e+00 1.646781587825952897e+01
8.690000000000134506e+00 1.629424056014531175e+01
8.710000000000134079e+00 1.612300367718145466e+01
8.730000000000133653e+00 1.618718818477674404e+01
8.750000000000133227e+00 1.609096227550095648e+01
8.770000000000132800e+00 1.610507846800017973e+01
8.790000000000132374e+00 1.589332727294965153e+01
8.810000000000131948e+00 1.579316188358012951e+01
8.830000000000131521e+00 1.583336809808282375e+01
8.850000000000131095e+00 1.564689906261491359e+01
8.870000000000130669e+00 1.567268222905114072e+01
8.890000000000130242e+00 1.562049762712466894e+01
8.910000000000129816e+00 1.556675601512846718e+01
8.930000000000129390e+00 1.552774011065946880e+01
8.950000000000128964e+00 1.541159980698328447e+01
8.970000000000128537e+00 1.535466649963007768e+01
8.990000000000128111e+00 1.537154475066717474e+01
9.010000000000127685e+00 1.521967012592517321e+01
9.030000000000127258e+00 1.509994807339403877e+01
9.050000000000126832e+00 1.506487408134202610e+01
9.070000000000126406e+00 1.495376655687317324e+01
9.090000000000125979e+00 1.500874542193701622e+01
9.110000000000125553e+00 1.477626877448620846e+01
9.130000000000125127e+00 1.467857465209974066e+01
9.150000000000124700e+00 1.463552671240380221e+01
9.170000000000124274e+00 1.468881719116775564e+01
9.190000000000123848e+00 1.468058399902815303e+01
9.210000000000123421e+00 1.442315333182478199e+01
9.230000000000122995e+00 1.452423599810492760e+01
9.250000000000122569e+00 1.437225635148333325e+01
9.270000000000122142e+00 1.430559346329132708e+01
9.290000000000121716e+00 1.426375573698707200e+01
9.310000000000121290e+00 1.422188205044625242e+01
9.330000000000120863e+00 1.399596070262259673e+01
9.350000000000120437e+00 1.382731711868305347e+01
9.370000000000120011e+00 1.388985994561619819e+01
9.390000000000119584e+00 1.368177775390403639e+01
9.410000000000119158e+00 1.355692573099550380e+01
9.430000000000118732e+00 1.347965757128140751e+01
9.450000000000118305e+00 1.350916094260666611e+01
9.470000000000117879e+00 1.331554580951788935e+01
9.490000000000117453e+00 1.314746804710465256e+01
9.510000000000117026e+00 1.312042412471527975e+01
9.530000000000116600e+00 1.299240555942392206e+01
9.550000000000116174e+00 1.271440039769460206e+01
9.570000000000115747e+00 1.258981193803138332e+01
9.590000000000115321e+00 1.251046828165623204e+01
9.610000000000114895e+00 1.231778386682967685e+01
9.630000000000114468e+00 1.213186191851621132e+01
9.650000000000114042e+00 1.205815226745817270e+01
9.670000000000113616e+00 1.189256447382826032e+01
9.690000000000113189e+00 1.167358297304434878e+01
9.710000000000112763e+00 1.146418513844819742e+01
9.730000000000112337e+00 1.135108515516429328e+01
9.750000000000111910e+00 1.119023366103240491e+01
9.770000000000111484e+00 1.092088258835872061e+01
9.790000000000111058e+00 1.082617812631494125e+01
9.810000000000110632e+00 1.054657471497811372e+01
9.830000000000110205e+00 1.039882032092881126e+01
9.850000000000109779e+00 1.029110847975372955e+01
9.870000000000109353e+00 1.010723056369447370e+01
9.890000000000108926e+00 9.801020398322755511e+00
9.910000000000108500e+00 9.659409712557287975e+00
9.930000000000108074e+00 9.399545198238453025e+00
9.950000000000107647e+00 9.281005199976963382e+00
9.970000000000107221e+00 8.931546260821081162e+00
9.990000000000106795e+00 8.927385690847879474e+00
1.001000000000010637e+01 8.728112392791180341e+00
1.003000000000010594e+01 8.498788310772571464e+00
1.005000000000010552e+01 8.375014434968964139e+00
1.007000000000010509e+01 8.270054771269295557e+00
1.009000000000010466e+01 8.182586380967943995e+00
1.011000000000010424e+01 8.006442748248996821e+00
1.013000000000010381e+01 7.878664255936266514e+00
1.015000000000010338e+01 7.707194029310521444e+00
1.017000000000010296e+01 7.554947789981152795e+00
1.019000000000010253e+01 7.464456866304602478e+00
1.021000000000010210e+01 7.430122554629211784e+00
1.023000000000010168e+01 7.401943241881275171e+00
1.025000000000010125e+01 7.308966697399640999e+00
1.027000000000010083e+01 7.289505823015696606e+00
1.029000000000010040e+01 7.284104343320672470e+00
1.031000000000009997e+01 7.278688577468745535e+00
1.033000000000009955e+01 7.278832412019419884e+00
1.035000000000009912e+01 7.426527540751615142e+00
1.037000000000009869e+01 7.395686278109338652e+00
1.039000000000009827e+01 7.416511604763709187e+00
1.041000000000009784e+01 7.666641489452297620e+00
1.043000000000009742e+01 7.713500139362738928e+00
1.045000000000009699e+01 7.834229176098933323e+00
1.047000000000009656e+01 8.035274517779768644e+00
1.049000000000009614e+01 8.095829912663464967e+00
1.051000000000009571e+01 8.393984206612872256e+00
1.053000000000009528e+01 8.609673567214784384e+00
1.055000000000009486e+01 8.824048980815124565e+00
1.057000000000009443e+01 9.082886308895256278e+00
1.059000000000009400e+01 9.223315613691585924e+00
1.061000000000009358e+01 9.664157225708107646e+00
1.063000000000009315e+01 9.991384103758088386e+00
1.065000000000009273e+01 1.025050625343189203e+01
1.067000000000009230e+01 1.064033828621493072e+01
1.069000000000009187e+01 1.092024113055821211e+01
1.071000000000009145e+01 1.132788685647850890e+01
1.073000000000009102e+01 1.167117313949961321e+01
1.075000000000009059e+01 1.201501994887264146e+01
1.077000000000009017e+01 1.234549145932289882e+01
1.079000000000008974e+01 1.276075701409173035e+01
1.081000000000008932e+01 1.321033497487097819e+01
1.083000000000008889e+01 1.368488153628726955e+01
1.085000000000008846e+01 1.406209538214245747e+01
1.087000000000008804e+01 1.438558767404576599e+01
1.089000000000008761e+01 1.474575612257436674e+01
1.091000000000008718e+01 1.515746487994235814e+01
1.093000000000008676e+01 1.549691963899343072e+01
1.095000000000008633e+01 1.603542033821668866e+01
1.097000000000008590e+01 1.646531351673704080e+01
1.099000000000008548e+01 1.677129087954674702e+01
1.101000000000008505e+01 1.698830668290289836e+01
1.103000000000008463e+01 1.736116130250303158e+01
1.105000000000008420e+01 1.774664695735317466e+01
1.107000000000008377e+01 1.802418992401035069e+01
1.109000000000008335e+01 1.844067974491510142e+01
1.111000000000008292e+01 1.873528045551244503e+01
1.113000000000008249e+01 1.889191265022066446e+01
1.115000000000008207e+01 1.930361274995980025e+01
1.117000000000008164e+01 1.925879908191258494e+01
1.119000000000008122e+01 1.963895370277315777e+01
1.121000000000008079e+01 1.983759329904889412e+01
1.123000000000008036e+01 1.994827411359614189e+01
1.125000000000007994e+01 2.032226803295985817e+01
1.127000000000007951e+01 2.019762948097043065e+01
1.129000000000007908e+01 2.022091640971625282e+01
1.131000000000007866e+01 2.043184828381441775e+01
1.133000000000007823e+01 2.054679448735765135e+01
1.135000000000007780e+01 2.065482797782919278e+01
1.137000000000007738e+01 2.066924370851761594e+01
1.139000000000007695e+01 2.038222297346529999e+01
1.141000000000007653e+01 2.049177009714938436e+01
1.143000000000007610e+01 2.050715911528521929e+01
1.145000000000007567e+01 2.039976086539893174e+01
1.147000000000007525e+01 2.006204751368202466e+01
1.149000000000007482e+01 2.006919499515521466e+01
1.151000000000007439e+01 2.011019026385707775e+01
1.153000000000007397e+01 1.995798734236752381e+01
1.155000000000007354e+01 1.957740015711204151e+01
1.157000000000007311e+01 1.944652804118845069e+01
1.159000000000007269e+01 1.922181453098361104e+01
1.161000000000007226e+01 1.892492581977101906e+01
1.163000000000007184e+01 1.851429610308328577e+01
1.165000000000007141e+01 1.837548705191520426e+01
1.167000000000007098e+01 1.805886235886133306e+01
1.169000000000007056e+01 1.777307133107606063e+01
1.171000000000007013e+01 1.750321596415697201e+01
1.173000000000006970e+01 1.707638718996622273e+01
1.175000000000006928e+01 1.663396008701553441e+01
1.177000000000006885e+01 1.624317614739472049e+01
1.179000000000006843e+01 1.585738708106761585e+01
1.181000000000006800e+01 1.560049318316170286e+01
1.183000000000006757e+01 1.510802880706522267e+01
1.185000000000006715e+01 1.467987366326469356e+01
1.187000000000006672e+01 1.429151078732372859e+01
1.189000000000006629e+01 1.387192143542836398e+01
1.191000000000006587e+01 1.337499946547259100e+01
1.193000000000006544e+01 1.299496014883928829e+01
1.195000000000006501e+01 1.244163205374474579e+01
1.197000000000006459e+01 1.213170640817250856e+01
1.199000000000006416e+01 1.159695866288058674e+01
1.201000000000006374e+01 1.119528186073316611e+01
1.203000000000006331e+01 1.076462714486605243e+01
1.205000000000006288e+01 1.023531304218465543e+01
1.207000000000006246e+01 9.937825485529103275e+00
1.209000000000006203e+01 9.475652052024637229e+00
1.211000000000006160e+01 9.057922308368626219e+00
1.213000000000006118e+01 8.590502006510069677e+00
1.215000000000006075e+01 8.166876001572457966e+00
1.217000000000006033e+01 7.841885655470184346e+00
1.219000000000005990e+01 7.468520882691835006e+00
1.221000000000005947e+01 7.056395179526756323e+00
1.223000000000005905e+01 6.684739455317639134e+00
1.225000000000005862e+01 6.359354173943336797e+00
1.227000000000005819e+01 5.953818379886881118e+00
1.229000000000005777e+01 5.629101162731984687e+00
1.231000000000005734e+01 5.373035616419205240e+00
1.233000000000005691e+01 5.024236927881189807e+00
1.235000000000005649e+01 4.760001106487828260e+00
1.237000000000005606e+01 4.489274675876882448e+00
1.239000000000005564e+01 4.162743146677894579e+00
1.241000000000005521e+01 3.975325707940370101e+00
1.243000000000005478e+01 3.706030493391079261e+00
1.245000000000005436e+01 3.447839735672677097e+00
1.247000000000005393e+01 3.269010719972718082e+00
1.249000000000005350e+01 3.061723985950702609e+00
1.251000000000005308e+01 2.852891135657985799e+00
1.253000000000005265e+01 2.664827953851046871e+00
1.255000000000005222e+01 2.534815256982541953e+00
1.257000000000005180e+01 2.345636550443884083e+00
1.259000000000005137e+01 2.164228447440476266e+00
1.261000000000005095e+01 2.090674153499355814e+00
1.263000000000005052e+01 1.941405796334678469e+00
1.265000000000005009e+01 1.818961449797306784e+00
1.267000000000004967e+01 1.720294036561720530e+00
1.269000000000004924e+01 1.610042503905641631e+00
1.271000000000004881e+01 1.508953163771576511e+00
1.273000000000004839e+01 1.436614229819961119e+00
1.275000000000004796e+01 1.360088142542412726e+00
1.277000000000004754e+01 1.254998860237424241e+00
1.279000000000004711e+01 1.211138663015837169e+00
1.281000000000004668e+01 1.153905445107227035e+00
1.283000000000004626e+01 1.092788892981095161e+00
1.285000000000004583e+01 1.027882740012831642e+00
1.287000000000004540e+01 1.016770728464927886e+00
1.289000000000004498e+01 9.420043998724553225e-01
1.291000000000004455e+01 9.387614630513921865e-01
1.293000000000004412e+01 8.914538521510949609e-01
1.295000000000004370e+01 8.387963647385265897e-01
1.297000000000004327e+01 8.128366695093224292e-01
1.299000000000004285e+01 7.972993279094038321e-01
1.301000000000004242e+01 7.783748866682079770e-01
1.303000000000004199e+01 7.772730013126546433e-01
1.305000000000004157e+01 7.280027398417497908e-01
1.307000000000004114e+01 7.046373036167198345e-01
1.309000000000004071e+01 6.872935376229648563e-01
1.311000000000004029e+01 7.045164333729553308e-01
1.313000000000003986e+01 6.646987219620948961e-01
1.315000000000003944e+01 6.818220444917512113e-01
1.317000000000003901e+01 6.530780675574328065e-01
1.319000000000003858e+01 6.459489608872349686e-01
1.321000000000003816e+01 5.897949750112616574e-01
1.323000000000003773e+01 6.333036366207742685e-01
1.325000000000003730e+01 6.198954965353330460e-01
1.327000000000003688e+01 6.149144528271698329e-01
1.329000000000003645e+01 5.928164447891104416e-01
1.331000000000003602e+01 5.799046656247345277e-01
1.333000000000003560e+01 5.768359967539606892e-01
1.335000000000003517e+01 5.880079735188450396e-01
1.337000000000003475e+01 5.796394453374892342e-01
1.339000000000003432e+01 5.794751222849217065e-01
1.341000000000003389e+01 5.693006727732400352e-01
1.343000000000003347e+01 5.525231396341262480e-01
1.345000000000003304e+01 5.660667280671902724e-01
1.347000000000003261e+01 5.482412313905292711e-01
1.349000000000003219e+01 5.534613487031859735e-01
1.351000000000003176e+01 5.610257067206291248e-01
1.353000000000003133e+01 5.256143137956301725e-01
1.355000000000003091e+01 5.353535132692684995e-01
1.357000000000003048e+01 5.446426705446359984e-01
1.359000000000003006e+01 5.395322316534699736e-01
1.361000000000002963e+01 5.264841149224447348e-01
1.363000000000002920e+01 5.386202010356370140e-01
1.365000000000002878e+01 5.212045373596011499e-01
1.367000000000002835e+01 5.183275182604479836e-01
1.369000000000002792e+01 5.143645729361850938e-01
1.371000000000002750e+01 5.111141110483607974e-01
1.373000000000002707e+01 5.214549300057467196e-01
1.375000000000002665e+01 4.915966848485652241e-01
1.377000000000002622e+01 5.040738294297852917e-01
1.379000000000002579e+01 4.609165980232984294e-01
1.381000000000002537e+01 4.458257336650524039e-01
1.383000000000002494e+01 4.385166374312358117e-01
1.385000000000002451e+01 4.201372176165613093e-01
1.387000000000002409e+01 3.720192538849935171e-01
1.389000000000002366e+01 3.561934069895585364e-01
1.391000000000002323e+01 3.082393946197076740e-01
1.393000000000002281e+01 2.968941821008379556e-01
1.395000000000002238e+01 2.851590269679402101e-01
1.397000000000002196e+01 2.640626294660267659e-01
1.399000000000002153e+01 2.409242477448718667e-01
1.401000000000002110e+01 1.838176775301905430e-01
1.403000000000002068e+01 1.633607698218684234e-01
1.405000000000002025e+01 1.435708881943862092e-01
1.407000000000001982e+01 1.408460437949677624e-01
1.409000000000001940e+01 1.296575748629600899e-01
1.411000000000001897e+01 1.402366902960045514e-01
1.413000000000001855e+01 1.208876777012842518e-01
1.415000000000001812e+01 1.200943896720629150e-01
1.417000000000001769e+01 1.092985706467779761e-01
1.419000000000001727e+01 9.643423953218059619e-02
1.421000000000001684e+01 8.050210016963041393e-02
1.423000000000001641e+01 6.182659189516048759e-02
1.425000000000001599e+01 6.451286617726238737e-02
1.427000000000001556e+01 5.882219621161700884e-02
1.429000000000001513e+01 5.343162444206589479e-02
1.431000000000001471e+01 4.538622365241554157e-02
1.433000000000001428e+01 2.430453102066260432e-02
1.435000000000001386e+01 1.633557437877133922e-02
1.437000000000001343e+01 1.353918507181781951e-02
1.439000000000001300e+01 1.347966341523324993e-02
1.441000000000001258e+01 1.342048659461375811e-02
1.443000000000001215e+01 1.336164534331940948e-02
1.445000000000001172e+01 2.676899625110236523e-03
1.447000000000001130e+01 1.604761105836915297e-09
1.449000000000001087e+01 6.962052524000208654e-10
1.451000000000001044e+01 0.000000000000000000e+00
1.453000000000001002e+01 0.000000000000000000e+00
1.455000000000000959e+01 0.000000000000000000e+00
1.457000000000000917e+01 0.000000000000000000e+00
1.459000000000000874e+01 0.000000000000000000e+00
1.461000000000000831e+01 0.000000000000000000e+00
1.463000000000000789e+01 0.000000000000000000e+00
1.465000000000000746e+01 0.000000000000000000e+00
1.467000000000000703e+01 0.000000000000000000e+00
1.469000000000000661e+01 0.000000000000000000e+00
1.471000000000000618e+01 0.000000000000000000e+00
1.473000000000000576e+01 0.000000000000000000e+00
1.475000000000000533e+01 0.000000000000000000e+00
1.477000000000000490e+01 0.000000000000000000e+00
1.479000000000000448e+01 0.000000000000000000e+00
1.481000000000000405e+01 0.000000000000000000e+00
1.483000000000000362e+01 0.000000000000000000e+00
1.485000000000000320e+01 0.000000000000000000e+00
1.487000000000000277e+01 0.000000000000000000e+00
1.489000000000000234e+01 0.000000000000000000e+00
1.491000000000000192e+01 0.000000000000000000e+00
1.493000000000000149e+01 0.000000000000000000e+00
1.495000000000000107e+01 0.000000000000000000e+00
1.497000000000000064e+01 0.000000000000000000e+00
1.499000000000000021e+01 0.000000000000000000e+00
