# Redshift		Merger Rate Density [Gpc^-3yr^-1]
1.000000000031931770e-02 3.432083564720137048e+01
3.000000000031888964e-02 3.581158206817192280e+01
5.000000000031846331e-02 3.693108341615579349e+01
7.000000000031804392e-02 3.885900682984113530e+01
9.000000000031761760e-02 3.938711215950865352e+01
1.100000000003171913e-01 4.069035572807193546e+01
1.300000000003167511e-01 4.278385471281190888e+01
1.500000000003163247e-01 4.348839766383510153e+01
1.700000000003158984e-01 4.478166483561286526e+01
1.900000000003154721e-01 4.595588770064437512e+01
2.100000000003150458e-01 4.778676838249266012e+01
2.300000000003146194e-01 4.732296770416009224e+01
2.500000000003141931e-01 5.058683605887202361e+01
2.700000000003137668e-01 5.059467622589517788e+01
2.900000000003133405e-01 5.187624928555250392e+01
3.100000000003129141e-01 5.289176098442725760e+01
3.300000000003124878e-01 5.323614607745237493e+01
3.500000000003120615e-01 5.516997254402960493e+01
3.700000000003116352e-01 5.550952904735584070e+01
3.900000000003112088e-01 5.682815373037389861e+01
4.100000000003107825e-01 5.720941915992453630e+01
4.300000000003103562e-01 5.836713256414592621e+01
4.500000000003099299e-01 5.844272121154553190e+01
4.700000000003095035e-01 6.018998367555852980e+01
4.900000000003090772e-01 6.033598027735163072e+01
5.100000000003086509e-01 6.208423425150414943e+01
5.300000000003082246e-01 6.212889862783575268e+01
5.500000000003077982e-01 6.268043400283902855e+01
5.700000000003073719e-01 6.308861068758972124e+01
5.900000000003069456e-01 6.393898077085102472e+01
6.100000000003065193e-01 6.426655823069407347e+01
6.300000000003060929e-01 6.505415080573578734e+01
6.500000000003056666e-01 6.488842366004972462e+01
6.700000000003052403e-01 6.693496234935632572e+01
6.900000000003048140e-01 6.639216535505919126e+01
7.100000000003043876e-01 6.803304539141517182e+01
7.300000000003039613e-01 6.815205119122113331e+01
7.500000000003035350e-01 6.790250215722292637e+01
7.700000000003031086e-01 6.963086114646979752e+01
7.900000000003026823e-01 6.965681379410644070e+01
8.100000000003022560e-01 6.913555694568738375e+01
8.300000000003018297e-01 7.018441320663052352e+01
8.500000000003014033e-01 7.080311840229394704e+01
8.700000000003009770e-01 7.075478106501810771e+01
8.900000000003005507e-01 7.177048841990405492e+01
9.100000000003001244e-01 7.098815645272190977e+01
9.300000000002996980e-01 7.093840906238719413e+01
9.500000000002992717e-01 7.020221231571132137e+01
9.700000000002988454e-01 7.232308542621719027e+01
9.900000000002984191e-01 7.282973059700630358e+01
1.010000000000297993e+00 6.949342585989869292e+01
1.030000000000297566e+00 7.171301954251252653e+01
1.050000000000297140e+00 7.126971998570292044e+01
1.070000000000296714e+00 6.870086587783603704e+01
1.090000000000296287e+00 7.006224604545418799e+01
1.110000000000295861e+00 7.090740909298908434e+01
1.130000000000295435e+00 6.819250758902238374e+01
1.150000000000295008e+00 6.873267107847877355e+01
1.170000000000294582e+00 6.901610718312215909e+01
1.190000000000294156e+00 6.812665447414262587e+01
1.210000000000293729e+00 6.775719024560822845e+01
1.230000000000293303e+00 6.696738858626396507e+01
1.250000000000292877e+00 6.645941699952008719e+01
1.270000000000292451e+00 6.568838659175793282e+01
1.290000000000292024e+00 6.509593878283898505e+01
1.310000000000291598e+00 6.515013216862138279e+01
1.330000000000291172e+00 6.404547200939252605e+01
1.350000000000290745e+00 6.318681643830367278e+01
1.370000000000290319e+00 6.333663700234928484e+01
1.390000000000289893e+00 6.184589577184949860e+01
1.410000000000289466e+00 6.168229411476714574e+01
1.430000000000289040e+00 6.006364153132048500e+01
1.450000000000288614e+00 6.025374197911087748e+01
1.470000000000288187e+00 6.068794259631482646e+01
1.490000000000287761e+00 5.841567612876667681e+01
1.510000000000287335e+00 5.754901459457153834e+01
1.530000000000286908e+00 5.709079096302082235e+01
1.550000000000286482e+00 5.636414428512438946e+01
1.570000000000286056e+00 5.581902202024657811e+01
1.590000000000285629e+00 5.549347101284369899e+01
1.610000000000285203e+00 5.359464826085853417e+01
1.630000000000284777e+00 5.306215636301458005e+01
1.650000000000284350e+00 5.273984378328317746e+01
1.670000000000283924e+00 5.157011704301162069e+01
1.690000000000283498e+00 5.116740062031106362e+01
1.710000000000283071e+00 5.117901343091827471e+01
1.730000000000282645e+00 4.959047003669789433e+01
1.750000000000282219e+00 4.991281907449190669e+01
1.770000000000281792e+00 4.779858554631532996e+01
1.790000000000281366e+00 4.752671470159482681e+01
1.810000000000280940e+00 4.687961002697407054e+01
1.830000000000280513e+00 4.639878133180806685e+01
1.850000000000280087e+00 4.573550083375621966e+01
1.870000000000279661e+00 4.581887197726499750e+01
1.890000000000279234e+00 4.368414247940706474e+01
1.910000000000278808e+00 4.343989263440347770e+01
1.930000000000278382e+00 4.351210412859025922e+01
1.950000000000277955e+00 4.286287176773009833e+01
1.970000000000277529e+00 4.174918802672655715e+01
1.990000000000277103e+00 4.192548339590335615e+01
2.010000000000276899e+00 4.003294991432438366e+01
2.030000000000276472e+00 4.027233117659414319e+01
2.050000000000276046e+00 3.953532515078644849e+01
2.070000000000275620e+00 3.891200624215073134e+01
2.090000000000275193e+00 3.797002141244296070e+01
2.110000000000274767e+00 3.854838971750115917e+01
2.130000000000274341e+00 3.720624656625922455e+01
2.150000000000273914e+00 3.614866883523294661e+01
2.170000000000273488e+00 3.674928055070196820e+01
2.190000000000273062e+00 3.526833325125625862e+01
2.210000000000272635e+00 3.477913554634965720e+01
2.230000000000272209e+00 3.441613951114450032e+01
2.250000000000271783e+00 3.358558803539013837e+01
2.270000000000271356e+00 3.318412292838942790e+01
2.290000000000270930e+00 3.346563964788911250e+01
2.310000000000270504e+00 3.227112067030019915e+01
2.330000000000270077e+00 3.202048782229922352e+01
2.350000000000269651e+00 3.141935886809233835e+01
2.370000000000269225e+00 3.135258801951600205e+01
2.390000000000268798e+00 3.058155699672186145e+01
2.410000000000268372e+00 2.975676086609318105e+01
2.430000000000267946e+00 2.915898862052804930e+01
2.450000000000267519e+00 2.868969766743981253e+01
2.470000000000267093e+00 2.874274511562588330e+01
2.490000000000266667e+00 2.844544940465596738e+01
2.510000000000266240e+00 2.776681823992127107e+01
2.530000000000265814e+00 2.731014088537029494e+01
2.550000000000265388e+00 2.674446454822147246e+01
2.570000000000264961e+00 2.617107393606909937e+01
2.590000000000264535e+00 2.595137372375466356e+01
2.610000000000264109e+00 2.592283961677597404e+01
2.630000000000263682e+00 2.486462536530516942e+01
2.650000000000263256e+00 2.479649330061262091e+01
2.670000000000262830e+00 2.431346278338381950e+01
2.690000000000262403e+00 2.397073174314492405e+01
2.710000000000261977e+00 2.331656963335461086e+01
2.730000000000261551e+00 2.297327902510419051e+01
2.750000000000261124e+00 2.258489175921292968e+01
2.770000000000260698e+00 2.222079544557737307e+01
2.790000000000260272e+00 2.186916180203138893e+01
2.810000000000259845e+00 2.138020422083572569e+01
2.830000000000259419e+00 2.076200050222395888e+01
2.850000000000258993e+00 2.123707457826792222e+01
2.870000000000258567e+00 2.048602437373761731e+01
2.890000000000258140e+00 2.042909893942543675e+01
2.910000000000257714e+00 1.950921720037720775e+01
2.930000000000257288e+00 1.948892595513684967e+01
2.950000000000256861e+00 1.895991181844595985e+01
2.970000000000256435e+00 1.903269386595081158e+01
2.990000000000256009e+00 1.852008709391994756e+01
3.010000000000255582e+00 1.801169700766856963e+01
3.030000000000255156e+00 1.778747671653474782e+01
3.050000000000254730e+00 1.750153173795504102e+01
3.070000000000254303e+00 1.737010236003974484e+01
3.090000000000253877e+00 1.690217835821376013e+01
3.110000000000253451e+00 1.682213228825549223e+01
3.130000000000253024e+00 1.596975973388935977e+01
3.150000000000252598e+00 1.637098181228940064e+01
3.170000000000252172e+00 1.570135557197909471e+01
3.190000000000251745e+00 1.514553356411283147e+01
3.210000000000251319e+00 1.539050861631965539e+01
3.230000000000250893e+00 1.472352139057765541e+01
3.250000000000250466e+00 1.464543498432229995e+01
3.270000000000250040e+00 1.421900954708865328e+01
3.290000000000249614e+00 1.460133857180707651e+01
3.310000000000249187e+00 1.366273422131112625e+01
3.330000000000248761e+00 1.345077724728107071e+01
3.350000000000248335e+00 1.332667982996936473e+01
3.370000000000247908e+00 1.317275785240030750e+01
3.390000000000247482e+00 1.276425770533638726e+01
3.410000000000247056e+00 1.265320391594247162e+01
3.430000000000246629e+00 1.204150287429315647e+01
3.450000000000246203e+00 1.240568343068700585e+01
3.470000000000245777e+00 1.179693924523513893e+01
3.490000000000245350e+00 1.154686854565617082e+01
3.510000000000244924e+00 1.170973842582221458e+01
3.530000000000244498e+00 1.103398435178694470e+01
3.550000000000244071e+00 1.100865290680315312e+01
3.570000000000243645e+00 1.075703472025888985e+01
3.590000000000243219e+00 1.078272067230174969e+01
3.610000000000242792e+00 1.041900248277565311e+01
3.630000000000242366e+00 9.859468267114179341e+00
3.650000000000241940e+00 1.002985430107598397e+01
3.670000000000241513e+00 9.660608963149099893e+00
3.690000000000241087e+00 9.719636978876682321e+00
3.710000000000240661e+00 9.386559799841469598e+00
3.730000000000240234e+00 9.415164016916623524e+00
3.750000000000239808e+00 9.015375797742127162e+00
3.770000000000239382e+00 8.974443503365705510e+00
3.790000000000238956e+00 8.706098488128091617e+00
3.810000000000238529e+00 8.719584886047661243e+00
3.830000000000238103e+00 8.321895552913607830e+00
3.850000000000237677e+00 8.108540021784230944e+00
3.870000000000237250e+00 7.898835974357304224e+00
3.890000000000236824e+00 7.902716384591238707e+00
3.910000000000236398e+00 7.872146065110178448e+00
3.930000000000235971e+00 7.512085803559459762e+00
3.950000000000235545e+00 7.441655213222345466e+00
3.970000000000235119e+00 7.400212019111252815e+00
3.990000000000234692e+00 7.250597540156509702e+00
4.010000000000234266e+00 7.161754966465645467e+00
4.030000000000233840e+00 6.734641371686715949e+00
4.050000000000233413e+00 6.721380726783735327e+00
4.070000000000232987e+00 6.630403075862154161e+00
4.090000000000232561e+00 6.797950561072967801e+00
4.110000000000232134e+00 6.481031058814566315e+00
4.130000000000231708e+00 6.348063719896893886e+00
4.150000000000231282e+00 6.062261894954595220e+00
4.170000000000230855e+00 6.089440080404859401e+00
4.190000000000230429e+00 5.859310229059555120e+00
4.210000000000230003e+00 6.079946233796889032e+00
4.230000000000229576e+00 5.689733620401411507e+00
4.250000000000229150e+00 5.666437004881990980e+00
4.270000000000228724e+00 5.510115561839310061e+00
4.290000000000228297e+00 5.424990378972809779e+00
4.310000000000227871e+00 5.432847741682504505e+00
4.330000000000227445e+00 5.351774958423026085e+00
4.350000000000227018e+00 5.327675799653937005e+00
4.370000000000226592e+00 5.170472947101284689e+00
4.390000000000226166e+00 5.246738274709606742e+00
4.410000000000225739e+00 5.114398497232000018e+00
4.430000000000225313e+00 4.964998323414472559e+00
4.450000000000224887e+00 4.908218408770570029e+00
4.470000000000224460e+00 4.868959954591259631e+00
4.490000000000224034e+00 4.680670803318552231e+00
4.510000000000223608e+00 4.717335282208231284e+00
4.530000000000223181e+00 4.723045758346036571e+00
4.550000000000222755e+00 4.583564574156508087e+00
4.570000000000222329e+00 4.516911108706070266e+00
4.590000000000221902e+00 4.486508300994680454e+00
4.610000000000221476e+00 4.514934374403412498e+00
4.630000000000221050e+00 4.483061874411200520e+00
4.650000000000220624e+00 4.248838007605189482e+00
4.670000000000220197e+00 4.297904256116185984e+00
4.690000000000219771e+00 4.193366264533102239e+00
4.710000000000219345e+00 4.264152599052178694e+00
4.730000000000218918e+00 4.234949872278997773e+00
4.750000000000218492e+00 4.111496717967322745e+00
4.770000000000218066e+00 4.065279246498263888e+00
4.790000000000217639e+00 4.074366346141006012e+00
4.810000000000217213e+00 4.197294804872657714e+00
4.830000000000216787e+00 4.158420978972063864e+00
4.850000000000216360e+00 4.140971163104956609e+00
4.870000000000215934e+00 4.094589469448299823e+00
4.890000000000215508e+00 4.055607844989417288e+00
4.910000000000215081e+00 4.165025343864837915e+00
4.930000000000214655e+00 3.967383328132683573e+00
4.950000000000214229e+00 3.923746290099514589e+00
4.970000000000213802e+00 3.968706558182091726e+00
4.990000000000213376e+00 3.974791736536386288e+00
5.010000000000212950e+00 3.878203432727918898e+00
5.030000000000212523e+00 3.934237470692096839e+00
5.050000000000212097e+00 4.048534391060235826e+00
5.070000000000211671e+00 3.876364483928796290e+00
5.090000000000211244e+00 3.828421238812206528e+00
5.110000000000210818e+00 3.957499083548369878e+00
5.130000000000210392e+00 3.977687671556648485e+00
5.150000000000209965e+00 4.014845273876954224e+00
5.170000000000209539e+00 3.874071279783192878e+00
5.190000000000209113e+00 4.002601248674830359e+00
5.210000000000208686e+00 3.879403817495788331e+00
5.230000000000208260e+00 4.047277922682910756e+00
5.250000000000207834e+00 3.994279400041863326e+00
5.270000000000207407e+00 3.789535922743789698e+00
5.290000000000206981e+00 3.903367980604508070e+00
5.310000000000206555e+00 3.968874594351896157e+00
5.330000000000206128e+00 4.020840557156168060e+00
5.350000000000205702e+00 4.015812272128087557e+00
5.370000000000205276e+00 3.976458216884635632e+00
5.390000000000204849e+00 3.934316503955790800e+00
5.410000000000204423e+00 4.038169846723425493e+00
5.430000000000203997e+00 4.004197038072354609e+00
5.450000000000203570e+00 4.088191882820861878e+00
5.470000000000203144e+00 4.037030841729457364e+00
5.490000000000202718e+00 3.892593693660709508e+00
5.510000000000202292e+00 4.266317190094027545e+00
5.530000000000201865e+00 4.083593975994158853e+00
5.550000000000201439e+00 3.933666847005695022e+00
5.570000000000201013e+00 4.133750933676230588e+00
5.590000000000200586e+00 4.087543047966574861e+00
5.610000000000200160e+00 4.122611168258359271e+00
5.630000000000199734e+00 4.023945168454685195e+00
5.650000000000199307e+00 4.067494795099705129e+00
5.670000000000198881e+00 4.441790033888325162e+00
5.690000000000198455e+00 4.190426599497413029e+00
5.710000000000198028e+00 4.224166247017621778e+00
5.730000000000197602e+00 4.214545012293443804e+00
5.750000000000197176e+00 4.225971433976857483e+00
5.770000000000196749e+00 4.096320301779184270e+00
5.790000000000196323e+00 4.260087832658360441e+00
5.810000000000195897e+00 4.346812015139841279e+00
5.830000000000195470e+00 4.202269441342745715e+00
5.850000000000195044e+00 4.154111896039365703e+00
5.870000000000194618e+00 4.208789171983143618e+00
5.890000000000194191e+00 4.266935253552727403e+00
5.910000000000193765e+00 4.338331642609643879e+00
5.930000000000193339e+00 4.320269066976705652e+00
5.950000000000192912e+00 4.452539230084246569e+00
5.970000000000192486e+00 4.477651699099907567e+00
5.990000000000192060e+00 4.275847962846177630e+00
6.010000000000191633e+00 4.341004324007851523e+00
6.030000000000191207e+00 4.409697656945964717e+00
6.050000000000190781e+00 4.506784246275263861e+00
6.070000000000190354e+00 4.477440851535550159e+00
6.090000000000189928e+00 4.449130315349560050e+00
6.110000000000189502e+00 4.565148022690015850e+00
6.130000000000189075e+00 4.503538514111388835e+00
6.150000000000188649e+00 4.601614871014295005e+00
6.170000000000188223e+00 4.541285801874411554e+00
6.190000000000187796e+00 4.630963903051855013e+00
6.210000000000187370e+00 4.615776521281742539e+00
6.230000000000186944e+00 4.684209407733185060e+00
6.250000000000186517e+00 4.826751670309723963e+00
6.270000000000186091e+00 4.740612051542717253e+00
6.290000000000185665e+00 4.747452448235650380e+00
6.310000000000185238e+00 4.763103419735294608e+00
6.330000000000184812e+00 4.715185753786681921e+00
6.350000000000184386e+00 4.850586513710110736e+00
6.370000000000183960e+00 4.848593432056262920e+00
6.390000000000183533e+00 4.864264327485927630e+00
6.410000000000183107e+00 5.037921281176487298e+00
6.430000000000182681e+00 5.034962271925508048e+00
6.450000000000182254e+00 5.096273226738273543e+00
6.470000000000181828e+00 4.916226792169096527e+00
6.490000000000181402e+00 5.005260051920390474e+00
6.510000000000180975e+00 5.229853637971792146e+00
6.530000000000180549e+00 5.264667759088750287e+00
6.550000000000180123e+00 5.221036112889602343e+00
6.570000000000179696e+00 5.412275502198488297e+00
6.590000000000179270e+00 5.306088508158683936e+00
6.610000000000178844e+00 5.352740544783514132e+00
6.630000000000178417e+00 5.424894160642005581e+00
6.650000000000177991e+00 5.501203263979725477e+00
6.670000000000177565e+00 5.511094618842842685e+00
6.690000000000177138e+00 5.579767282626639791e+00
6.710000000000176712e+00 5.625775717924549113e+00
6.730000000000176286e+00 5.676037703129396483e+00
6.750000000000175859e+00 5.844861479350337952e+00
6.770000000000175433e+00 5.718121752970973581e+00
6.790000000000175007e+00 5.847850093496932189e+00
6.810000000000174580e+00 5.893525857610974583e+00
6.830000000000174154e+00 5.847113202601483373e+00
6.850000000000173728e+00 6.058058403666183978e+00
6.870000000000173301e+00 6.045965834413024709e+00
6.890000000000172875e+00 6.023215242425652427e+00
6.910000000000172449e+00 6.024464229508121882e+00
6.930000000000172022e+00 6.108342484441429576e+00
6.950000000000171596e+00 6.232347580147559185e+00
6.970000000000171170e+00 6.161637420003739152e+00
6.990000000000170743e+00 6.246474509523326724e+00
7.010000000000170317e+00 6.261509275308755562e+00
7.030000000000169891e+00 6.248584513943526098e+00
7.050000000000169464e+00 6.288867658489309953e+00
7.070000000000169038e+00 6.437356150361393858e+00
7.090000000000168612e+00 6.294197709538988050e+00
7.110000000000168185e+00 6.344575891177815841e+00
7.130000000000167759e+00 6.489992283222825620e+00
7.150000000000167333e+00 6.401170144084140645e+00
7.170000000000166906e+00 6.434256723457053795e+00
7.190000000000166480e+00 6.436370280197639460e+00
7.210000000000166054e+00 6.688969118662025259e+00
7.230000000000165628e+00 6.557863587782522430e+00
7.250000000000165201e+00 6.632849641621572978e+00
7.270000000000164775e+00 6.694994817146975308e+00
7.290000000000164349e+00 6.606658995248236188e+00
7.310000000000163922e+00 6.646650366990196623e+00
7.330000000000163496e+00 6.711226287645095212e+00
7.350000000000163070e+00 6.684243472171687017e+00
7.370000000000162643e+00 6.867640523885354398e+00
7.390000000000162217e+00 6.858192537999152627e+00
7.410000000000161791e+00 6.902865075933812378e+00
7.430000000000161364e+00 6.983668674936008181e+00
7.450000000000160938e+00 6.939275054676093291e+00
7.470000000000160512e+00 6.950335827699938740e+00
7.490000000000160085e+00 6.982622905520115886e+00
7.510000000000159659e+00 6.984374036552312148e+00
7.530000000000159233e+00 7.114631269685226300e+00
7.550000000000158806e+00 7.162958467920791605e+00
7.570000000000158380e+00 7.212835323214893180e+00
7.590000000000157954e+00 7.153226774422111411e+00
7.610000000000157527e+00 7.365652746326786904e+00
7.630000000000157101e+00 7.323673120976041062e+00
7.650000000000156675e+00 7.514291318338885972e+00
7.670000000000156248e+00 7.506212433144167306e+00
7.690000000000155822e+00 7.677824403258195929e+00
7.710000000000155396e+00 7.618648264372050782e+00
7.730000000000154969e+00 7.858349134745068909e+00
7.750000000000154543e+00 7.933619578327884447e+00
7.770000000000154117e+00 7.904215088459405791e+00
7.790000000000153690e+00 7.917232445477728753e+00
7.810000000000153264e+00 8.121201979004021965e+00
7.830000000000152838e+00 8.225923241197081737e+00
7.850000000000152411e+00 8.324694076775198681e+00
7.870000000000151985e+00 8.244908155939063121e+00
7.890000000000151559e+00 8.447251548168228652e+00
7.910000000000151132e+00 8.566644738372245271e+00
7.930000000000150706e+00 8.632606429387584157e+00
7.950000000000150280e+00 8.721473077302285049e+00
7.970000000000149853e+00 8.818813074717294143e+00
7.990000000000149427e+00 8.953371623959034409e+00
8.010000000000149001e+00 9.177072383812134859e+00
8.030000000000148574e+00 9.142065964233221820e+00
8.050000000000148148e+00 9.355655815555437016e+00
8.070000000000147722e+00 9.234555430055605640e+00
8.090000000000147296e+00 9.519093528670149240e+00
8.110000000000146869e+00 9.580815495640177204e+00
8.130000000000146443e+00 9.736041144662660685e+00
8.150000000000146017e+00 9.732626723505322985e+00
8.170000000000145590e+00 9.929760074978462470e+00
8.190000000000145164e+00 1.006344831872592493e+01
8.210000000000144738e+00 1.015515724179435786e+01
8.230000000000144311e+00 1.032660718325132621e+01
8.250000000000143885e+00 1.028283894553677058e+01
8.270000000000143459e+00 1.035428825136474984e+01
8.290000000000143032e+00 1.050638451247061234e+01
8.310000000000142606e+00 1.059660253893618176e+01
8.330000000000142180e+00 1.074289349132997096e+01
8.350000000000141753e+00 1.091151785073109970e+01
8.370000000000141327e+00 1.107207681153598955e+01
8.390000000000140901e+00 1.111494352048991452e+01
8.410000000000140474e+00 1.117393469348870561e+01
8.430000000000140048e+00 1.137088591893041389e+01
8.450000000000139622e+00 1.146902596026126808e+01
8.470000000000139195e+00 1.152322667926655342e+01
8.490000000000138769e+00 1.166984467666721237e+01
8.510000000000138343e+00 1.202056301350773637e+01
8.530000000000137916e+00 1.204643562038546278e+01
8.550000000000137490e+00 1.195743343983021489e+01
8.570000000000137064e+00 1.218378549461876759e+01
8.590000000000136637e+00 1.238398377527639305e+01
8.610000000000136211e+00 1.247216953005908202e+01
8.630000000000135785e+00 1.249123036730208902e+01
8.650000000000135358e+00 1.270373140491455644e+01
8.670000000000134932e+00 1.294033417592440394e+01
8.690000000000134506e+00 1.305791490783977338e+01
8.710000000000134079e+00 1.324934836619557110e+01
8.730000000000133653e+00 1.327354438656205460e+01
8.750000000000133227e+00 1.345354663576953413e+01
8.770000000000132800e+00 1.368473238272151349e+01
8.790000000000132374e+00 1.388922987636725104e+01
8.810000000000131948e+00 1.383006431839247163e+01
8.830000000000131521e+00 1.415745707276624898e+01
8.850000000000131095e+00 1.434674875144166428e+01
8.870000000000130669e+00 1.431287998361861469e+01
8.890000000000130242e+00 1.454534402491629308e+01
8.910000000000129816e+00 1.481063673303053463e+01
8.930000000000129390e+00 1.493365295178500674e+01
8.950000000000128964e+00 1.508472274141602476e+01
8.970000000000128537e+00 1.524130178963680748e+01
8.990000000000128111e+00 1.542770452899465994e+01
9.010000000000127685e+00 1.562597312552695961e+01
9.030000000000127258e+00 1.587455641933043893e+01
9.050000000000126832e+00 1.601206654854923528e+01
9.070000000000126406e+00 1.617003012546289042e+01
9.090000000000125979e+00 1.631832624848602009e+01
9.110000000000125553e+00 1.644969729394191305e+01
9.130000000000125127e+00 1.673939971564752938e+01
9.150000000000124700e+00 1.684898536387227352e+01
9.170000000000124274e+00 1.705812725836798904e+01
9.190000000000123848e+00 1.713190544396014303e+01
9.210000000000123421e+00 1.750975113419465856e+01
9.230000000000122995e+00 1.754555204096558541e+01
9.250000000000122569e+00 1.767557050278966102e+01
9.270000000000122142e+00 1.795651454438280581e+01
9.290000000000121716e+00 1.804097204922122089e+01
9.310000000000121290e+00 1.817327526741565791e+01
9.330000000000120863e+00 1.838229265980676530e+01
9.350000000000120437e+00 1.851764537332660154e+01
9.370000000000120011e+00 1.880477638650431516e+01
9.390000000000119584e+00 1.892268871269842023e+01
9.410000000000119158e+00 1.894174591773857941e+01
9.430000000000118732e+00 1.919035566052599862e+01
9.450000000000118305e+00 1.924737993671897485e+01
9.470000000000117879e+00 1.940667126797776731e+01
9.490000000000117453e+00 1.949158993869158607e+01
9.510000000000117026e+00 1.978193267327456439e+01
9.530000000000116600e+00 1.988416375979126727e+01
9.550000000000116174e+00 1.975218630377316842e+01
9.570000000000115747e+00 1.997552234772300039e+01
9.590000000000115321e+00 2.017989931922112845e+01
9.610000000000114895e+00 2.015339641857783093e+01
9.630000000000114468e+00 2.045296442919288538e+01
9.650000000000114042e+00 2.045769379118625508e+01
9.670000000000113616e+00 2.058045377094534700e+01
9.690000000000113189e+00 2.045436063309814401e+01
9.710000000000112763e+00 2.073229124008924273e+01
9.730000000000112337e+00 2.074237748696556238e+01
9.750000000000111910e+00 2.085068073874681360e+01
9.770000000000111484e+00 2.082264738821349326e+01
9.790000000000111058e+00 2.099075800313976359e+01
9.810000000000110632e+00 2.099448217530624206e+01
9.830000000000110205e+00 2.088875267968193583e+01
9.850000000000109779e+00 2.101829930304176841e+01
9.870000000000109353e+00 2.122994915697687901e+01
9.890000000000108926e+00 2.110336185368658590e+01
9.910000000000108500e+00 2.115382665401441997e+01
9.930000000000108074e+00 2.113252222183202633e+01
9.950000000000107647e+00 2.118275396197546456e+01
9.970000000000107221e+00 2.130821512592744327e+01
9.990000000000106795e+00 2.125916192284031325e+01
1.001000000000010637e+01 2.122210254891355063e+01
1.003000000000010594e+01 2.125574916401370373e+01
1.005000000000010552e+01 2.129932298964013881e+01
1.007000000000010509e+01 2.122516304465022685e+01
1.009000000000010466e+01 2.125566116758871971e+01
1.011000000000010424e+01 2.126018611164023397e+01
1.013000000000010381e+01 2.125943499492817779e+01
1.015000000000010338e+01 2.117261215401605767e+01
1.017000000000010296e+01 2.117646751047299247e+01
1.019000000000010253e+01 2.110531012030820719e+01
1.021000000000010210e+01 2.126710461068826419e+01
1.023000000000010168e+01 2.095769190082850741e+01
1.025000000000010125e+01 2.096686620484457819e+01
1.027000000000010083e+01 2.116000175575200970e+01
1.029000000000010040e+01 2.111110153455827643e+01
1.031000000000009997e+01 2.093286648177906173e+01
1.033000000000009955e+01 2.113441863644445462e+01
1.035000000000009912e+01 2.083540493094919199e+01
1.037000000000009869e+01 2.101829932624022490e+01
1.039000000000009827e+01 2.087526087841003530e+01
1.041000000000009784e+01 2.062719394015937624e+01
1.043000000000009742e+01 2.064276127189636512e+01
1.045000000000009699e+01 2.085324014682846183e+01
1.047000000000009656e+01 2.064411282006647141e+01
1.049000000000009614e+01 2.065434018130745386e+01
1.051000000000009571e+01 2.044189359421320518e+01
1.053000000000009528e+01 2.044387006330161327e+01
1.055000000000009486e+01 2.053769142458216734e+01
1.057000000000009443e+01 2.048056804426693134e+01
1.059000000000009400e+01 2.033815221480523405e+01
1.061000000000009358e+01 2.041693568758482158e+01
1.063000000000009315e+01 2.027515661808232750e+01
1.065000000000009273e+01 2.012214678867314177e+01
1.067000000000009230e+01 2.012435102219074423e+01
1.069000000000009187e+01 2.000068596722231717e+01
1.071000000000009145e+01 2.009935721146595000e+01
1.073000000000009102e+01 2.013138156926069300e+01
1.075000000000009059e+01 1.988267263135971419e+01
1.077000000000009017e+01 1.992381121861289728e+01
1.079000000000008974e+01 1.978966224377425931e+01
1.081000000000008932e+01 1.978311777446403852e+01
1.083000000000008889e+01 1.979969376983735430e+01
1.085000000000008846e+01 1.974024894113744466e+01
1.087000000000008804e+01 1.957229225520752891e+01
1.089000000000008761e+01 1.961946701642834867e+01
1.091000000000008718e+01 1.952447060478759155e+01
1.093000000000008676e+01 1.944029437892090684e+01
1.095000000000008633e+01 1.959170377337034452e+01
1.097000000000008590e+01 1.939660431640594851e+01
1.099000000000008548e+01 1.923997635626651714e+01
1.101000000000008505e+01 1.907066106894448865e+01
1.103000000000008463e+01 1.943033574273018971e+01
1.105000000000008420e+01 1.920632417539953352e+01
1.107000000000008377e+01 1.907138313918718708e+01
1.109000000000008335e+01 1.899992728801119313e+01
1.111000000000008292e+01 1.901496011683862264e+01
1.113000000000008249e+01 1.894147818657222260e+01
1.115000000000008207e+01 1.901280554830293212e+01
1.117000000000008164e+01 1.884812655972516282e+01
1.119000000000008122e+01 1.884676450894388822e+01
1.121000000000008079e+01 1.876485552489635111e+01
1.123000000000008036e+01 1.894397534476273037e+01
1.125000000000007994e+01 1.878301803034160145e+01
1.127000000000007951e+01 1.856536467646598609e+01
1.129000000000007908e+01 1.856691817788394872e+01
1.131000000000007866e+01 1.853742682896442773e+01
1.133000000000007823e+01 1.861565462655044101e+01
1.135000000000007780e+01 1.852181086990199788e+01
1.137000000000007738e+01 1.876182383916784957e+01
1.139000000000007695e+01 1.852655352148455492e+01
1.141000000000007653e+01 1.845805355258691449e+01
1.143000000000007610e+01 1.860276615315508408e+01
1.145000000000007567e+01 1.860950579670580751e+01
1.147000000000007525e+01 1.847946457362651884e+01
1.149000000000007482e+01 1.853099877964512388e+01
1.151000000000007439e+01 1.869215725372619019e+01
1.153000000000007397e+01 1.868914515841048640e+01
1.155000000000007354e+01 1.867460007435179037e+01
1.157000000000007311e+01 1.881627575477093828e+01
1.159000000000007269e+01 1.891680685926987593e+01
1.161000000000007226e+01 1.889165026639752298e+01
1.163000000000007184e+01 1.900908177408590660e+01
1.165000000000007141e+01 1.901172976616838994e+01
1.167000000000007098e+01 1.913519503704989688e+01
1.169000000000007056e+01 1.925812326997643353e+01
1.171000000000007013e+01 1.944039373162636863e+01
1.173000000000006970e+01 1.967416953108259747e+01
1.175000000000006928e+01 1.985513462584829725e+01
1.177000000000006885e+01 1.982283743162873790e+01
1.179000000000006843e+01 2.009565241270371772e+01
1.181000000000006800e+01 2.012012569762199732e+01
1.183000000000006757e+01 2.042606244700741769e+01
1.185000000000006715e+01 2.063471780110004161e+01
1.187000000000006672e+01 2.075663895574952988e+01
1.189000000000006629e+01 2.107053941020865651e+01
1.191000000000006587e+01 2.109544772517936551e+01
1.193000000000006544e+01 2.139140839517147086e+01
1.195000000000006501e+01 2.161902127844827604e+01
1.197000000000006459e+01 2.186938821257252030e+01
1.199000000000006416e+01 2.197494408377320951e+01
1.201000000000006374e+01 2.220321302149568865e+01
1.203000000000006331e+01 2.254767412996812226e+01
1.205000000000006288e+01 2.283203321570859501e+01
1.207000000000006246e+01 2.300137873899239693e+01
1.209000000000006203e+01 2.315996421385734294e+01
1.211000000000006160e+01 2.327238452198011487e+01
1.213000000000006118e+01 2.364007680858595606e+01
1.215000000000006075e+01 2.371038998980404600e+01
1.217000000000006033e+01 2.395418792950218290e+01
1.219000000000005990e+01 2.427436044112346636e+01
1.221000000000005947e+01 2.442917201792990411e+01
1.223000000000005905e+01 2.470191345811024419e+01
1.225000000000005862e+01 2.457999833517146371e+01
1.227000000000005819e+01 2.495828774896471813e+01
1.229000000000005777e+01 2.511086244701350267e+01
1.231000000000005734e+01 2.509365094075801395e+01
1.233000000000005691e+01 2.551036828581425553e+01
1.235000000000005649e+01 2.541658951517285558e+01
1.237000000000005606e+01 2.565283567628590333e+01
1.239000000000005564e+01 2.568584832069293000e+01
1.241000000000005521e+01 2.590699833032250510e+01
1.243000000000005478e+01 2.589119470325964656e+01
1.245000000000005436e+01 2.584979860694338782e+01
1.247000000000005393e+01 2.608571998879110510e+01
1.249000000000005350e+01 2.612696473891977433e+01
1.251000000000005308e+01 2.607226844135619004e+01
1.253000000000005265e+01 2.612173808309463396e+01
1.255000000000005222e+01 2.632885200261853953e+01
1.257000000000005180e+01 2.623865522980268494e+01
1.259000000000005137e+01 2.612835043437273441e+01
1.261000000000005095e+01 2.615007628945934570e+01
1.263000000000005052e+01 2.616659618100259621e+01
1.265000000000005009e+01 2.616202872501884613e+01
1.267000000000004967e+01 2.619954886571037278e+01
1.269000000000004924e+01 2.614683033998781880e+01
1.271000000000004881e+01 2.602348593218291839e+01
1.273000000000004839e+01 2.591570140449141846e+01
1.275000000000004796e+01 2.581694528682999135e+01
1.277000000000004754e+01 2.583060246888798517e+01
1.279000000000004711e+01 2.586624281161162031e+01
1.281000000000004668e+01 2.565465184262325238e+01
1.283000000000004626e+01 2.574291725202555270e+01
1.285000000000004583e+01 2.543010967104356013e+01
1.287000000000004540e+01 2.546706507049023216e+01
1.289000000000004498e+01 2.534406502263547267e+01
1.291000000000004455e+01 2.510795803733369880e+01
1.293000000000004412e+01 2.501401522841725011e+01
1.295000000000004370e+01 2.498836790723651902e+01
1.297000000000004327e+01 2.498897259783675295e+01
1.299000000000004285e+01 2.486349402252252361e+01
1.301000000000004242e+01 2.467728410053678445e+01
1.303000000000004199e+01 2.443818542082602363e+01
1.305000000000004157e+01 2.429756628325835521e+01
1.307000000000004114e+01 2.430864851466235521e+01
1.309000000000004071e+01 2.415945133160886726e+01
1.311000000000004029e+01 2.420776153428893807e+01
1.313000000000003986e+01 2.394100117816262596e+01
1.315000000000003944e+01 2.376840704896614298e+01
1.317000000000003901e+01 2.363948993533386300e+01
1.319000000000003858e+01 2.353607671775174737e+01
1.321000000000003816e+01 2.340856618655052301e+01
1.323000000000003773e+01 2.337400031887049323e+01
1.325000000000003730e+01 2.307702288871040253e+01
1.327000000000003688e+01 2.306696517756858356e+01
1.329000000000003645e+01 2.282089190740217788e+01
1.331000000000003602e+01 2.268202935053373537e+01
1.333000000000003560e+01 2.280765574138331431e+01
1.335000000000003517e+01 2.260330515886284530e+01
1.337000000000003475e+01 2.224357079147831939e+01
1.339000000000003432e+01 2.208124124285300383e+01
1.341000000000003389e+01 2.223632772119652046e+01
1.343000000000003347e+01 2.209108803482656569e+01
1.345000000000003304e+01 2.164968183954917080e+01
1.347000000000003261e+01 2.172198040028877841e+01
1.349000000000003219e+01 2.164728659787985521e+01
1.351000000000003176e+01 2.148219280727177605e+01
1.353000000000003133e+01 2.124529363135794569e+01
1.355000000000003091e+01 2.105121281507753395e+01
1.357000000000003048e+01 2.085009837515676878e+01
1.359000000000003006e+01 2.062258832985383705e+01
1.361000000000002963e+01 2.031932465555327738e+01
1.363000000000002920e+01 1.977896670704354065e+01
1.365000000000002878e+01 1.941370854240830823e+01
1.367000000000002835e+01 1.885864998285558158e+01
1.369000000000002792e+01 1.843283070288785552e+01
1.371000000000002750e+01 1.812178879530611297e+01
1.373000000000002707e+01 1.735821051627718603e+01
1.375000000000002665e+01 1.673861624581486751e+01
1.377000000000002622e+01 1.627763289610570752e+01
1.379000000000002579e+01 1.561889549042271064e+01
1.381000000000002537e+01 1.521568067109999411e+01
1.383000000000002494e+01 1.468838777024618025e+01
1.385000000000002451e+01 1.416974784767319662e+01
1.387000000000002409e+01 1.376990788816154065e+01
1.389000000000002366e+01 1.333033899949649914e+01
1.391000000000002323e+01 1.299916731064158171e+01
1.393000000000002281e+01 1.235084652748377465e+01
1.395000000000002238e+01 1.196129002478422976e+01
1.397000000000002196e+01 1.150028631103777421e+01
1.399000000000002153e+01 1.103288451169091111e+01
1.401000000000002110e+01 1.028399279879380934e+01
1.403000000000002068e+01 9.579344166086380952e+00
1.405000000000002025e+01 8.734881011728575118e+00
1.407000000000001982e+01 7.974068219960457782e+00
1.409000000000001940e+01 7.137167759290425906e+00
1.411000000000001897e+01 6.463465452529627342e+00
1.413000000000001855e+01 5.716213635896143508e+00
1.415000000000001812e+01 4.996632962931451871e+00
1.417000000000001769e+01 4.435285168266076994e+00
1.419000000000001727e+01 3.894658901975936782e+00
1.421000000000001684e+01 3.491982988080057027e+00
1.423000000000001641e+01 3.044111762988191305e+00
1.425000000000001599e+01 2.714483648122782977e+00
1.427000000000001556e+01 2.253383439082515594e+00
1.429000000000001513e+01 1.884784113499529568e+00
1.431000000000001471e+01 1.639243800075717017e+00
1.433000000000001428e+01 1.449011832968429170e+00
1.435000000000001386e+01 1.245302148327318115e+00
1.437000000000001343e+01 9.480866604579497592e-01
1.439000000000001300e+01 6.924194463279632616e-01
1.441000000000001258e+01 5.202966976413980760e-01
1.443000000000001215e+01 3.829650678008126308e-01
1.445000000000001172e+01 2.641071760037930760e-01
1.447000000000001130e+01 1.455983355205466290e-01
1.449000000000001087e+01 5.396806400561204864e-02
1.451000000000001044e+01 1.083260889225942485e-02
1.453000000000001002e+01 1.820200092423938350e-18
1.455000000000000959e+01 1.812178362520048145e-18
1.457000000000000917e+01 0.000000000000000000e+00
1.459000000000000874e+01 0.000000000000000000e+00
1.461000000000000831e+01 0.000000000000000000e+00
1.463000000000000789e+01 0.000000000000000000e+00
1.465000000000000746e+01 0.000000000000000000e+00
1.467000000000000703e+01 0.000000000000000000e+00
1.469000000000000661e+01 0.000000000000000000e+00
1.471000000000000618e+01 0.000000000000000000e+00
1.473000000000000576e+01 0.000000000000000000e+00
1.475000000000000533e+01 0.000000000000000000e+00
1.477000000000000490e+01 0.000000000000000000e+00
1.479000000000000448e+01 0.000000000000000000e+00
1.481000000000000405e+01 0.000000000000000000e+00
1.483000000000000362e+01 0.000000000000000000e+00
1.485000000000000320e+01 0.000000000000000000e+00
1.487000000000000277e+01 0.000000000000000000e+00
1.489000000000000234e+01 0.000000000000000000e+00
1.491000000000000192e+01 0.000000000000000000e+00
1.493000000000000149e+01 0.000000000000000000e+00
1.495000000000000107e+01 0.000000000000000000e+00
1.497000000000000064e+01 0.000000000000000000e+00
1.499000000000000021e+01 0.000000000000000000e+00
