# Redshift		Merger Rate Density [Gpc^-3yr^-1]
1.000000000031931770e-02 1.586924911920022385e+00
3.000000000031888964e-02 1.626220458228855748e+00
5.000000000031846331e-02 1.574075633939711949e+00
7.000000000031804392e-02 1.581627493957973307e+00
9.000000000031761760e-02 1.576654342172242984e+00
1.100000000003171913e-01 1.460101865460689652e+00
1.300000000003167511e-01 1.478427618644473363e+00
1.500000000003163247e-01 1.478718696434141666e+00
1.700000000003158984e-01 1.358614795738415593e+00
1.900000000003154721e-01 1.564506739215260733e+00
2.100000000003150458e-01 1.484618152101743194e+00
2.300000000003146194e-01 1.659952790532088329e+00
2.500000000003141931e-01 1.764485972360439359e+00
2.700000000003137668e-01 1.876624847891014802e+00
2.900000000003133405e-01 1.895817507272444802e+00
3.100000000003129141e-01 1.943385260534657544e+00
3.300000000003124878e-01 2.153813082790080990e+00
3.500000000003120615e-01 2.072187152218066153e+00
3.700000000003116352e-01 2.108956576421251228e+00
3.900000000003112088e-01 2.152415829642463585e+00
4.100000000003107825e-01 2.329660640971445318e+00
4.300000000003103562e-01 2.316225307483338547e+00
4.500000000003099299e-01 2.334859978017681303e+00
4.700000000003095035e-01 2.510595954924867090e+00
4.900000000003090772e-01 2.474543101454418359e+00
5.100000000003086509e-01 2.555132648390213923e+00
5.300000000003082246e-01 2.670119688731583008e+00
5.500000000003077982e-01 2.466030054015063033e+00
5.700000000003073719e-01 2.604204168524221430e+00
5.900000000003069456e-01 2.641216469476999507e+00
6.100000000003065193e-01 2.617583808080379715e+00
6.300000000003060929e-01 2.772294558824334398e+00
6.500000000003056666e-01 2.805299164656422928e+00
6.700000000003052403e-01 2.850366176015775910e+00
6.900000000003048140e-01 2.925567784884961497e+00
7.100000000003043876e-01 2.955782491999663364e+00
7.300000000003039613e-01 3.111659556683197270e+00
7.500000000003035350e-01 3.244585650778588626e+00
7.700000000003031086e-01 3.308086519826443528e+00
7.900000000003026823e-01 3.237737145325156440e+00
8.100000000003022560e-01 3.589046703904693381e+00
8.300000000003018297e-01 3.547773665334982951e+00
8.500000000003014033e-01 3.678677311403109940e+00
8.700000000003009770e-01 3.854942129927533490e+00
8.900000000003005507e-01 3.952540176611386791e+00
9.100000000003001244e-01 4.239744905488284310e+00
9.300000000002996980e-01 4.382168686517988299e+00
9.500000000002992717e-01 4.309999950011182079e+00
9.700000000002988454e-01 4.615240101807758677e+00
9.900000000002984191e-01 4.728020937085418041e+00
1.010000000000297993e+00 4.936978630525153733e+00
1.030000000000297566e+00 5.102788094238856154e+00
1.050000000000297140e+00 5.416396763532105751e+00
1.070000000000296714e+00 5.458363287739558700e+00
1.090000000000296287e+00 5.639263688757664816e+00
1.110000000000295861e+00 5.947604728322843037e+00
1.130000000000295435e+00 6.125106560641178532e+00
1.150000000000295008e+00 6.371227138525335398e+00
1.170000000000294582e+00 6.676475579802129801e+00
1.190000000000294156e+00 6.771158242548125372e+00
1.210000000000293729e+00 7.061143744187135418e+00
1.230000000000293303e+00 7.385660172791939537e+00
1.250000000000292877e+00 7.791547405318303809e+00
1.270000000000292451e+00 7.831477021038766750e+00
1.290000000000292024e+00 8.245877429250690227e+00
1.310000000000291598e+00 8.429951194690723071e+00
1.330000000000291172e+00 8.858477787745060894e+00
1.350000000000290745e+00 8.962549696898483020e+00
1.370000000000290319e+00 9.223538124963583940e+00
1.390000000000289893e+00 9.716591387009975378e+00
1.410000000000289466e+00 9.869159686640434970e+00
1.430000000000289040e+00 1.017217974493580712e+01
1.450000000000288614e+00 1.112052647269419836e+01
1.470000000000288187e+00 1.065622713799671928e+01
1.490000000000287761e+00 1.120721804883045003e+01
1.510000000000287335e+00 1.158646037953068841e+01
1.530000000000286908e+00 1.163851184639124448e+01
1.550000000000286482e+00 1.210179887440064306e+01
1.570000000000286056e+00 1.263318353820905315e+01
1.590000000000285629e+00 1.277557372168046435e+01
1.610000000000285203e+00 1.334204703768589617e+01
1.630000000000284777e+00 1.339188999949202064e+01
1.650000000000284350e+00 1.400505475684096979e+01
1.670000000000283924e+00 1.434949646896408915e+01
1.690000000000283498e+00 1.432990349922223317e+01
1.710000000000283071e+00 1.521000173679938605e+01
1.730000000000282645e+00 1.549474219342533488e+01
1.750000000000282219e+00 1.567453501334922272e+01
1.770000000000281792e+00 1.611005182625168786e+01
1.790000000000281366e+00 1.642215118009089991e+01
1.810000000000280940e+00 1.669749543862677399e+01
1.830000000000280513e+00 1.764872777397692261e+01
1.850000000000280087e+00 1.747180890932969177e+01
1.870000000000279661e+00 1.806787811804559141e+01
1.890000000000279234e+00 1.821502396733599483e+01
1.910000000000278808e+00 1.868640412957326546e+01
1.930000000000278382e+00 1.919319258656396698e+01
1.950000000000277955e+00 1.981178238018025795e+01
1.970000000000277529e+00 2.022736318424682267e+01
1.990000000000277103e+00 2.114677579026053422e+01
2.010000000000276899e+00 2.096614815899992124e+01
2.030000000000276472e+00 2.136444109536010316e+01
2.050000000000276046e+00 2.220276381179868963e+01
2.070000000000275620e+00 2.205114615743206130e+01
2.090000000000275193e+00 2.255778443232607700e+01
2.110000000000274767e+00 2.300948527731959459e+01
2.130000000000274341e+00 2.298988139288687194e+01
2.150000000000273914e+00 2.382878822841362165e+01
2.170000000000273488e+00 2.454213663550149249e+01
2.190000000000273062e+00 2.500695638200580362e+01
2.210000000000272635e+00 2.437531011940022196e+01
2.230000000000272209e+00 2.514619680443083638e+01
2.250000000000271783e+00 2.553978332042814259e+01
2.270000000000271356e+00 2.612103379740933207e+01
2.290000000000270930e+00 2.572282970284818759e+01
2.310000000000270504e+00 2.564844173528867088e+01
2.330000000000270077e+00 2.593807665266904650e+01
2.350000000000269651e+00 2.646834506450675661e+01
2.370000000000269225e+00 2.611257352286045119e+01
2.390000000000268798e+00 2.682359566179703236e+01
2.410000000000268372e+00 2.664523419780836022e+01
2.430000000000267946e+00 2.685085741731325015e+01
2.450000000000267519e+00 2.710234791101636986e+01
2.470000000000267093e+00 2.734990000692434009e+01
2.490000000000266667e+00 2.755099058266265644e+01
2.510000000000266240e+00 2.785817780442347313e+01
2.530000000000265814e+00 2.815350681236125041e+01
2.550000000000265388e+00 2.844987494279424212e+01
2.570000000000264961e+00 2.829442166671204006e+01
2.590000000000264535e+00 2.887608404972259279e+01
2.610000000000264109e+00 2.887598883406869277e+01
2.630000000000263682e+00 2.898332265148787457e+01
2.650000000000263256e+00 2.919604493920197541e+01
2.670000000000262830e+00 2.918201781834838116e+01
2.690000000000262403e+00 2.938836017504377551e+01
2.710000000000261977e+00 2.941388263294091132e+01
2.730000000000261551e+00 2.960744206166351589e+01
2.750000000000261124e+00 2.989840289583690947e+01
2.770000000000260698e+00 2.982575374325010031e+01
2.790000000000260272e+00 2.998424235394670845e+01
2.810000000000259845e+00 3.008860782168006764e+01
2.830000000000259419e+00 3.028964311618845429e+01
2.850000000000258993e+00 3.031979077082682394e+01
2.870000000000258567e+00 3.044128392021691454e+01
2.890000000000258140e+00 3.050277412930235243e+01
2.910000000000257714e+00 3.057802245512135642e+01
2.930000000000257288e+00 3.067527707002906467e+01
2.950000000000256861e+00 3.069482518768991142e+01
2.970000000000256435e+00 3.082706251835405098e+01
2.990000000000256009e+00 3.087167354600455127e+01
3.010000000000255582e+00 3.096533525311759405e+01
3.030000000000255156e+00 3.097688063302507189e+01
3.050000000000254730e+00 3.118778604864936455e+01
3.070000000000254303e+00 3.108061776960773059e+01
3.090000000000253877e+00 3.113968112581036607e+01
3.110000000000253451e+00 3.118958148497355154e+01
3.130000000000253024e+00 3.124448435333998120e+01
3.150000000000252598e+00 3.144476019021624680e+01
3.170000000000252172e+00 3.124681151903689269e+01
3.190000000000251745e+00 3.127203958991701427e+01
3.210000000000251319e+00 3.130930868958362367e+01
3.230000000000250893e+00 3.129612487832882550e+01
3.250000000000250466e+00 3.129514373854019382e+01
3.270000000000250040e+00 3.129822552802091451e+01
3.290000000000249614e+00 3.131902353706338005e+01
3.310000000000249187e+00 3.137062079828063688e+01
3.330000000000248761e+00 3.171297267539134879e+01
3.350000000000248335e+00 3.174218435549623507e+01
3.370000000000247908e+00 3.174963575926035020e+01
3.390000000000247482e+00 3.181756562036581570e+01
3.410000000000247056e+00 3.161111791935640269e+01
3.430000000000246629e+00 3.128301542800866386e+01
3.450000000000246203e+00 3.136221435770946186e+01
3.470000000000245777e+00 3.120015614962067119e+01
3.490000000000245350e+00 3.115407706440193181e+01
3.510000000000244924e+00 3.122414078580953145e+01
3.530000000000244498e+00 3.112306457101438539e+01
3.550000000000244071e+00 3.105691858176778197e+01
3.570000000000243645e+00 3.102338575197812176e+01
3.590000000000243219e+00 3.143819096496406829e+01
3.610000000000242792e+00 3.118096099922743036e+01
3.630000000000242366e+00 3.195822667507323445e+01
3.650000000000241940e+00 3.207175780696906742e+01
3.670000000000241513e+00 3.185230409204387314e+01
3.690000000000241087e+00 3.209727760090044058e+01
3.710000000000240661e+00 3.208881388060901685e+01
3.730000000000240234e+00 3.183033072056736046e+01
3.750000000000239808e+00 3.159524958524567140e+01
3.770000000000239382e+00 3.145123696500678179e+01
3.790000000000238956e+00 3.109270790129673756e+01
3.810000000000238529e+00 3.088470622390834919e+01
3.830000000000238103e+00 3.060932481682302964e+01
3.850000000000237677e+00 3.059040399357277451e+01
3.870000000000237250e+00 3.021901297901753836e+01
3.890000000000236824e+00 3.004647490334032511e+01
3.910000000000236398e+00 2.979886102085314192e+01
3.930000000000235971e+00 2.968562947391483320e+01
3.950000000000235545e+00 2.971260745000524039e+01
3.970000000000235119e+00 2.927101246404586021e+01
3.990000000000234692e+00 2.922755075053272478e+01
4.010000000000234266e+00 2.876358318434239791e+01
4.030000000000233840e+00 2.845168761846886341e+01
4.050000000000233413e+00 2.835725800733796831e+01
4.070000000000232987e+00 2.810213406162861105e+01
4.090000000000232561e+00 2.807073347007948172e+01
4.110000000000232134e+00 2.773826022637334532e+01
4.130000000000231708e+00 2.749757525285279058e+01
4.150000000000231282e+00 2.729174058580963447e+01
4.170000000000230855e+00 2.711704508420488935e+01
4.190000000000230429e+00 2.693806331734991133e+01
4.210000000000230003e+00 2.677244254053342942e+01
4.230000000000229576e+00 2.659841664338266654e+01
4.250000000000229150e+00 2.641258864544149887e+01
4.270000000000228724e+00 2.627474685349611150e+01
4.290000000000228297e+00 2.634842676691232555e+01
4.310000000000227871e+00 2.680568821962858905e+01
4.330000000000227445e+00 2.655473699437586177e+01
4.350000000000227018e+00 2.630212781573972691e+01
4.370000000000226592e+00 2.625236248483343715e+01
4.390000000000226166e+00 2.577542616648122475e+01
4.410000000000225739e+00 2.523092195459176068e+01
4.430000000000225313e+00 2.523406989253098587e+01
4.450000000000224887e+00 2.475169464733118829e+01
4.470000000000224460e+00 2.445635508214889597e+01
4.490000000000224034e+00 2.417743745352758467e+01
4.510000000000223608e+00 2.390758705823909125e+01
4.530000000000223181e+00 2.380804160806309966e+01
4.550000000000222755e+00 2.353260482360444783e+01
4.570000000000222329e+00 2.324946667787767041e+01
4.590000000000221902e+00 2.318225231524729324e+01
4.610000000000221476e+00 2.281318315073524161e+01
4.630000000000221050e+00 2.293277854193159726e+01
4.650000000000220624e+00 2.290099920568608383e+01
4.670000000000220197e+00 2.278639795870371998e+01
4.690000000000219771e+00 2.299939693323844736e+01
4.710000000000219345e+00 2.265264799990210065e+01
4.730000000000218918e+00 2.286350094248183851e+01
4.750000000000218492e+00 2.205225242172047473e+01
4.770000000000218066e+00 2.184295222479039467e+01
4.790000000000217639e+00 2.123468557547554525e+01
4.810000000000217213e+00 2.106872625064799465e+01
4.830000000000216787e+00 2.085776666228066745e+01
4.850000000000216360e+00 2.061619931007261286e+01
4.870000000000215934e+00 2.033800650624946016e+01
4.890000000000215508e+00 1.979917400411929052e+01
4.910000000000215081e+00 1.982269984573714083e+01
4.930000000000214655e+00 1.924929366351727467e+01
4.950000000000214229e+00 1.899963320367045938e+01
4.970000000000213802e+00 1.876669434143618531e+01
4.990000000000213376e+00 1.848580380962159708e+01
5.010000000000212950e+00 1.820640919439907535e+01
5.030000000000212523e+00 1.807910038496100213e+01
5.050000000000212097e+00 1.826070437992145656e+01
5.070000000000211671e+00 1.873215163117976445e+01
5.090000000000211244e+00 1.824026338774282152e+01
5.110000000000210818e+00 1.802293484888825503e+01
5.130000000000210392e+00 1.758765739356883628e+01
5.150000000000209965e+00 1.754022066397184076e+01
5.170000000000209539e+00 1.698466451107214326e+01
5.190000000000209113e+00 1.703999141904664683e+01
5.210000000000208686e+00 1.662350548156915053e+01
5.230000000000208260e+00 1.622273121084173653e+01
5.250000000000207834e+00 1.584119070082546976e+01
5.270000000000207407e+00 1.570599366563950383e+01
5.290000000000206981e+00 1.546125416380966655e+01
5.310000000000206555e+00 1.514436157001839511e+01
5.330000000000206128e+00 1.499749310126311386e+01
5.350000000000205702e+00 1.474203116762802424e+01
5.370000000000205276e+00 1.451708913391987466e+01
5.390000000000204849e+00 1.433763628453444205e+01
5.410000000000204423e+00 1.418568055089776436e+01
5.430000000000203997e+00 1.406011824113551256e+01
5.450000000000203570e+00 1.388159961463150793e+01
5.470000000000203144e+00 1.371900613553317427e+01
5.490000000000202718e+00 1.370850464385746470e+01
5.510000000000202292e+00 1.352569536816820239e+01
5.530000000000201865e+00 1.328672994178639399e+01
5.550000000000201439e+00 1.326907961316825535e+01
5.570000000000201013e+00 1.284399157468602759e+01
5.590000000000200586e+00 1.268568050588544338e+01
5.610000000000200160e+00 1.235510235434118265e+01
5.630000000000199734e+00 1.216580572551403527e+01
5.650000000000199307e+00 1.206471786612855368e+01
5.670000000000198881e+00 1.204101753723305279e+01
5.690000000000198455e+00 1.233129658335112389e+01
5.710000000000198028e+00 1.234515334485648985e+01
5.730000000000197602e+00 1.224087000365983435e+01
5.750000000000197176e+00 1.169532460914495253e+01
5.770000000000196749e+00 1.153082287824810237e+01
5.790000000000196323e+00 1.149257326245472122e+01
5.810000000000195897e+00 1.093383455438091367e+01
5.830000000000195470e+00 1.114405305258817158e+01
5.850000000000195044e+00 1.086262635563582535e+01
5.870000000000194618e+00 1.037897981902509059e+01
5.890000000000194191e+00 1.027453828242467893e+01
5.910000000000193765e+00 9.896600795083129398e+00
5.930000000000193339e+00 9.814416110558129347e+00
5.950000000000192912e+00 9.571879031111205194e+00
5.970000000000192486e+00 9.321708718975722618e+00
5.990000000000192060e+00 9.138593568129033784e+00
6.010000000000191633e+00 9.002650339375806610e+00
6.030000000000191207e+00 8.764878203947185753e+00
6.050000000000190781e+00 8.567311145257123783e+00
6.070000000000190354e+00 8.494158564827506197e+00
6.090000000000189928e+00 8.251436271601029659e+00
6.110000000000189502e+00 8.114773567931253595e+00
6.130000000000189075e+00 7.954959600322746738e+00
6.150000000000188649e+00 7.794918507733654245e+00
6.170000000000188223e+00 7.687625787373609576e+00
6.190000000000187796e+00 7.528395205478952690e+00
6.210000000000187370e+00 7.402165139848059461e+00
6.230000000000186944e+00 7.314155655000234013e+00
6.250000000000186517e+00 7.708356910660293160e+00
6.270000000000186091e+00 7.178049750771395843e+00
6.290000000000185665e+00 7.282219503086469814e+00
6.310000000000185238e+00 6.861427900877583141e+00
6.330000000000184812e+00 6.614509350817462163e+00
6.350000000000184386e+00 6.542272486163890122e+00
6.370000000000183960e+00 6.268466005404705221e+00
6.390000000000183533e+00 6.147832136367997080e+00
6.410000000000183107e+00 6.163799522603512493e+00
6.430000000000182681e+00 5.654091799879448210e+00
6.450000000000182254e+00 5.668536307374462346e+00
6.470000000000181828e+00 5.230924342571583452e+00
6.490000000000181402e+00 5.097201494626151685e+00
6.510000000000180975e+00 4.985573622470599098e+00
6.530000000000180549e+00 4.754605128445874129e+00
6.550000000000180123e+00 4.553590489963678323e+00
6.570000000000179696e+00 4.405145278769674988e+00
6.590000000000179270e+00 4.278261705308065821e+00
6.610000000000178844e+00 4.088799980633523568e+00
6.630000000000178417e+00 3.926044422811992618e+00
6.650000000000177991e+00 3.806796928608451314e+00
6.670000000000177565e+00 3.668628484395778155e+00
6.690000000000177138e+00 3.514454957853429207e+00
6.710000000000176712e+00 3.397978050328543276e+00
6.730000000000176286e+00 3.347444926091569517e+00
6.750000000000175859e+00 3.414480510023111925e+00
6.770000000000175433e+00 3.199452416479171113e+00
6.790000000000175007e+00 3.088992977902505821e+00
6.810000000000174580e+00 2.912832235043784301e+00
6.830000000000174154e+00 2.693125895683925908e+00
6.850000000000173728e+00 2.677574753060468549e+00
6.870000000000173301e+00 2.466275065411695167e+00
6.890000000000172875e+00 2.312394499395277858e+00
6.910000000000172449e+00 2.338283543727518232e+00
6.930000000000172022e+00 2.112759614839732514e+00
6.950000000000171596e+00 1.984372835117446998e+00
6.970000000000171170e+00 1.890672009056442171e+00
6.990000000000170743e+00 1.755373059473305908e+00
7.010000000000170317e+00 1.687122572932723719e+00
7.030000000000169891e+00 1.563708949134334558e+00
7.050000000000169464e+00 1.471349933718093528e+00
7.070000000000169038e+00 1.376662315045696916e+00
7.090000000000168612e+00 1.307272243523073696e+00
7.110000000000168185e+00 1.239634840206168098e+00
7.130000000000167759e+00 1.156900650292266741e+00
7.150000000000167333e+00 1.089900722188610338e+00
7.170000000000166906e+00 1.040598965172624846e+00
7.190000000000166480e+00 1.017095283865954158e+00
7.210000000000166054e+00 9.476878525549309318e-01
7.230000000000165628e+00 9.376392455657860392e-01
7.250000000000165201e+00 8.349866649845327782e-01
7.270000000000164775e+00 7.962990857677488821e-01
7.290000000000164349e+00 7.117622286897247186e-01
7.310000000000163922e+00 6.995939650707850843e-01
7.330000000000163496e+00 6.241892586549738775e-01
7.350000000000163070e+00 5.716180817284561844e-01
7.370000000000162643e+00 5.575209479021367986e-01
7.390000000000162217e+00 5.073644093270349709e-01
7.410000000000161791e+00 4.600505636402030807e-01
7.430000000000161364e+00 4.319878416802814258e-01
7.450000000000160938e+00 3.939704975820200739e-01
7.470000000000160512e+00 3.687576427540336654e-01
7.490000000000160085e+00 3.449414298820037139e-01
7.510000000000159659e+00 3.188181458302780658e-01
7.530000000000159233e+00 2.961037600581706286e-01
7.550000000000158806e+00 2.751909332525465657e-01
7.570000000000158380e+00 2.567859358345357390e-01
7.590000000000157954e+00 2.428858981482754642e-01
7.610000000000157527e+00 2.319049922603232949e-01
7.630000000000157101e+00 2.149533121180107198e-01
7.650000000000156675e+00 2.394215047825950238e-01
7.670000000000156248e+00 1.849930907116256462e-01
7.690000000000155822e+00 1.910871268111440924e-01
7.710000000000155396e+00 1.587469155109457186e-01
7.730000000000154969e+00 1.679206247058093737e-01
7.750000000000154543e+00 1.386433119799785896e-01
7.770000000000154117e+00 1.286173082396717127e-01
7.790000000000153690e+00 1.247706898268875625e-01
7.810000000000153264e+00 1.148592616222277041e-01
7.830000000000152838e+00 1.064804793681802669e-01
7.850000000000152411e+00 1.005339929991966863e-01
7.870000000000151985e+00 9.431013009773443756e-02
7.890000000000151559e+00 8.829789844359478557e-02
7.910000000000151132e+00 8.409018222204178716e-02
7.930000000000150706e+00 7.893730651067498716e-02
7.950000000000150280e+00 7.467773725942630780e-02
7.970000000000149853e+00 7.069265995752084530e-02
7.990000000000149427e+00 6.762955867410723465e-02
8.010000000000149001e+00 6.406282966405950352e-02
8.030000000000148574e+00 8.385298365599437587e-02
8.050000000000148148e+00 5.675950060621052368e-02
8.070000000000147722e+00 6.415052036167584459e-02
8.090000000000147296e+00 5.036538996001005408e-02
8.110000000000146869e+00 5.771619976180664829e-02
8.130000000000146443e+00 4.477776213890675983e-02
8.150000000000146017e+00 4.231363058508159913e-02
8.170000000000145590e+00 4.015193629343097315e-02
8.190000000000145164e+00 3.830717937736245748e-02
8.210000000000144738e+00 3.619869111297706332e-02
8.230000000000144311e+00 3.424576900244546973e-02
8.250000000000143885e+00 3.250850008338557889e-02
8.270000000000143459e+00 3.073429723251255852e-02
8.290000000000143032e+00 2.908582618862502051e-02
8.310000000000142606e+00 2.758923009628268599e-02
8.330000000000142180e+00 2.608644678146869803e-02
8.350000000000141753e+00 2.466211218818063072e-02
8.370000000000141327e+00 2.331361906716487159e-02
8.390000000000140901e+00 2.697686239156626975e-02
8.410000000000140474e+00 2.516292568313578670e-02
8.430000000000140048e+00 2.338953652890255960e-02
8.450000000000139622e+00 1.753292720755176073e-02
8.470000000000139195e+00 1.645191700892280340e-02
8.490000000000138769e+00 1.916403038882498466e-02
8.510000000000138343e+00 1.422109590696994490e-02
8.530000000000137916e+00 1.330154751117882880e-02
8.550000000000137490e+00 1.243859513367744259e-02
8.570000000000137064e+00 1.161270404234923670e-02
8.590000000000136637e+00 1.082085962770631613e-02
8.610000000000136211e+00 1.007746825236559458e-02
8.630000000000135785e+00 9.371844485957354920e-03
8.650000000000135358e+00 8.703907400803772426e-03
8.670000000000134932e+00 8.072828575139844379e-03
8.690000000000134506e+00 7.479174349595441897e-03
8.710000000000134079e+00 6.917933109092594575e-03
8.730000000000133653e+00 6.388498273760868408e-03
8.750000000000133227e+00 8.583301624420469969e-03
8.770000000000132800e+00 5.198271382183631932e-03
8.790000000000132374e+00 5.914493472518774810e-03
8.810000000000131948e+00 4.283991659138116498e-03
8.830000000000131521e+00 4.879250610102116303e-03
8.850000000000131095e+00 3.502222641006848877e-03
8.870000000000130669e+00 3.196543599107011871e-03
8.890000000000130242e+00 2.913501915560350822e-03
8.910000000000129816e+00 2.651327563408111161e-03
8.930000000000129390e+00 2.408810866143867944e-03
8.950000000000128964e+00 2.185060392508308361e-03
8.970000000000128537e+00 1.979057983920912839e-03
8.990000000000128111e+00 1.789591899882566348e-03
9.010000000000127685e+00 1.615695078834912231e-03
9.030000000000127258e+00 1.456371890708797441e-03
9.050000000000126832e+00 1.310556506442000797e-03
9.070000000000126406e+00 1.702650708081001382e-03
9.090000000000125979e+00 9.986454691920862697e-04
9.110000000000125553e+00 1.103820071351349890e-03
9.130000000000125127e+00 7.745907303598258088e-04
9.150000000000124700e+00 8.577038775920029987e-04
9.170000000000124274e+00 5.951885562478089571e-04
9.190000000000123848e+00 5.285353774590836363e-04
9.210000000000123421e+00 4.685480179281176498e-04
9.230000000000122995e+00 4.146687404309660867e-04
9.250000000000122569e+00 3.663507921666513275e-04
9.270000000000122142e+00 3.231047897328141391e-04
9.290000000000121716e+00 2.844745257176446566e-04
9.310000000000121290e+00 2.500287305107657147e-04
9.330000000000120863e+00 2.193706360181972104e-04
9.350000000000120437e+00 1.921346987978332383e-04
9.370000000000120011e+00 2.409349004737793845e-04
9.390000000000119584e+00 1.368681430710826281e-04
9.410000000000119158e+00 1.467826450504842778e-04
9.430000000000118732e+00 9.975620060572167546e-05
9.450000000000118305e+00 8.649017664365831230e-05
9.470000000000117879e+00 9.284052277348361286e-05
9.490000000000117453e+00 6.212581199042238860e-05
9.510000000000117026e+00 5.354720689816152050e-05
9.530000000000116600e+00 4.606961329569869950e-05
9.550000000000116174e+00 3.956420193051826873e-05
9.570000000000115747e+00 3.391538806858997461e-05
9.590000000000115321e+00 2.901987149171212664e-05
9.610000000000114895e+00 2.478546317959317427e-05
9.630000000000114468e+00 2.112992592841881793e-05
9.650000000000114042e+00 1.798023726611517584e-05
9.670000000000113616e+00 2.171498688292320672e-05
9.690000000000113189e+00 1.192598504818961659e-05
9.710000000000112763e+00 1.238582069128200845e-05
9.730000000000112337e+00 8.137064036220306463e-06
9.750000000000111910e+00 6.850657375710002044e-06
9.770000000000111484e+00 7.128650156315015009e-06
9.790000000000111058e+00 4.600167760633942710e-06
9.810000000000110632e+00 3.848935560424876743e-06
9.830000000000110205e+00 3.214261331191714362e-06
9.850000000000109779e+00 2.679124747515248857e-06
9.870000000000109353e+00 2.228811989827513417e-06
9.890000000000108926e+00 1.850634412813191876e-06
9.910000000000108500e+00 1.533671662486360960e-06
9.930000000000108074e+00 1.268546251184551717e-06
9.950000000000107647e+00 1.476684184065104854e-06
9.970000000000107221e+00 7.845833708888173975e-07
9.990000000000106795e+00 7.895519813119497528e-07
1.001000000000010637e+01 5.017304596817499831e-07
1.003000000000010594e+01 4.104138691800878200e-07
1.005000000000010552e+01 4.142479214349211065e-07
1.007000000000010509e+01 2.579411784864078532e-07
1.009000000000010466e+01 2.096339865186450087e-07
1.011000000000010424e+01 1.700370999951657129e-07
1.013000000000010381e+01 1.376463298645173909e-07
1.015000000000010338e+01 1.112045230267088537e-07
1.017000000000010296e+01 8.966338106519781268e-08
1.019000000000010253e+01 7.215070856845111151e-08
1.021000000000010210e+01 5.794245564763268928e-08
1.023000000000010168e+01 6.492872514089448796e-08
1.025000000000010125e+01 3.333176706291750687e-08
1.027000000000010083e+01 3.246230194275117401e-08
1.029000000000010040e+01 1.992717627602934014e-08
1.031000000000009997e+01 1.582008606886571719e-08
1.033000000000009955e+01 1.547038524927720638e-08
1.035000000000009912e+01 9.281265599743442475e-09
1.037000000000009869e+01 7.319057077179039047e-09
1.039000000000009827e+01 5.759890841024224205e-09
1.041000000000009784e+01 4.523583908684700989e-09
1.043000000000009742e+01 3.545344284264291545e-09
1.045000000000009699e+01 2.772934768352723793e-09
1.047000000000009656e+01 2.164334914157515084e-09
1.049000000000009614e+01 2.338167618139502211e-09
1.051000000000009571e+01 1.161209603258382969e-09
1.053000000000009528e+01 1.095766302038613597e-09
1.055000000000009486e+01 6.505570713588111969e-10
1.057000000000009443e+01 5.017984961155530209e-10
1.059000000000009400e+01 4.759544956977859500e-10
1.061000000000009358e+01 2.754479866379048120e-10
1.063000000000009315e+01 2.109969103780871019e-10
1.065000000000009273e+01 1.612863689376296098e-10
1.067000000000009230e+01 1.230275851984310735e-10
1.069000000000009187e+01 9.364590399436371585e-11
1.071000000000009145e+01 7.113031623423213214e-11
1.073000000000009102e+01 6.406463789710276269e-11
1.075000000000009059e+01 4.590571643181568831e-11
1.077000000000009017e+01 2.692803003152960899e-11
1.079000000000008974e+01 2.459791926201173548e-11
1.081000000000008932e+01 1.411014229906811804e-11
1.083000000000008889e+01 1.299896988072097764e-11
1.085000000000008846e+01 7.267837040102419425e-12
1.087000000000008804e+01 5.415158226836571086e-12
1.089000000000008761e+01 4.026047705585495970e-12
1.091000000000008718e+01 2.986806351621784310e-12
1.093000000000008676e+01 2.211023068279672655e-12
1.095000000000008633e+01 1.633190994855674108e-12
1.097000000000008590e+01 1.424147184709111129e-12
1.099000000000008548e+01 9.874492224170881022e-13
1.101000000000008505e+01 5.616998965349951042e-13
1.103000000000008463e+01 4.974531591191773027e-13
1.105000000000008420e+01 2.761486802730063820e-13
1.107000000000008377e+01 2.010190022333363479e-13
1.109000000000008335e+01 1.793179000316785958e-13
1.111000000000008292e+01 9.649445190721821375e-14
1.113000000000008249e+01 6.973087480828643806e-14
1.115000000000008207e+01 5.027856682242996673e-14
1.117000000000008164e+01 3.617297451847664623e-14
1.119000000000008122e+01 2.596419639382016069e-14
1.121000000000008079e+01 2.190824637046598017e-14
1.123000000000008036e+01 1.468728500382680664e-14
1.125000000000007994e+01 8.095752901884670082e-15
1.127000000000007951e+01 6.946209314576652909e-15
1.129000000000007908e+01 3.727602309123602794e-15
1.131000000000007866e+01 2.637423859315971476e-15
1.133000000000007823e+01 2.281445370503246390e-15
1.135000000000007780e+01 1.183146394912747019e-15
1.137000000000007738e+01 8.305818736547195427e-16
1.139000000000007695e+01 5.824595997227036331e-16
1.141000000000007653e+01 4.054924199819338193e-16
1.143000000000007610e+01 2.828188016950754188e-16
1.145000000000007567e+01 2.663022631755678034e-16
1.147000000000007525e+01 1.161098980844750034e-16
1.149000000000007482e+01 9.742219710610911557e-17
1.151000000000007439e+01 5.091915935054783317e-17
1.153000000000007397e+01 3.418721718860731666e-17
1.155000000000007354e+01 2.769000087329149825e-17
1.157000000000007311e+01 1.498367558033501565e-17
1.159000000000007269e+01 9.935376903177230074e-18
1.161000000000007226e+01 4.941002698229964579e-18
1.163000000000007184e+01 4.914499731169566685e-18
1.165000000000007141e+01 4.888178029687701523e-18
1.167000000000007098e+01 2.431018044109476528e-18
1.169000000000007056e+01 0.000000000000000000e+00
1.171000000000007013e+01 0.000000000000000000e+00
1.173000000000006970e+01 0.000000000000000000e+00
1.175000000000006928e+01 0.000000000000000000e+00
1.177000000000006885e+01 0.000000000000000000e+00
1.179000000000006843e+01 0.000000000000000000e+00
1.181000000000006800e+01 0.000000000000000000e+00
1.183000000000006757e+01 0.000000000000000000e+00
1.185000000000006715e+01 0.000000000000000000e+00
1.187000000000006672e+01 0.000000000000000000e+00
1.189000000000006629e+01 0.000000000000000000e+00
1.191000000000006587e+01 0.000000000000000000e+00
1.193000000000006544e+01 0.000000000000000000e+00
1.195000000000006501e+01 0.000000000000000000e+00
1.197000000000006459e+01 0.000000000000000000e+00
1.199000000000006416e+01 0.000000000000000000e+00
1.201000000000006374e+01 0.000000000000000000e+00
1.203000000000006331e+01 0.000000000000000000e+00
1.205000000000006288e+01 0.000000000000000000e+00
1.207000000000006246e+01 0.000000000000000000e+00
1.209000000000006203e+01 0.000000000000000000e+00
1.211000000000006160e+01 0.000000000000000000e+00
1.213000000000006118e+01 0.000000000000000000e+00
1.215000000000006075e+01 0.000000000000000000e+00
1.217000000000006033e+01 0.000000000000000000e+00
1.219000000000005990e+01 0.000000000000000000e+00
1.221000000000005947e+01 0.000000000000000000e+00
1.223000000000005905e+01 0.000000000000000000e+00
1.225000000000005862e+01 0.000000000000000000e+00
1.227000000000005819e+01 0.000000000000000000e+00
1.229000000000005777e+01 0.000000000000000000e+00
1.231000000000005734e+01 0.000000000000000000e+00
1.233000000000005691e+01 0.000000000000000000e+00
1.235000000000005649e+01 0.000000000000000000e+00
1.237000000000005606e+01 0.000000000000000000e+00
1.239000000000005564e+01 0.000000000000000000e+00
1.241000000000005521e+01 0.000000000000000000e+00
1.243000000000005478e+01 0.000000000000000000e+00
1.245000000000005436e+01 0.000000000000000000e+00
1.247000000000005393e+01 0.000000000000000000e+00
1.249000000000005350e+01 0.000000000000000000e+00
1.251000000000005308e+01 0.000000000000000000e+00
1.253000000000005265e+01 0.000000000000000000e+00
1.255000000000005222e+01 0.000000000000000000e+00
1.257000000000005180e+01 0.000000000000000000e+00
1.259000000000005137e+01 0.000000000000000000e+00
1.261000000000005095e+01 0.000000000000000000e+00
1.263000000000005052e+01 0.000000000000000000e+00
1.265000000000005009e+01 0.000000000000000000e+00
1.267000000000004967e+01 0.000000000000000000e+00
1.269000000000004924e+01 0.000000000000000000e+00
1.271000000000004881e+01 0.000000000000000000e+00
1.273000000000004839e+01 0.000000000000000000e+00
1.275000000000004796e+01 0.000000000000000000e+00
1.277000000000004754e+01 0.000000000000000000e+00
1.279000000000004711e+01 0.000000000000000000e+00
1.281000000000004668e+01 0.000000000000000000e+00
1.283000000000004626e+01 0.000000000000000000e+00
1.285000000000004583e+01 0.000000000000000000e+00
1.287000000000004540e+01 0.000000000000000000e+00
1.289000000000004498e+01 0.000000000000000000e+00
1.291000000000004455e+01 0.000000000000000000e+00
1.293000000000004412e+01 0.000000000000000000e+00
1.295000000000004370e+01 0.000000000000000000e+00
1.297000000000004327e+01 0.000000000000000000e+00
1.299000000000004285e+01 0.000000000000000000e+00
1.301000000000004242e+01 0.000000000000000000e+00
1.303000000000004199e+01 0.000000000000000000e+00
1.305000000000004157e+01 0.000000000000000000e+00
1.307000000000004114e+01 0.000000000000000000e+00
1.309000000000004071e+01 0.000000000000000000e+00
1.311000000000004029e+01 0.000000000000000000e+00
1.313000000000003986e+01 0.000000000000000000e+00
1.315000000000003944e+01 0.000000000000000000e+00
1.317000000000003901e+01 0.000000000000000000e+00
1.319000000000003858e+01 0.000000000000000000e+00
1.321000000000003816e+01 0.000000000000000000e+00
1.323000000000003773e+01 0.000000000000000000e+00
1.325000000000003730e+01 0.000000000000000000e+00
1.327000000000003688e+01 0.000000000000000000e+00
1.329000000000003645e+01 0.000000000000000000e+00
1.331000000000003602e+01 0.000000000000000000e+00
1.333000000000003560e+01 0.000000000000000000e+00
1.335000000000003517e+01 0.000000000000000000e+00
1.337000000000003475e+01 0.000000000000000000e+00
1.339000000000003432e+01 0.000000000000000000e+00
1.341000000000003389e+01 0.000000000000000000e+00
1.343000000000003347e+01 0.000000000000000000e+00
1.345000000000003304e+01 0.000000000000000000e+00
1.347000000000003261e+01 0.000000000000000000e+00
1.349000000000003219e+01 0.000000000000000000e+00
1.351000000000003176e+01 0.000000000000000000e+00
1.353000000000003133e+01 0.000000000000000000e+00
1.355000000000003091e+01 0.000000000000000000e+00
1.357000000000003048e+01 0.000000000000000000e+00
1.359000000000003006e+01 0.000000000000000000e+00
1.361000000000002963e+01 0.000000000000000000e+00
1.363000000000002920e+01 0.000000000000000000e+00
1.365000000000002878e+01 0.000000000000000000e+00
1.367000000000002835e+01 0.000000000000000000e+00
1.369000000000002792e+01 0.000000000000000000e+00
1.371000000000002750e+01 0.000000000000000000e+00
1.373000000000002707e+01 0.000000000000000000e+00
1.375000000000002665e+01 0.000000000000000000e+00
1.377000000000002622e+01 0.000000000000000000e+00
1.379000000000002579e+01 0.000000000000000000e+00
1.381000000000002537e+01 0.000000000000000000e+00
1.383000000000002494e+01 0.000000000000000000e+00
1.385000000000002451e+01 0.000000000000000000e+00
1.387000000000002409e+01 0.000000000000000000e+00
1.389000000000002366e+01 0.000000000000000000e+00
1.391000000000002323e+01 0.000000000000000000e+00
1.393000000000002281e+01 0.000000000000000000e+00
1.395000000000002238e+01 0.000000000000000000e+00
1.397000000000002196e+01 0.000000000000000000e+00
1.399000000000002153e+01 0.000000000000000000e+00
1.401000000000002110e+01 0.000000000000000000e+00
1.403000000000002068e+01 0.000000000000000000e+00
1.405000000000002025e+01 0.000000000000000000e+00
1.407000000000001982e+01 0.000000000000000000e+00
1.409000000000001940e+01 0.000000000000000000e+00
1.411000000000001897e+01 0.000000000000000000e+00
1.413000000000001855e+01 0.000000000000000000e+00
1.415000000000001812e+01 0.000000000000000000e+00
1.417000000000001769e+01 0.000000000000000000e+00
1.419000000000001727e+01 0.000000000000000000e+00
1.421000000000001684e+01 0.000000000000000000e+00
1.423000000000001641e+01 0.000000000000000000e+00
1.425000000000001599e+01 0.000000000000000000e+00
1.427000000000001556e+01 0.000000000000000000e+00
1.429000000000001513e+01 0.000000000000000000e+00
1.431000000000001471e+01 0.000000000000000000e+00
1.433000000000001428e+01 0.000000000000000000e+00
1.435000000000001386e+01 0.000000000000000000e+00
1.437000000000001343e+01 0.000000000000000000e+00
1.439000000000001300e+01 0.000000000000000000e+00
1.441000000000001258e+01 0.000000000000000000e+00
1.443000000000001215e+01 0.000000000000000000e+00
1.445000000000001172e+01 0.000000000000000000e+00
1.447000000000001130e+01 0.000000000000000000e+00
1.449000000000001087e+01 0.000000000000000000e+00
1.451000000000001044e+01 0.000000000000000000e+00
1.453000000000001002e+01 0.000000000000000000e+00
1.455000000000000959e+01 0.000000000000000000e+00
1.457000000000000917e+01 0.000000000000000000e+00
1.459000000000000874e+01 0.000000000000000000e+00
1.461000000000000831e+01 0.000000000000000000e+00
1.463000000000000789e+01 0.000000000000000000e+00
1.465000000000000746e+01 0.000000000000000000e+00
1.467000000000000703e+01 0.000000000000000000e+00
1.469000000000000661e+01 0.000000000000000000e+00
1.471000000000000618e+01 0.000000000000000000e+00
1.473000000000000576e+01 0.000000000000000000e+00
1.475000000000000533e+01 0.000000000000000000e+00
1.477000000000000490e+01 0.000000000000000000e+00
1.479000000000000448e+01 0.000000000000000000e+00
1.481000000000000405e+01 0.000000000000000000e+00
1.483000000000000362e+01 0.000000000000000000e+00
1.485000000000000320e+01 0.000000000000000000e+00
1.487000000000000277e+01 0.000000000000000000e+00
1.489000000000000234e+01 0.000000000000000000e+00
1.491000000000000192e+01 0.000000000000000000e+00
1.493000000000000149e+01 0.000000000000000000e+00
1.495000000000000107e+01 0.000000000000000000e+00
1.497000000000000064e+01 0.000000000000000000e+00
1.499000000000000021e+01 0.000000000000000000e+00
