# Redshift		Merger Rate Density [Gpc^-3yr^-1]
1.000000000031931770e-02 1.226497588888915402e+02
3.000000000031888964e-02 1.264946817455006141e+02
5.000000000031846331e-02 1.317472920344465308e+02
7.000000000031804392e-02 1.355306960295711747e+02
9.000000000031761760e-02 1.400401003530564878e+02
1.100000000003171913e-01 1.434199378010637247e+02
1.300000000003167511e-01 1.491113718175516851e+02
1.500000000003163247e-01 1.545808418933245889e+02
1.700000000003158984e-01 1.588087768124538002e+02
1.900000000003154721e-01 1.638868644600729567e+02
2.100000000003150458e-01 1.698367310514785515e+02
2.300000000003146194e-01 1.735598207459197511e+02
2.500000000003141931e-01 1.789314929484140464e+02
2.700000000003137668e-01 1.840945650778084257e+02
2.900000000003133405e-01 1.898066083262574750e+02
3.100000000003129141e-01 1.933901632356596281e+02
3.300000000003124878e-01 1.988106701323847858e+02
3.500000000003120615e-01 2.046656887366887645e+02
3.700000000003116352e-01 2.094175147482833665e+02
3.900000000003112088e-01 2.158938674913406999e+02
4.100000000003107825e-01 2.208895969116536264e+02
4.300000000003103562e-01 2.258507832937855824e+02
4.500000000003099299e-01 2.317055946354704759e+02
4.700000000003095035e-01 2.380798197849659630e+02
4.900000000003090772e-01 2.426517976662175897e+02
5.100000000003086509e-01 2.471484144521730855e+02
5.300000000003082246e-01 2.532210824945962031e+02
5.500000000003077982e-01 2.580315622685631070e+02
5.700000000003073719e-01 2.628480826503937919e+02
5.900000000003069456e-01 2.702649306221749725e+02
6.100000000003065193e-01 2.769424581293801566e+02
6.300000000003060929e-01 2.813969834326443333e+02
6.500000000003056666e-01 2.866982806814861533e+02
6.700000000003052403e-01 2.936734922984114178e+02
6.900000000003048140e-01 3.001982753915228272e+02
7.100000000003043876e-01 3.054657434065263146e+02
7.300000000003039613e-01 3.135638806073050660e+02
7.500000000003035350e-01 3.180271073205695416e+02
7.700000000003031086e-01 3.258338177808305431e+02
7.900000000003026823e-01 3.303291082905205371e+02
8.100000000003022560e-01 3.389520163369408010e+02
8.300000000003018297e-01 3.451827427240302200e+02
8.500000000003014033e-01 3.511194820289753693e+02
8.700000000003009770e-01 3.592085735592727360e+02
8.900000000003005507e-01 3.647816304399471505e+02
9.100000000003001244e-01 3.717944734162284703e+02
9.300000000002996980e-01 3.792562555932012742e+02
9.500000000002992717e-01 3.853296905300724688e+02
9.700000000002988454e-01 3.928225446821121523e+02
9.900000000002984191e-01 3.995687072894647258e+02
1.010000000000297993e+00 4.065135581297869862e+02
1.030000000000297566e+00 4.162462357354631308e+02
1.050000000000297140e+00 4.233993145668989087e+02
1.070000000000296714e+00 4.309237585364472807e+02
1.090000000000296287e+00 4.370869482135164503e+02
1.110000000000295861e+00 4.459473932228345348e+02
1.130000000000295435e+00 4.515927258341806692e+02
1.150000000000295008e+00 4.605068746806998092e+02
1.170000000000294582e+00 4.680177410755256346e+02
1.190000000000294156e+00 4.746036684405045776e+02
1.210000000000293729e+00 4.837468126516011466e+02
1.230000000000293303e+00 4.891849472742042053e+02
1.250000000000292877e+00 4.976769877758782172e+02
1.270000000000292451e+00 5.025946330131427544e+02
1.290000000000292024e+00 5.131070239048466419e+02
1.310000000000291598e+00 5.185202395563476330e+02
1.330000000000291172e+00 5.259415806029734313e+02
1.350000000000290745e+00 5.322649442225962275e+02
1.370000000000290319e+00 5.401180111424768029e+02
1.390000000000289893e+00 5.475748947109830169e+02
1.410000000000289466e+00 5.525437148652533779e+02
1.430000000000289040e+00 5.605164778620053312e+02
1.450000000000288614e+00 5.677609964759454897e+02
1.470000000000288187e+00 5.765912364756836723e+02
1.490000000000287761e+00 5.825661226519657703e+02
1.510000000000287335e+00 5.888791693200198551e+02
1.530000000000286908e+00 5.963554441184472807e+02
1.550000000000286482e+00 6.028867965546978667e+02
1.570000000000286056e+00 6.123652680202366128e+02
1.590000000000285629e+00 6.181221169435863203e+02
1.610000000000285203e+00 6.259002308536952341e+02
1.630000000000284777e+00 6.336711248814589226e+02
1.650000000000284350e+00 6.306197799621477316e+02
1.670000000000283924e+00 6.345802923617325177e+02
1.690000000000283498e+00 6.318138119912217689e+02
1.710000000000283071e+00 6.281423734313656269e+02
1.730000000000282645e+00 6.286790613790861926e+02
1.750000000000282219e+00 6.323974304135083457e+02
1.770000000000281792e+00 6.337900995246508273e+02
1.790000000000281366e+00 6.352919138646864212e+02
1.810000000000280940e+00 6.365243600198641616e+02
1.830000000000280513e+00 6.375258060140553198e+02
1.850000000000280087e+00 6.374634343580472660e+02
1.870000000000279661e+00 6.396826783635250422e+02
1.890000000000279234e+00 6.394429445104725573e+02
1.910000000000278808e+00 6.387905190387572247e+02
1.930000000000278382e+00 6.404018322728038584e+02
1.950000000000277955e+00 6.384795002923148104e+02
1.970000000000277529e+00 6.391018374964377244e+02
1.990000000000277103e+00 6.395578305009338465e+02
2.010000000000276899e+00 6.385303038706032339e+02
2.030000000000276472e+00 6.365906425789007699e+02
2.050000000000276046e+00 6.376001692848381026e+02
2.070000000000275620e+00 6.341567189064862760e+02
2.090000000000275193e+00 6.333691134338248503e+02
2.110000000000274767e+00 6.283026669265224200e+02
2.130000000000274341e+00 6.267103974436953422e+02
2.150000000000273914e+00 6.253870764649939247e+02
2.170000000000273488e+00 6.235780296694453000e+02
2.190000000000273062e+00 6.202351019781466448e+02
2.210000000000272635e+00 6.168337611842073329e+02
2.230000000000272209e+00 6.141096506356992677e+02
2.250000000000271783e+00 6.089122760666476779e+02
2.270000000000271356e+00 6.064109177971946565e+02
2.290000000000270930e+00 6.014039015845022504e+02
2.310000000000270504e+00 6.004988935107195402e+02
2.330000000000270077e+00 5.931939218928139326e+02
2.350000000000269651e+00 5.902852152558905345e+02
2.370000000000269225e+00 5.854969958495540823e+02
2.390000000000268798e+00 5.828181337148658940e+02
2.410000000000268372e+00 5.793660826001676014e+02
2.430000000000267946e+00 5.747986479378301965e+02
2.450000000000267519e+00 5.698532798561649315e+02
2.470000000000267093e+00 5.647560202677518646e+02
2.490000000000266667e+00 5.593172018650055861e+02
2.510000000000266240e+00 5.557784240631625607e+02
2.530000000000265814e+00 5.512538436146782033e+02
2.550000000000265388e+00 5.460284868968992669e+02
2.570000000000264961e+00 5.417305329920875465e+02
2.590000000000264535e+00 5.355676607495649932e+02
2.610000000000264109e+00 5.307255570271505576e+02
2.630000000000263682e+00 5.269856551445413970e+02
2.650000000000263256e+00 5.207608987697080920e+02
2.670000000000262830e+00 5.154155094885882136e+02
2.690000000000262403e+00 5.114967409524571167e+02
2.710000000000261977e+00 5.057271090058940217e+02
2.730000000000261551e+00 5.010854272921837378e+02
2.750000000000261124e+00 4.945360758713109135e+02
2.770000000000260698e+00 4.887959237733198279e+02
2.790000000000260272e+00 4.851089294056479275e+02
2.810000000000259845e+00 4.806903237235908932e+02
2.830000000000259419e+00 4.755355523219570273e+02
2.850000000000258993e+00 4.704004445547453770e+02
2.870000000000258567e+00 4.692581121441273240e+02
2.890000000000258140e+00 4.641320320131572998e+02
2.910000000000257714e+00 4.554045400729906987e+02
2.930000000000257288e+00 4.531692050085181336e+02
2.950000000000256861e+00 4.480816173811697922e+02
2.970000000000256435e+00 4.438728862136579778e+02
2.990000000000256009e+00 4.395679295584931765e+02
3.010000000000255582e+00 4.360249356142938950e+02
3.030000000000255156e+00 4.322818400655494315e+02
3.050000000000254730e+00 4.273501390269096305e+02
3.070000000000254303e+00 4.226652719714316504e+02
3.090000000000253877e+00 4.186610387710464352e+02
3.110000000000253451e+00 4.132017993406055894e+02
3.130000000000253024e+00 4.101798199705995103e+02
3.150000000000252598e+00 4.046765979100892991e+02
3.170000000000252172e+00 3.968772270854685189e+02
3.190000000000251745e+00 3.941982951388131369e+02
3.210000000000251319e+00 3.878923194529463103e+02
3.230000000000250893e+00 3.818694943269893542e+02
3.250000000000250466e+00 3.761707726027856324e+02
3.270000000000250040e+00 3.715536539799660432e+02
3.290000000000249614e+00 3.675177478872870438e+02
3.310000000000249187e+00 3.625386833556887609e+02
3.330000000000248761e+00 3.584165888169031859e+02
3.350000000000248335e+00 3.537058702618704729e+02
3.370000000000247908e+00 3.500035454402485016e+02
3.390000000000247482e+00 3.471196290894733352e+02
3.410000000000247056e+00 3.428382779442920310e+02
3.430000000000246629e+00 3.395024823984313116e+02
3.450000000000246203e+00 3.365955303347652716e+02
3.470000000000245777e+00 3.315323175366190185e+02
3.490000000000245350e+00 3.292138980882234023e+02
3.510000000000244924e+00 3.269617633309244980e+02
3.530000000000244498e+00 3.231597070141287418e+02
3.550000000000244071e+00 3.212841787333814523e+02
3.570000000000243645e+00 3.162788305641752231e+02
3.590000000000243219e+00 3.141061249374519093e+02
3.610000000000242792e+00 3.104773583757286701e+02
3.630000000000242366e+00 3.086699766281055304e+02
3.650000000000241940e+00 3.056153016638917279e+02
3.670000000000241513e+00 3.037254155634283279e+02
3.690000000000241087e+00 3.002553726495909245e+02
3.710000000000240661e+00 2.982723941551200255e+02
3.730000000000240234e+00 2.960979590026553865e+02
3.750000000000239808e+00 2.925578870986217908e+02
3.770000000000239382e+00 2.908667923381133846e+02
3.790000000000238956e+00 2.872650062453853934e+02
3.810000000000238529e+00 2.851332689879930058e+02
3.830000000000238103e+00 2.821813351594555002e+02
3.850000000000237677e+00 2.818449571458977516e+02
3.870000000000237250e+00 2.791257087634813843e+02
3.890000000000236824e+00 2.770779585179779474e+02
3.910000000000236398e+00 2.747138619523270791e+02
3.930000000000235971e+00 2.732759189934472488e+02
3.950000000000235545e+00 2.707151042213585583e+02
3.970000000000235119e+00 2.689685455456228169e+02
3.990000000000234692e+00 2.668683762709435427e+02
4.010000000000234266e+00 2.659776230275917328e+02
4.030000000000233840e+00 2.627256403776441402e+02
4.050000000000233413e+00 2.605226038066259662e+02
4.070000000000232987e+00 2.587152029905411155e+02
4.090000000000232561e+00 2.552315735104274950e+02
4.110000000000232134e+00 2.532577052632682353e+02
4.130000000000231708e+00 2.515364939231775168e+02
4.150000000000231282e+00 2.480208561030991632e+02
4.170000000000230855e+00 2.458524835047090846e+02
4.190000000000230429e+00 2.432116063010961398e+02
4.210000000000230003e+00 2.428083263399871043e+02
4.230000000000229576e+00 2.391701237257792343e+02
4.250000000000229150e+00 2.380350807750589865e+02
4.270000000000228724e+00 2.355599059591861248e+02
4.290000000000228297e+00 2.334440290798303010e+02
4.310000000000227871e+00 2.317136496583554788e+02
4.330000000000227445e+00 2.308345966106675746e+02
4.350000000000227018e+00 2.282023273075609779e+02
4.370000000000226592e+00 2.267527439860585616e+02
4.390000000000226166e+00 2.254809842041070169e+02
4.410000000000225739e+00 2.235899392260120067e+02
4.430000000000225313e+00 2.216830037794215116e+02
4.450000000000224887e+00 2.214390979957355512e+02
4.470000000000224460e+00 2.184997199485548265e+02
4.490000000000224034e+00 2.174126942483569849e+02
4.510000000000223608e+00 2.155515499695941060e+02
4.530000000000223181e+00 2.139064393452086676e+02
4.550000000000222755e+00 2.141807106159341174e+02
4.570000000000222329e+00 2.113126880540862942e+02
4.590000000000221902e+00 2.102603011855171644e+02
4.610000000000221476e+00 2.095125652012735316e+02
4.630000000000221050e+00 2.066573247752517943e+02
4.650000000000220624e+00 2.044130315022777609e+02
4.670000000000220197e+00 2.043548983464999935e+02
4.690000000000219771e+00 2.038186672186455439e+02
4.710000000000219345e+00 2.019118907389699586e+02
4.730000000000218918e+00 1.997907734670759510e+02
4.750000000000218492e+00 1.988187766053309247e+02
4.770000000000218066e+00 1.965616291808420044e+02
4.790000000000217639e+00 1.952242958239625921e+02
4.810000000000217213e+00 1.935166685745543589e+02
4.830000000000216787e+00 1.929231175751184821e+02
4.850000000000216360e+00 1.908843704500386593e+02
4.870000000000215934e+00 1.888625140131176181e+02
4.890000000000215508e+00 1.862068850615274016e+02
4.910000000000215081e+00 1.851791074216339439e+02
4.930000000000214655e+00 1.838308644485093168e+02
4.950000000000214229e+00 1.813563511379758211e+02
4.970000000000213802e+00 1.805336901396813687e+02
4.990000000000213376e+00 1.780245931745400867e+02
5.010000000000212950e+00 1.768290504727927726e+02
5.030000000000212523e+00 1.767688241784211129e+02
5.050000000000212097e+00 1.746750625393084420e+02
5.070000000000211671e+00 1.735753004710381617e+02
5.090000000000211244e+00 1.707600276674396298e+02
5.110000000000210818e+00 1.698416647501307466e+02
5.130000000000210392e+00 1.691299157448530934e+02
5.150000000000209965e+00 1.677885122260224477e+02
5.170000000000209539e+00 1.663472742006128158e+02
5.190000000000209113e+00 1.649399666235847803e+02
5.210000000000208686e+00 1.635248437937484312e+02
5.230000000000208260e+00 1.624306992335809241e+02
5.250000000000207834e+00 1.615504498109891358e+02
5.270000000000207407e+00 1.596851927711424821e+02
5.290000000000206981e+00 1.587700757359284296e+02
5.310000000000206555e+00 1.576987524425630625e+02
5.330000000000206128e+00 1.566067744072892367e+02
5.350000000000205702e+00 1.547183868606345527e+02
5.370000000000205276e+00 1.533128404061861545e+02
5.390000000000204849e+00 1.527132701231969349e+02
5.410000000000204423e+00 1.518668009808204999e+02
5.430000000000203997e+00 1.497848895004272833e+02
5.450000000000203570e+00 1.491094683570660209e+02
5.470000000000203144e+00 1.475978056800121578e+02
5.490000000000202718e+00 1.463315288038360507e+02
5.510000000000202292e+00 1.456767084522647906e+02
5.530000000000201865e+00 1.439179060076909593e+02
5.550000000000201439e+00 1.424698148449648443e+02
5.570000000000201013e+00 1.413978932253980076e+02
5.590000000000200586e+00 1.407014108630906435e+02
5.610000000000200160e+00 1.389917574601720389e+02
5.630000000000199734e+00 1.379945478588276160e+02
5.650000000000199307e+00 1.367397452840259859e+02
5.670000000000198881e+00 1.352598358090987745e+02
5.690000000000198455e+00 1.344875369045240632e+02
5.710000000000198028e+00 1.332146320070394268e+02
5.730000000000197602e+00 1.318133662771029435e+02
5.750000000000197176e+00 1.307615179555154725e+02
5.770000000000196749e+00 1.304870014775693221e+02
5.790000000000196323e+00 1.291533107749309863e+02
5.810000000000195897e+00 1.287963780280637422e+02
5.830000000000195470e+00 1.268313568937036138e+02
5.850000000000195044e+00 1.268797648881324420e+02
5.870000000000194618e+00 1.254966793257478344e+02
5.890000000000194191e+00 1.237242473700408283e+02
5.910000000000193765e+00 1.230593837925915750e+02
5.930000000000193339e+00 1.216157277807523656e+02
5.950000000000192912e+00 1.216260895077635951e+02
5.970000000000192486e+00 1.200877755893097714e+02
5.990000000000192060e+00 1.190582013242753874e+02
6.010000000000191633e+00 1.173624075344052073e+02
6.030000000000191207e+00 1.171060400640050432e+02
6.050000000000190781e+00 1.170679415104410594e+02
6.070000000000190354e+00 1.148621850286837116e+02
6.090000000000189928e+00 1.132744257024538115e+02
6.110000000000189502e+00 1.127005076137240991e+02
6.130000000000189075e+00 1.118604570463376859e+02
6.150000000000188649e+00 1.114678146061058612e+02
6.170000000000188223e+00 1.097810644498802617e+02
6.190000000000187796e+00 1.092740892525591647e+02
6.210000000000187370e+00 1.081683984208442979e+02
6.230000000000186944e+00 1.076626839321666012e+02
6.250000000000186517e+00 1.062045588593139769e+02
6.270000000000186091e+00 1.059888909257024352e+02
6.290000000000185665e+00 1.051148988846951084e+02
6.310000000000185238e+00 1.044663290435100294e+02
6.330000000000184812e+00 1.030760703601196298e+02
6.350000000000184386e+00 1.022412755234076798e+02
6.370000000000183960e+00 1.014373983045114898e+02
6.390000000000183533e+00 1.005559035868454743e+02
6.410000000000183107e+00 1.003490465920617538e+02
6.430000000000182681e+00 9.990919774928570973e+01
6.450000000000182254e+00 9.889603058242083478e+01
6.470000000000181828e+00 9.773106155528165573e+01
6.490000000000181402e+00 9.725075580531120067e+01
6.510000000000180975e+00 9.655363039627727062e+01
6.530000000000180549e+00 9.586243109232374593e+01
6.550000000000180123e+00 9.523137784324430299e+01
6.570000000000179696e+00 9.402858495957551099e+01
6.590000000000179270e+00 9.389514115239269643e+01
6.610000000000178844e+00 9.310454428671290827e+01
6.630000000000178417e+00 9.238636537119123204e+01
6.650000000000177991e+00 9.193069202738959689e+01
6.670000000000177565e+00 9.087767313407547931e+01
6.690000000000177138e+00 9.048983304782356640e+01
6.710000000000176712e+00 9.020128823663777951e+01
6.730000000000176286e+00 8.992232545934047039e+01
6.750000000000175859e+00 8.845859668887509031e+01
6.770000000000175433e+00 8.793480088467582334e+01
6.790000000000175007e+00 8.774945248569855494e+01
6.810000000000174580e+00 8.678282781145384206e+01
6.830000000000174154e+00 8.628751474221219553e+01
6.850000000000173728e+00 8.631805867791604214e+01
6.870000000000173301e+00 8.572761228904626307e+01
6.890000000000172875e+00 8.493042741471468560e+01
6.910000000000172449e+00 8.451302606122702343e+01
6.930000000000172022e+00 8.395201120193686961e+01
6.950000000000171596e+00 8.384674699544981991e+01
6.970000000000171170e+00 8.270176560465542082e+01
6.990000000000170743e+00 8.227452704677327233e+01
7.010000000000170317e+00 8.205170190770705574e+01
7.030000000000169891e+00 8.174764481388753268e+01
7.050000000000169464e+00 8.120460866456529914e+01
7.070000000000169038e+00 8.076132894470467249e+01
7.090000000000168612e+00 8.072180052020362950e+01
7.110000000000168185e+00 7.991052100640187916e+01
7.130000000000167759e+00 7.949241779117718920e+01
7.150000000000167333e+00 7.921748302981376355e+01
7.170000000000166906e+00 7.881646273684859239e+01
7.190000000000166480e+00 7.833007929671518355e+01
7.210000000000166054e+00 7.859406314568350638e+01
7.230000000000165628e+00 7.764222836934686711e+01
7.250000000000165201e+00 7.783982777162044897e+01
7.270000000000164775e+00 7.704866063368490359e+01
7.290000000000164349e+00 7.640951737376927611e+01
7.310000000000163922e+00 7.660672416043321675e+01
7.330000000000163496e+00 7.589440854532836056e+01
7.350000000000163070e+00 7.552037518734960031e+01
7.370000000000162643e+00 7.505711484389397015e+01
7.390000000000162217e+00 7.495038188539338364e+01
7.410000000000161791e+00 7.498263410755843950e+01
7.430000000000161364e+00 7.382786794921267415e+01
7.450000000000160938e+00 7.410499276351823994e+01
7.470000000000160512e+00 7.365327469598234700e+01
7.490000000000160085e+00 7.369534823152611125e+01
7.510000000000159659e+00 7.360226603379911126e+01
7.530000000000159233e+00 7.304650824322177982e+01
7.550000000000158806e+00 7.271135371327069663e+01
7.570000000000158380e+00 7.296789955567976449e+01
7.590000000000157954e+00 7.249323202641063801e+01
7.610000000000157527e+00 7.218167194456913194e+01
7.630000000000157101e+00 7.255396884773094257e+01
7.650000000000156675e+00 7.195631927554229890e+01
7.670000000000156248e+00 7.178430618222306236e+01
7.690000000000155822e+00 7.162246121632908569e+01
7.710000000000155396e+00 7.150486056688987446e+01
7.730000000000154969e+00 7.123464810269695136e+01
7.750000000000154543e+00 7.085618733541751624e+01
7.770000000000154117e+00 7.088652258269510753e+01
7.790000000000153690e+00 7.135935578916436839e+01
7.810000000000153264e+00 7.049476956161007024e+01
7.830000000000152838e+00 7.080430952787277477e+01
7.850000000000152411e+00 7.057581864956827644e+01
7.870000000000151985e+00 7.030112061851605176e+01
7.890000000000151559e+00 7.023268277375484558e+01
7.910000000000151132e+00 7.031570507489119848e+01
7.930000000000150706e+00 7.037927225067527104e+01
7.950000000000150280e+00 7.048333121665183398e+01
7.970000000000149853e+00 7.031616544923355150e+01
7.990000000000149427e+00 7.007745156794452157e+01
8.010000000000149001e+00 6.996877447063114630e+01
8.030000000000148574e+00 6.990088812651204364e+01
8.050000000000148148e+00 7.017622980319973180e+01
8.070000000000147722e+00 7.009222502651635978e+01
8.090000000000147296e+00 6.954786643835200266e+01
8.110000000000146869e+00 6.977787261995297285e+01
8.130000000000146443e+00 6.986005419340939682e+01
8.150000000000146017e+00 6.995666233569605197e+01
8.170000000000145590e+00 6.958736579084511220e+01
8.190000000000145164e+00 6.980486200158976828e+01
8.210000000000144738e+00 6.977098721458906994e+01
8.230000000000144311e+00 6.966614428666224512e+01
8.250000000000143885e+00 6.987753231370601270e+01
8.270000000000143459e+00 6.968897835024151277e+01
8.290000000000143032e+00 6.945628279567448260e+01
8.310000000000142606e+00 6.967570912425169638e+01
8.330000000000142180e+00 6.987172324442767035e+01
8.350000000000141753e+00 6.969134010114652256e+01
8.370000000000141327e+00 6.930761425985012636e+01
8.390000000000140901e+00 6.977270592433366403e+01
8.410000000000140474e+00 6.977677402200558276e+01
8.430000000000140048e+00 6.967087689310120879e+01
8.450000000000139622e+00 6.956369573065845202e+01
8.470000000000139195e+00 6.971963090170440580e+01
8.490000000000138769e+00 6.991426132919386305e+01
8.510000000000138343e+00 7.011934558240514548e+01
8.530000000000137916e+00 6.978513255414432592e+01
8.550000000000137490e+00 6.982637326817955170e+01
8.570000000000137064e+00 6.974941653775360351e+01
8.590000000000136637e+00 7.002594086453645161e+01
8.610000000000136211e+00 7.035954325564696887e+01
8.630000000000135785e+00 7.018913964989032195e+01
8.650000000000135358e+00 7.035753120413336603e+01
8.670000000000134932e+00 7.064817267570263937e+01
8.690000000000134506e+00 7.068298629972736080e+01
8.710000000000134079e+00 7.075401344299473294e+01
8.730000000000133653e+00 7.103318432144850192e+01
8.750000000000133227e+00 7.107260870577350431e+01
8.770000000000132800e+00 7.151696914980927033e+01
8.790000000000132374e+00 7.167478421881210693e+01
8.810000000000131948e+00 7.175331806212730612e+01
8.830000000000131521e+00 7.215655078151156943e+01
8.850000000000131095e+00 7.226597264602432347e+01
8.870000000000130669e+00 7.267111576244113280e+01
8.890000000000130242e+00 7.263151964081376377e+01
8.910000000000129816e+00 7.347314338072973783e+01
8.930000000000129390e+00 7.362016965051464013e+01
8.950000000000128964e+00 7.393730058146947215e+01
8.970000000000128537e+00 7.445128331784631825e+01
8.990000000000128111e+00 7.489417356259595238e+01
9.010000000000127685e+00 7.547402039535175788e+01
9.030000000000127258e+00 7.570659569025538360e+01
9.050000000000126832e+00 7.601638937901104498e+01
9.070000000000126406e+00 7.658046181350526638e+01
9.090000000000125979e+00 7.713492234278639614e+01
9.110000000000125553e+00 7.757726755975120625e+01
9.130000000000125127e+00 7.804803296165019333e+01
9.150000000000124700e+00 7.846911025815316520e+01
9.170000000000124274e+00 7.894904417862454693e+01
9.190000000000123848e+00 7.960088644495274934e+01
9.210000000000123421e+00 8.008628310844703435e+01
9.230000000000122995e+00 8.064697612412523142e+01
9.250000000000122569e+00 8.131804532826406273e+01
9.270000000000122142e+00 8.182925625899578392e+01
9.290000000000121716e+00 8.237592157322470143e+01
9.310000000000121290e+00 8.284700705201953497e+01
9.330000000000120863e+00 8.358198729062490884e+01
9.350000000000120437e+00 8.408021607958271204e+01
9.370000000000120011e+00 8.453416894989243247e+01
9.390000000000119584e+00 8.513078013737568028e+01
9.410000000000119158e+00 8.573756832621288027e+01
9.430000000000118732e+00 8.561817398026742865e+01
9.450000000000118305e+00 8.651743657127896370e+01
9.470000000000117879e+00 8.711626384736500484e+01
9.490000000000117453e+00 8.770297971435891782e+01
9.510000000000117026e+00 8.792346347571799470e+01
9.530000000000116600e+00 8.847963226970097139e+01
9.550000000000116174e+00 8.874410157458177650e+01
9.570000000000115747e+00 8.947770530911058984e+01
9.590000000000115321e+00 8.961658329948484436e+01
9.610000000000114895e+00 8.981170934923746074e+01
9.630000000000114468e+00 9.009589523398719280e+01
9.650000000000114042e+00 9.049706787603494718e+01
9.670000000000113616e+00 9.070499779183276701e+01
9.690000000000113189e+00 9.097332134144322424e+01
9.710000000000112763e+00 9.110583019592843357e+01
9.730000000000112337e+00 9.176093234799631659e+01
9.750000000000111910e+00 9.184644731950234586e+01
9.770000000000111484e+00 9.175124816417383045e+01
9.790000000000111058e+00 9.173556015980761913e+01
9.810000000000110632e+00 9.194777989291695519e+01
9.830000000000110205e+00 9.187272819810959845e+01
9.850000000000109779e+00 9.162398928158097533e+01
9.870000000000109353e+00 9.171542098766281015e+01
9.890000000000108926e+00 9.154787479078733270e+01
9.910000000000108500e+00 9.192237696163259386e+01
9.930000000000108074e+00 9.174068455677236500e+01
9.950000000000107647e+00 9.138861578067103153e+01
9.970000000000107221e+00 9.133880982501571566e+01
9.990000000000106795e+00 9.159239119058378265e+01
1.001000000000010637e+01 9.071094560430320541e+01
1.003000000000010594e+01 9.077055273936534263e+01
1.005000000000010552e+01 9.045006554338816329e+01
1.007000000000010509e+01 9.003876103102869877e+01
1.009000000000010466e+01 8.951039634338326323e+01
1.011000000000010424e+01 8.946002102720940741e+01
1.013000000000010381e+01 8.915354823212403801e+01
1.015000000000010338e+01 8.880989451872531504e+01
1.017000000000010296e+01 8.873578211830317741e+01
1.019000000000010253e+01 8.829961619789128235e+01
1.021000000000010210e+01 8.737019286947780472e+01
1.023000000000010168e+01 8.731373908536974682e+01
1.025000000000010125e+01 8.694141483153487115e+01
1.027000000000010083e+01 8.608232278323606579e+01
1.029000000000010040e+01 8.568856196371218914e+01
1.031000000000009997e+01 8.555631016771853581e+01
1.033000000000009955e+01 8.497217427373924181e+01
1.035000000000009912e+01 8.448944940452041408e+01
1.037000000000009869e+01 8.442025645608980255e+01
1.039000000000009827e+01 8.393835634908903387e+01
1.041000000000009784e+01 8.281596431342167364e+01
1.043000000000009742e+01 8.290166890506505126e+01
1.045000000000009699e+01 8.257684793275380741e+01
1.047000000000009656e+01 8.128685029113303528e+01
1.049000000000009614e+01 8.102087993336843397e+01
1.051000000000009571e+01 8.091341593538254529e+01
1.053000000000009528e+01 8.052334076980363875e+01
1.055000000000009486e+01 7.982782463576981513e+01
1.057000000000009443e+01 7.963244458574955331e+01
1.059000000000009400e+01 7.946261230281109533e+01
1.061000000000009358e+01 7.846102960624266132e+01
1.063000000000009315e+01 7.814688981911621113e+01
1.065000000000009273e+01 7.759587814971148134e+01
1.067000000000009230e+01 7.753610982182382827e+01
1.069000000000009187e+01 7.640398052744765778e+01
1.071000000000009145e+01 7.651524797240264775e+01
1.073000000000009102e+01 7.562291858483165186e+01
1.075000000000009059e+01 7.579049504478525989e+01
1.077000000000009017e+01 7.527917134293919332e+01
1.079000000000008974e+01 7.492014934764279133e+01
1.081000000000008932e+01 7.431940065529396122e+01
1.083000000000008889e+01 7.412004682891711127e+01
1.085000000000008846e+01 7.335318667370437140e+01
1.087000000000008804e+01 7.289550650436434864e+01
1.089000000000008761e+01 7.258166592258746164e+01
1.091000000000008718e+01 7.230838517051506642e+01
1.093000000000008676e+01 7.182774729523508483e+01
1.095000000000008633e+01 7.143929916668253099e+01
1.097000000000008590e+01 7.132679166131323711e+01
1.099000000000008548e+01 7.068714110679256635e+01
1.101000000000008505e+01 7.035291609951822522e+01
1.103000000000008463e+01 6.971701450241481268e+01
1.105000000000008420e+01 6.977392740167198326e+01
1.107000000000008377e+01 6.909626090287667921e+01
1.109000000000008335e+01 6.873751848434578449e+01
1.111000000000008292e+01 6.777872542854414917e+01
1.113000000000008249e+01 6.809122961234437810e+01
1.115000000000008207e+01 6.750273451117327284e+01
1.117000000000008164e+01 6.712701467926810039e+01
1.119000000000008122e+01 6.680861551245274654e+01
1.121000000000008079e+01 6.636375103767545625e+01
1.123000000000008036e+01 6.632200367596824719e+01
1.125000000000007994e+01 6.557368308554835323e+01
1.127000000000007951e+01 6.539738176874895714e+01
1.129000000000007908e+01 6.447794006490802587e+01
1.131000000000007866e+01 6.472723297245762808e+01
1.133000000000007823e+01 6.410813638434069617e+01
1.135000000000007780e+01 6.373139631199320121e+01
1.137000000000007738e+01 6.357169410494915240e+01
1.139000000000007695e+01 6.331184299363588508e+01
1.141000000000007653e+01 6.296070475847364634e+01
1.143000000000007610e+01 6.262765514478775231e+01
1.145000000000007567e+01 6.212637798454363747e+01
1.147000000000007525e+01 6.209834352511482791e+01
1.149000000000007482e+01 6.155927982549408739e+01
1.151000000000007439e+01 6.144472747690284820e+01
1.153000000000007397e+01 6.106396047992243581e+01
1.155000000000007354e+01 6.106644149821981671e+01
1.157000000000007311e+01 6.091806299161618199e+01
1.159000000000007269e+01 6.073454482119486642e+01
1.161000000000007226e+01 6.020882450969297395e+01
1.163000000000007184e+01 5.998901073246221927e+01
1.165000000000007141e+01 6.018378510496383882e+01
1.167000000000007098e+01 5.966943694369934548e+01
1.169000000000007056e+01 5.965354195432998807e+01
1.171000000000007013e+01 5.964393618605220837e+01
1.173000000000006970e+01 5.952218264753812349e+01
1.175000000000006928e+01 5.942967135093593356e+01
1.177000000000006885e+01 5.908188926760585957e+01
1.179000000000006843e+01 5.897038586939265059e+01
1.181000000000006800e+01 5.894849204595948322e+01
1.183000000000006757e+01 5.898570828969905477e+01
1.185000000000006715e+01 5.902890824349780274e+01
1.187000000000006672e+01 5.884396962849088908e+01
1.189000000000006629e+01 5.889108243459946834e+01
1.191000000000006587e+01 5.860037286997217620e+01
1.193000000000006544e+01 5.846245383902171966e+01
1.195000000000006501e+01 5.861278418308147309e+01
1.197000000000006459e+01 5.841808193918513581e+01
1.199000000000006416e+01 5.873041104176326854e+01
1.201000000000006374e+01 5.827893547821217624e+01
1.203000000000006331e+01 5.826327988833477178e+01
1.205000000000006288e+01 5.849635124008679554e+01
1.207000000000006246e+01 5.818211420975474368e+01
1.209000000000006203e+01 5.809193019327758378e+01
1.211000000000006160e+01 5.822615766603011167e+01
1.213000000000006118e+01 5.801420972612765325e+01
1.215000000000006075e+01 5.802885164000897333e+01
1.217000000000006033e+01 5.773099087141260100e+01
1.219000000000005990e+01 5.776675336487370771e+01
1.221000000000005947e+01 5.768428211030979469e+01
1.223000000000005905e+01 5.757449296119651194e+01
1.225000000000005862e+01 5.742776134869323812e+01
1.227000000000005819e+01 5.729475911065249960e+01
1.229000000000005777e+01 5.717448904730642312e+01
1.231000000000005734e+01 5.710998997308748670e+01
1.233000000000005691e+01 5.658970697325008814e+01
1.235000000000005649e+01 5.688290902211520006e+01
1.237000000000005606e+01 5.676758834150994915e+01
1.239000000000005564e+01 5.631350756055567786e+01
1.241000000000005521e+01 5.594004624290951000e+01
1.243000000000005478e+01 5.599633413756909306e+01
1.245000000000005436e+01 5.577802953494860816e+01
1.247000000000005393e+01 5.573571809766501417e+01
1.249000000000005350e+01 5.540920737513851435e+01
1.251000000000005308e+01 5.510160916708847623e+01
1.253000000000005265e+01 5.504989449109280741e+01
1.255000000000005222e+01 5.459326545734551672e+01
1.257000000000005180e+01 5.415257920125628033e+01
1.259000000000005137e+01 5.462000595004690240e+01
1.261000000000005095e+01 5.392228101434616860e+01
1.263000000000005052e+01 5.371326082947971514e+01
1.265000000000005009e+01 5.349150056813751775e+01
1.267000000000004967e+01 5.310615040062742764e+01
1.269000000000004924e+01 5.308674587393412025e+01
1.271000000000004881e+01 5.264866279334682986e+01
1.273000000000004839e+01 5.233073097914742533e+01
1.275000000000004796e+01 5.210230979874138768e+01
1.277000000000004754e+01 5.188067249744067766e+01
1.279000000000004711e+01 5.167814628716644876e+01
1.281000000000004668e+01 5.129350926277641065e+01
1.283000000000004626e+01 5.097018983513287793e+01
1.285000000000004583e+01 5.080553214125104233e+01
1.287000000000004540e+01 5.052748504139733399e+01
1.289000000000004498e+01 5.022258865870141165e+01
1.291000000000004455e+01 4.992645198459496925e+01
1.293000000000004412e+01 4.939622582002046158e+01
1.295000000000004370e+01 4.926604734867235891e+01
1.297000000000004327e+01 4.934150258024033775e+01
1.299000000000004285e+01 4.900326765130331808e+01
1.301000000000004242e+01 4.830670387002377453e+01
1.303000000000004199e+01 4.821405785094648877e+01
1.305000000000004157e+01 4.788323192825712482e+01
1.307000000000004114e+01 4.758600402038750588e+01
1.309000000000004071e+01 4.753994776167024128e+01
1.311000000000004029e+01 4.712922308038105257e+01
1.313000000000003986e+01 4.691788278718306060e+01
1.315000000000003944e+01 4.651691523930978178e+01
1.317000000000003901e+01 4.630840872133256170e+01
1.319000000000003858e+01 4.581437537482333511e+01
1.321000000000003816e+01 4.566004256660691851e+01
1.323000000000003773e+01 4.532709351670244047e+01
1.325000000000003730e+01 4.509737179271315455e+01
1.327000000000003688e+01 4.507021651895011871e+01
1.329000000000003645e+01 4.453481099738107218e+01
1.331000000000003602e+01 4.387045162440751511e+01
1.333000000000003560e+01 4.421212805326628370e+01
1.335000000000003517e+01 4.366449291442700087e+01
1.337000000000003475e+01 4.312812225361468421e+01
1.339000000000003432e+01 4.302221397014219662e+01
1.341000000000003389e+01 4.262222540370287049e+01
1.343000000000003347e+01 4.205785138309234839e+01
1.345000000000003304e+01 4.187428985753690824e+01
1.347000000000003261e+01 4.117866396907812288e+01
1.349000000000003219e+01 4.079229359132762767e+01
1.351000000000003176e+01 4.030059031987656937e+01
1.353000000000003133e+01 3.948404845675001695e+01
1.355000000000003091e+01 3.901001737708843820e+01
1.357000000000003048e+01 3.813878856511470161e+01
1.359000000000003006e+01 3.746448359323212429e+01
1.361000000000002963e+01 3.643504775063244949e+01
1.363000000000002920e+01 3.570228513260861547e+01
1.365000000000002878e+01 3.461628886720186671e+01
1.367000000000002835e+01 3.390815862477664666e+01
1.369000000000002792e+01 3.310980238546951426e+01
1.371000000000002750e+01 3.216927125791055175e+01
1.373000000000002707e+01 3.118722427051126544e+01
1.375000000000002665e+01 3.029233424351355808e+01
1.377000000000002622e+01 2.943989538509603321e+01
1.379000000000002579e+01 2.873690992916282028e+01
1.381000000000002537e+01 2.778654066809244938e+01
1.383000000000002494e+01 2.689826151800102494e+01
1.385000000000002451e+01 2.617201710563572803e+01
1.387000000000002409e+01 2.510140371666072312e+01
1.389000000000002366e+01 2.419147446262476464e+01
1.391000000000002323e+01 2.322529306410826422e+01
1.393000000000002281e+01 2.220657975218658109e+01
1.395000000000002238e+01 2.117700280541383862e+01
1.397000000000002196e+01 2.008782924317029028e+01
1.399000000000002153e+01 1.911606402750770073e+01
1.401000000000002110e+01 1.772731478146024031e+01
1.403000000000002068e+01 1.660320736847545930e+01
1.405000000000002025e+01 1.540276269850906488e+01
1.407000000000001982e+01 1.412553194581649763e+01
1.409000000000001940e+01 1.282616409461416396e+01
1.411000000000001897e+01 1.167585001777520581e+01
1.413000000000001855e+01 1.025518474860632878e+01
1.415000000000001812e+01 9.065638363499054719e+00
1.417000000000001769e+01 7.788915293367516313e+00
1.419000000000001727e+01 6.660522228545150192e+00
1.421000000000001684e+01 5.542549111021769725e+00
1.423000000000001641e+01 4.426902546567137442e+00
1.425000000000001599e+01 3.447442804061810584e+00
1.427000000000001556e+01 2.689795593317001465e+00
1.429000000000001513e+01 2.054954384861098937e+00
1.431000000000001471e+01 1.535617566825858482e+00
1.433000000000001428e+01 1.195108520140815145e+00
1.435000000000001386e+01 9.333779059931167632e-01
1.437000000000001343e+01 6.971572810860470204e-01
1.439000000000001300e+01 4.961344915889610019e-01
1.441000000000001258e+01 3.091632980617132764e-01
1.443000000000001215e+01 1.936154488961311648e-01
1.445000000000001172e+01 9.974571667860936131e-02
1.447000000000001130e+01 5.391782842372393192e-02
1.449000000000001087e+01 1.890133242172080397e-02
1.451000000000001044e+01 2.723690766872182041e-03
1.453000000000001002e+01 2.711698633259104676e-03
1.455000000000000959e+01 0.000000000000000000e+00
1.457000000000000917e+01 0.000000000000000000e+00
1.459000000000000874e+01 0.000000000000000000e+00
1.461000000000000831e+01 0.000000000000000000e+00
1.463000000000000789e+01 0.000000000000000000e+00
1.465000000000000746e+01 0.000000000000000000e+00
1.467000000000000703e+01 0.000000000000000000e+00
1.469000000000000661e+01 0.000000000000000000e+00
1.471000000000000618e+01 0.000000000000000000e+00
1.473000000000000576e+01 0.000000000000000000e+00
1.475000000000000533e+01 0.000000000000000000e+00
1.477000000000000490e+01 0.000000000000000000e+00
1.479000000000000448e+01 0.000000000000000000e+00
1.481000000000000405e+01 0.000000000000000000e+00
1.483000000000000362e+01 0.000000000000000000e+00
1.485000000000000320e+01 0.000000000000000000e+00
1.487000000000000277e+01 0.000000000000000000e+00
1.489000000000000234e+01 0.000000000000000000e+00
1.491000000000000192e+01 0.000000000000000000e+00
1.493000000000000149e+01 0.000000000000000000e+00
1.495000000000000107e+01 0.000000000000000000e+00
1.497000000000000064e+01 0.000000000000000000e+00
1.499000000000000021e+01 0.000000000000000000e+00
