# Redshift		Merger Rate Density [Gpc^-3yr^-1]
1.000000000031931770e-02 1.049362796848125612e+02
3.000000000031888964e-02 1.105478412051123485e+02
5.000000000031846331e-02 1.147245853983033612e+02
7.000000000031804392e-02 1.202162696417136942e+02
9.000000000031761760e-02 1.261970835798815784e+02
1.100000000003171913e-01 1.307063238286157798e+02
1.300000000003167511e-01 1.354609633134864453e+02
1.500000000003163247e-01 1.413549607458461992e+02
1.700000000003158984e-01 1.468031732607507536e+02
1.900000000003154721e-01 1.531191571863424485e+02
2.100000000003150458e-01 1.598110182234453873e+02
2.300000000003146194e-01 1.643783178816237296e+02
2.500000000003141931e-01 1.702184260748213944e+02
2.700000000003137668e-01 1.756333655438849064e+02
2.900000000003133405e-01 1.829816970119298389e+02
3.100000000003129141e-01 1.889508325432117886e+02
3.300000000003124878e-01 1.964916655550845235e+02
3.500000000003120615e-01 2.013277146194693330e+02
3.700000000003116352e-01 2.097010129447877489e+02
3.900000000003112088e-01 2.155715351083574660e+02
4.100000000003107825e-01 2.223838004773025716e+02
4.300000000003103562e-01 2.307908679996097305e+02
4.500000000003099299e-01 2.361524171478179426e+02
4.700000000003095035e-01 2.452788523738249182e+02
4.900000000003090772e-01 2.516713066082123760e+02
5.100000000003086509e-01 2.598900939609815737e+02
5.300000000003082246e-01 2.670668543850368337e+02
5.500000000003077982e-01 2.749057243950109637e+02
5.700000000003073719e-01 2.825333102730190831e+02
5.900000000003069456e-01 2.905343260605635010e+02
6.100000000003065193e-01 2.963553808905320466e+02
6.300000000003060929e-01 3.058003799090213874e+02
6.500000000003056666e-01 3.126054908422235599e+02
6.700000000003052403e-01 3.222614358911436057e+02
6.900000000003048140e-01 3.282398348391853915e+02
7.100000000003043876e-01 3.361753826453884244e+02
7.300000000003039613e-01 3.433981934652813379e+02
7.500000000003035350e-01 3.522770605153713177e+02
7.700000000003031086e-01 3.577492834028888637e+02
7.900000000003026823e-01 3.679670437646796017e+02
8.100000000003022560e-01 3.757722879908392315e+02
8.300000000003018297e-01 3.846858494010800769e+02
8.500000000003014033e-01 3.911266618509359887e+02
8.700000000003009770e-01 3.978851406760225018e+02
8.900000000003005507e-01 4.081252370523389459e+02
9.100000000003001244e-01 4.154646960377201594e+02
9.300000000002996980e-01 4.251030292884695427e+02
9.500000000002992717e-01 4.313676940451447308e+02
9.700000000002988454e-01 4.425789134800712077e+02
9.900000000002984191e-01 4.472130785293064150e+02
1.010000000000297993e+00 4.566023242536616067e+02
1.030000000000297566e+00 4.618285602519993063e+02
1.050000000000297140e+00 4.730133552231765748e+02
1.070000000000296714e+00 4.774812201633372979e+02
1.090000000000296287e+00 4.866932430323515746e+02
1.110000000000295861e+00 4.953636211334532504e+02
1.130000000000295435e+00 5.027148449748511894e+02
1.150000000000295008e+00 5.103526026806811160e+02
1.170000000000294582e+00 5.129937103081078931e+02
1.190000000000294156e+00 5.243139235286245139e+02
1.210000000000293729e+00 5.305064234917593922e+02
1.230000000000293303e+00 5.384662037340460756e+02
1.250000000000292877e+00 5.444459028872613544e+02
1.270000000000292451e+00 5.514257757629520711e+02
1.290000000000292024e+00 5.550735094370776324e+02
1.310000000000291598e+00 5.618969907380704853e+02
1.330000000000291172e+00 5.693947611276482803e+02
1.350000000000290745e+00 5.750010238794475299e+02
1.370000000000290319e+00 5.809469457347689740e+02
1.390000000000289893e+00 5.830425917347766926e+02
1.410000000000289466e+00 5.923421240989316630e+02
1.430000000000289040e+00 5.925258695532453430e+02
1.450000000000288614e+00 6.008375134140242153e+02
1.470000000000288187e+00 6.026387141725989522e+02
1.490000000000287761e+00 6.095794003260792806e+02
1.510000000000287335e+00 6.110960298357248348e+02
1.530000000000286908e+00 6.170170830789788852e+02
1.550000000000286482e+00 6.184719316644765286e+02
1.570000000000286056e+00 6.208420167535914516e+02
1.590000000000285629e+00 6.281536102005333078e+02
1.610000000000285203e+00 6.298206687259394130e+02
1.630000000000284777e+00 6.360515530763206016e+02
1.650000000000284350e+00 6.378775104935340323e+02
1.670000000000283924e+00 6.415860299567294760e+02
1.690000000000283498e+00 6.429462473345164426e+02
1.710000000000283071e+00 6.457267096602278116e+02
1.730000000000282645e+00 6.461489652972610429e+02
1.750000000000282219e+00 6.514798556613030769e+02
1.770000000000281792e+00 6.549284484482468542e+02
1.790000000000281366e+00 6.514883980301401607e+02
1.810000000000280940e+00 6.474428297577202329e+02
1.830000000000280513e+00 6.437348390027161713e+02
1.850000000000280087e+00 6.412011330866773733e+02
1.870000000000279661e+00 6.436101127725268043e+02
1.890000000000279234e+00 6.396672306394357292e+02
1.910000000000278808e+00 6.332262385799934918e+02
1.930000000000278382e+00 6.282525416921509986e+02
1.950000000000277955e+00 6.261470572194407396e+02
1.970000000000277529e+00 6.197584447376232220e+02
1.990000000000277103e+00 6.159975867880100395e+02
2.010000000000276899e+00 6.113755515409591226e+02
2.030000000000276472e+00 6.084020638328504447e+02
2.050000000000276046e+00 6.024063773498088494e+02
2.070000000000275620e+00 5.968804147666802464e+02
2.090000000000275193e+00 5.907618657837617775e+02
2.110000000000274767e+00 5.902727523174715998e+02
2.130000000000274341e+00 5.826632640138592478e+02
2.150000000000273914e+00 5.762738207532320303e+02
2.170000000000273488e+00 5.753510393803815077e+02
2.190000000000273062e+00 5.704474194278326422e+02
2.210000000000272635e+00 5.653766088608576865e+02
2.230000000000272209e+00 5.606698200051740741e+02
2.250000000000271783e+00 5.569593450395525451e+02
2.270000000000271356e+00 5.489025381296070236e+02
2.290000000000270930e+00 5.477119491868913883e+02
2.310000000000270504e+00 5.386623218234880142e+02
2.330000000000270077e+00 5.319086551471845041e+02
2.350000000000269651e+00 5.246001202417052127e+02
2.370000000000269225e+00 5.201811657748492053e+02
2.390000000000268798e+00 5.145073728437721456e+02
2.410000000000268372e+00 5.083827597159553306e+02
2.430000000000267946e+00 4.997768808711891211e+02
2.450000000000267519e+00 4.965214267165770821e+02
2.470000000000267093e+00 4.879513873648514846e+02
2.490000000000266667e+00 4.841966467146659170e+02
2.510000000000266240e+00 4.793656030989043870e+02
2.530000000000265814e+00 4.712006112931317148e+02
2.550000000000265388e+00 4.651558132851288292e+02
2.570000000000264961e+00 4.614126418824690745e+02
2.590000000000264535e+00 4.541921932915158209e+02
2.610000000000264109e+00 4.486299471262213956e+02
2.630000000000263682e+00 4.432544880375463663e+02
2.650000000000263256e+00 4.387263295576338464e+02
2.670000000000262830e+00 4.333907169147087757e+02
2.690000000000262403e+00 4.270018469151673912e+02
2.710000000000261977e+00 4.214879644097391633e+02
2.730000000000261551e+00 4.165924035518116284e+02
2.750000000000261124e+00 4.130688804005538941e+02
2.770000000000260698e+00 4.063585753438790107e+02
2.790000000000260272e+00 4.011783247618794803e+02
2.810000000000259845e+00 3.968193360715690119e+02
2.830000000000259419e+00 3.921354044847521436e+02
2.850000000000258993e+00 3.862723854987216328e+02
2.870000000000258567e+00 3.813950447149054526e+02
2.890000000000258140e+00 3.779200081303811771e+02
2.910000000000257714e+00 3.730968968995265982e+02
2.930000000000257288e+00 3.680704169886668069e+02
2.950000000000256861e+00 3.643552378798963787e+02
2.970000000000256435e+00 3.595898101697050606e+02
2.990000000000256009e+00 3.548240001145360338e+02
3.010000000000255582e+00 3.498034123921200376e+02
3.030000000000255156e+00 3.472275466476770589e+02
3.050000000000254730e+00 3.442421498652339551e+02
3.070000000000254303e+00 3.375257135928671346e+02
3.090000000000253877e+00 3.346793185749764348e+02
3.110000000000253451e+00 3.326061609073130398e+02
3.130000000000253024e+00 3.278686519366468133e+02
3.150000000000252598e+00 3.257039015448195869e+02
3.170000000000252172e+00 3.224781311900890728e+02
3.190000000000251745e+00 3.177132930023808512e+02
3.210000000000251319e+00 3.142643548736240859e+02
3.230000000000250893e+00 3.084088231014148391e+02
3.250000000000250466e+00 3.059808563131452956e+02
3.270000000000250040e+00 3.035508854146954150e+02
3.290000000000249614e+00 2.984122138415837640e+02
3.310000000000249187e+00 2.958547274163873340e+02
3.330000000000248761e+00 2.951328692840046983e+02
3.350000000000248335e+00 2.891812753859624081e+02
3.370000000000247908e+00 2.856524779707385164e+02
3.390000000000247482e+00 2.796355109465908981e+02
3.410000000000247056e+00 2.752493482857171330e+02
3.430000000000246629e+00 2.724230089186914370e+02
3.450000000000246203e+00 2.695008065126657471e+02
3.470000000000245777e+00 2.672565939231396897e+02
3.490000000000245350e+00 2.635833686282628605e+02
3.510000000000244924e+00 2.603633704556116868e+02
3.530000000000244498e+00 2.568511317010008383e+02
3.550000000000244071e+00 2.525888133950212193e+02
3.570000000000243645e+00 2.493334303395620282e+02
3.590000000000243219e+00 2.461915735699810170e+02
3.610000000000242792e+00 2.426830131239717048e+02
3.630000000000242366e+00 2.403353747847146735e+02
3.650000000000241940e+00 2.365359235064101995e+02
3.670000000000241513e+00 2.327361323951795384e+02
3.690000000000241087e+00 2.292780284434286102e+02
3.710000000000240661e+00 2.275714367872055277e+02
3.730000000000240234e+00 2.240607407271039619e+02
3.750000000000239808e+00 2.211030315716238022e+02
3.770000000000239382e+00 2.182510351549760230e+02
3.790000000000238956e+00 2.152881615611900372e+02
3.810000000000238529e+00 2.128766900196101801e+02
3.830000000000238103e+00 2.106704230721146871e+02
3.850000000000237677e+00 2.079470397727286581e+02
3.870000000000237250e+00 2.053219881681047241e+02
3.890000000000236824e+00 2.028290060019290877e+02
3.910000000000236398e+00 2.009635948432383543e+02
3.930000000000235971e+00 1.977248564544299541e+02
3.950000000000235545e+00 1.963755340274728383e+02
3.970000000000235119e+00 1.936405945868938261e+02
3.990000000000234692e+00 1.900863719386703963e+02
4.010000000000234266e+00 1.896675967414171566e+02
4.030000000000233840e+00 1.885257851890464167e+02
4.050000000000233413e+00 1.846061842051661586e+02
4.070000000000232987e+00 1.826603794643013998e+02
4.090000000000232561e+00 1.802698572521227049e+02
4.110000000000232134e+00 1.785536685177657148e+02
4.130000000000231708e+00 1.757969272219195886e+02
4.150000000000231282e+00 1.737734550744297053e+02
4.170000000000230855e+00 1.710176110272543895e+02
4.190000000000230429e+00 1.685632896796712430e+02
4.210000000000230003e+00 1.662956303897979353e+02
4.230000000000229576e+00 1.641918594689169311e+02
4.250000000000229150e+00 1.606010467382081117e+02
4.270000000000228724e+00 1.591590027660101327e+02
4.290000000000228297e+00 1.566960936815451930e+02
4.310000000000227871e+00 1.552515973147238242e+02
4.330000000000227445e+00 1.533979006080379008e+02
4.350000000000227018e+00 1.496412994933605773e+02
4.370000000000226592e+00 1.468824322866173588e+02
4.390000000000226166e+00 1.444105704451197028e+02
4.410000000000225739e+00 1.423728037287414168e+02
4.430000000000225313e+00 1.407331020722227208e+02
4.450000000000224887e+00 1.391503572128337964e+02
4.470000000000224460e+00 1.374282145822686516e+02
4.490000000000224034e+00 1.354880110997517590e+02
4.510000000000223608e+00 1.328611914650694246e+02
4.530000000000223181e+00 1.316936349281928642e+02
4.550000000000222755e+00 1.303477859144657316e+02
4.570000000000222329e+00 1.282716992130720257e+02
4.590000000000221902e+00 1.264959122007695669e+02
4.610000000000221476e+00 1.247370277282031310e+02
4.630000000000221050e+00 1.221718513042104064e+02
4.650000000000220624e+00 1.205599905518916586e+02
4.670000000000220197e+00 1.188892415702800491e+02
4.690000000000219771e+00 1.175871989797235813e+02
4.710000000000219345e+00 1.155295096213557002e+02
4.730000000000218918e+00 1.139463994512908727e+02
4.750000000000218492e+00 1.125315285523064830e+02
4.770000000000218066e+00 1.104478327013057140e+02
4.790000000000217639e+00 1.092354326364244628e+02
4.810000000000217213e+00 1.079621868936227003e+02
4.830000000000216787e+00 1.060338557324317179e+02
4.850000000000216360e+00 1.042157796754005119e+02
4.870000000000215934e+00 1.033676957809699672e+02
4.890000000000215508e+00 1.014002333392230497e+02
4.910000000000215081e+00 9.982600801349968833e+01
4.930000000000214655e+00 9.834061606952181478e+01
4.950000000000214229e+00 9.673721371569072858e+01
4.970000000000213802e+00 9.526809818732097312e+01
4.990000000000213376e+00 9.362967309207353139e+01
5.010000000000212950e+00 9.239986426489340943e+01
5.030000000000212523e+00 9.133067675681544983e+01
5.050000000000212097e+00 9.041947375872793202e+01
5.070000000000211671e+00 8.870478127902168808e+01
5.090000000000211244e+00 8.786412924359920851e+01
5.110000000000210818e+00 8.691947439374595774e+01
5.130000000000210392e+00 8.566627510161777082e+01
5.150000000000209965e+00 8.339048880081480775e+01
5.170000000000209539e+00 8.320055679936679383e+01
5.190000000000209113e+00 8.142990584234958362e+01
5.210000000000208686e+00 8.041677631460810005e+01
5.230000000000208260e+00 7.879952888208306661e+01
5.250000000000207834e+00 7.800361566693361226e+01
5.270000000000207407e+00 7.667788263766867374e+01
5.290000000000206981e+00 7.677201019358325595e+01
5.310000000000206555e+00 7.466024718466792365e+01
5.330000000000206128e+00 7.395116474212915136e+01
5.350000000000205702e+00 7.302493890494635309e+01
5.370000000000205276e+00 7.170448571242214086e+01
5.390000000000204849e+00 7.075679255986703708e+01
5.410000000000204423e+00 7.011531183196703410e+01
5.430000000000203997e+00 6.933184601620072840e+01
5.450000000000203570e+00 6.832885450983216913e+01
5.470000000000203144e+00 6.717244183168098459e+01
5.490000000000202718e+00 6.685050103301576030e+01
5.510000000000202292e+00 6.539636294770348002e+01
5.530000000000201865e+00 6.448054206372704300e+01
5.550000000000201439e+00 6.339921550572147879e+01
5.570000000000201013e+00 6.223190397939648477e+01
5.590000000000200586e+00 6.152517680142110379e+01
5.610000000000200160e+00 6.077774413037920453e+01
5.630000000000199734e+00 6.016250820703933044e+01
5.650000000000199307e+00 5.983842671106162925e+01
5.670000000000198881e+00 5.901378129205381384e+01
5.690000000000198455e+00 5.822732945682553662e+01
5.710000000000198028e+00 5.738113922492213703e+01
5.730000000000197602e+00 5.722742935612670578e+01
5.750000000000197176e+00 5.647451828125601025e+01
5.770000000000196749e+00 5.521597515727486893e+01
5.790000000000196323e+00 5.432528342223577766e+01
5.810000000000195897e+00 5.413005315767400560e+01
5.830000000000195470e+00 5.365243302297299266e+01
5.850000000000195044e+00 5.277607452391824694e+01
5.870000000000194618e+00 5.204812800115971072e+01
5.890000000000194191e+00 5.154412688216297767e+01
5.910000000000193765e+00 5.125176845971367356e+01
5.930000000000193339e+00 5.097772485021327071e+01
5.950000000000192912e+00 5.026888528427733860e+01
5.970000000000192486e+00 4.964013539812172837e+01
5.990000000000192060e+00 4.941519275436998271e+01
6.010000000000191633e+00 4.857829436495055120e+01
6.030000000000191207e+00 4.842194713416754581e+01
6.050000000000190781e+00 4.765978106692849536e+01
6.070000000000190354e+00 4.758520002387836456e+01
6.090000000000189928e+00 4.729357134978241817e+01
6.110000000000189502e+00 4.681487275097799738e+01
6.130000000000189075e+00 4.625071979711299264e+01
6.150000000000188649e+00 4.571845205733280437e+01
6.170000000000188223e+00 4.491772712481803609e+01
6.190000000000187796e+00 4.493769660573432390e+01
6.210000000000187370e+00 4.435737039837638207e+01
6.230000000000186944e+00 4.435476949069075658e+01
6.250000000000186517e+00 4.323699143479282014e+01
6.270000000000186091e+00 4.319639171044247661e+01
6.290000000000185665e+00 4.282366164842519396e+01
6.310000000000185238e+00 4.284288747602149527e+01
6.330000000000184812e+00 4.227455398118662799e+01
6.350000000000184386e+00 4.153439733311410720e+01
6.370000000000183960e+00 4.137429543066892990e+01
6.390000000000183533e+00 4.102560061343479703e+01
6.410000000000183107e+00 4.081409058467821893e+01
6.430000000000182681e+00 4.092333557108980813e+01
6.450000000000182254e+00 4.029746477061698329e+01
6.470000000000181828e+00 4.006537940605078774e+01
6.490000000000181402e+00 4.022125682419987669e+01
6.510000000000180975e+00 3.962153122345310408e+01
6.530000000000180549e+00 3.918821086751616178e+01
6.550000000000180123e+00 3.880347005189970133e+01
6.570000000000179696e+00 3.836140399546323465e+01
6.590000000000179270e+00 3.818705048981156125e+01
6.610000000000178844e+00 3.747597738479898766e+01
6.630000000000178417e+00 3.750232170973853840e+01
6.650000000000177991e+00 3.705975184305874848e+01
6.670000000000177565e+00 3.675765736446012966e+01
6.690000000000177138e+00 3.667693748481460858e+01
6.710000000000176712e+00 3.628915040592901420e+01
6.730000000000176286e+00 3.611228709960436589e+01
6.750000000000175859e+00 3.587921815291186789e+01
6.770000000000175433e+00 3.548617257052392659e+01
6.790000000000175007e+00 3.540052272007569201e+01
6.810000000000174580e+00 3.480079450918352535e+01
6.830000000000174154e+00 3.450974214517525951e+01
6.850000000000173728e+00 3.429322078939559049e+01
6.870000000000173301e+00 3.388777595669870379e+01
6.890000000000172875e+00 3.409178131203677964e+01
6.910000000000172449e+00 3.403639711928034473e+01
6.930000000000172022e+00 3.319872986938702297e+01
6.950000000000171596e+00 3.314799404470310407e+01
6.970000000000171170e+00 3.272335700779287038e+01
6.990000000000170743e+00 3.213438105802192268e+01
7.010000000000170317e+00 3.208176435158358686e+01
7.030000000000169891e+00 3.159771939765467508e+01
7.050000000000169464e+00 3.122503033445946841e+01
7.070000000000169038e+00 3.095642733217841425e+01
7.090000000000168612e+00 3.094497761060350527e+01
7.110000000000168185e+00 3.067624131389234066e+01
7.130000000000167759e+00 3.039610205098941265e+01
7.150000000000167333e+00 2.988340613184496775e+01
7.170000000000166906e+00 2.949736957734126364e+01
7.190000000000166480e+00 2.918977555730961271e+01
7.210000000000166054e+00 2.871033640289715549e+01
7.230000000000165628e+00 2.864919306713505165e+01
7.250000000000165201e+00 2.902397821469456218e+01
7.270000000000164775e+00 2.857587413250823971e+01
7.290000000000164349e+00 2.782135686309026568e+01
7.310000000000163922e+00 2.770667954960067192e+01
7.330000000000163496e+00 2.740199807466612469e+01
7.350000000000163070e+00 2.739749322996195247e+01
7.370000000000162643e+00 2.716475204283937828e+01
7.390000000000162217e+00 2.640794926969455148e+01
7.410000000000161791e+00 2.637316160295848277e+01
7.430000000000161364e+00 2.598518040304256260e+01
7.450000000000160938e+00 2.591780251119585898e+01
7.470000000000160512e+00 2.562105821484372115e+01
7.490000000000160085e+00 2.552010940375580006e+01
7.510000000000159659e+00 2.519895194222528900e+01
7.530000000000159233e+00 2.498027343903159547e+01
7.550000000000158806e+00 2.438777646111877573e+01
7.570000000000158380e+00 2.431558298573910903e+01
7.590000000000157954e+00 2.418000390380865738e+01
7.610000000000157527e+00 2.378882414999337769e+01
7.630000000000157101e+00 2.364966227703131096e+01
7.650000000000156675e+00 2.339523940570931160e+01
7.670000000000156248e+00 2.338594314934751139e+01
7.690000000000155822e+00 2.301372533759755612e+01
7.710000000000155396e+00 2.306819948012402932e+01
7.730000000000154969e+00 2.274708516915078960e+01
7.750000000000154543e+00 2.249823879856935349e+01
7.770000000000154117e+00 2.228149168208386754e+01
7.790000000000153690e+00 2.221028150335374463e+01
7.810000000000153264e+00 2.213304728150969325e+01
7.830000000000152838e+00 2.194777761071357247e+01
7.850000000000152411e+00 2.143560450777467707e+01
7.870000000000151985e+00 2.135827649269810280e+01
7.890000000000151559e+00 2.147876420241007267e+01
7.910000000000151132e+00 2.131654201298755780e+01
7.930000000000150706e+00 2.078691290860647811e+01
7.950000000000150280e+00 2.064088837904182938e+01
7.970000000000149853e+00 2.064015523724102863e+01
7.990000000000149427e+00 2.046541247512187667e+01
8.010000000000149001e+00 2.047629248663874435e+01
8.030000000000148574e+00 2.028647177580978678e+01
8.050000000000148148e+00 2.020370639097798815e+01
8.070000000000147722e+00 2.008328237928337856e+01
8.090000000000147296e+00 1.980299173226002551e+01
8.110000000000146869e+00 1.985198075105074977e+01
8.130000000000146443e+00 1.964373905438971590e+01
8.150000000000146017e+00 1.957722908079649571e+01
8.170000000000145590e+00 1.924814857710209282e+01
8.190000000000145164e+00 1.927375664652409881e+01
8.210000000000144738e+00 1.920436609119362359e+01
8.230000000000144311e+00 1.897349567553644079e+01
8.250000000000143885e+00 1.872888249668756444e+01
8.270000000000143459e+00 1.867851178258552380e+01
8.290000000000143032e+00 1.845698651975395421e+01
8.310000000000142606e+00 1.842524181349500267e+01
8.330000000000142180e+00 1.841340537312305159e+01
8.350000000000141753e+00 1.805805556112025556e+01
8.370000000000141327e+00 1.808860085111307114e+01
8.390000000000140901e+00 1.797434347183406089e+01
8.410000000000140474e+00 1.782215144064127088e+01
8.430000000000140048e+00 1.770611118463754607e+01
8.450000000000139622e+00 1.732521654521633181e+01
8.470000000000139195e+00 1.739346219917636915e+01
8.490000000000138769e+00 1.708279207736248750e+01
8.510000000000138343e+00 1.681479789134442271e+01
8.530000000000137916e+00 1.672702669604020187e+01
8.550000000000137490e+00 1.651865010886568541e+01
8.570000000000137064e+00 1.623940579545230634e+01
8.590000000000136637e+00 1.594227986188007229e+01
8.610000000000136211e+00 1.607066901689036698e+01
8.630000000000135785e+00 1.589084779771718026e+01
8.650000000000135358e+00 1.570681402070628252e+01
8.670000000000134932e+00 1.542770214251594929e+01
8.690000000000134506e+00 1.522593506828947341e+01
8.710000000000134079e+00 1.514291931711014527e+01
8.730000000000133653e+00 1.482183174808922388e+01
8.750000000000133227e+00 1.452647859596470248e+01
8.770000000000132800e+00 1.427468189966026024e+01
8.790000000000132374e+00 1.396736063283361950e+01
8.810000000000131948e+00 1.396675778031929127e+01
8.830000000000131521e+00 1.355461679973504907e+01
8.850000000000131095e+00 1.330950438349174014e+01
8.870000000000130669e+00 1.316476295356237891e+01
8.890000000000130242e+00 1.284679282662583510e+01
8.910000000000129816e+00 1.282698583253257318e+01
8.930000000000129390e+00 1.255969802024297621e+01
8.950000000000128964e+00 1.245703109664958852e+01
8.970000000000128537e+00 1.212480318164445414e+01
8.990000000000128111e+00 1.179634370566368062e+01
9.010000000000127685e+00 1.164751619495213397e+01
9.030000000000127258e+00 1.143844165559613657e+01
9.050000000000126832e+00 1.111786584916512055e+01
9.070000000000126406e+00 1.090410158648134775e+01
9.090000000000125979e+00 1.063048149529392106e+01
9.110000000000125553e+00 1.040869260059167623e+01
9.130000000000125127e+00 1.031013084244512434e+01
9.150000000000124700e+00 1.009526204039778818e+01
9.170000000000124274e+00 9.938698353869369839e+00
9.190000000000123848e+00 9.783253040432782655e+00
9.210000000000123421e+00 9.631962580178415223e+00
9.230000000000122995e+00 9.404695536091539410e+00
9.250000000000122569e+00 9.253291849591713358e+00
9.270000000000122142e+00 8.999652024443500764e+00
9.290000000000121716e+00 8.725943790026468250e+00
9.310000000000121290e+00 8.654068888002498738e+00
9.330000000000120863e+00 8.450366497658865939e+00
9.350000000000120437e+00 8.302980804439441087e+00
9.370000000000120011e+00 8.145464623462881804e+00
9.390000000000119584e+00 8.058048272353794061e+00
9.410000000000119158e+00 7.933270537309503823e+00
9.430000000000118732e+00 7.752060656923954518e+00
9.450000000000118305e+00 7.670378901988229359e+00
9.470000000000117879e+00 7.510012672784171173e+00
9.490000000000117453e+00 7.469146439534705806e+00
9.510000000000117026e+00 7.424508707967423682e+00
9.530000000000116600e+00 7.197577551777301963e+00
9.550000000000116174e+00 7.070767269889832285e+00
9.570000000000115747e+00 7.009160989965154798e+00
9.590000000000115321e+00 6.749327493202654793e+00
9.610000000000114895e+00 6.721540847668089569e+00
9.630000000000114468e+00 6.709522298449773992e+00
9.650000000000114042e+00 6.660676740862552236e+00
9.670000000000113616e+00 6.595862602327509983e+00
9.690000000000113189e+00 6.461441035906910102e+00
9.710000000000112763e+00 6.438601878729038219e+00
9.730000000000112337e+00 6.375078037161288513e+00
9.750000000000111910e+00 6.337641486759999943e+00
9.770000000000111484e+00 6.148796875472102741e+00
9.790000000000111058e+00 6.200958734216874824e+00
9.810000000000110632e+00 6.069802631898585155e+00
9.830000000000110205e+00 6.045031998156221498e+00
9.850000000000109779e+00 5.960903657821831736e+00
9.870000000000109353e+00 5.872559699838139302e+00
9.890000000000108926e+00 5.915220430119338957e+00
9.910000000000108500e+00 5.857668494598564202e+00
9.930000000000108074e+00 5.908138643217855090e+00
9.950000000000107647e+00 5.838372933300782996e+00
9.970000000000107221e+00 5.735699937002781468e+00
9.990000000000106795e+00 5.644087897573559331e+00
1.001000000000010637e+01 5.663416277954240741e+00
1.003000000000010594e+01 5.612638255310744562e+00
1.005000000000010552e+01 5.575370213562034216e+00
1.007000000000010509e+01 5.562260406746907471e+00
1.009000000000010466e+01 5.563065687686833627e+00
1.011000000000010424e+01 5.467814215807281997e+00
1.013000000000010381e+01 5.447219951401660154e+00
1.015000000000010338e+01 5.413378290787908220e+00
1.017000000000010296e+01 5.408767051678497140e+00
1.019000000000010253e+01 5.354609005600616811e+00
1.021000000000010210e+01 5.344506261975759287e+00
1.023000000000010168e+01 5.341280479150668725e+00
1.025000000000010125e+01 5.322606769730675147e+00
1.027000000000010083e+01 5.209934075028021638e+00
1.029000000000010040e+01 5.185619447713293084e+00
1.031000000000009997e+01 5.186305174341034885e+00
1.033000000000009955e+01 5.133226649519174956e+00
1.035000000000009912e+01 5.102810452445487144e+00
1.037000000000009869e+01 5.099859638356243785e+00
1.039000000000009827e+01 5.030363336410104580e+00
1.041000000000009784e+01 4.989551674170766837e+00
1.043000000000009742e+01 5.066305976006217904e+00
1.045000000000009699e+01 4.991710122142046124e+00
1.047000000000009656e+01 4.861679278278910665e+00
1.049000000000009614e+01 4.836853202787202655e+00
1.051000000000009571e+01 4.805065063708359396e+00
1.053000000000009528e+01 4.821583558265060354e+00
1.055000000000009486e+01 4.774226083333563686e+00
1.057000000000009443e+01 4.690707394035865896e+00
1.059000000000009400e+01 4.652327417649297914e+00
1.061000000000009358e+01 4.662291997645561459e+00
1.063000000000009315e+01 4.569191706741478676e+00
1.065000000000009273e+01 4.507838066935358157e+00
1.067000000000009230e+01 4.420396393542102231e+00
1.069000000000009187e+01 4.425474691725879595e+00
1.071000000000009145e+01 4.355297124644966544e+00
1.073000000000009102e+01 4.395975583937857145e+00
1.075000000000009059e+01 4.262787861519308663e+00
1.077000000000009017e+01 4.219532071824454000e+00
1.079000000000008974e+01 4.151211894018183024e+00
1.081000000000008932e+01 4.127286827294645022e+00
1.083000000000008889e+01 4.012884759634752996e+00
1.085000000000008846e+01 3.949595578391301931e+00
1.087000000000008804e+01 3.838847223202060288e+00
1.089000000000008761e+01 3.885187782879623075e+00
1.091000000000008718e+01 3.769263546506030682e+00
1.093000000000008676e+01 3.712936646214176850e+00
1.095000000000008633e+01 3.700635767084435646e+00
1.097000000000008590e+01 3.605838613541975324e+00
1.099000000000008548e+01 3.515358077218647459e+00
1.101000000000008505e+01 3.427051001918300255e+00
1.103000000000008463e+01 3.429922561422115379e+00
1.105000000000008420e+01 3.328724693361440057e+00
1.107000000000008377e+01 3.233450073899015731e+00
1.109000000000008335e+01 3.206760640152984898e+00
1.111000000000008292e+01 3.089819630052109023e+00
1.113000000000008249e+01 3.046034773213905034e+00
1.115000000000008207e+01 3.021170330032808327e+00
1.117000000000008164e+01 2.935321004570035086e+00
1.119000000000008122e+01 2.924511693210266827e+00
1.121000000000008079e+01 2.794962030389991359e+00
1.123000000000008036e+01 2.791657592161206125e+00
1.125000000000007994e+01 2.718424901936959959e+00
1.127000000000007951e+01 2.615833481792934290e+00
1.129000000000007908e+01 2.620535002535105740e+00
1.131000000000007866e+01 2.584752932122317493e+00
1.133000000000007823e+01 2.461568016022527061e+00
1.135000000000007780e+01 2.527307720516700495e+00
1.137000000000007738e+01 2.399500807977273720e+00
1.139000000000007695e+01 2.412343829277787233e+00
1.141000000000007653e+01 2.402217396270168503e+00
1.143000000000007610e+01 2.311642552667112938e+00
1.145000000000007567e+01 2.332960763332945664e+00
1.147000000000007525e+01 2.297607739929399706e+00
1.149000000000007482e+01 2.258416513050356400e+00
1.151000000000007439e+01 2.223776672955068978e+00
1.153000000000007397e+01 2.260160305311048390e+00
1.155000000000007354e+01 2.218122185586525852e+00
1.157000000000007311e+01 2.305459948836912076e+00
1.159000000000007269e+01 2.215633086106376215e+00
1.161000000000007226e+01 2.243386514012740918e+00
1.163000000000007184e+01 2.261973110243152174e+00
1.165000000000007141e+01 2.251080810294834755e+00
1.167000000000007098e+01 2.252941236435171302e+00
1.169000000000007056e+01 2.322275762754917316e+00
1.171000000000007013e+01 2.286626215571327947e+00
1.173000000000006970e+01 2.384553242188418132e+00
1.175000000000006928e+01 2.348700141086273785e+00
1.177000000000006885e+01 2.414618467360201581e+00
1.179000000000006843e+01 2.416153577207208691e+00
1.181000000000006800e+01 2.502151170997316765e+00
1.183000000000006757e+01 2.463817716465256158e+00
1.185000000000006715e+01 2.555850299896506250e+00
1.187000000000006672e+01 2.600430176218113676e+00
1.189000000000006629e+01 2.631334473282125774e+00
1.191000000000006587e+01 2.645054096848184155e+00
1.193000000000006544e+01 2.717434720306209694e+00
1.195000000000006501e+01 2.760555567191239401e+00
1.197000000000006459e+01 2.857171126583765819e+00
1.199000000000006416e+01 2.847304011425459080e+00
1.201000000000006374e+01 2.910124197994404138e+00
1.203000000000006331e+01 2.952321684279566760e+00
1.205000000000006288e+01 2.997322463872890808e+00
1.207000000000006246e+01 3.041434717947564703e+00
1.209000000000006203e+01 3.118692779421897487e+00
1.211000000000006160e+01 3.092883302364263010e+00
1.213000000000006118e+01 3.165867688824164805e+00
1.215000000000006075e+01 3.245187060471362628e+00
1.217000000000006033e+01 3.303986267687600176e+00
1.219000000000005990e+01 3.323793041799625758e+00
1.221000000000005947e+01 3.292612939895496638e+00
1.223000000000005905e+01 3.374795619554945780e+00
1.225000000000005862e+01 3.390502361994457647e+00
1.227000000000005819e+01 3.455408341273463080e+00
1.229000000000005777e+01 3.509344678209426860e+00
1.231000000000005734e+01 3.506783047935746911e+00
1.233000000000005691e+01 3.555698489839840271e+00
1.235000000000005649e+01 3.494819996574440868e+00
1.237000000000005606e+01 3.568115857760663090e+00
1.239000000000005564e+01 3.639842147458199673e+00
1.241000000000005521e+01 3.601754802100731290e+00
1.243000000000005478e+01 3.664105316172068250e+00
1.245000000000005436e+01 3.612992947622239104e+00
1.247000000000005393e+01 3.613657630005945087e+00
1.249000000000005350e+01 3.721029256441035216e+00
1.251000000000005308e+01 3.664481426603800607e+00
1.253000000000005265e+01 3.660092302276457321e+00
1.255000000000005222e+01 3.656316209776713233e+00
1.257000000000005180e+01 3.660902510662922271e+00
1.259000000000005137e+01 3.701291552117679018e+00
1.261000000000005095e+01 3.706361224211212946e+00
1.263000000000005052e+01 3.632984365611604538e+00
1.265000000000005009e+01 3.666872021037585583e+00
1.267000000000004967e+01 3.662013104470906111e+00
1.269000000000004924e+01 3.731129380147922170e+00
1.271000000000004881e+01 3.626844991240841143e+00
1.273000000000004839e+01 3.567925076338212431e+00
1.275000000000004796e+01 3.597306742202955210e+00
1.277000000000004754e+01 3.688882030742700380e+00
1.279000000000004711e+01 3.622425182215113448e+00
1.281000000000004668e+01 3.581924936507576263e+00
1.283000000000004626e+01 3.587496685342739244e+00
1.285000000000004583e+01 3.514471778863185847e+00
1.287000000000004540e+01 3.553137792381657167e+00
1.289000000000004498e+01 3.596608443052879966e+00
1.291000000000004455e+01 3.502421264620878993e+00
1.293000000000004412e+01 3.474986201113615447e+00
1.295000000000004370e+01 3.486638860094583681e+00
1.297000000000004327e+01 3.491716809880971439e+00
1.299000000000004285e+01 3.449715417513693261e+00
1.301000000000004242e+01 3.440890456628965310e+00
1.303000000000004199e+01 3.400296693398232151e+00
1.305000000000004157e+01 3.404414346148685322e+00
1.307000000000004114e+01 3.375377083091899877e+00
1.309000000000004071e+01 3.360626067029841124e+00
1.311000000000004029e+01 3.357430003553897091e+00
1.313000000000003986e+01 3.345268871245569819e+00
1.315000000000003944e+01 3.348204575446336762e+00
1.317000000000003901e+01 3.251924495547114269e+00
1.319000000000003858e+01 3.277623038321218818e+00
1.321000000000003816e+01 3.257093805426147792e+00
1.323000000000003773e+01 3.272575270162084049e+00
1.325000000000003730e+01 3.260818928382407389e+00
1.327000000000003688e+01 3.130360867553995785e+00
1.329000000000003645e+01 3.193094616088578697e+00
1.331000000000003602e+01 3.145381428366259335e+00
1.333000000000003560e+01 3.212155553406279562e+00
1.335000000000003517e+01 3.151990374604993317e+00
1.337000000000003475e+01 3.093957016755007228e+00
1.339000000000003432e+01 3.086403387635045181e+00
1.341000000000003389e+01 3.098472694774801806e+00
1.343000000000003347e+01 3.056851585279003469e+00
1.345000000000003304e+01 3.083596645060679098e+00
1.347000000000003261e+01 2.970066964808689480e+00
1.349000000000003219e+01 3.060305437693078723e+00
1.351000000000003176e+01 3.012787435881996156e+00
1.353000000000003133e+01 2.961508019937886704e+00
1.355000000000003091e+01 2.928054336920983491e+00
1.357000000000003048e+01 2.961827745796107081e+00
1.359000000000003006e+01 2.866911008170121899e+00
1.361000000000002963e+01 2.766318332154589221e+00
1.363000000000002920e+01 2.637814763622997383e+00
1.365000000000002878e+01 2.403556978116472287e+00
1.367000000000002835e+01 2.302095981783220058e+00
1.369000000000002792e+01 2.143622186587542000e+00
1.371000000000002750e+01 1.943213328804367590e+00
1.373000000000002707e+01 1.816989167697449226e+00
1.375000000000002665e+01 1.732818741903561000e+00
1.377000000000002622e+01 1.654905511396229656e+00
1.379000000000002579e+01 1.613248462538290795e+00
1.381000000000002537e+01 1.578056657301543764e+00
1.383000000000002494e+01 1.520700687339597401e+00
1.385000000000002451e+01 1.427344923391437925e+00
1.387000000000002409e+01 1.354747817629000428e+00
1.389000000000002366e+01 1.248313104361667980e+00
1.391000000000002323e+01 1.135214000393941269e+00
1.393000000000002281e+01 1.098228250570126630e+00
1.395000000000002238e+01 9.503877005809791001e-01
1.397000000000002196e+01 8.267952568016638804e-01
1.399000000000002153e+01 7.533009492811507668e-01
1.401000000000002110e+01 6.694718978697191680e-01
1.403000000000002068e+01 5.817909455321077505e-01
1.405000000000002025e+01 5.077880093232591818e-01
1.407000000000001982e+01 3.943125676944101432e-01
1.409000000000001940e+01 3.199174563473665134e-01
1.411000000000001897e+01 2.549097262745578796e-01
1.413000000000001855e+01 1.854024217151644671e-01
1.415000000000001812e+01 1.312808269350964063e-01
1.417000000000001769e+01 1.055563049797098307e-01
1.419000000000001727e+01 1.005152273979767336e-01
1.421000000000001684e+01 6.095875379347253514e-02
1.423000000000001641e+01 4.797796572237751633e-02
1.425000000000001599e+01 4.270839844301927563e-02
1.427000000000001556e+01 2.163921658644046842e-02
1.429000000000001513e+01 1.909834146398358204e-02
1.431000000000001471e+01 1.627453742586728799e-02
1.433000000000001428e+01 1.359772789112726615e-02
1.435000000000001386e+01 1.353789915045704693e-02
1.437000000000001343e+01 1.612076785016091501e-02
1.439000000000001300e+01 1.341924473819417797e-02
1.441000000000001258e+01 8.061430154402306550e-03
1.443000000000001215e+01 5.439467027899214102e-03
1.445000000000001172e+01 2.697414442525828890e-03
1.447000000000001130e+01 2.685571186125587043e-03
1.449000000000001087e+01 5.982467398763406017e-19
1.451000000000001044e+01 0.000000000000000000e+00
1.453000000000001002e+01 0.000000000000000000e+00
1.455000000000000959e+01 0.000000000000000000e+00
1.457000000000000917e+01 0.000000000000000000e+00
1.459000000000000874e+01 0.000000000000000000e+00
1.461000000000000831e+01 0.000000000000000000e+00
1.463000000000000789e+01 0.000000000000000000e+00
1.465000000000000746e+01 0.000000000000000000e+00
1.467000000000000703e+01 0.000000000000000000e+00
1.469000000000000661e+01 0.000000000000000000e+00
1.471000000000000618e+01 0.000000000000000000e+00
1.473000000000000576e+01 0.000000000000000000e+00
1.475000000000000533e+01 0.000000000000000000e+00
1.477000000000000490e+01 0.000000000000000000e+00
1.479000000000000448e+01 0.000000000000000000e+00
1.481000000000000405e+01 0.000000000000000000e+00
1.483000000000000362e+01 0.000000000000000000e+00
1.485000000000000320e+01 0.000000000000000000e+00
1.487000000000000277e+01 0.000000000000000000e+00
1.489000000000000234e+01 0.000000000000000000e+00
1.491000000000000192e+01 0.000000000000000000e+00
1.493000000000000149e+01 0.000000000000000000e+00
1.495000000000000107e+01 0.000000000000000000e+00
1.497000000000000064e+01 0.000000000000000000e+00
1.499000000000000021e+01 0.000000000000000000e+00
