# Redshift		Merger Rate Density [Gpc^-3yr^-1]
1.000000000031931770e-02 2.142829575331608680e+02
3.000000000031888964e-02 2.165974368874425977e+02
5.000000000031846331e-02 2.213372969334510003e+02
7.000000000031804392e-02 2.245523777331315500e+02
9.000000000031761760e-02 2.298225950570448504e+02
1.100000000003171913e-01 2.336027228055523892e+02
1.300000000003167511e-01 2.387964490623584766e+02
1.500000000003163247e-01 2.440870647719751787e+02
1.700000000003158984e-01 2.491025158979875300e+02
1.900000000003154721e-01 2.534124696053596892e+02
2.100000000003150458e-01 2.581666783697517644e+02
2.300000000003146194e-01 2.640032348244820355e+02
2.500000000003141931e-01 2.690806396981514581e+02
2.700000000003137668e-01 2.739000373946511218e+02
2.900000000003133405e-01 2.772658421808542357e+02
3.100000000003129141e-01 2.815546720405488941e+02
3.300000000003124878e-01 2.881501440654620296e+02
3.500000000003120615e-01 2.901873324689255469e+02
3.700000000003116352e-01 2.964975065276095165e+02
3.900000000003112088e-01 3.026080425565540963e+02
4.100000000003107825e-01 3.083723444045427300e+02
4.300000000003103562e-01 3.131262530068055412e+02
4.500000000003099299e-01 3.164902228130075628e+02
4.700000000003095035e-01 3.215796824663738676e+02
4.900000000003090772e-01 3.277766466791213702e+02
5.100000000003086509e-01 3.311107642746874831e+02
5.300000000003082246e-01 3.358325666117950732e+02
5.500000000003077982e-01 3.401538392096167058e+02
5.700000000003073719e-01 3.473840283457032569e+02
5.900000000003069456e-01 3.511016496759376651e+02
6.100000000003065193e-01 3.567824345519517806e+02
6.300000000003060929e-01 3.644979126554225104e+02
6.500000000003056666e-01 3.681969320400087895e+02
6.700000000003052403e-01 3.716537251214974731e+02
6.900000000003048140e-01 3.799983901598631633e+02
7.100000000003043876e-01 3.825850015916553275e+02
7.300000000003039613e-01 3.898593693772581332e+02
7.500000000003035350e-01 3.913584611256161452e+02
7.700000000003031086e-01 3.987674399979828763e+02
7.900000000003026823e-01 4.027204501511532158e+02
8.100000000003022560e-01 4.100290019135158559e+02
8.300000000003018297e-01 4.134276377495274346e+02
8.500000000003014033e-01 4.202246581397183149e+02
8.700000000003009770e-01 4.228288435248713881e+02
8.900000000003005507e-01 4.292142207525220670e+02
9.100000000003001244e-01 4.305564080641997293e+02
9.300000000002996980e-01 4.370097243596972589e+02
9.500000000002992717e-01 4.416342474854931766e+02
9.700000000002988454e-01 4.462655760373874045e+02
9.900000000002984191e-01 4.504181139306728028e+02
1.010000000000297993e+00 4.500976821826065475e+02
1.030000000000297566e+00 4.584394056511820281e+02
1.050000000000297140e+00 4.589450349713302444e+02
1.070000000000296714e+00 4.658404244061389363e+02
1.090000000000296287e+00 4.707826081551240236e+02
1.110000000000295861e+00 4.714073386412242144e+02
1.130000000000295435e+00 4.764891225823521381e+02
1.150000000000295008e+00 4.788319837012044218e+02
1.170000000000294582e+00 4.828459881446921713e+02
1.190000000000294156e+00 4.857477549213306247e+02
1.210000000000293729e+00 4.891981526234813487e+02
1.230000000000293303e+00 4.919566712112437585e+02
1.250000000000292877e+00 4.968167448570764577e+02
1.270000000000292451e+00 4.958881359324115579e+02
1.290000000000292024e+00 5.004881976972233701e+02
1.310000000000291598e+00 5.022408490153680418e+02
1.330000000000291172e+00 5.051446470409985068e+02
1.350000000000290745e+00 5.037289017316679747e+02
1.370000000000290319e+00 5.078372765031815561e+02
1.390000000000289893e+00 5.101445327646464420e+02
1.410000000000289466e+00 5.151954932602342296e+02
1.430000000000289040e+00 5.127625934983124125e+02
1.450000000000288614e+00 5.182886290708868273e+02
1.470000000000288187e+00 5.170998872358297831e+02
1.490000000000287761e+00 5.208032050012205900e+02
1.510000000000287335e+00 5.158964903659909851e+02
1.530000000000286908e+00 5.220159849021098353e+02
1.550000000000286482e+00 5.210427973373543864e+02
1.570000000000286056e+00 5.218008834607144308e+02
1.590000000000285629e+00 5.221023127127941734e+02
1.610000000000285203e+00 5.221577568927856419e+02
1.630000000000284777e+00 5.222128026769906910e+02
1.650000000000284350e+00 5.193603262696641423e+02
1.670000000000283924e+00 5.242948835783486174e+02
1.690000000000283498e+00 5.204100120561460017e+02
1.710000000000283071e+00 5.189844230458534184e+02
1.730000000000282645e+00 5.173935705070721269e+02
1.750000000000282219e+00 5.182084244101288277e+02
1.770000000000281792e+00 5.151720739788398760e+02
1.790000000000281366e+00 5.151158805515431141e+02
1.810000000000280940e+00 5.140932731096930866e+02
1.830000000000280513e+00 5.067591679444243482e+02
1.850000000000280087e+00 5.064692165389633374e+02
1.870000000000279661e+00 5.070930318723213190e+02
1.890000000000279234e+00 5.016314269926830889e+02
1.910000000000278808e+00 4.993255228134186154e+02
1.930000000000278382e+00 4.966651748917254849e+02
1.950000000000277955e+00 4.951987334581743880e+02
1.970000000000277529e+00 4.874412659418653107e+02
1.990000000000277103e+00 4.877445368027946415e+02
2.010000000000276899e+00 4.832770698358262962e+02
2.030000000000276472e+00 4.781198720586742752e+02
2.050000000000276046e+00 4.764073825947347700e+02
2.070000000000275620e+00 4.737881347158258905e+02
2.090000000000275193e+00 4.661307563922788404e+02
2.110000000000274767e+00 4.664311380137691572e+02
2.130000000000274341e+00 4.574019721332229551e+02
2.150000000000273914e+00 4.519676862035528302e+02
2.170000000000273488e+00 4.507660914957301657e+02
2.190000000000273062e+00 4.465516149318802945e+02
2.210000000000272635e+00 4.422624362933101452e+02
2.230000000000272209e+00 4.351337233920209542e+02
2.250000000000271783e+00 4.296252434485551817e+02
2.270000000000271356e+00 4.274902440374463026e+02
2.290000000000270930e+00 4.235136087442096482e+02
2.310000000000270504e+00 4.185672328848780808e+02
2.330000000000270077e+00 4.115014110475604525e+02
2.350000000000269651e+00 4.064584425612868017e+02
2.370000000000269225e+00 4.022878659686388687e+02
2.390000000000268798e+00 3.997512032134470701e+02
2.410000000000268372e+00 3.951436612606929657e+02
2.430000000000267946e+00 3.868922508902391542e+02
2.450000000000267519e+00 3.837316875692271196e+02
2.470000000000267093e+00 3.784189128284882031e+02
2.490000000000266667e+00 3.724149810685425450e+02
2.510000000000266240e+00 3.707287230846675357e+02
2.530000000000265814e+00 3.639690842071490238e+02
2.550000000000265388e+00 3.614974009894934284e+02
2.570000000000264961e+00 3.535845663205170695e+02
2.590000000000264535e+00 3.506945139822959163e+02
2.610000000000264109e+00 3.442927406862762041e+02
2.630000000000263682e+00 3.367844604544580420e+02
2.650000000000263256e+00 3.350508438052171414e+02
2.670000000000262830e+00 3.301220888416170851e+02
2.690000000000262403e+00 3.267667791649470814e+02
2.710000000000261977e+00 3.217573167298997419e+02
2.730000000000261551e+00 3.155266641300736978e+02
2.750000000000261124e+00 3.125538611885617115e+02
2.770000000000260698e+00 3.080617052464210701e+02
2.790000000000260272e+00 3.040323899590651990e+02
2.810000000000259845e+00 3.001909025299995619e+02
2.830000000000259419e+00 2.931868616250858395e+02
2.850000000000258993e+00 2.910433650949534581e+02
2.870000000000258567e+00 2.847777695545623828e+02
2.890000000000258140e+00 2.827672926049672242e+02
2.910000000000257714e+00 2.778253240694037345e+02
2.930000000000257288e+00 2.740944415787669755e+02
2.950000000000256861e+00 2.683402915743857307e+02
2.970000000000256435e+00 2.669378908016754508e+02
2.990000000000256009e+00 2.620888005305051252e+02
3.010000000000255582e+00 2.591420978220203324e+02
3.030000000000255156e+00 2.528965419815788778e+02
3.050000000000254730e+00 2.503810498847005590e+02
3.070000000000254303e+00 2.470592146611587054e+02
3.090000000000253877e+00 2.429465414505786214e+02
3.110000000000253451e+00 2.398508252130827145e+02
3.130000000000253024e+00 2.370570624229814314e+02
3.150000000000252598e+00 2.312300206733404195e+02
3.170000000000252172e+00 2.288564554387607757e+02
3.190000000000251745e+00 2.241961667468874850e+02
3.210000000000251319e+00 2.220755885484302610e+02
3.230000000000250893e+00 2.188470691051832659e+02
3.250000000000250466e+00 2.171356671050675686e+02
3.270000000000250040e+00 2.127734408112409312e+02
3.290000000000249614e+00 2.086296892578126005e+02
3.310000000000249187e+00 2.059758623797629298e+02
3.330000000000248761e+00 2.013360305500104062e+02
3.350000000000248335e+00 2.002962919016197816e+02
3.370000000000247908e+00 1.971830380512243153e+02
3.390000000000247482e+00 1.942417836977308241e+02
3.410000000000247056e+00 1.915284025300381927e+02
3.430000000000246629e+00 1.873269506515856904e+02
3.450000000000246203e+00 1.849133079978844592e+02
3.470000000000245777e+00 1.819453573597230616e+02
3.490000000000245350e+00 1.790365286001894276e+02
3.510000000000244924e+00 1.775408101209679046e+02
3.530000000000244498e+00 1.747681714183931092e+02
3.550000000000244071e+00 1.708307207899993898e+02
3.570000000000243645e+00 1.693296849161063449e+02
3.590000000000243219e+00 1.654797771024131805e+02
3.610000000000242792e+00 1.642601108791893125e+02
3.630000000000242366e+00 1.609465860296768369e+02
3.650000000000241940e+00 1.595392758108699240e+02
3.670000000000241513e+00 1.562048248085414457e+02
3.690000000000241087e+00 1.550163427283412432e+02
3.710000000000240661e+00 1.526029025784172859e+02
3.730000000000240234e+00 1.506145036240134516e+02
3.750000000000239808e+00 1.483599483665482524e+02
3.770000000000239382e+00 1.459004885251208066e+02
3.790000000000238956e+00 1.438337452677178021e+02
3.810000000000238529e+00 1.416585726197719453e+02
3.830000000000238103e+00 1.398255297610158721e+02
3.850000000000237677e+00 1.372286092229825840e+02
3.870000000000237250e+00 1.363824646279480248e+02
3.890000000000236824e+00 1.333013802914652501e+02
3.910000000000236398e+00 1.320305452293521284e+02
3.930000000000235971e+00 1.306179310566029983e+02
3.950000000000235545e+00 1.288139378046778916e+02
3.970000000000235119e+00 1.261577993234961781e+02
3.990000000000234692e+00 1.260607685720277544e+02
4.010000000000234266e+00 1.235016560942277692e+02
4.030000000000233840e+00 1.215043672087279276e+02
4.050000000000233413e+00 1.210292921406648503e+02
4.070000000000232987e+00 1.186913587501970966e+02
4.090000000000232561e+00 1.172992694624654604e+02
4.110000000000232134e+00 1.151673081483973249e+02
4.130000000000231708e+00 1.138260868784966817e+02
4.150000000000231282e+00 1.122587283347961460e+02
4.170000000000230855e+00 1.104044001995013389e+02
4.190000000000230429e+00 1.094341539277794055e+02
4.210000000000230003e+00 1.079186180838973712e+02
4.230000000000229576e+00 1.063009620524867671e+02
4.250000000000229150e+00 1.046593928232963009e+02
4.270000000000228724e+00 1.044827117880576708e+02
4.290000000000228297e+00 1.022801290797634266e+02
4.310000000000227871e+00 1.010881652313673413e+02
4.330000000000227445e+00 9.997886063368552811e+01
4.350000000000227018e+00 9.933240383332314138e+01
4.370000000000226592e+00 9.684569812880526740e+01
4.390000000000226166e+00 9.615475021836377323e+01
4.410000000000225739e+00 9.539914210657909166e+01
4.430000000000225313e+00 9.317180161656423820e+01
4.450000000000224887e+00 9.338655980262227274e+01
4.470000000000224460e+00 9.169869012243586326e+01
4.490000000000224034e+00 9.033459134536865065e+01
4.510000000000223608e+00 8.913208910529168350e+01
4.530000000000223181e+00 8.889814211131181310e+01
4.550000000000222755e+00 8.800904344775112520e+01
4.570000000000222329e+00 8.610151675370214264e+01
4.590000000000221902e+00 8.554867625318435387e+01
4.610000000000221476e+00 8.411321301838640352e+01
4.630000000000221050e+00 8.339919580485404538e+01
4.650000000000220624e+00 8.181340988486104493e+01
4.670000000000220197e+00 8.133427994101474212e+01
4.690000000000219771e+00 8.073254173632733455e+01
4.710000000000219345e+00 7.940039891184851228e+01
4.730000000000218918e+00 7.844261101141458425e+01
4.750000000000218492e+00 7.771630402124540637e+01
4.770000000000218066e+00 7.702493544425448135e+01
4.790000000000217639e+00 7.614456893566645590e+01
4.810000000000217213e+00 7.501751996727743688e+01
4.830000000000216787e+00 7.446083632163453103e+01
4.850000000000216360e+00 7.366874533645381007e+01
4.870000000000215934e+00 7.286092172643282083e+01
4.890000000000215508e+00 7.194008411646085221e+01
4.910000000000215081e+00 7.115011209444735130e+01
4.930000000000214655e+00 7.026614746960554214e+01
4.950000000000214229e+00 7.002624747511983117e+01
4.970000000000213802e+00 6.865438072689724436e+01
4.990000000000213376e+00 6.857050222019734065e+01
5.010000000000212950e+00 6.739679733638158154e+01
5.030000000000212523e+00 6.693892389332700077e+01
5.050000000000212097e+00 6.591011503800734772e+01
5.070000000000211671e+00 6.570469702645445409e+01
5.090000000000211244e+00 6.476780415062074781e+01
5.110000000000210818e+00 6.462213393868299249e+01
5.130000000000210392e+00 6.343772658694245337e+01
5.150000000000209965e+00 6.315680910054535957e+01
5.170000000000209539e+00 6.327725852947838803e+01
5.190000000000209113e+00 6.172923443925206755e+01
5.210000000000208686e+00 6.165039461456487402e+01
5.230000000000208260e+00 6.109644182106379873e+01
5.250000000000207834e+00 6.025403488544660036e+01
5.270000000000207407e+00 6.012701170963793373e+01
5.290000000000206981e+00 6.009497779583416843e+01
5.310000000000206555e+00 5.897046760521337916e+01
5.330000000000206128e+00 5.847579536158789182e+01
5.350000000000205702e+00 5.890386892001478003e+01
5.370000000000205276e+00 5.860438952143612568e+01
5.390000000000204849e+00 5.763277142239324036e+01
5.410000000000204423e+00 5.822179838638307814e+01
5.430000000000203997e+00 5.740545960568650230e+01
5.450000000000203570e+00 5.736057060711819133e+01
5.470000000000203144e+00 5.735075937078556052e+01
5.490000000000202718e+00 5.691641430876138230e+01
5.510000000000202292e+00 5.728186254013320422e+01
5.530000000000201865e+00 5.708166436027607915e+01
5.550000000000201439e+00 5.684166863285357607e+01
5.570000000000201013e+00 5.741119239181110601e+01
5.590000000000200586e+00 5.732177503650176220e+01
5.610000000000200160e+00 5.720639431813770415e+01
5.630000000000199734e+00 5.792027733644513177e+01
5.650000000000199307e+00 5.762973237090351830e+01
5.670000000000198881e+00 5.816649363912325299e+01
5.690000000000198455e+00 5.779000234232140087e+01
5.710000000000198028e+00 5.880536670685916789e+01
5.730000000000197602e+00 5.857015925554308922e+01
5.750000000000197176e+00 5.949087275538727937e+01
5.770000000000196749e+00 5.962984230193305279e+01
5.790000000000196323e+00 6.032161609033914829e+01
5.810000000000195897e+00 6.096315010089939790e+01
5.830000000000195470e+00 6.151555854848263749e+01
5.850000000000195044e+00 6.258874162973473432e+01
5.870000000000194618e+00 6.332277032532842043e+01
5.890000000000194191e+00 6.392017482985011867e+01
5.910000000000193765e+00 6.505612343061071101e+01
5.930000000000193339e+00 6.594934485336790431e+01
5.950000000000192912e+00 6.709821513263520387e+01
5.970000000000192486e+00 6.785674684208501617e+01
5.990000000000192060e+00 6.922288313615256072e+01
6.010000000000191633e+00 7.054698420997790720e+01
6.030000000000191207e+00 7.213222131640335988e+01
6.050000000000190781e+00 7.274585249531678244e+01
6.070000000000190354e+00 7.392569113775772394e+01
6.090000000000189928e+00 7.543561659980414902e+01
6.110000000000189502e+00 7.657318283056147834e+01
6.130000000000189075e+00 7.885449678975967913e+01
6.150000000000188649e+00 7.964369412408805715e+01
6.170000000000188223e+00 8.164369095452887848e+01
6.190000000000187796e+00 8.279192151817667877e+01
6.210000000000187370e+00 8.499995753034602330e+01
6.230000000000186944e+00 8.648233040393337490e+01
6.250000000000186517e+00 8.907270239914674903e+01
6.270000000000186091e+00 9.003467606981079996e+01
6.290000000000185665e+00 9.164936055446814578e+01
6.310000000000185238e+00 9.443838215237911982e+01
6.330000000000184812e+00 9.556116367382746546e+01
6.350000000000184386e+00 9.782567859094575624e+01
6.370000000000183960e+00 9.963629377042279600e+01
6.390000000000183533e+00 1.021161101970693181e+02
6.410000000000183107e+00 1.041435569007184085e+02
6.430000000000182681e+00 1.056511580187178083e+02
6.450000000000182254e+00 1.074836373389922954e+02
6.470000000000181828e+00 1.100765876103514529e+02
6.490000000000181402e+00 1.119820085751365752e+02
6.510000000000180975e+00 1.144150904452259425e+02
6.530000000000180549e+00 1.159337570866618563e+02
6.550000000000180123e+00 1.180108681699704505e+02
6.570000000000179696e+00 1.198245651406765404e+02
6.590000000000179270e+00 1.218439498641614307e+02
6.610000000000178844e+00 1.245047324000852882e+02
6.630000000000178417e+00 1.257066135843400332e+02
6.650000000000177991e+00 1.285083995577408587e+02
6.670000000000177565e+00 1.293812375928714005e+02
6.690000000000177138e+00 1.321637731482541085e+02
6.710000000000176712e+00 1.334857404908335070e+02
6.730000000000176286e+00 1.343698678566801732e+02
6.750000000000175859e+00 1.371749655941053732e+02
6.770000000000175433e+00 1.386399511254878121e+02
6.790000000000175007e+00 1.406162629540872615e+02
6.810000000000174580e+00 1.421922076621350755e+02
6.830000000000174154e+00 1.427860344100554357e+02
6.850000000000173728e+00 1.448905641760372021e+02
6.870000000000173301e+00 1.463558759653647598e+02
6.890000000000172875e+00 1.471256139505869669e+02
6.910000000000172449e+00 1.490952483444875725e+02
6.930000000000172022e+00 1.498534568134106451e+02
6.950000000000171596e+00 1.503891682569049806e+02
6.970000000000171170e+00 1.509578025585803402e+02
6.990000000000170743e+00 1.524648541755926772e+02
7.010000000000170317e+00 1.525714338953555114e+02
7.030000000000169891e+00 1.538750325725214054e+02
7.050000000000169464e+00 1.541139841955521490e+02
7.070000000000169038e+00 1.550949147542995945e+02
7.090000000000168612e+00 1.556798841910552085e+02
7.110000000000168185e+00 1.560576652367499264e+02
7.130000000000167759e+00 1.576924460338204881e+02
7.150000000000167333e+00 1.568160244973462625e+02
7.170000000000166906e+00 1.579244252264739430e+02
7.190000000000166480e+00 1.575562592112109712e+02
7.210000000000166054e+00 1.581829759502595891e+02
7.230000000000165628e+00 1.578764018222357777e+02
7.250000000000165201e+00 1.578923970527955305e+02
7.270000000000164775e+00 1.579333748344544688e+02
7.290000000000164349e+00 1.573953180515777035e+02
7.310000000000163922e+00 1.582400509384425504e+02
7.330000000000163496e+00 1.575666247891788316e+02
7.350000000000163070e+00 1.577474413799438366e+02
7.370000000000162643e+00 1.572693925313387524e+02
7.390000000000162217e+00 1.563110254179327967e+02
7.410000000000161791e+00 1.568732265441285278e+02
7.430000000000161364e+00 1.556740031583939299e+02
7.450000000000160938e+00 1.560333904027635299e+02
7.470000000000160512e+00 1.544330426679273387e+02
7.490000000000160085e+00 1.539794805391715897e+02
7.510000000000159659e+00 1.532144371029054923e+02
7.530000000000159233e+00 1.534165486115684303e+02
7.550000000000158806e+00 1.519287051607310275e+02
7.570000000000158380e+00 1.526431120516236035e+02
7.590000000000157954e+00 1.512292542071811852e+02
7.610000000000157527e+00 1.510135204696197491e+02
7.630000000000157101e+00 1.504028065724372425e+02
7.650000000000156675e+00 1.490727216032893239e+02
7.670000000000156248e+00 1.484950705572892105e+02
7.690000000000155822e+00 1.488093085045601640e+02
7.710000000000155396e+00 1.473755623952826568e+02
7.730000000000154969e+00 1.469814810598211920e+02
7.750000000000154543e+00 1.458175582677579030e+02
7.770000000000154117e+00 1.454448037364502966e+02
7.790000000000153690e+00 1.448330447343760454e+02
7.810000000000153264e+00 1.441870432944146501e+02
7.830000000000152838e+00 1.431481480177275500e+02
7.850000000000152411e+00 1.423867349227143961e+02
7.870000000000151985e+00 1.419629735855926924e+02
7.890000000000151559e+00 1.415146453211989979e+02
7.910000000000151132e+00 1.407516353466530745e+02
7.930000000000150706e+00 1.404505996477406882e+02
7.950000000000150280e+00 1.390988626048080334e+02
7.970000000000149853e+00 1.384127021360083063e+02
7.990000000000149427e+00 1.378544965965814413e+02
8.010000000000149001e+00 1.370471042379237190e+02
8.030000000000148574e+00 1.367645713456103067e+02
8.050000000000148148e+00 1.360258196070709573e+02
8.070000000000147722e+00 1.351350936686877731e+02
8.090000000000147296e+00 1.352211222366406957e+02
8.110000000000146869e+00 1.339529752949227657e+02
8.130000000000146443e+00 1.339231832941353275e+02
8.150000000000146017e+00 1.330215512465674692e+02
8.170000000000145590e+00 1.326224209473547830e+02
8.190000000000145164e+00 1.317119286734370576e+02
8.210000000000144738e+00 1.314819246493149194e+02
8.230000000000144311e+00 1.309412688256966248e+02
8.250000000000143885e+00 1.301372274520411452e+02
8.270000000000143459e+00 1.299459312972869895e+02
8.290000000000143032e+00 1.289559184120639657e+02
8.310000000000142606e+00 1.290126098535876054e+02
8.330000000000142180e+00 1.280774699290943772e+02
8.350000000000141753e+00 1.277249630729831011e+02
8.370000000000141327e+00 1.276133801596602808e+02
8.390000000000140901e+00 1.268030131083275478e+02
8.410000000000140474e+00 1.259414033941765041e+02
8.430000000000140048e+00 1.256370284496499039e+02
8.450000000000139622e+00 1.255348727633748638e+02
8.470000000000139195e+00 1.246966505489023547e+02
8.490000000000138769e+00 1.244950115065450689e+02
8.510000000000138343e+00 1.242445065766968639e+02
8.530000000000137916e+00 1.231018709893884733e+02
8.550000000000137490e+00 1.231173407806669786e+02
8.570000000000137064e+00 1.225433674548794016e+02
8.590000000000136637e+00 1.225873774734188117e+02
8.610000000000136211e+00 1.214955833486353924e+02
8.630000000000135785e+00 1.214384831249311816e+02
8.650000000000135358e+00 1.209915226248997158e+02
8.670000000000134932e+00 1.197996509137330605e+02
8.690000000000134506e+00 1.200474120066994033e+02
8.710000000000134079e+00 1.196176137330038927e+02
8.730000000000133653e+00 1.187009092460821194e+02
8.750000000000133227e+00 1.184638187404301419e+02
8.770000000000132800e+00 1.184679671728979287e+02
8.790000000000132374e+00 1.180984659044522544e+02
8.810000000000131948e+00 1.174872198661649207e+02
8.830000000000131521e+00 1.171274322265649204e+02
8.850000000000131095e+00 1.162534859044227460e+02
8.870000000000130669e+00 1.159842628746290103e+02
8.890000000000130242e+00 1.162921725932756800e+02
8.910000000000129816e+00 1.155032865172559298e+02
8.930000000000129390e+00 1.142455859534674545e+02
8.950000000000128964e+00 1.147296536975375290e+02
8.970000000000128537e+00 1.141390844435956353e+02
8.990000000000128111e+00 1.135911231048016248e+02
9.010000000000127685e+00 1.130400735620487609e+02
9.030000000000127258e+00 1.127090042186375314e+02
9.050000000000126832e+00 1.124637951602548327e+02
9.070000000000126406e+00 1.119402357033703623e+02
9.090000000000125979e+00 1.116961585673675046e+02
9.110000000000125553e+00 1.113739699615808831e+02
9.130000000000125127e+00 1.108403586303774375e+02
9.150000000000124700e+00 1.100568745453315103e+02
9.170000000000124274e+00 1.101704341561606526e+02
9.190000000000123848e+00 1.099638623486948887e+02
9.210000000000123421e+00 1.090833899278679979e+02
9.230000000000122995e+00 1.089173989723734479e+02
9.250000000000122569e+00 1.088851908893942664e+02
9.270000000000122142e+00 1.084363696119697948e+02
9.290000000000121716e+00 1.082497995463024978e+02
9.310000000000121290e+00 1.075502259682750150e+02
9.330000000000120863e+00 1.075953122597263842e+02
9.350000000000120437e+00 1.070396824482990183e+02
9.370000000000120011e+00 1.067400545523685196e+02
9.390000000000119584e+00 1.063050400776361926e+02
9.410000000000119158e+00 1.066765214813558771e+02
9.430000000000118732e+00 1.057538068691638813e+02
9.450000000000118305e+00 1.058588459499969048e+02
9.470000000000117879e+00 1.058033217433926865e+02
9.490000000000117453e+00 1.056367045044566026e+02
9.510000000000117026e+00 1.052738116966747839e+02
9.530000000000116600e+00 1.052258861698133359e+02
9.550000000000116174e+00 1.051837297859164266e+02
9.570000000000115747e+00 1.049417433934829660e+02
9.590000000000115321e+00 1.046933101898352305e+02
9.610000000000114895e+00 1.048832619332632703e+02
9.630000000000114468e+00 1.046926733866166472e+02
9.650000000000114042e+00 1.046447575492727395e+02
9.670000000000113616e+00 1.044331100651374413e+02
9.690000000000113189e+00 1.049300108251525216e+02
9.710000000000112763e+00 1.042898835312188055e+02
9.730000000000112337e+00 1.047470427500616239e+02
9.750000000000111910e+00 1.049778914914132741e+02
9.770000000000111484e+00 1.046241588890178775e+02
9.790000000000111058e+00 1.049827606910614719e+02
9.810000000000110632e+00 1.048597602808702760e+02
9.830000000000110205e+00 1.050247798694545338e+02
9.850000000000109779e+00 1.050020160147625461e+02
9.870000000000109353e+00 1.049303343056650135e+02
9.890000000000108926e+00 1.053369624388210752e+02
9.910000000000108500e+00 1.051454399917562199e+02
9.930000000000108074e+00 1.054486834498141974e+02
9.950000000000107647e+00 1.053397328883059316e+02
9.970000000000107221e+00 1.057627523121653326e+02
9.990000000000106795e+00 1.059167002362230647e+02
1.001000000000010637e+01 1.060097765311992077e+02
1.003000000000010594e+01 1.062777329125088528e+02
1.005000000000010552e+01 1.057851108017527224e+02
1.007000000000010509e+01 1.056973122751153653e+02
1.009000000000010466e+01 1.061487316546477757e+02
1.011000000000010424e+01 1.059336118181317801e+02
1.013000000000010381e+01 1.060919793767515813e+02
1.015000000000010338e+01 1.061945625561177593e+02
1.017000000000010296e+01 1.059566516460890000e+02
1.019000000000010253e+01 1.061536858533442569e+02
1.021000000000010210e+01 1.061111773144811679e+02
1.023000000000010168e+01 1.057596206283857185e+02
1.025000000000010125e+01 1.059250205927822890e+02
1.027000000000010083e+01 1.059336593116117200e+02
1.029000000000010040e+01 1.049443357549847633e+02
1.031000000000009997e+01 1.050835076088152533e+02
1.033000000000009955e+01 1.046688635327332833e+02
1.035000000000009912e+01 1.044522948171918557e+02
1.037000000000009869e+01 1.043033339499004910e+02
1.039000000000009827e+01 1.042128429891626666e+02
1.041000000000009784e+01 1.034755144677774581e+02
1.043000000000009742e+01 1.030843766306839626e+02
1.045000000000009699e+01 1.025159382016946381e+02
1.047000000000009656e+01 1.019818879112958001e+02
1.049000000000009614e+01 1.015358880200949301e+02
1.051000000000009571e+01 1.007556366957230409e+02
1.053000000000009528e+01 1.003583899283825929e+02
1.055000000000009486e+01 9.983475421547517215e+01
1.057000000000009443e+01 9.887952282739946952e+01
1.059000000000009400e+01 9.827178855446942407e+01
1.061000000000009358e+01 9.720677264972340481e+01
1.063000000000009315e+01 9.658950176228300677e+01
1.065000000000009273e+01 9.570069963829219262e+01
1.067000000000009230e+01 9.516802747764602088e+01
1.069000000000009187e+01 9.415796284755522549e+01
1.071000000000009145e+01 9.307612583216865687e+01
1.073000000000009102e+01 9.215748980842710125e+01
1.075000000000009059e+01 9.086332681573021830e+01
1.077000000000009017e+01 9.007051050238970902e+01
1.079000000000008974e+01 8.929918168315836624e+01
1.081000000000008932e+01 8.775307526317386930e+01
1.083000000000008889e+01 8.691355228852266634e+01
1.085000000000008846e+01 8.597117434041032880e+01
1.087000000000008804e+01 8.470818683038548613e+01
1.089000000000008761e+01 8.370624283708220048e+01
1.091000000000008718e+01 8.250213423771234034e+01
1.093000000000008676e+01 8.134351093858303727e+01
1.095000000000008633e+01 8.010301569106842123e+01
1.097000000000008590e+01 7.878558118593809922e+01
1.099000000000008548e+01 7.770173101684724770e+01
1.101000000000008505e+01 7.668925976225979468e+01
1.103000000000008463e+01 7.560104415756906349e+01
1.105000000000008420e+01 7.433651781295012029e+01
1.107000000000008377e+01 7.322259416707068169e+01
1.109000000000008335e+01 7.188164865314141139e+01
1.111000000000008292e+01 7.083136923397330520e+01
1.113000000000008249e+01 6.978743819499281642e+01
1.115000000000008207e+01 6.854142294958967341e+01
1.117000000000008164e+01 6.765278055163423687e+01
1.119000000000008122e+01 6.628002750707658208e+01
1.121000000000008079e+01 6.526139746150467147e+01
1.123000000000008036e+01 6.430994832764335456e+01
1.125000000000007994e+01 6.345773564143627254e+01
1.127000000000007951e+01 6.247899815224452880e+01
1.129000000000007908e+01 6.152521476762353814e+01
1.131000000000007866e+01 6.055826732848236560e+01
1.133000000000007823e+01 5.958990874442871188e+01
1.135000000000007780e+01 5.890349710078304213e+01
1.137000000000007738e+01 5.803662248078875763e+01
1.139000000000007695e+01 5.720191692912278114e+01
1.141000000000007653e+01 5.641604029717921520e+01
1.143000000000007610e+01 5.587102967724750613e+01
1.145000000000007567e+01 5.512037531642519639e+01
1.147000000000007525e+01 5.456154236098839050e+01
1.149000000000007482e+01 5.388772784106001268e+01
1.151000000000007439e+01 5.358730350735014980e+01
1.153000000000007397e+01 5.296395015622675118e+01
1.155000000000007354e+01 5.256510779410321277e+01
1.157000000000007311e+01 5.222030172495445299e+01
1.159000000000007269e+01 5.157240439426679757e+01
1.161000000000007226e+01 5.130314921584654542e+01
1.163000000000007184e+01 5.099029762441835345e+01
1.165000000000007141e+01 5.082564731451498119e+01
1.167000000000007098e+01 5.044436886438090539e+01
1.169000000000007056e+01 5.018580601449531997e+01
1.171000000000007013e+01 5.001787992999278742e+01
1.173000000000006970e+01 5.002500571511365024e+01
1.175000000000006928e+01 5.003693879239923348e+01
1.177000000000006885e+01 4.985263386148509568e+01
1.179000000000006843e+01 4.993395008286763215e+01
1.181000000000006800e+01 4.946441927085750478e+01
1.183000000000006757e+01 4.964150755197726994e+01
1.185000000000006715e+01 4.958937282904025068e+01
1.187000000000006672e+01 4.965023181920476247e+01
1.189000000000006629e+01 4.977130138054094743e+01
1.191000000000006587e+01 4.976766862115820089e+01
1.193000000000006544e+01 4.984327088602466205e+01
1.195000000000006501e+01 4.997432959472429559e+01
1.197000000000006459e+01 4.972261029112340225e+01
1.199000000000006416e+01 5.007871431134449836e+01
1.201000000000006374e+01 5.030249835373525258e+01
1.203000000000006331e+01 5.023988683538402711e+01
1.205000000000006288e+01 5.025477758364551306e+01
1.207000000000006246e+01 5.036027874969681761e+01
1.209000000000006203e+01 5.056793227676819669e+01
1.211000000000006160e+01 5.060121683848360163e+01
1.213000000000006118e+01 5.062297114726965930e+01
1.215000000000006075e+01 5.081431107035077588e+01
1.217000000000006033e+01 5.114535098856948281e+01
1.219000000000005990e+01 5.077711491545839095e+01
1.221000000000005947e+01 5.088585566360199408e+01
1.223000000000005905e+01 5.114299034399454769e+01
1.225000000000005862e+01 5.105760343278927138e+01
1.227000000000005819e+01 5.107556033598184797e+01
1.229000000000005777e+01 5.125950887058502303e+01
1.231000000000005734e+01 5.111031073934927349e+01
1.233000000000005691e+01 5.104484362950680065e+01
1.235000000000005649e+01 5.125255721495028638e+01
1.237000000000005606e+01 5.109057322861659856e+01
1.239000000000005564e+01 5.110707043815452977e+01
1.241000000000005521e+01 5.102715658111608121e+01
1.243000000000005478e+01 5.108338560191189259e+01
1.245000000000005436e+01 5.064415919268034827e+01
1.247000000000005393e+01 5.092961822556930684e+01
1.249000000000005350e+01 5.071975183417239919e+01
1.251000000000005308e+01 5.064537622382860604e+01
1.253000000000005265e+01 5.043310806634952570e+01
1.255000000000005222e+01 5.033496892389562305e+01
1.257000000000005180e+01 5.001306325008399511e+01
1.259000000000005137e+01 5.034555258081208962e+01
1.261000000000005095e+01 4.987823805746779726e+01
1.263000000000005052e+01 4.988813984394082723e+01
1.265000000000005009e+01 4.951049898771297819e+01
1.267000000000004967e+01 4.929813054060088717e+01
1.269000000000004924e+01 4.894126790219768708e+01
1.271000000000004881e+01 4.915946282017577573e+01
1.273000000000004839e+01 4.885480621808714119e+01
1.275000000000004796e+01 4.868183787366854176e+01
1.277000000000004754e+01 4.846535786769625531e+01
1.279000000000004711e+01 4.804712880548404286e+01
1.281000000000004668e+01 4.776462536312047291e+01
1.283000000000004626e+01 4.782525889615378389e+01
1.285000000000004583e+01 4.741057491015181569e+01
1.287000000000004540e+01 4.712446742240453545e+01
1.289000000000004498e+01 4.705012857824473826e+01
1.291000000000004455e+01 4.674963077734886241e+01
1.293000000000004412e+01 4.632533844041665816e+01
1.295000000000004370e+01 4.624695238177411483e+01
1.297000000000004327e+01 4.588753074701708812e+01
1.299000000000004285e+01 4.577298729389945464e+01
1.301000000000004242e+01 4.535970838800520966e+01
1.303000000000004199e+01 4.526126296951950678e+01
1.305000000000004157e+01 4.472680031397602818e+01
1.307000000000004114e+01 4.485193313665285331e+01
1.309000000000004071e+01 4.432258161651179051e+01
1.311000000000004029e+01 4.380483227499079391e+01
1.313000000000003986e+01 4.389462252972330703e+01
1.315000000000003944e+01 4.334294008397425557e+01
1.317000000000003901e+01 4.343744808191579665e+01
1.319000000000003858e+01 4.288175558444108049e+01
1.321000000000003816e+01 4.254633498312995243e+01
1.323000000000003773e+01 4.231408826947671287e+01
1.325000000000003730e+01 4.195057336153253402e+01
1.327000000000003688e+01 4.164357075080695125e+01
1.329000000000003645e+01 4.134872639100078118e+01
1.331000000000003602e+01 4.100321377420299029e+01
1.333000000000003560e+01 4.067117600245746445e+01
1.335000000000003517e+01 4.037751775289853384e+01
1.337000000000003475e+01 3.986078384566528143e+01
1.339000000000003432e+01 3.953679793587684088e+01
1.341000000000003389e+01 3.931513960820551290e+01
1.343000000000003347e+01 3.873456811493751673e+01
1.345000000000003304e+01 3.827246491909667014e+01
1.347000000000003261e+01 3.786561155021524172e+01
1.349000000000003219e+01 3.745383207988964358e+01
1.351000000000003176e+01 3.697441527639973202e+01
1.353000000000003133e+01 3.621041477861456315e+01
1.355000000000003091e+01 3.553079921009666009e+01
1.357000000000003048e+01 3.513042326238102220e+01
1.359000000000003006e+01 3.459820278818627770e+01
1.361000000000002963e+01 3.378434935930257410e+01
1.363000000000002920e+01 3.316911129313283624e+01
1.365000000000002878e+01 3.243301416340030841e+01
1.367000000000002835e+01 3.166250616797504946e+01
1.369000000000002792e+01 3.105840277630962021e+01
1.371000000000002750e+01 3.054929250910871374e+01
1.373000000000002707e+01 2.989209423776734553e+01
1.375000000000002665e+01 2.910105951812099789e+01
1.377000000000002622e+01 2.837299442747130485e+01
1.379000000000002579e+01 2.760547445061285998e+01
1.381000000000002537e+01 2.696094332142563843e+01
1.383000000000002494e+01 2.604091402823579315e+01
1.385000000000002451e+01 2.565337505138093022e+01
1.387000000000002409e+01 2.469438355243404359e+01
1.389000000000002366e+01 2.393329693061371088e+01
1.391000000000002323e+01 2.307838225509915375e+01
1.393000000000002281e+01 2.215714103390132550e+01
1.395000000000002238e+01 2.089400834206958990e+01
1.397000000000002196e+01 1.980736258472644451e+01
1.399000000000002153e+01 1.881885184016347878e+01
1.401000000000002110e+01 1.787480295808565245e+01
1.403000000000002068e+01 1.667115815087584352e+01
1.405000000000002025e+01 1.538356463932900375e+01
1.407000000000001982e+01 1.436515904006169464e+01
1.409000000000001940e+01 1.310908120380423014e+01
1.411000000000001897e+01 1.200798544762251829e+01
1.413000000000001855e+01 1.102038120275576105e+01
1.415000000000001812e+01 9.873091936236050969e+00
1.417000000000001769e+01 8.752612401937630793e+00
1.419000000000001727e+01 7.616999828512431847e+00
1.421000000000001684e+01 6.586811052806997857e+00
1.423000000000001641e+01 5.594377124745542496e+00
1.425000000000001599e+01 4.768303666112392314e+00
1.427000000000001556e+01 3.899026369685635540e+00
1.429000000000001513e+01 3.108008462626340673e+00
1.431000000000001471e+01 2.438474819090455270e+00
1.433000000000001428e+01 1.878004403805892064e+00
1.435000000000001386e+01 1.393664669757422203e+00
1.437000000000001343e+01 1.011099123429350710e+00
1.439000000000001300e+01 7.059582698228014097e-01
1.441000000000001258e+01 4.520163088460680823e-01
1.443000000000001215e+01 2.802372287874759227e-01
1.445000000000001172e+01 1.645903267503353584e-01
1.447000000000001130e+01 9.440798988266273228e-02
1.449000000000001087e+01 3.514952236989790646e-02
1.451000000000001044e+01 1.353558148431254979e-02
1.453000000000001002e+01 2.711698633259104676e-03
1.455000000000000959e+01 0.000000000000000000e+00
1.457000000000000917e+01 0.000000000000000000e+00
1.459000000000000874e+01 0.000000000000000000e+00
1.461000000000000831e+01 0.000000000000000000e+00
1.463000000000000789e+01 0.000000000000000000e+00
1.465000000000000746e+01 0.000000000000000000e+00
1.467000000000000703e+01 0.000000000000000000e+00
1.469000000000000661e+01 0.000000000000000000e+00
1.471000000000000618e+01 0.000000000000000000e+00
1.473000000000000576e+01 0.000000000000000000e+00
1.475000000000000533e+01 0.000000000000000000e+00
1.477000000000000490e+01 0.000000000000000000e+00
1.479000000000000448e+01 0.000000000000000000e+00
1.481000000000000405e+01 0.000000000000000000e+00
1.483000000000000362e+01 0.000000000000000000e+00
1.485000000000000320e+01 0.000000000000000000e+00
1.487000000000000277e+01 0.000000000000000000e+00
1.489000000000000234e+01 0.000000000000000000e+00
1.491000000000000192e+01 0.000000000000000000e+00
1.493000000000000149e+01 0.000000000000000000e+00
1.495000000000000107e+01 0.000000000000000000e+00
1.497000000000000064e+01 0.000000000000000000e+00
1.499000000000000021e+01 0.000000000000000000e+00
