# Redshift		Merger Rate Density [Gpc^-3yr^-1]
1.000000000031931770e-02 2.402566543295482404e+01
3.000000000031888964e-02 2.504508937122316681e+01
5.000000000031846331e-02 2.629950142478852726e+01
7.000000000031804392e-02 2.737606880574609747e+01
9.000000000031761760e-02 2.866346851450362720e+01
1.100000000003171913e-01 2.990115349526925925e+01
1.300000000003167511e-01 3.119724183119382133e+01
1.500000000003163247e-01 3.240345603609653580e+01
1.700000000003158984e-01 3.373036885363135440e+01
1.900000000003154721e-01 3.516227680972612291e+01
2.100000000003150458e-01 3.664454170161645408e+01
2.300000000003146194e-01 3.824599459750071162e+01
2.500000000003141931e-01 3.966979282158090570e+01
2.700000000003137668e-01 4.126229640311961333e+01
2.900000000003133405e-01 4.274184698493369439e+01
3.100000000003129141e-01 4.424752808460954157e+01
3.300000000003124878e-01 4.571782653904852367e+01
3.500000000003120615e-01 4.727025271821079144e+01
3.700000000003116352e-01 4.898810525152672568e+01
3.900000000003112088e-01 5.079092161836228314e+01
4.100000000003107825e-01 5.238579023509763744e+01
4.300000000003103562e-01 5.417054780482401100e+01
4.500000000003099299e-01 5.569959034484227089e+01
4.700000000003095035e-01 5.739811444355176917e+01
4.900000000003090772e-01 5.924934670803315129e+01
5.100000000003086509e-01 6.099759075807672559e+01
5.300000000003082246e-01 6.315645847830145954e+01
5.500000000003077982e-01 6.496794769742831477e+01
5.700000000003073719e-01 6.680973261375393690e+01
5.900000000003069456e-01 6.862835285582912093e+01
6.100000000003065193e-01 7.047499405620253299e+01
6.300000000003060929e-01 7.251050021169052684e+01
6.500000000003056666e-01 7.453183406538394706e+01
6.700000000003052403e-01 7.648975728640310479e+01
6.900000000003048140e-01 7.846237055160955265e+01
7.100000000003043876e-01 8.048888454842597184e+01
7.300000000003039613e-01 8.238486072105837366e+01
7.500000000003035350e-01 8.509288022923725237e+01
7.700000000003031086e-01 8.649263822184529715e+01
7.900000000003026823e-01 8.889620104228296782e+01
8.100000000003022560e-01 9.112683716321467386e+01
8.300000000003018297e-01 9.286298659496344499e+01
8.500000000003014033e-01 9.507623175103302060e+01
8.700000000003009770e-01 9.710570604891141500e+01
8.900000000003005507e-01 9.888763538380128182e+01
9.100000000003001244e-01 1.013475841166462885e+02
9.300000000002996980e-01 1.030355114692712277e+02
9.500000000002992717e-01 1.051395809768694107e+02
9.700000000002988454e-01 1.070920054288033896e+02
9.900000000002984191e-01 1.092894409538173335e+02
1.010000000000297993e+00 1.108582726630466482e+02
1.030000000000297566e+00 1.130824143327433120e+02
1.050000000000297140e+00 1.153534317576143877e+02
1.070000000000296714e+00 1.172646686699861505e+02
1.090000000000296287e+00 1.192164589688226499e+02
1.110000000000295861e+00 1.207228865920372556e+02
1.130000000000295435e+00 1.234431288971911584e+02
1.150000000000295008e+00 1.251181508986011153e+02
1.170000000000294582e+00 1.261497554509362118e+02
1.190000000000294156e+00 1.283310645155484337e+02
1.210000000000293729e+00 1.313564941322235882e+02
1.230000000000293303e+00 1.324266245979115411e+02
1.250000000000292877e+00 1.341810748805695823e+02
1.270000000000292451e+00 1.353318393068527428e+02
1.290000000000292024e+00 1.371800095611363304e+02
1.310000000000291598e+00 1.389904071818083366e+02
1.330000000000291172e+00 1.408780774917333360e+02
1.350000000000290745e+00 1.418175970056739743e+02
1.370000000000290319e+00 1.431931175133212548e+02
1.390000000000289893e+00 1.453675297559612432e+02
1.410000000000289466e+00 1.474795287221745639e+02
1.430000000000289040e+00 1.467631346309150047e+02
1.450000000000288614e+00 1.489180290226101988e+02
1.470000000000288187e+00 1.505037222755769903e+02
1.490000000000287761e+00 1.507580686834239430e+02
1.510000000000287335e+00 1.529417011223214047e+02
1.530000000000286908e+00 1.535245063493085809e+02
1.550000000000286482e+00 1.538697523672230432e+02
1.570000000000286056e+00 1.543922919532813012e+02
1.590000000000285629e+00 1.553383608711422426e+02
1.610000000000285203e+00 1.560957202069695029e+02
1.630000000000284777e+00 1.562844277086502700e+02
1.650000000000284350e+00 1.562422776288654234e+02
1.670000000000283924e+00 1.573398807445663010e+02
1.690000000000283498e+00 1.571212594722324241e+02
1.710000000000283071e+00 1.565465215954634743e+02
1.730000000000282645e+00 1.577817215155883162e+02
1.750000000000282219e+00 1.574392580063314995e+02
1.770000000000281792e+00 1.583693346634634906e+02
1.790000000000281366e+00 1.585842896177248349e+02
1.810000000000280940e+00 1.590843226455631907e+02
1.830000000000280513e+00 1.579287793339614439e+02
1.850000000000280087e+00 1.562192149766820535e+02
1.870000000000279661e+00 1.566751168573007362e+02
1.890000000000279234e+00 1.566135572319658706e+02
1.910000000000278808e+00 1.562925509789676255e+02
1.930000000000278382e+00 1.539493311005793714e+02
1.950000000000277955e+00 1.536565999489688181e+02
1.970000000000277529e+00 1.536330513003646558e+02
1.990000000000277103e+00 1.533601268512809099e+02
2.010000000000276899e+00 1.522124089400106755e+02
2.030000000000276472e+00 1.505784098004553755e+02
2.050000000000276046e+00 1.496473835107831576e+02
2.070000000000275620e+00 1.477668372815605835e+02
2.090000000000275193e+00 1.474410859871634329e+02
2.110000000000274767e+00 1.470973597313898722e+02
2.130000000000274341e+00 1.431399047354177583e+02
2.150000000000273914e+00 1.428801553681822440e+02
2.170000000000273488e+00 1.417753531846427677e+02
2.190000000000273062e+00 1.405598052279794672e+02
2.210000000000272635e+00 1.390265822385717627e+02
2.230000000000272209e+00 1.377249902510192499e+02
2.250000000000271783e+00 1.353420106174269506e+02
2.270000000000271356e+00 1.341988543678569670e+02
2.290000000000270930e+00 1.339337726813761265e+02
2.310000000000270504e+00 1.329944763821709444e+02
2.330000000000270077e+00 1.318001811735850310e+02
2.350000000000269651e+00 1.296122819512381454e+02
2.370000000000269225e+00 1.268032481534894913e+02
2.390000000000268798e+00 1.254858965850193329e+02
2.410000000000268372e+00 1.231223471898832855e+02
2.430000000000267946e+00 1.221472007127890720e+02
2.450000000000267519e+00 1.202575693895940105e+02
2.470000000000267093e+00 1.182929929302517991e+02
2.490000000000266667e+00 1.169014051982288009e+02
2.510000000000266240e+00 1.173160473746180514e+02
2.530000000000265814e+00 1.151873033636735499e+02
2.550000000000265388e+00 1.126154969217699318e+02
2.570000000000264961e+00 1.104231271424039988e+02
2.590000000000264535e+00 1.094375987816794265e+02
2.610000000000264109e+00 1.063050731197182728e+02
2.630000000000263682e+00 1.055102161480360081e+02
2.650000000000263256e+00 1.033981931546399124e+02
2.670000000000262830e+00 1.020465531375376997e+02
2.690000000000262403e+00 9.929861478162513322e+01
2.710000000000261977e+00 9.778908427956133664e+01
2.730000000000261551e+00 9.568908250771268342e+01
2.750000000000261124e+00 9.390766283446200191e+01
2.770000000000260698e+00 9.221821347309716543e+01
2.790000000000260272e+00 9.034326249309268064e+01
2.810000000000259845e+00 8.888346602723952117e+01
2.830000000000259419e+00 8.785034919889913851e+01
2.850000000000258993e+00 8.562361207459058221e+01
2.870000000000258567e+00 8.494713340829501647e+01
2.890000000000258140e+00 8.233192190214111861e+01
2.910000000000257714e+00 8.122171789722237634e+01
2.930000000000257288e+00 7.972175835121815624e+01
2.950000000000256861e+00 7.829118752793561953e+01
2.970000000000256435e+00 7.696399578489800319e+01
2.990000000000256009e+00 7.577384023982750705e+01
3.010000000000255582e+00 7.364982328526451738e+01
3.030000000000255156e+00 7.273834745824302672e+01
3.050000000000254730e+00 7.112761962575420682e+01
3.070000000000254303e+00 6.970132840024005816e+01
3.090000000000253877e+00 6.886882043803878162e+01
3.110000000000253451e+00 6.751568218663447851e+01
3.130000000000253024e+00 6.585858114699389887e+01
3.150000000000252598e+00 6.546651202848893547e+01
3.170000000000252172e+00 6.348897806980338032e+01
3.190000000000251745e+00 6.260892896732551094e+01
3.210000000000251319e+00 6.135282425437391396e+01
3.230000000000250893e+00 6.106113339137587559e+01
3.250000000000250466e+00 6.039956328626723803e+01
3.270000000000250040e+00 5.901098932818449327e+01
3.290000000000249614e+00 5.721309075291098623e+01
3.310000000000249187e+00 5.690068727786822222e+01
3.330000000000248761e+00 5.602790528389387958e+01
3.350000000000248335e+00 5.518211188261445699e+01
3.370000000000247908e+00 5.410149413953418929e+01
3.390000000000247482e+00 5.262111441582965199e+01
3.410000000000247056e+00 5.164783275365424942e+01
3.430000000000246629e+00 5.060998783373944576e+01
3.450000000000246203e+00 4.935512123438855525e+01
3.470000000000245777e+00 4.877210417174851642e+01
3.490000000000245350e+00 4.908507730910565670e+01
3.510000000000244924e+00 4.788578205532949283e+01
3.530000000000244498e+00 4.658084503385794051e+01
3.550000000000244071e+00 4.582854724574429639e+01
3.570000000000243645e+00 4.533682226376890156e+01
3.590000000000243219e+00 4.412126609802746913e+01
3.610000000000242792e+00 4.445952945625349884e+01
3.630000000000242366e+00 4.320964422560795981e+01
3.650000000000241940e+00 4.249376624475247155e+01
3.670000000000241513e+00 4.220475768625794899e+01
3.690000000000241087e+00 4.147955896014109101e+01
3.710000000000240661e+00 4.057778588146597798e+01
3.730000000000240234e+00 3.983995089678967361e+01
3.750000000000239808e+00 3.935014468747343130e+01
3.770000000000239382e+00 3.866115330409861173e+01
3.790000000000238956e+00 3.832847643012481598e+01
3.810000000000238529e+00 3.813458051624835576e+01
3.830000000000238103e+00 3.732741913201181205e+01
3.850000000000237677e+00 3.684637436734016092e+01
3.870000000000237250e+00 3.652918396094617037e+01
3.890000000000236824e+00 3.570627576180429230e+01
3.910000000000236398e+00 3.512212963917379938e+01
3.930000000000235971e+00 3.485900282191526856e+01
3.950000000000235545e+00 3.475751397095694983e+01
3.970000000000235119e+00 3.434839576821089935e+01
3.990000000000234692e+00 3.379774012999856581e+01
4.010000000000234266e+00 3.366905459892351615e+01
4.030000000000233840e+00 3.314911989051081065e+01
4.050000000000233413e+00 3.273961313202073597e+01
4.070000000000232987e+00 3.260588131366637299e+01
4.090000000000232561e+00 3.209751036192587037e+01
4.110000000000232134e+00 3.223320630812919774e+01
4.130000000000231708e+00 3.196918229339018680e+01
4.150000000000231282e+00 3.182033482941327662e+01
4.170000000000230855e+00 3.176446019406914445e+01
4.190000000000230429e+00 3.153173372577061784e+01
4.210000000000230003e+00 3.169588623504351332e+01
4.230000000000229576e+00 3.130213667927800714e+01
4.250000000000229150e+00 3.074658583855430649e+01
4.270000000000228724e+00 3.010960742586739514e+01
4.290000000000228297e+00 3.028969188167089044e+01
4.310000000000227871e+00 2.977484032587148377e+01
4.330000000000227445e+00 2.980926980850334473e+01
4.350000000000227018e+00 3.006723533081714095e+01
4.370000000000226592e+00 2.944959918007423738e+01
4.390000000000226166e+00 2.924932576971665199e+01
4.410000000000225739e+00 2.897997463257137696e+01
4.430000000000225313e+00 2.878123068476701008e+01
4.450000000000224887e+00 2.854600570720450037e+01
4.470000000000224460e+00 2.824055893706557541e+01
4.490000000000224034e+00 2.834022212197465151e+01
4.510000000000223608e+00 2.852465972725366683e+01
4.530000000000223181e+00 2.813765739187952519e+01
4.550000000000222755e+00 2.811331342389602028e+01
4.570000000000222329e+00 2.745917104288930588e+01
4.590000000000221902e+00 2.732153940323901153e+01
4.610000000000221476e+00 2.709038691788531494e+01
4.630000000000221050e+00 2.688163114034389523e+01
4.650000000000220624e+00 2.705761380071822586e+01
4.670000000000220197e+00 2.696092721379857693e+01
4.690000000000219771e+00 2.660508362893541445e+01
4.710000000000219345e+00 2.680531342169060594e+01
4.730000000000218918e+00 2.662440158565287618e+01
4.750000000000218492e+00 2.616065981811640029e+01
4.770000000000218066e+00 2.583416146606102970e+01
4.790000000000217639e+00 2.601652340391906648e+01
4.810000000000217213e+00 2.611642034381127075e+01
4.830000000000216787e+00 2.618506129520393699e+01
4.850000000000216360e+00 2.567742150399768875e+01
4.870000000000215934e+00 2.534425960262104738e+01
4.890000000000215508e+00 2.534504131265017435e+01
4.910000000000215081e+00 2.521531815371399787e+01
4.930000000000214655e+00 2.539384308824228498e+01
4.950000000000214229e+00 2.541532421787563933e+01
4.970000000000213802e+00 2.540340710636134602e+01
4.990000000000213376e+00 2.518449223334029696e+01
5.010000000000212950e+00 2.481088552370759714e+01
5.030000000000212523e+00 2.431821122335950491e+01
5.050000000000212097e+00 2.447205703637926177e+01
5.070000000000211671e+00 2.414629795660502154e+01
5.090000000000211244e+00 2.409994319309057431e+01
5.110000000000210818e+00 2.395277128448545056e+01
5.130000000000210392e+00 2.405609915251473652e+01
5.150000000000209965e+00 2.361338277435123700e+01
5.170000000000209539e+00 2.343123547762330006e+01
5.190000000000209113e+00 2.339113591647365098e+01
5.210000000000208686e+00 2.302912471121259586e+01
5.230000000000208260e+00 2.310423849590208789e+01
5.250000000000207834e+00 2.301560235923926001e+01
5.270000000000207407e+00 2.279480432629788567e+01
5.290000000000206981e+00 2.294190431689761667e+01
5.310000000000206555e+00 2.292102481892960597e+01
5.330000000000206128e+00 2.282148640454677846e+01
5.350000000000205702e+00 2.268555483944425077e+01
5.370000000000205276e+00 2.219294939168232972e+01
5.390000000000204849e+00 2.209561177751117711e+01
5.410000000000204423e+00 2.194222235998715220e+01
5.430000000000203997e+00 2.183460139388570198e+01
5.450000000000203570e+00 2.160734618089652415e+01
5.470000000000203144e+00 2.143063333192490916e+01
5.490000000000202718e+00 2.169593318140499960e+01
5.510000000000202292e+00 2.140541084947950878e+01
5.530000000000201865e+00 2.109105085846899996e+01
5.550000000000201439e+00 2.137285088179828563e+01
5.570000000000201013e+00 2.119487521428894183e+01
5.590000000000200586e+00 2.111283810713505460e+01
5.610000000000200160e+00 2.109235879442017136e+01
5.630000000000199734e+00 2.076431182830864230e+01
5.650000000000199307e+00 2.064715066570173718e+01
5.670000000000198881e+00 2.008158774530325630e+01
5.690000000000198455e+00 1.984873798389184429e+01
5.710000000000198028e+00 1.940258606451869383e+01
5.730000000000197602e+00 1.930600473154332875e+01
5.750000000000197176e+00 1.952521503791479418e+01
5.770000000000196749e+00 1.915770335581336070e+01
5.790000000000196323e+00 1.894231533751662511e+01
5.810000000000195897e+00 1.851586652075271644e+01
5.830000000000195470e+00 1.843446769057067414e+01
5.850000000000195044e+00 1.807741154852609000e+01
5.870000000000194618e+00 1.792150350595692743e+01
5.890000000000194191e+00 1.768582608404129175e+01
5.910000000000193765e+00 1.761962936807846702e+01
5.930000000000193339e+00 1.731322286516315145e+01
5.950000000000192912e+00 1.742147570288468117e+01
5.970000000000192486e+00 1.701428585963899565e+01
5.990000000000192060e+00 1.715724301033250399e+01
6.010000000000191633e+00 1.665272333394503335e+01
6.030000000000191207e+00 1.669674409201582677e+01
6.050000000000190781e+00 1.624392973295953624e+01
6.070000000000190354e+00 1.606947031472029508e+01
6.090000000000189928e+00 1.580041014368061170e+01
6.110000000000189502e+00 1.583477575360010192e+01
6.130000000000189075e+00 1.591850894106770298e+01
6.150000000000188649e+00 1.524140298344949507e+01
6.170000000000188223e+00 1.509923615796567731e+01
6.190000000000187796e+00 1.485429306726762633e+01
6.210000000000187370e+00 1.466333338574838052e+01
6.230000000000186944e+00 1.410164744489662603e+01
6.250000000000186517e+00 1.393750902473720465e+01
6.270000000000186091e+00 1.362476344269536987e+01
6.290000000000185665e+00 1.336029941063368653e+01
6.310000000000185238e+00 1.343834504182400025e+01
6.330000000000184812e+00 1.284471147857196627e+01
6.350000000000184386e+00 1.281018404299831914e+01
6.370000000000183960e+00 1.242957979707542648e+01
6.390000000000183533e+00 1.209739672864154159e+01
6.410000000000183107e+00 1.191188435808127011e+01
6.430000000000182681e+00 1.188247074115953161e+01
6.450000000000182254e+00 1.165754432860151013e+01
6.470000000000181828e+00 1.124608740878490565e+01
6.490000000000181402e+00 1.092342050125238373e+01
6.510000000000180975e+00 1.078983076933388041e+01
6.530000000000180549e+00 1.038226508586576280e+01
6.550000000000180123e+00 1.019872921090143159e+01
6.570000000000179696e+00 1.003470325976948985e+01
6.590000000000179270e+00 9.874925551087606834e+00
6.610000000000178844e+00 9.638433610998760059e+00
6.630000000000178417e+00 9.456126228996534877e+00
6.650000000000177991e+00 9.087136413274118141e+00
6.670000000000177565e+00 8.932686874280419076e+00
6.690000000000177138e+00 8.586386798248076602e+00
6.710000000000176712e+00 8.479035501375285833e+00
6.730000000000176286e+00 8.237159346169185881e+00
6.750000000000175859e+00 7.810526160699191145e+00
6.770000000000175433e+00 7.714443557369630611e+00
6.790000000000175007e+00 7.464000815435034575e+00
6.810000000000174580e+00 7.304007816491787430e+00
6.830000000000174154e+00 7.187157577694983424e+00
6.850000000000173728e+00 7.074773993974077690e+00
6.870000000000173301e+00 6.722679708905652696e+00
6.890000000000172875e+00 6.572203567411173175e+00
6.910000000000172449e+00 6.477593825754323298e+00
6.930000000000172022e+00 6.427809915838740729e+00
6.950000000000171596e+00 6.306338610987214821e+00
6.970000000000171170e+00 6.253458096836815194e+00
6.990000000000170743e+00 5.824361846992828440e+00
7.010000000000170317e+00 5.711031031796024671e+00
7.030000000000169891e+00 5.497948072815637133e+00
7.050000000000169464e+00 5.338833342756534428e+00
7.070000000000169038e+00 5.316024549703489477e+00
7.090000000000168612e+00 4.983258502969680315e+00
7.110000000000168185e+00 4.988471746974668442e+00
7.130000000000167759e+00 4.772220156541612468e+00
7.150000000000167333e+00 4.608950257483689583e+00
7.170000000000166906e+00 4.564253630922988414e+00
7.190000000000166480e+00 4.422383314241170815e+00
7.210000000000166054e+00 4.273317288441275785e+00
7.230000000000165628e+00 4.195056269514540581e+00
7.250000000000165201e+00 4.120644092581875029e+00
7.270000000000164775e+00 3.995147567638417385e+00
7.290000000000164349e+00 3.889019259246252691e+00
7.310000000000163922e+00 3.909882664540300645e+00
7.330000000000163496e+00 3.689323070264294291e+00
7.350000000000163070e+00 3.625772554095698652e+00
7.370000000000162643e+00 3.625881198378192671e+00
7.390000000000162217e+00 3.696927236249402782e+00
7.410000000000161791e+00 3.592355412973015749e+00
7.430000000000161364e+00 3.797556541524356177e+00
7.450000000000160938e+00 3.583157729123918500e+00
7.470000000000160512e+00 3.264508319125019487e+00
7.490000000000160085e+00 3.259579546793198279e+00
7.510000000000159659e+00 3.139153169505290997e+00
7.530000000000159233e+00 3.150242386894436475e+00
7.550000000000158806e+00 3.075933219453261813e+00
7.570000000000158380e+00 2.970152791134536674e+00
7.590000000000157954e+00 2.949126963816644409e+00
7.610000000000157527e+00 2.903551713380334576e+00
7.630000000000157101e+00 2.876547861492592784e+00
7.650000000000156675e+00 2.782781327087178180e+00
7.670000000000156248e+00 2.776615451171660087e+00
7.690000000000155822e+00 2.756542218689119306e+00
7.710000000000155396e+00 2.733440517375246959e+00
7.730000000000154969e+00 2.637093961781932894e+00
7.750000000000154543e+00 2.639010702111062479e+00
7.770000000000154117e+00 2.605337239922776771e+00
7.790000000000153690e+00 2.565997703117177231e+00
7.810000000000153264e+00 2.648523144730531520e+00
7.830000000000152838e+00 2.577838998335382215e+00
7.850000000000152411e+00 2.675170019628295037e+00
7.870000000000151985e+00 2.588872370030805836e+00
7.890000000000151559e+00 2.436388085285711824e+00
7.910000000000151132e+00 2.401794411433957332e+00
7.930000000000150706e+00 2.330252851092859956e+00
7.950000000000150280e+00 2.301743042479668322e+00
7.970000000000149853e+00 2.251699151119929798e+00
7.990000000000149427e+00 2.226245419109242896e+00
8.010000000000149001e+00 2.162335512754729461e+00
8.030000000000148574e+00 2.243950209784653538e+00
8.050000000000148148e+00 2.128421684067365316e+00
8.070000000000147722e+00 2.054849971863356384e+00
8.090000000000147296e+00 2.145789555667066750e+00
8.110000000000146869e+00 2.114491922147261338e+00
8.130000000000146443e+00 2.051024603529935320e+00
8.150000000000146017e+00 2.031145034271625516e+00
8.170000000000145590e+00 1.991298529477363966e+00
8.190000000000145164e+00 1.963189623962834585e+00
8.210000000000144738e+00 2.018659287806713554e+00
8.230000000000144311e+00 1.979949525632597407e+00
8.250000000000143885e+00 1.973845922336223691e+00
8.270000000000143459e+00 1.941528527158858708e+00
8.290000000000143032e+00 1.834639709403951269e+00
8.310000000000142606e+00 1.807542338724967834e+00
8.330000000000142180e+00 1.742223349056009951e+00
8.350000000000141753e+00 1.706745974795398357e+00
8.370000000000141327e+00 1.717320404986171445e+00
8.390000000000140901e+00 1.704646918275896095e+00
8.410000000000140474e+00 1.694603102550535478e+00
8.430000000000140048e+00 1.624636003675621332e+00
8.450000000000139622e+00 1.637257542285576850e+00
8.470000000000139195e+00 1.567586852305304701e+00
8.490000000000138769e+00 1.599848482705467534e+00
8.510000000000138343e+00 1.542858242577021866e+00
8.530000000000137916e+00 1.476836458170135424e+00
8.550000000000137490e+00 1.435038824103411548e+00
8.570000000000137064e+00 1.400714821149791955e+00
8.590000000000136637e+00 1.431354437664850154e+00
8.610000000000136211e+00 1.423273364375527761e+00
8.630000000000135785e+00 1.373457770973510961e+00
8.650000000000135358e+00 1.286565650057207799e+00
8.670000000000134932e+00 1.331205335818586910e+00
8.690000000000134506e+00 1.298196778925670758e+00
8.710000000000134079e+00 1.256522067063033044e+00
8.730000000000133653e+00 1.208470215101776546e+00
8.750000000000133227e+00 1.202401784112677507e+00
8.770000000000132800e+00 1.184636976584468870e+00
8.790000000000132374e+00 1.130460152511112870e+00
8.810000000000131948e+00 1.129187699559909497e+00
8.830000000000131521e+00 1.062015837590718714e+00
8.850000000000131095e+00 1.035579516348721585e+00
8.870000000000130669e+00 1.026645212400027152e+00
8.890000000000130242e+00 1.007327872137535607e+00
8.910000000000129816e+00 9.608154778109040395e-01
8.930000000000129390e+00 9.763704316667073391e-01
8.950000000000128964e+00 9.687097553725076970e-01
8.970000000000128537e+00 9.516281909583585996e-01
8.990000000000128111e+00 8.967383318278547844e-01
9.010000000000127685e+00 8.666232409480444376e-01
9.030000000000127258e+00 8.522470963130176491e-01
9.050000000000126832e+00 8.176984044183760458e-01
9.070000000000126406e+00 8.080928905784743321e-01
9.090000000000125979e+00 7.747155628984027098e-01
9.110000000000125553e+00 7.552115667721102099e-01
9.130000000000125127e+00 7.306649219608956081e-01
9.150000000000124700e+00 7.122019274509580056e-01
9.170000000000124274e+00 7.330354784690185088e-01
9.190000000000123848e+00 7.038954042025796776e-01
9.210000000000123421e+00 7.005875290644443254e-01
9.230000000000122995e+00 7.165333030369044343e-01
9.250000000000122569e+00 6.654366534600767435e-01
9.270000000000122142e+00 6.541364343732867237e-01
9.290000000000121716e+00 6.235003695305701976e-01
9.310000000000121290e+00 6.140687151846662140e-01
9.330000000000120863e+00 6.238149430386573657e-01
9.350000000000120437e+00 5.863176991425559370e-01
9.370000000000120011e+00 6.024724068455519221e-01
9.390000000000119584e+00 5.744003523775128572e-01
9.410000000000119158e+00 5.708088274771885295e-01
9.430000000000118732e+00 5.574136525786242968e-01
9.450000000000118305e+00 5.524418826826221762e-01
9.470000000000117879e+00 5.666398343257723624e-01
9.490000000000117453e+00 5.450205209505560866e-01
9.510000000000117026e+00 5.545733473089979881e-01
9.530000000000116600e+00 5.370244769764483950e-01
9.550000000000116174e+00 5.257021763427308647e-01
9.570000000000115747e+00 5.213031964823338082e-01
9.590000000000115321e+00 5.352595699409041785e-01
9.610000000000114895e+00 5.202985434866467251e-01
9.630000000000114468e+00 5.050474962859138328e-01
9.650000000000114042e+00 5.015353433579153863e-01
9.670000000000113616e+00 5.074668386917018381e-01
9.690000000000113189e+00 4.949501266839753111e-01
9.710000000000112763e+00 5.025807802526763846e-01
9.730000000000112337e+00 4.808860899731684513e-01
9.750000000000111910e+00 4.679819736359016047e-01
9.770000000000111484e+00 4.761908803980987592e-01
9.790000000000111058e+00 4.661560517798886139e-01
9.810000000000110632e+00 4.657826696720713811e-01
9.830000000000110205e+00 4.632358612740302695e-01
9.850000000000109779e+00 4.678270570094435477e-01
9.870000000000109353e+00 4.624167405122860397e-01
9.890000000000108926e+00 4.751090189366597438e-01
9.910000000000108500e+00 4.315004266890939966e-01
9.930000000000108074e+00 4.401213845002995284e-01
9.950000000000107647e+00 4.115837797275239129e-01
9.970000000000107221e+00 4.097172000353723753e-01
9.990000000000106795e+00 4.274511632834126496e-01
1.001000000000010637e+01 3.872627847579960259e-01
1.003000000000010594e+01 4.022214287750243700e-01
1.005000000000010552e+01 3.969275758053621428e-01
1.007000000000010509e+01 3.835116728622010585e-01
1.009000000000010466e+01 3.567863503385216850e-01
1.011000000000010424e+01 3.621506774600781742e-01
1.013000000000010381e+01 3.840055306126715640e-01
1.015000000000010338e+01 3.584336337879667767e-01
1.017000000000010296e+01 3.383118774232822257e-01
1.019000000000010253e+01 3.305772917738146188e-01
1.021000000000010210e+01 3.163496810184701635e-01
1.023000000000010168e+01 3.215342320773785789e-01
1.025000000000010125e+01 3.026696142835604841e-01
1.027000000000010083e+01 3.176043282490181863e-01
1.029000000000010040e+01 2.902445497193265611e-01
1.031000000000009997e+01 2.698879651832419291e-01
1.033000000000009955e+01 2.599450281454633305e-01
1.035000000000009912e+01 2.579625257613431533e-01
1.037000000000009869e+01 2.494520336190489129e-01
1.039000000000009827e+01 2.502777800639309769e-01
1.041000000000009784e+01 2.319640113663840597e-01
1.043000000000009742e+01 2.513111368749196273e-01
1.045000000000009699e+01 2.179610418835492558e-01
1.047000000000009656e+01 2.172979062758980395e-01
1.049000000000009614e+01 2.025415581010800992e-01
1.051000000000009571e+01 1.992946589120542511e-01
1.053000000000009528e+01 1.878849332164210517e-01
1.055000000000009486e+01 1.822586078198476234e-01
1.057000000000009443e+01 1.801783963334093464e-01
1.059000000000009400e+01 1.656292478845080018e-01
1.061000000000009358e+01 1.590908472851641497e-01
1.063000000000009315e+01 1.555872733179627376e-01
1.065000000000009273e+01 1.457070123599860934e-01
1.067000000000009230e+01 1.364775125805561540e-01
1.069000000000009187e+01 1.558290480976485259e-01
1.071000000000009145e+01 1.456327745936387419e-01
1.073000000000009102e+01 1.261521089095463122e-01
1.075000000000009059e+01 1.183996435067453529e-01
1.077000000000009017e+01 1.111299420856619730e-01
1.079000000000008974e+01 1.084354868250638065e-01
1.081000000000008932e+01 1.110509658728430910e-01
1.083000000000008889e+01 1.026192837160168209e-01
1.085000000000008846e+01 9.772263599690030056e-02
1.087000000000008804e+01 8.754810660798788280e-02
1.089000000000008761e+01 1.025848570154469924e-01
1.091000000000008718e+01 8.347085506798634924e-02
1.093000000000008676e+01 8.129747756393972125e-02
1.095000000000008633e+01 7.630863322496625467e-02
1.097000000000008590e+01 8.617102119549067962e-02
1.099000000000008548e+01 7.205973819590376361e-02
1.101000000000008505e+01 6.251531501653449785e-02
1.103000000000008463e+01 6.255034985097565614e-02
1.105000000000008420e+01 6.756108113549062766e-02
1.107000000000008377e+01 5.452170870316877527e-02
1.109000000000008335e+01 5.782471183340032184e-02
1.111000000000008292e+01 6.140560335119666507e-02
1.113000000000008249e+01 5.225606027231054912e-02
1.115000000000008207e+01 4.467541631959848214e-02
1.117000000000008164e+01 4.603014618569325339e-02
1.119000000000008122e+01 4.833022774768613861e-02
1.121000000000008079e+01 4.593800760317861415e-02
1.123000000000008036e+01 3.773929077585749109e-02
1.125000000000007994e+01 4.268768331028854890e-02
1.127000000000007951e+01 3.509797565946460446e-02
1.129000000000007908e+01 3.348958383458316979e-02
1.131000000000007866e+01 3.026619907088169345e-02
1.133000000000007823e+01 2.897901897480757369e-02
1.135000000000007780e+01 3.336234239656639400e-02
1.137000000000007738e+01 3.327289482610844978e-02
1.139000000000007695e+01 2.968588122669182927e-02
1.141000000000007653e+01 2.604194930289042628e-02
1.143000000000007610e+01 2.402664063088854121e-02
1.145000000000007567e+01 2.315645489330936738e-02
1.147000000000007525e+01 2.044076570785725508e-02
1.149000000000007482e+01 2.067574113336148600e-02
1.151000000000007439e+01 2.425106782649273998e-02
1.153000000000007397e+01 2.308442862360573014e-02
1.155000000000007354e+01 1.744003663412108454e-02
1.157000000000007311e+01 1.798022030681826686e-02
1.159000000000007269e+01 1.640101964539530596e-02
1.161000000000007226e+01 1.570842576269445429e-02
1.163000000000007184e+01 1.582429724296198145e-02
1.165000000000007141e+01 1.922748466241641641e-02
1.167000000000007098e+01 1.790899916000395636e-02
1.169000000000007056e+01 1.338848595877286524e-02
1.171000000000007013e+01 1.256561446732262777e-02
1.173000000000006970e+01 1.302940458316714442e-02
1.175000000000006928e+01 1.287500274354313849e-02
1.177000000000006885e+01 1.225916274780830713e-02
1.179000000000006843e+01 1.148109731673976203e-02
1.181000000000006800e+01 1.847547427763867808e-02
1.183000000000006757e+01 1.092682867172362765e-02
1.185000000000006715e+01 1.058782012556022320e-02
1.187000000000006672e+01 1.156903840557195993e-02
1.189000000000006629e+01 1.133244466099177228e-02
1.191000000000006587e+01 9.966573655523620900e-03
1.193000000000006544e+01 1.270780320422520461e-02
1.195000000000006501e+01 1.263952413633348884e-02
1.197000000000006459e+01 9.441770165296658676e-03
1.199000000000006416e+01 9.345739302721204483e-03
1.201000000000006374e+01 1.080358619810934707e-02
1.203000000000006331e+01 1.088401598912097645e-02
1.205000000000006288e+01 8.992966543434411861e-03
1.207000000000006246e+01 1.113785367835950189e-02
1.209000000000006203e+01 1.103195766695915479e-02
1.211000000000006160e+01 8.553816248313304491e-03
1.213000000000006118e+01 8.482691047815401481e-03
1.215000000000006075e+01 1.068601911249997087e-02
1.217000000000006033e+01 1.076492347123749090e-02
1.219000000000005990e+01 9.994274823329544338e-03
1.221000000000005947e+01 9.924087525469277304e-03
1.223000000000005905e+01 8.133250669602484426e-03
1.225000000000005862e+01 8.068614052085795740e-03
1.227000000000005819e+01 1.070969215189589152e-02
1.229000000000005777e+01 1.077356023454060716e-02
1.231000000000005734e+01 8.024267651948887095e-03
1.233000000000005691e+01 8.958050370649763006e-03
1.235000000000005649e+01 8.923426841290070521e-03
1.237000000000005606e+01 7.754475477229347442e-03
1.239000000000005564e+01 7.721905419341730005e-03
1.241000000000005521e+01 1.073654879103148711e-02
1.243000000000005478e+01 1.076596760692218741e-02
1.245000000000005436e+01 8.250985139881596500e-03
1.247000000000005393e+01 7.572354271194003776e-03
1.249000000000005350e+01 8.135747079072544116e-03
1.251000000000005308e+01 7.453186222126184299e-03
1.253000000000005265e+01 1.067091721232379768e-02
1.255000000000005222e+01 1.066751103883100890e-02
1.257000000000005180e+01 7.696232421840826059e-03
1.259000000000005137e+01 7.303587859463669778e-03
1.261000000000005095e+01 7.599619789419788385e-03
1.263000000000005052e+01 7.206312803755192918e-03
1.265000000000005009e+01 7.175248402043408504e-03
1.267000000000004967e+01 1.048483720307171949e-02
1.269000000000004924e+01 1.061462960184806313e-02
1.271000000000004881e+01 7.047265585632381604e-03
1.273000000000004839e+01 7.015214389496256080e-03
1.275000000000004796e+01 7.131673791881345051e-03
1.277000000000004754e+01 6.935555294692093142e-03
1.279000000000004711e+01 1.023507027179287876e-02
1.281000000000004668e+01 1.025773228855467872e-02
1.283000000000004626e+01 6.800541499160897736e-03
1.285000000000004583e+01 6.769470148309747817e-03
1.287000000000004540e+01 6.804910216689990556e-03
1.289000000000004498e+01 6.699792712062675737e-03
1.291000000000004455e+01 9.937978216939169843e-03
1.293000000000004412e+01 9.907066293680205984e-03
1.295000000000004370e+01 6.562268111334824613e-03
1.297000000000004327e+01 6.532267991812449465e-03
1.299000000000004285e+01 6.529122044548820412e-03
1.301000000000004242e+01 6.469153018655067998e-03
1.303000000000004199e+01 9.618852579296515923e-03
1.305000000000004157e+01 9.564959364963350821e-03
1.307000000000004114e+01 6.332759320824126251e-03
1.309000000000004071e+01 6.303909644643711577e-03
1.311000000000004029e+01 6.284869369964018841e-03
1.313000000000003986e+01 6.245249104431292199e-03
1.315000000000003944e+01 9.295416006820080013e-03
1.317000000000003901e+01 9.233839812076091030e-03
1.319000000000003858e+01 6.112400167195501839e-03
1.321000000000003816e+01 6.084733816024609152e-03
1.323000000000003773e+01 6.060348072416414135e-03
1.325000000000003730e+01 6.029355136941983058e-03
1.327000000000003688e+01 8.979093708289476172e-03
1.329000000000003645e+01 8.913920932295704702e-03
1.331000000000003602e+01 5.901258096097272005e-03
1.333000000000003560e+01 5.874767190100179011e-03
1.335000000000003517e+01 5.849330720088509461e-03
1.337000000000003475e+01 5.822072991311984073e-03
1.339000000000003432e+01 8.671048571539500399e-03
1.341000000000003389e+01 8.609289331970408632e-03
1.343000000000003347e+01 5.699140612353428489e-03
1.345000000000003304e+01 5.673789523410076828e-03
1.347000000000003261e+01 5.648815021599622004e-03
1.349000000000003219e+01 8.413081240691271806e-03
1.351000000000003176e+01 5.576584851340363538e-03
1.353000000000003133e+01 8.316883762940294883e-03
1.355000000000003091e+01 5.505703848786453261e-03
1.357000000000003048e+01 5.481443080926473761e-03
1.359000000000003006e+01 5.457372014692402074e-03
1.361000000000002963e+01 8.128806071903412617e-03
1.363000000000002920e+01 8.072085709809542417e-03
1.365000000000002878e+01 5.343897373655954498e-03
1.367000000000002835e+01 5.320543726651528506e-03
1.369000000000002792e+01 5.297333924073380738e-03
1.371000000000002750e+01 5.274227875043286350e-03
1.373000000000002707e+01 7.856603604996598156e-03
1.375000000000002665e+01 7.802300786454098754e-03
1.377000000000002622e+01 5.165610497213999307e-03
1.379000000000002579e+01 5.143248122092440762e-03
1.381000000000002537e+01 5.121012841777823968e-03
1.383000000000002494e+01 7.628797796686566206e-03
1.385000000000002451e+01 7.576484978801293138e-03
1.387000000000002409e+01 5.016379505439475493e-03
1.389000000000002366e+01 4.994840161210716174e-03
1.391000000000002323e+01 4.973419223344347113e-03
1.393000000000002281e+01 4.952113908601622067e-03
1.395000000000002238e+01 4.930925899547427063e-03
1.397000000000002196e+01 8.953347815049995075e-16
1.399000000000002153e+01 6.146125432278653693e-16
1.401000000000002110e+01 3.033995760834968416e-16
1.403000000000002068e+01 2.066295101972305415e-16
1.405000000000002025e+01 1.558949515210848033e-16
1.407000000000001982e+01 9.024586689977374961e-17
1.409000000000001940e+01 7.560379573295541054e-17
1.411000000000001897e+01 3.509898052188108685e-17
1.413000000000001855e+01 2.693234883342092837e-17
1.415000000000001812e+01 1.826990738588019552e-17
1.417000000000001769e+01 8.786578276661827793e-18
1.419000000000001727e+01 6.120665434234782541e-18
1.421000000000001684e+01 4.346260590916618149e-18
1.423000000000001641e+01 2.315845391745796808e-18
1.425000000000001599e+01 1.155075220592297240e-18
1.427000000000001556e+01 5.772216387190280367e-19
1.429000000000001513e+01 0.000000000000000000e+00
1.431000000000001471e+01 0.000000000000000000e+00
1.433000000000001428e+01 0.000000000000000000e+00
1.435000000000001386e+01 0.000000000000000000e+00
1.437000000000001343e+01 0.000000000000000000e+00
1.439000000000001300e+01 0.000000000000000000e+00
1.441000000000001258e+01 0.000000000000000000e+00
1.443000000000001215e+01 0.000000000000000000e+00
1.445000000000001172e+01 0.000000000000000000e+00
1.447000000000001130e+01 0.000000000000000000e+00
1.449000000000001087e+01 0.000000000000000000e+00
1.451000000000001044e+01 0.000000000000000000e+00
1.453000000000001002e+01 0.000000000000000000e+00
1.455000000000000959e+01 0.000000000000000000e+00
1.457000000000000917e+01 0.000000000000000000e+00
1.459000000000000874e+01 0.000000000000000000e+00
1.461000000000000831e+01 0.000000000000000000e+00
1.463000000000000789e+01 0.000000000000000000e+00
1.465000000000000746e+01 0.000000000000000000e+00
1.467000000000000703e+01 0.000000000000000000e+00
1.469000000000000661e+01 0.000000000000000000e+00
1.471000000000000618e+01 0.000000000000000000e+00
1.473000000000000576e+01 0.000000000000000000e+00
1.475000000000000533e+01 0.000000000000000000e+00
1.477000000000000490e+01 0.000000000000000000e+00
1.479000000000000448e+01 0.000000000000000000e+00
1.481000000000000405e+01 0.000000000000000000e+00
1.483000000000000362e+01 0.000000000000000000e+00
1.485000000000000320e+01 0.000000000000000000e+00
1.487000000000000277e+01 0.000000000000000000e+00
1.489000000000000234e+01 0.000000000000000000e+00
1.491000000000000192e+01 0.000000000000000000e+00
1.493000000000000149e+01 0.000000000000000000e+00
1.495000000000000107e+01 0.000000000000000000e+00
1.497000000000000064e+01 0.000000000000000000e+00
1.499000000000000021e+01 0.000000000000000000e+00
