# Redshift		Merger Rate Density [Gpc^-3yr^-1]
1.000000000031931770e-02 5.504294597961714430e+01
3.000000000031888964e-02 5.814129467783142502e+01
5.000000000031846331e-02 6.059384881970842684e+01
7.000000000031804392e-02 6.316781146731772623e+01
9.000000000031761760e-02 6.588685798338819666e+01
1.100000000003171913e-01 6.871258503658069117e+01
1.300000000003167511e-01 7.170658712880789665e+01
1.500000000003163247e-01 7.485930158179316152e+01
1.700000000003158984e-01 7.810773204558303462e+01
1.900000000003154721e-01 8.136184955803602747e+01
2.100000000003150458e-01 8.462928767014831521e+01
2.300000000003146194e-01 8.804960844999314418e+01
2.500000000003141931e-01 9.162066243836538604e+01
2.700000000003137668e-01 9.527136928754293876e+01
2.900000000003133405e-01 9.886655495552567174e+01
3.100000000003129141e-01 1.024829690294059787e+02
3.300000000003124878e-01 1.063019506819988749e+02
3.500000000003120615e-01 1.099939578271908829e+02
3.700000000003116352e-01 1.135589234083626167e+02
3.900000000003112088e-01 1.176863943762812852e+02
4.100000000003107825e-01 1.215619018601238110e+02
4.300000000003103562e-01 1.258372054612517843e+02
4.500000000003099299e-01 1.297578025659741172e+02
4.700000000003095035e-01 1.338714145678202385e+02
4.900000000003090772e-01 1.380584373881360989e+02
5.100000000003086509e-01 1.423462528897194659e+02
5.300000000003082246e-01 1.463650850388288518e+02
5.500000000003077982e-01 1.506231211073682346e+02
5.700000000003073719e-01 1.547890760171210900e+02
5.900000000003069456e-01 1.591213068055276949e+02
6.100000000003065193e-01 1.638836093896584032e+02
6.300000000003060929e-01 1.679579443900429965e+02
6.500000000003056666e-01 1.726022421440340224e+02
6.700000000003052403e-01 1.769386863124827869e+02
6.900000000003048140e-01 1.814660325232510161e+02
7.100000000003043876e-01 1.862536888066293841e+02
7.300000000003039613e-01 1.906580696727117186e+02
7.500000000003035350e-01 1.949511675229256582e+02
7.700000000003031086e-01 1.995307133260336343e+02
7.900000000003026823e-01 2.042574816463327636e+02
8.100000000003022560e-01 2.086639974091550300e+02
8.300000000003018297e-01 2.133359241109989739e+02
8.500000000003014033e-01 2.179043267493534302e+02
8.700000000003009770e-01 2.232124861413052770e+02
8.900000000003005507e-01 2.273753629299208683e+02
9.100000000003001244e-01 2.315930716375642930e+02
9.300000000002996980e-01 2.366494582813475915e+02
9.500000000002992717e-01 2.407483869773653282e+02
9.700000000002988454e-01 2.456973809780783711e+02
9.900000000002984191e-01 2.496484626640516353e+02
1.010000000000297993e+00 2.545893339086404694e+02
1.030000000000297566e+00 2.591195738949489282e+02
1.050000000000297140e+00 2.637558905990665608e+02
1.070000000000296714e+00 2.675948553213722789e+02
1.090000000000296287e+00 2.721004636092000055e+02
1.110000000000295861e+00 2.760117478609001296e+02
1.130000000000295435e+00 2.806519986498141748e+02
1.150000000000295008e+00 2.838185787027336460e+02
1.170000000000294582e+00 2.891764099266345056e+02
1.190000000000294156e+00 2.919385595444636010e+02
1.210000000000293729e+00 2.953253510775022619e+02
1.230000000000293303e+00 2.994638002748505414e+02
1.250000000000292877e+00 3.022460356132777974e+02
1.270000000000292451e+00 3.072146225104905284e+02
1.290000000000292024e+00 3.100624011759125551e+02
1.310000000000291598e+00 3.139045468925659179e+02
1.330000000000291172e+00 3.158089768160525637e+02
1.350000000000290745e+00 3.198672110775884221e+02
1.370000000000290319e+00 3.230093300763554680e+02
1.390000000000289893e+00 3.254381178710625022e+02
1.410000000000289466e+00 3.286563344759692313e+02
1.430000000000289040e+00 3.314875312835183081e+02
1.450000000000288614e+00 3.334369353270260490e+02
1.470000000000288187e+00 3.352538769764731228e+02
1.490000000000287761e+00 3.372144419457540607e+02
1.510000000000287335e+00 3.396909606351556477e+02
1.530000000000286908e+00 3.412353490480560367e+02
1.550000000000286482e+00 3.428448817904488806e+02
1.570000000000286056e+00 3.434486862630466248e+02
1.590000000000285629e+00 3.476938396761658510e+02
1.610000000000285203e+00 3.471089574586040385e+02
1.630000000000284777e+00 3.479890135952854848e+02
1.650000000000284350e+00 3.490147575256028176e+02
1.670000000000283924e+00 3.486348197977335417e+02
1.690000000000283498e+00 3.503775580252986970e+02
1.710000000000283071e+00 3.502841813405153744e+02
1.730000000000282645e+00 3.499936658929654527e+02
1.750000000000282219e+00 3.514562649557952341e+02
1.770000000000281792e+00 3.505392835851682776e+02
1.790000000000281366e+00 3.538166284392384568e+02
1.810000000000280940e+00 3.545462389086537200e+02
1.830000000000280513e+00 3.500902707110756751e+02
1.850000000000280087e+00 3.469769202274022177e+02
1.870000000000279661e+00 3.461496323631647556e+02
1.890000000000279234e+00 3.466540796513455689e+02
1.910000000000278808e+00 3.431525556727789876e+02
1.930000000000278382e+00 3.429164591465208787e+02
1.950000000000277955e+00 3.417653007015690605e+02
1.970000000000277529e+00 3.381063729640589486e+02
1.990000000000277103e+00 3.364249425432045086e+02
2.010000000000276899e+00 3.339030578559672335e+02
2.030000000000276472e+00 3.319870043360095337e+02
2.050000000000276046e+00 3.292280125460857789e+02
2.070000000000275620e+00 3.257171437933789662e+02
2.090000000000275193e+00 3.234647017533821440e+02
2.110000000000274767e+00 3.210349933852479012e+02
2.130000000000274341e+00 3.172211202691779590e+02
2.150000000000273914e+00 3.136098661474944720e+02
2.170000000000273488e+00 3.110787752299380031e+02
2.190000000000273062e+00 3.090672918057378524e+02
2.210000000000272635e+00 3.051341960100449455e+02
2.230000000000272209e+00 3.007485459103853600e+02
2.250000000000271783e+00 2.971212949579663700e+02
2.270000000000271356e+00 2.946039418874634066e+02
2.290000000000270930e+00 2.915259781029017745e+02
2.310000000000270504e+00 2.896299142713853030e+02
2.330000000000270077e+00 2.853272648960999049e+02
2.350000000000269651e+00 2.808934679269111143e+02
2.370000000000269225e+00 2.774732435342359054e+02
2.390000000000268798e+00 2.729498596076248873e+02
2.410000000000268372e+00 2.697059139528665810e+02
2.430000000000267946e+00 2.660077664755404498e+02
2.450000000000267519e+00 2.634024359666915984e+02
2.470000000000267093e+00 2.599178390494379300e+02
2.490000000000266667e+00 2.578341815015596694e+02
2.510000000000266240e+00 2.542181762704631751e+02
2.530000000000265814e+00 2.509131497752121334e+02
2.550000000000265388e+00 2.461910814776000223e+02
2.570000000000264961e+00 2.424533815247842767e+02
2.590000000000264535e+00 2.394051699865422336e+02
2.610000000000264109e+00 2.352128695510184002e+02
2.630000000000263682e+00 2.313577253078146896e+02
2.650000000000263256e+00 2.270799030203322673e+02
2.670000000000262830e+00 2.220911490867268583e+02
2.690000000000262403e+00 2.179605628955881684e+02
2.710000000000261977e+00 2.132622459843464640e+02
2.730000000000261551e+00 2.097543020431734817e+02
2.750000000000261124e+00 2.052941626449889441e+02
2.770000000000260698e+00 2.021168867450797393e+02
2.790000000000260272e+00 1.988884047827161794e+02
2.810000000000259845e+00 1.952647488605852573e+02
2.830000000000259419e+00 1.919365239715926919e+02
2.850000000000258993e+00 1.889198837033430891e+02
2.870000000000258567e+00 1.853482790198510202e+02
2.890000000000258140e+00 1.823443432547104237e+02
2.910000000000257714e+00 1.792438576977631897e+02
2.930000000000257288e+00 1.762455833428931271e+02
2.950000000000256861e+00 1.736318769289679835e+02
2.970000000000256435e+00 1.702037269572275306e+02
2.990000000000256009e+00 1.676503326552512760e+02
3.010000000000255582e+00 1.642597058066887428e+02
3.030000000000255156e+00 1.623593958433062312e+02
3.050000000000254730e+00 1.587666316369456752e+02
3.070000000000254303e+00 1.561864136204065971e+02
3.090000000000253877e+00 1.533483737783861045e+02
3.110000000000253451e+00 1.507477865213657822e+02
3.130000000000253024e+00 1.486243920833776144e+02
3.150000000000252598e+00 1.455475306538272378e+02
3.170000000000252172e+00 1.430526173228900859e+02
3.190000000000251745e+00 1.404802997877434052e+02
3.210000000000251319e+00 1.381458390592465832e+02
3.230000000000250893e+00 1.364478227695932446e+02
3.250000000000250466e+00 1.341092020136178462e+02
3.270000000000250040e+00 1.315959286422193486e+02
3.290000000000249614e+00 1.300695863609385583e+02
3.310000000000249187e+00 1.280737311952511561e+02
3.330000000000248761e+00 1.265097831027007800e+02
3.350000000000248335e+00 1.255722292738456076e+02
3.370000000000247908e+00 1.239204931243260717e+02
3.390000000000247482e+00 1.219556719567759160e+02
3.410000000000247056e+00 1.191296855005076480e+02
3.430000000000246629e+00 1.172224094803085848e+02
3.450000000000246203e+00 1.141405842239236108e+02
3.470000000000245777e+00 1.121449596713083992e+02
3.490000000000245350e+00 1.097612758125426495e+02
3.510000000000244924e+00 1.091807289403140260e+02
3.530000000000244498e+00 1.068174466414075283e+02
3.550000000000244071e+00 1.052037610068454825e+02
3.570000000000243645e+00 1.031289754215451495e+02
3.590000000000243219e+00 1.018446486876367487e+02
3.610000000000242792e+00 1.001928799168994573e+02
3.630000000000242366e+00 9.790856124519733328e+01
3.650000000000241940e+00 9.608399856792165394e+01
3.670000000000241513e+00 9.509256737220511013e+01
3.690000000000241087e+00 9.329536398684791720e+01
3.710000000000240661e+00 9.189681077072825133e+01
3.730000000000240234e+00 9.053263565368564514e+01
3.750000000000239808e+00 8.905594371961144873e+01
3.770000000000239382e+00 8.747356476857324026e+01
3.790000000000238956e+00 8.642022235734800972e+01
3.810000000000238529e+00 8.513329475818117942e+01
3.830000000000238103e+00 8.362185380012746805e+01
3.850000000000237677e+00 8.275966723111370982e+01
3.870000000000237250e+00 8.136625074687268011e+01
3.890000000000236824e+00 8.022470193454626042e+01
3.910000000000236398e+00 7.896774216646026900e+01
3.930000000000235971e+00 7.755074114852354228e+01
3.950000000000235545e+00 7.699706287840264451e+01
3.970000000000235119e+00 7.573939796901187549e+01
3.990000000000234692e+00 7.466846571029064705e+01
4.010000000000234266e+00 7.347467536142204381e+01
4.030000000000233840e+00 7.232766366404460712e+01
4.050000000000233413e+00 7.123049563189023559e+01
4.070000000000232987e+00 7.054715659263244731e+01
4.090000000000232561e+00 6.998807907856563304e+01
4.110000000000232134e+00 6.916291759254595206e+01
4.130000000000231708e+00 6.864841969839901026e+01
4.150000000000231282e+00 6.785277689607320895e+01
4.170000000000230855e+00 6.693157361988346565e+01
4.190000000000230429e+00 6.671650987488041551e+01
4.210000000000230003e+00 6.621209392984626163e+01
4.230000000000229576e+00 6.521673703545469891e+01
4.250000000000229150e+00 6.467027166111822112e+01
4.270000000000228724e+00 6.438959382017816324e+01
4.290000000000228297e+00 6.325611917236940940e+01
4.310000000000227871e+00 6.250818177330224756e+01
4.330000000000227445e+00 6.209685591314358533e+01
4.350000000000227018e+00 6.210591077162172979e+01
4.370000000000226592e+00 6.107180428768754865e+01
4.390000000000226166e+00 6.088070024063820540e+01
4.410000000000225739e+00 6.019020255076924286e+01
4.430000000000225313e+00 5.977008293983054443e+01
4.450000000000224887e+00 5.875714191124625785e+01
4.470000000000224460e+00 5.888005898499391577e+01
4.490000000000224034e+00 5.797327695137075665e+01
4.510000000000223608e+00 5.763554955956214343e+01
4.530000000000223181e+00 5.779036582912230102e+01
4.550000000000222755e+00 5.700467575030489797e+01
4.570000000000222329e+00 5.586796207981983997e+01
4.590000000000221902e+00 5.611411932242970835e+01
4.610000000000221476e+00 5.497292613610562029e+01
4.630000000000221050e+00 5.410571700728595346e+01
4.650000000000220624e+00 5.376328224181476401e+01
4.670000000000220197e+00 5.337779995436401492e+01
4.690000000000219771e+00 5.285953619333914588e+01
4.710000000000219345e+00 5.245375372197831609e+01
4.730000000000218918e+00 5.208745489430526732e+01
4.750000000000218492e+00 5.130190724443754391e+01
4.770000000000218066e+00 5.126119437237678511e+01
4.790000000000217639e+00 5.087849249322700018e+01
4.810000000000217213e+00 5.075630696206192738e+01
4.830000000000216787e+00 4.995931915357604680e+01
4.850000000000216360e+00 4.971984524633688096e+01
4.870000000000215934e+00 4.910316827943756124e+01
4.890000000000215508e+00 4.901919607277618951e+01
4.910000000000215081e+00 4.844517035550763495e+01
4.930000000000214655e+00 4.822955818309024778e+01
4.950000000000214229e+00 4.828542105940717732e+01
4.970000000000213802e+00 4.799194788330411399e+01
4.990000000000213376e+00 4.741025939031022318e+01
5.010000000000212950e+00 4.747700464285434663e+01
5.030000000000212523e+00 4.680327831755381141e+01
5.050000000000212097e+00 4.626535364306845821e+01
5.070000000000211671e+00 4.585060421914297279e+01
5.090000000000211244e+00 4.557960863620891701e+01
5.110000000000210818e+00 4.527395063948087994e+01
5.130000000000210392e+00 4.547463412756921031e+01
5.150000000000209965e+00 4.491032849693434770e+01
5.170000000000209539e+00 4.476418162017268543e+01
5.190000000000209113e+00 4.476497298857957929e+01
5.210000000000208686e+00 4.420144024467714416e+01
5.230000000000208260e+00 4.351024316836029726e+01
5.250000000000207834e+00 4.373492536223496785e+01
5.270000000000207407e+00 4.309637411859978329e+01
5.290000000000206981e+00 4.330666253435099122e+01
5.310000000000206555e+00 4.280243918194094732e+01
5.330000000000206128e+00 4.247937005969632906e+01
5.350000000000205702e+00 4.192316345354802110e+01
5.370000000000205276e+00 4.165801286911645462e+01
5.390000000000204849e+00 4.123353684544704834e+01
5.410000000000204423e+00 4.087040263989078426e+01
5.430000000000203997e+00 4.024034106653209619e+01
5.450000000000203570e+00 3.984310578046786588e+01
5.470000000000203144e+00 3.969638551648950653e+01
5.490000000000202718e+00 3.957285427235843400e+01
5.510000000000202292e+00 3.916911770719462993e+01
5.530000000000201865e+00 3.876737456334976883e+01
5.550000000000201439e+00 3.862650054822768197e+01
5.570000000000201013e+00 3.826102119817046088e+01
5.590000000000200586e+00 3.828344944357827018e+01
5.610000000000200160e+00 3.791699428632484370e+01
5.630000000000199734e+00 3.759370451825488146e+01
5.650000000000199307e+00 3.718498066909715050e+01
5.670000000000198881e+00 3.666468526716176513e+01
5.690000000000198455e+00 3.585474766486635190e+01
5.710000000000198028e+00 3.541556244844269941e+01
5.730000000000197602e+00 3.515469772587107400e+01
5.750000000000197176e+00 3.478265555534318310e+01
5.770000000000196749e+00 3.443403270619290879e+01
5.790000000000196323e+00 3.404170154848520014e+01
5.810000000000195897e+00 3.362180261543412740e+01
5.830000000000195470e+00 3.374784530008817995e+01
5.850000000000195044e+00 3.330951114203973873e+01
5.870000000000194618e+00 3.266182405029712754e+01
5.890000000000194191e+00 3.214397375494338860e+01
5.910000000000193765e+00 3.191663161996286036e+01
5.930000000000193339e+00 3.142909232742639603e+01
5.950000000000192912e+00 3.121547332456889023e+01
5.970000000000192486e+00 3.093128576808923569e+01
5.990000000000192060e+00 3.084465563587276549e+01
6.010000000000191633e+00 3.008074461176842718e+01
6.030000000000191207e+00 2.988905106224282449e+01
6.050000000000190781e+00 2.953268037711459471e+01
6.070000000000190354e+00 2.880848659032564640e+01
6.090000000000189928e+00 2.884146574156041609e+01
6.110000000000189502e+00 2.844801639329916654e+01
6.130000000000189075e+00 2.813819341606088287e+01
6.150000000000188649e+00 2.773520704185016328e+01
6.170000000000188223e+00 2.770944279745289762e+01
6.190000000000187796e+00 2.726764670910801058e+01
6.210000000000187370e+00 2.665264614617062122e+01
6.230000000000186944e+00 2.634227307965626608e+01
6.250000000000186517e+00 2.523318646006936561e+01
6.270000000000186091e+00 2.509755156479609184e+01
6.290000000000185665e+00 2.471379334222487500e+01
6.310000000000185238e+00 2.462334981768421471e+01
6.330000000000184812e+00 2.394429678488780056e+01
6.350000000000184386e+00 2.353979088864682012e+01
6.370000000000183960e+00 2.305773317837236647e+01
6.390000000000183533e+00 2.284917498985452866e+01
6.410000000000183107e+00 2.280993589396998900e+01
6.430000000000182681e+00 2.224258403493628222e+01
6.450000000000182254e+00 2.130662900696709627e+01
6.470000000000181828e+00 2.073972613274358423e+01
6.490000000000181402e+00 2.054070480776260510e+01
6.510000000000180975e+00 1.996365568251214384e+01
6.530000000000180549e+00 1.991722538284671629e+01
6.550000000000180123e+00 1.933793385764667150e+01
6.570000000000179696e+00 1.927098099083039529e+01
6.590000000000179270e+00 1.866186441387946005e+01
6.610000000000178844e+00 1.866932719632997717e+01
6.630000000000178417e+00 1.821684993889844506e+01
6.650000000000177991e+00 1.765978286170774680e+01
6.670000000000177565e+00 1.734664880834620249e+01
6.690000000000177138e+00 1.693590282031781769e+01
6.710000000000176712e+00 1.643509381039527639e+01
6.730000000000176286e+00 1.616625406603592197e+01
6.750000000000175859e+00 1.555717796173464684e+01
6.770000000000175433e+00 1.528987273467772212e+01
6.790000000000175007e+00 1.507017799998149066e+01
6.810000000000174580e+00 1.481221197765831654e+01
6.830000000000174154e+00 1.436524284201688495e+01
6.850000000000173728e+00 1.393454424346718667e+01
6.870000000000173301e+00 1.362757573007412404e+01
6.890000000000172875e+00 1.371260471714724538e+01
6.910000000000172449e+00 1.353504270872056381e+01
6.930000000000172022e+00 1.328663182955731692e+01
6.950000000000171596e+00 1.290556696548227222e+01
6.970000000000171170e+00 1.228862091625258834e+01
6.990000000000170743e+00 1.202982835969715936e+01
7.010000000000170317e+00 1.184542480929288999e+01
7.030000000000169891e+00 1.152929243757472655e+01
7.050000000000169464e+00 1.156960064939636545e+01
7.070000000000169038e+00 1.116823667358714012e+01
7.090000000000168612e+00 1.103252032208169098e+01
7.110000000000168185e+00 1.057977445638666403e+01
7.130000000000167759e+00 1.034919279817338733e+01
7.150000000000167333e+00 1.017132728975882294e+01
7.170000000000166906e+00 9.954701632160462665e+00
7.190000000000166480e+00 9.591677778346294758e+00
7.210000000000166054e+00 9.409999612858420903e+00
7.230000000000165628e+00 9.120863345252047338e+00
7.250000000000165201e+00 8.869603883692356305e+00
7.270000000000164775e+00 8.818866920574098600e+00
7.290000000000164349e+00 8.585094955493847380e+00
7.310000000000163922e+00 8.373264119456612420e+00
7.330000000000163496e+00 8.290695808232571906e+00
7.350000000000163070e+00 8.375425235709043292e+00
7.370000000000162643e+00 8.315515768503761507e+00
7.390000000000162217e+00 8.270047592483919630e+00
7.410000000000161791e+00 8.175773425723203758e+00
7.430000000000161364e+00 7.815750305353357241e+00
7.450000000000160938e+00 7.605896227893096828e+00
7.470000000000160512e+00 7.407527843359331676e+00
7.490000000000160085e+00 7.477132553590181807e+00
7.510000000000159659e+00 7.274394158868156879e+00
7.530000000000159233e+00 6.964375534152691394e+00
7.550000000000158806e+00 6.823309578618854232e+00
7.570000000000158380e+00 6.711674370485864571e+00
7.590000000000157954e+00 6.673645587633676435e+00
7.610000000000157527e+00 6.380120234941911939e+00
7.630000000000157101e+00 6.157411029167783489e+00
7.650000000000156675e+00 6.053916137528178254e+00
7.670000000000156248e+00 6.064823266349426589e+00
7.690000000000155822e+00 5.920762508056988338e+00
7.710000000000155396e+00 5.844826492529421991e+00
7.730000000000154969e+00 5.679171687460436324e+00
7.750000000000154543e+00 5.641921840721307646e+00
7.770000000000154117e+00 5.685615051228721128e+00
7.790000000000153690e+00 5.720766418202780201e+00
7.810000000000153264e+00 5.732444000364540493e+00
7.830000000000152838e+00 5.635505708425030846e+00
7.850000000000152411e+00 5.381618096740503177e+00
7.870000000000151985e+00 5.201645964462736416e+00
7.890000000000151559e+00 5.041685034895447615e+00
7.910000000000151132e+00 4.958256748008886383e+00
7.930000000000150706e+00 4.800514461886169038e+00
7.950000000000150280e+00 4.622685005524448165e+00
7.970000000000149853e+00 4.520082212331003824e+00
7.990000000000149427e+00 4.380430609970622058e+00
8.010000000000149001e+00 4.363731306358698880e+00
8.030000000000148574e+00 4.199648219119150205e+00
8.050000000000148148e+00 4.104696281870806374e+00
8.070000000000147722e+00 4.112613319285411073e+00
8.090000000000147296e+00 4.002334300193981065e+00
8.110000000000146869e+00 3.903538441603464637e+00
8.130000000000146443e+00 3.799721180566771661e+00
8.150000000000146017e+00 3.759726200816202901e+00
8.170000000000145590e+00 3.769728957241814449e+00
8.190000000000145164e+00 3.734618004833924143e+00
8.210000000000144738e+00 3.655565331297807141e+00
8.230000000000144311e+00 3.603763703060976376e+00
8.250000000000143885e+00 3.383110432577485227e+00
8.270000000000143459e+00 3.240439592451879847e+00
8.290000000000143032e+00 3.172779659743543146e+00
8.310000000000142606e+00 3.053900044024028926e+00
8.330000000000142180e+00 2.927727813009236346e+00
8.350000000000141753e+00 2.893565045421812254e+00
8.370000000000141327e+00 2.842814359722351192e+00
8.390000000000140901e+00 2.746601599988220510e+00
8.410000000000140474e+00 2.691346138680319910e+00
8.430000000000140048e+00 2.616919623762929525e+00
8.450000000000139622e+00 2.558168625459864565e+00
8.470000000000139195e+00 2.500399778302175413e+00
8.490000000000138769e+00 2.414543025333404813e+00
8.510000000000138343e+00 2.374534802366798480e+00
8.530000000000137916e+00 2.310626009610550646e+00
8.550000000000137490e+00 2.303808407932432356e+00
8.570000000000137064e+00 2.222131739972990960e+00
8.590000000000136637e+00 2.200534939763959752e+00
8.610000000000136211e+00 2.122616622636186889e+00
8.630000000000135785e+00 1.996423153955287466e+00
8.650000000000135358e+00 1.982944676341495516e+00
8.670000000000134932e+00 1.968443222679322924e+00
8.690000000000134506e+00 1.877407555295283581e+00
8.710000000000134079e+00 1.830905971327820625e+00
8.730000000000133653e+00 1.769642942329019419e+00
8.750000000000133227e+00 1.732545935573090112e+00
8.770000000000132800e+00 1.679748469222584584e+00
8.790000000000132374e+00 1.636258294328906349e+00
8.810000000000131948e+00 1.577904720667949068e+00
8.830000000000131521e+00 1.555108728463477918e+00
8.850000000000131095e+00 1.510244030019048944e+00
8.870000000000130669e+00 1.540627540123786110e+00
8.890000000000130242e+00 1.507357391048568251e+00
8.910000000000129816e+00 1.430499166790162313e+00
8.930000000000129390e+00 1.492441465762110120e+00
8.950000000000128964e+00 1.433567083401113829e+00
8.970000000000128537e+00 1.384727806459576493e+00
8.990000000000128111e+00 1.365359996759700323e+00
9.010000000000127685e+00 1.341297112770059918e+00
9.030000000000127258e+00 1.280965976412279383e+00
9.050000000000126832e+00 1.264497844799052251e+00
9.070000000000126406e+00 1.221586400772916470e+00
9.090000000000125979e+00 1.218565786249959260e+00
9.110000000000125553e+00 1.216640342617867798e+00
9.130000000000125127e+00 1.179914537982343914e+00
9.150000000000124700e+00 1.186211749931344706e+00
9.170000000000124274e+00 1.172982233670964991e+00
9.190000000000123848e+00 1.171649060709190282e+00
9.210000000000123421e+00 1.210469067254140274e+00
9.230000000000122995e+00 1.151322508224662311e+00
9.250000000000122569e+00 1.145200430991351048e+00
9.270000000000122142e+00 1.117230353170862056e+00
9.290000000000121716e+00 1.113213888967176990e+00
9.310000000000121290e+00 1.109910910439894316e+00
9.330000000000120863e+00 1.119497136812952931e+00
9.350000000000120437e+00 1.102590521558624026e+00
9.370000000000120011e+00 1.107872373637711183e+00
9.390000000000119584e+00 1.102542084946859235e+00
9.410000000000119158e+00 1.102286298297854072e+00
9.430000000000118732e+00 1.079405027404423567e+00
9.450000000000118305e+00 1.090765691070283872e+00
9.470000000000117879e+00 1.098725501454467013e+00
9.490000000000117453e+00 1.091790672518470062e+00
9.510000000000117026e+00 1.075301932749861189e+00
9.530000000000116600e+00 1.106353587069575317e+00
9.550000000000116174e+00 1.053664046735375726e+00
9.570000000000115747e+00 1.081436647569380849e+00
9.590000000000115321e+00 1.079299149405096525e+00
9.610000000000114895e+00 1.095676268690227495e+00
9.630000000000114468e+00 1.057402290809525303e+00
9.650000000000114042e+00 1.121941273017896590e+00
9.670000000000113616e+00 1.092138046649885341e+00
9.690000000000113189e+00 1.119212767819093957e+00
9.710000000000112763e+00 1.062012512653371488e+00
9.730000000000112337e+00 1.077483957761041333e+00
9.750000000000111910e+00 1.097741812567969655e+00
9.770000000000111484e+00 1.049884681397031061e+00
9.790000000000111058e+00 1.063804712922978846e+00
9.810000000000110632e+00 1.059894177598788012e+00
9.830000000000110205e+00 1.083956697134349278e+00
9.850000000000109779e+00 1.049974398223861849e+00
9.870000000000109353e+00 1.061790608111629064e+00
9.890000000000108926e+00 1.042054658181500004e+00
9.910000000000108500e+00 1.051740345779705654e+00
9.930000000000108074e+00 1.038238883283524538e+00
9.950000000000107647e+00 1.083653283234613962e+00
9.970000000000107221e+00 1.055048985875773893e+00
9.990000000000106795e+00 1.026500101384594910e+00
1.001000000000010637e+01 1.006846585552541473e+00
1.003000000000010594e+01 1.011377863581758740e+00
1.005000000000010552e+01 9.907394442363622877e-01
1.007000000000010509e+01 1.005825252631462607e+00
1.009000000000010466e+01 9.451586625597061531e-01
1.011000000000010424e+01 9.773089853382946890e-01
1.013000000000010381e+01 9.475363736712817397e-01
1.015000000000010338e+01 9.289593096645414327e-01
1.017000000000010296e+01 9.271329677464124064e-01
1.019000000000010253e+01 9.390591793043335800e-01
1.021000000000010210e+01 9.127336470789206846e-01
1.023000000000010168e+01 9.047821810336007520e-01
1.025000000000010125e+01 9.104463508561699836e-01
1.027000000000010083e+01 8.889881213159083195e-01
1.029000000000010040e+01 8.681281495857030572e-01
1.031000000000009997e+01 8.580621928716610780e-01
1.033000000000009955e+01 8.035207138846612862e-01
1.035000000000009912e+01 8.020725667119181779e-01
1.037000000000009869e+01 8.005194276592286773e-01
1.039000000000009827e+01 7.884977922898541713e-01
1.041000000000009784e+01 7.484263628930862833e-01
1.043000000000009742e+01 7.568823562111005598e-01
1.045000000000009699e+01 7.386436205079840445e-01
1.047000000000009656e+01 7.630811158344708023e-01
1.049000000000009614e+01 6.943673893093840199e-01
1.051000000000009571e+01 6.946084185900043284e-01
1.053000000000009528e+01 7.122078640295353980e-01
1.055000000000009486e+01 6.833471155307434541e-01
1.057000000000009443e+01 6.417615680186791183e-01
1.059000000000009400e+01 6.209725218854915685e-01
1.061000000000009358e+01 6.093259917066063958e-01
1.063000000000009315e+01 5.962778743658413427e-01
1.065000000000009273e+01 5.793756081597611907e-01
1.067000000000009230e+01 5.586065607727909166e-01
1.069000000000009187e+01 5.498306351291825100e-01
1.071000000000009145e+01 5.589692537956033602e-01
1.073000000000009102e+01 5.195469061419708545e-01
1.075000000000009059e+01 5.264502832405902888e-01
1.077000000000009017e+01 5.005955782938964482e-01
1.079000000000008974e+01 4.798194652734970589e-01
1.081000000000008932e+01 4.662750809082140124e-01
1.083000000000008889e+01 4.583202635576699713e-01
1.085000000000008846e+01 4.014064824558475353e-01
1.087000000000008804e+01 4.129816831929271626e-01
1.089000000000008761e+01 3.945450433960070447e-01
1.091000000000008718e+01 3.857328272374538347e-01
1.093000000000008676e+01 3.715476156203184055e-01
1.095000000000008633e+01 3.796518476687529287e-01
1.097000000000008590e+01 3.286920847629115072e-01
1.099000000000008548e+01 3.532042607785736976e-01
1.101000000000008505e+01 3.068046274610685131e-01
1.103000000000008463e+01 2.998754406240934367e-01
1.105000000000008420e+01 2.898694936627170815e-01
1.107000000000008377e+01 2.758699099690755108e-01
1.109000000000008335e+01 2.620142843977309455e-01
1.111000000000008292e+01 2.477231583701459405e-01
1.113000000000008249e+01 2.319410084300778940e-01
1.115000000000008207e+01 2.210371474204999021e-01
1.117000000000008164e+01 2.203523848000771002e-01
1.119000000000008122e+01 2.146091314616451751e-01
1.121000000000008079e+01 1.934841611228367009e-01
1.123000000000008036e+01 1.767572903164079945e-01
1.125000000000007994e+01 1.688604529522611530e-01
1.127000000000007951e+01 1.554434640749076113e-01
1.129000000000007908e+01 1.509297940004573346e-01
1.131000000000007866e+01 1.457279181978312910e-01
1.133000000000007823e+01 1.373523566113280248e-01
1.135000000000007780e+01 1.284625815884316014e-01
1.137000000000007738e+01 1.105859700058211964e-01
1.139000000000007695e+01 1.115594663808739673e-01
1.141000000000007653e+01 1.014091651213002154e-01
1.143000000000007610e+01 1.015084356880601169e-01
1.145000000000007567e+01 9.095407149969127192e-02
1.147000000000007525e+01 8.315772149952840864e-02
1.149000000000007482e+01 7.450162023097994801e-02
1.151000000000007439e+01 7.154187957118245123e-02
1.153000000000007397e+01 6.199919202689693071e-02
1.155000000000007354e+01 6.161713362844713215e-02
1.157000000000007311e+01 6.158351549260978469e-02
1.159000000000007269e+01 5.652047855346780530e-02
1.161000000000007226e+01 5.019179617273094446e-02
1.163000000000007184e+01 4.432947906611993394e-02
1.165000000000007141e+01 4.445449623218231117e-02
1.167000000000007098e+01 3.679245703631785214e-02
1.169000000000007056e+01 3.450690937164789529e-02
1.171000000000007013e+01 3.976925797762847353e-02
1.173000000000006970e+01 3.000525856688858461e-02
1.175000000000006928e+01 2.813655498903572597e-02
1.177000000000006885e+01 2.559632918276134872e-02
1.179000000000006843e+01 2.506871524930707681e-02
1.181000000000006800e+01 2.359198678276629157e-02
1.183000000000006757e+01 2.088929392455414133e-02
1.185000000000006715e+01 2.615400723198802596e-02
1.187000000000006672e+01 1.988877251412741673e-02
1.189000000000006629e+01 1.774528070130683421e-02
1.191000000000006587e+01 1.584076756156501189e-02
1.193000000000006544e+01 1.479218794220793151e-02
1.195000000000006501e+01 1.443009571245191906e-02
1.197000000000006459e+01 1.579980973928005530e-02
1.199000000000006416e+01 1.764598144033449958e-02
1.201000000000006374e+01 1.221866233846088598e-02
1.203000000000006331e+01 1.372660308880918958e-02
1.205000000000006288e+01 1.140627604493753278e-02
1.207000000000006246e+01 1.094420091364971780e-02
1.209000000000006203e+01 1.223041670411038374e-02
1.211000000000006160e+01 1.227655446928068578e-02
1.213000000000006118e+01 1.181985950764162692e-02
1.215000000000006075e+01 9.393286532708053707e-03
1.217000000000006033e+01 1.157559548964923191e-02
1.219000000000005990e+01 9.123017239711197698e-03
1.221000000000005947e+01 1.015374768099566206e-02
1.223000000000005905e+01 1.145934676947928457e-02
1.225000000000005862e+01 1.005075793777193520e-02
1.227000000000005819e+01 8.404951236926071559e-03
1.229000000000005777e+01 1.096328450787469391e-02
1.231000000000005734e+01 8.160488561903930099e-03
1.233000000000005691e+01 8.880475823807198327e-03
1.235000000000005649e+01 1.098533049263051252e-02
1.237000000000005606e+01 7.897530610919826707e-03
1.239000000000005564e+01 8.698494337399354306e-03
1.241000000000005521e+01 7.700917836803686939e-03
1.243000000000005478e+01 1.073795690377887802e-02
1.245000000000005436e+01 8.081043674301983601e-03
1.247000000000005393e+01 1.074593140967211417e-02
1.249000000000005350e+01 7.474727235763041489e-03
1.251000000000005308e+01 7.933967114828927719e-03
1.253000000000005265e+01 7.339756038293812797e-03
1.255000000000005222e+01 1.084117170066699852e-02
1.257000000000005180e+01 1.053006326283857305e-02
1.259000000000005137e+01 7.201024117456660163e-03
1.261000000000005095e+01 7.161496698641952284e-03
1.263000000000005052e+01 7.124777145676788014e-03
1.265000000000005009e+01 7.335185505417144911e-03
1.267000000000004967e+01 7.159139197734861598e-03
1.269000000000004924e+01 1.360979582371349417e-02
1.271000000000004881e+01 6.923327947326791618e-03
1.273000000000004839e+01 6.889612748363177670e-03
1.275000000000004796e+01 6.856861103361633174e-03
1.277000000000004754e+01 7.007908622660770359e-03
1.279000000000004711e+01 6.770349639363165868e-03
1.281000000000004668e+01 1.329584417353049143e-02
1.283000000000004626e+01 6.671591603073036975e-03
1.285000000000004583e+01 6.640236912688305022e-03
1.287000000000004540e+01 6.609216031410020641e-03
1.289000000000004498e+01 6.656119979829106144e-03
1.291000000000004455e+01 9.695008016075432403e-03
1.293000000000004412e+01 9.743760335571588493e-03
1.295000000000004370e+01 6.434091078813583553e-03
1.297000000000004327e+01 6.404426991482310705e-03
1.299000000000004285e+01 6.385975285986049410e-03
1.301000000000004242e+01 9.437463837218010299e-03
1.303000000000004199e+01 6.288703942230414005e-03
1.305000000000004157e+01 9.426770017797153622e-03
1.307000000000004114e+01 6.208099144639333405e-03
1.309000000000004071e+01 6.179796436004346763e-03
1.311000000000004029e+01 6.155302329197267185e-03
1.313000000000003986e+01 9.102946237316479616e-03
1.315000000000003944e+01 6.070903093789458728e-03
1.317000000000003901e+01 9.108792017086511997e-03
1.319000000000003858e+01 5.992324239409913163e-03
1.321000000000003816e+01 5.966568346404086190e-03
1.323000000000003773e+01 8.823571173131750794e-03
1.325000000000003730e+01 5.890859497347585884e-03
1.327000000000003688e+01 5.861842966077271053e-03
1.329000000000003645e+01 8.798084119410213774e-03
1.331000000000003602e+01 5.786478491456150362e-03
1.333000000000003560e+01 8.560257839030837798e-03
1.335000000000003517e+01 5.712332763531976880e-03
1.337000000000003475e+01 5.687524521219891258e-03
1.339000000000003432e+01 5.661508278363438194e-03
1.341000000000003389e+01 8.498426674217976484e-03
1.343000000000003347e+01 8.306367995847396130e-03
1.345000000000003304e+01 5.542696431533961944e-03
1.347000000000003261e+01 5.518419689405302912e-03
1.349000000000003219e+01 5.493863827229972761e-03
1.351000000000003176e+01 5.469711264463731661e-03
1.353000000000003133e+01 1.084859884267892240e-02
1.355000000000003091e+01 5.379428358424891664e-03
1.357000000000003048e+01 5.355879437527185510e-03
1.359000000000003006e+01 5.332504931068637183e-03
1.361000000000002963e+01 5.309174630987110489e-03
1.363000000000002920e+01 1.053101280881072951e-02
1.365000000000002878e+01 5.222240070672572350e-03
1.367000000000002835e+01 5.199567880401645241e-03
1.369000000000002792e+01 5.177032064304717615e-03
1.371000000000002750e+01 5.154598572154013222e-03
1.373000000000002707e+01 7.619756162088175445e-03
1.375000000000002665e+01 7.685062462374539147e-03
1.377000000000002622e+01 5.049023953915540014e-03
1.379000000000002579e+01 5.027308984127961712e-03
1.381000000000002537e+01 5.005715415695304558e-03
1.383000000000002494e+01 7.400502602198470552e-03
1.385000000000002451e+01 5.057466296225990830e-03
1.387000000000002409e+01 2.508189804610957366e-03
1.389000000000002366e+01 2.497420120447471203e-03
1.391000000000002323e+01 2.486709785628348976e-03
1.393000000000002281e+01 2.476057063466662739e-03
1.395000000000002238e+01 2.465462790519650470e-03
1.397000000000002196e+01 1.059366964903041510e-14
1.399000000000002153e+01 7.488853272481516200e-15
1.401000000000002110e+01 5.256307818331675946e-15
1.403000000000002068e+01 3.451294886791531542e-15
1.405000000000002025e+01 2.450025535203861883e-15
1.407000000000001982e+01 1.410520877075994887e-15
1.409000000000001940e+01 9.064549996929951107e-16
1.411000000000001897e+01 6.240267907692746637e-16
1.413000000000001855e+01 3.497733107859515935e-16
1.415000000000001812e+01 2.318969603670265947e-16
1.417000000000001769e+01 1.538639176907678012e-16
1.419000000000001727e+01 1.126664044266263079e-16
1.421000000000001684e+01 6.722763471908784372e-17
1.423000000000001641e+01 4.453473555297305865e-17
1.425000000000001599e+01 2.338678475071546947e-17
1.427000000000001556e+01 1.139145877705530779e-17
1.429000000000001513e+01 6.993840613334747975e-18
1.431000000000001471e+01 2.905053943168176785e-18
1.433000000000001428e+01 0.000000000000000000e+00
1.435000000000001386e+01 0.000000000000000000e+00
1.437000000000001343e+01 0.000000000000000000e+00
1.439000000000001300e+01 0.000000000000000000e+00
1.441000000000001258e+01 0.000000000000000000e+00
1.443000000000001215e+01 0.000000000000000000e+00
1.445000000000001172e+01 0.000000000000000000e+00
1.447000000000001130e+01 0.000000000000000000e+00
1.449000000000001087e+01 0.000000000000000000e+00
1.451000000000001044e+01 0.000000000000000000e+00
1.453000000000001002e+01 0.000000000000000000e+00
1.455000000000000959e+01 0.000000000000000000e+00
1.457000000000000917e+01 0.000000000000000000e+00
1.459000000000000874e+01 0.000000000000000000e+00
1.461000000000000831e+01 0.000000000000000000e+00
1.463000000000000789e+01 0.000000000000000000e+00
1.465000000000000746e+01 0.000000000000000000e+00
1.467000000000000703e+01 0.000000000000000000e+00
1.469000000000000661e+01 0.000000000000000000e+00
1.471000000000000618e+01 0.000000000000000000e+00
1.473000000000000576e+01 0.000000000000000000e+00
1.475000000000000533e+01 0.000000000000000000e+00
1.477000000000000490e+01 0.000000000000000000e+00
1.479000000000000448e+01 0.000000000000000000e+00
1.481000000000000405e+01 0.000000000000000000e+00
1.483000000000000362e+01 0.000000000000000000e+00
1.485000000000000320e+01 0.000000000000000000e+00
1.487000000000000277e+01 0.000000000000000000e+00
1.489000000000000234e+01 0.000000000000000000e+00
1.491000000000000192e+01 0.000000000000000000e+00
1.493000000000000149e+01 0.000000000000000000e+00
1.495000000000000107e+01 0.000000000000000000e+00
1.497000000000000064e+01 0.000000000000000000e+00
1.499000000000000021e+01 0.000000000000000000e+00
