# Redshift		Merger Rate Density [Gpc^-3yr^-1]
1.000000000031931770e-02 8.555460618970421593e-02
3.000000000031888964e-02 5.615889180227867650e-02
5.000000000031846331e-02 6.159723121147998859e-02
7.000000000031804392e-02 6.246074905579183933e-02
9.000000000031761760e-02 6.990103636827164901e-02
1.100000000003171913e-01 6.948533890632330179e-02
1.300000000003167511e-01 1.177919228846605604e-01
1.500000000003163247e-01 8.356842723481132384e-02
1.700000000003158984e-01 8.755012140010111354e-02
1.900000000003154721e-01 9.304981219153472816e-02
2.100000000003150458e-01 1.005086169023783615e-01
2.300000000003146194e-01 1.052810335246738282e-01
2.500000000003141931e-01 1.607092426774701932e-01
2.700000000003137668e-01 1.325025845521526358e-01
2.900000000003133405e-01 1.276849548424722480e-01
3.100000000003129141e-01 1.502788574714769843e-01
3.300000000003124878e-01 1.643562529703364306e-01
3.500000000003120615e-01 2.286698347844162427e-01
3.700000000003116352e-01 1.853034442810189697e-01
3.900000000003112088e-01 2.236940594027858886e-01
4.100000000003107825e-01 2.351954918372661518e-01
4.300000000003103562e-01 3.120451641053522684e-01
4.500000000003099299e-01 2.594079667947017387e-01
4.700000000003095035e-01 2.730534710790295527e-01
4.900000000003090772e-01 3.028000058400348027e-01
5.100000000003086509e-01 3.997309670493470191e-01
5.300000000003082246e-01 3.218381955517964355e-01
5.500000000003077982e-01 3.145909377624487302e-01
5.700000000003073719e-01 2.897609642847397415e-01
5.900000000003069456e-01 3.730588781541872012e-01
6.100000000003065193e-01 2.640303437013433729e-01
6.300000000003060929e-01 2.512621898301408696e-01
6.500000000003056666e-01 2.842461770918976449e-01
6.700000000003052403e-01 2.085424747398796630e-01
6.900000000003048140e-01 1.892485813270002593e-01
7.100000000003043876e-01 2.657417853046699641e-01
7.300000000003039613e-01 2.019094841075207425e-01
7.500000000003035350e-01 1.919600677295400515e-01
7.700000000003031086e-01 2.805197300721417597e-01
7.900000000003026823e-01 2.220271158682354251e-01
8.100000000003022560e-01 2.094664221179418639e-01
8.300000000003018297e-01 3.016541062590241684e-01
8.500000000003014033e-01 2.455256286375952779e-01
8.700000000003009770e-01 3.164419799819296331e-01
8.900000000003005507e-01 2.344362582371656289e-01
9.100000000003001244e-01 2.713106359596735295e-01
9.300000000002996980e-01 3.401348088007371540e-01
9.500000000002992717e-01 2.902946141461014151e-01
9.700000000002988454e-01 3.567185800175012855e-01
9.900000000002984191e-01 3.102883435288060210e-01
1.010000000000297993e+00 3.215655525413190219e-01
1.030000000000297566e+00 3.846921405536785632e-01
1.050000000000297140e+00 2.952312543864238914e-01
1.070000000000296714e+00 4.011006873972202680e-01
1.090000000000296287e+00 3.630644106859884923e-01
1.110000000000295861e+00 4.749040597739982994e-01
1.130000000000295435e+00 3.866788970182876151e-01
1.150000000000295008e+00 4.393557256117009979e-01
1.170000000000294582e+00 4.087999566743618085e-01
1.190000000000294156e+00 4.575867506011897512e-01
1.210000000000293729e+00 4.648546739237237047e-01
1.230000000000293303e+00 4.405906155046908079e-01
1.250000000000292877e+00 4.825796651982912633e-01
1.270000000000292451e+00 5.330780183501552250e-01
1.290000000000292024e+00 4.993493861829647606e-01
1.310000000000291598e+00 4.813048125004252276e-01
1.330000000000291172e+00 5.886832404060180490e-01
1.350000000000290745e+00 5.601647835568055456e-01
1.370000000000290319e+00 5.810918846343028354e-01
1.390000000000289893e+00 5.340917890150153058e-01
1.410000000000289466e+00 5.396117925229766410e-01
1.430000000000289040e+00 6.002007002351786857e-01
1.450000000000288614e+00 6.174586566284347988e-01
1.470000000000288187e+00 5.524327501936839857e-01
1.490000000000287761e+00 6.093385341702276525e-01
1.510000000000287335e+00 6.205548551380397626e-01
1.530000000000286908e+00 5.627892807596737157e-01
1.550000000000286482e+00 6.214842110985677737e-01
1.570000000000286056e+00 6.194736843401258408e-01
1.590000000000285629e+00 6.115549796677005601e-01
1.610000000000285203e+00 6.168161243228418300e-01
1.630000000000284777e+00 6.154157825792783143e-01
1.650000000000284350e+00 6.145334979095564698e-01
1.670000000000283924e+00 7.933778806501319281e-01
1.690000000000283498e+00 6.077306693132336068e-01
1.710000000000283071e+00 6.123121527077564075e-01
1.730000000000282645e+00 6.340787079339602617e-01
1.750000000000282219e+00 6.137261315744034773e-01
1.770000000000281792e+00 6.175003020502423112e-01
1.790000000000281366e+00 6.489102861673168299e-01
1.810000000000280940e+00 6.260134849856611172e-01
1.830000000000280513e+00 6.402093710093937906e-01
1.850000000000280087e+00 6.439430117274994592e-01
1.870000000000279661e+00 6.445355006019972688e-01
1.890000000000279234e+00 6.567054179378069012e-01
1.910000000000278808e+00 6.638095210574055383e-01
1.930000000000278382e+00 6.717624378261960461e-01
1.950000000000277955e+00 6.803700810402334431e-01
1.970000000000277529e+00 6.903592032842904569e-01
1.990000000000277103e+00 6.987220648599653527e-01
2.010000000000276899e+00 7.082053775943915053e-01
2.030000000000276472e+00 7.181841886164286315e-01
2.050000000000276046e+00 7.275207315244792694e-01
2.070000000000275620e+00 7.371983700131198303e-01
2.090000000000275193e+00 7.465504186561809918e-01
2.110000000000274767e+00 7.556096408262708009e-01
2.130000000000274341e+00 7.644595126967007603e-01
2.150000000000273914e+00 7.729988823041109569e-01
2.170000000000273488e+00 7.812081258842401565e-01
2.190000000000273062e+00 7.890072098944169721e-01
2.210000000000272635e+00 7.964325341721784079e-01
2.230000000000272209e+00 8.034447543748044485e-01
2.250000000000271783e+00 8.100128540465479920e-01
2.270000000000271356e+00 8.161402915252841117e-01
2.290000000000270930e+00 8.217985414235344788e-01
2.310000000000270504e+00 8.269835796745753642e-01
2.330000000000270077e+00 8.316764579718612937e-01
2.350000000000269651e+00 8.358702148730807746e-01
2.370000000000269225e+00 8.395517718472463864e-01
2.390000000000268798e+00 8.427126619278380026e-01
2.410000000000268372e+00 8.453452344928795714e-01
2.430000000000267946e+00 8.474416419096515440e-01
2.450000000000267519e+00 8.489961441460692759e-01
2.470000000000267093e+00 8.500040610169042887e-01
2.490000000000266667e+00 8.504615549090644988e-01
2.510000000000266240e+00 1.206123057338962079e+00
2.530000000000265814e+00 8.446362619776888181e-01
2.550000000000265388e+00 1.020733709018176283e+00
2.570000000000264961e+00 8.382946291360672264e-01
2.590000000000264535e+00 8.355807804933346183e-01
2.610000000000264109e+00 8.323304199520374924e-01
2.630000000000263682e+00 8.285491682168472094e-01
2.650000000000263256e+00 8.242437478232492731e-01
2.670000000000262830e+00 8.194219648859887295e-01
2.690000000000262403e+00 8.140926766622187394e-01
2.710000000000261977e+00 8.082657615120337757e-01
2.730000000000261551e+00 9.669558473811724619e-01
2.750000000000261124e+00 7.912361070789648565e-01
2.770000000000260698e+00 7.838989916726256668e-01
2.790000000000260272e+00 7.761191505039913840e-01
2.810000000000259845e+00 7.679111060199484973e-01
2.830000000000259419e+00 7.592901226170470919e-01
2.850000000000258993e+00 7.502721547818413939e-01
2.870000000000258567e+00 7.408737934968266936e-01
2.890000000000258140e+00 7.311122111290041525e-01
2.910000000000257714e+00 7.210051050803015782e-01
2.930000000000257288e+00 7.105706404419369626e-01
2.950000000000256861e+00 6.998273919211837057e-01
2.970000000000256435e+00 6.887942852964960005e-01
2.990000000000256009e+00 6.774905386532186213e-01
3.010000000000255582e+00 6.659356036537554813e-01
3.030000000000255156e+00 6.541491070860263601e-01
3.050000000000254730e+00 6.421507929397209935e-01
3.070000000000254303e+00 6.299604652233232738e-01
3.090000000000253877e+00 6.175979317726142392e-01
3.110000000000253451e+00 6.050829492451493818e-01
3.130000000000253024e+00 5.924351695167120457e-01
3.150000000000252598e+00 5.796740876670410936e-01
3.170000000000252172e+00 5.668189917457874261e-01
3.190000000000251745e+00 5.538889144771129702e-01
3.210000000000251319e+00 5.466043038386860786e-01
3.230000000000250893e+00 5.273541160639816372e-01
3.250000000000250466e+00 5.143475540330768592e-01
3.270000000000250040e+00 5.013365044467016363e-01
3.290000000000249614e+00 4.883381628987698564e-01
3.310000000000249187e+00 4.753692287992710153e-01
3.330000000000248761e+00 4.624458738253664492e-01
3.350000000000248335e+00 4.495837131838157363e-01
3.370000000000247908e+00 4.367977797197759027e-01
3.390000000000247482e+00 5.383917867580433336e-01
3.410000000000247056e+00 4.093802832543642078e-01
3.430000000000246629e+00 3.968363597500163542e-01
3.450000000000246203e+00 3.844253200928612890e-01
3.470000000000245777e+00 3.721591524218445524e-01
3.490000000000245350e+00 3.600491586463716587e-01
3.510000000000244924e+00 3.481059476589519197e-01
3.530000000000244498e+00 3.363394311903464273e-01
3.550000000000244071e+00 3.247588222391878388e-01
3.570000000000243645e+00 3.133726359733423616e-01
3.590000000000243219e+00 3.470504561270016386e-01
3.610000000000242792e+00 2.885706030320225879e-01
3.630000000000242366e+00 2.779032234475425356e-01
3.650000000000241940e+00 2.674569535806448628e-01
3.670000000000241513e+00 2.572367353469885987e-01
3.690000000000241087e+00 2.472468733730360246e-01
3.710000000000240661e+00 2.374910502915908439e-01
3.730000000000240234e+00 2.279723434854973585e-01
3.750000000000239808e+00 2.186932431379469410e-01
3.770000000000239382e+00 2.096556714538363453e-01
3.790000000000238956e+00 2.008610029137702369e-01
3.810000000000238529e+00 1.923100854242978663e-01
3.830000000000238103e+00 1.840032622292394060e-01
3.850000000000237677e+00 1.759403944524823848e-01
3.870000000000237250e+00 1.681208841436293844e-01
3.890000000000236824e+00 1.605436977026011292e-01
3.910000000000236398e+00 1.532073895662864893e-01
3.930000000000235971e+00 1.461101260411217795e-01
3.950000000000235545e+00 1.392497091759208327e-01
3.970000000000235119e+00 1.326236005722780387e-01
3.990000000000234692e+00 1.262289450371983646e-01
4.010000000000234266e+00 1.200625939886254961e-01
4.030000000000233840e+00 1.141211285325462316e-01
4.050000000000233413e+00 1.084008821350177648e-01
4.070000000000232987e+00 1.028979628221290687e-01
4.090000000000232561e+00 9.760827484482025029e-02
4.110000000000232134e+00 9.252753975422428612e-02
4.130000000000231708e+00 8.765131683974200505e-02
4.150000000000231282e+00 8.297502288797614645e-02
4.170000000000230855e+00 7.852121279382542895e-02
4.190000000000230429e+00 7.419954940868830895e-02
4.210000000000230003e+00 7.009485299044042328e-02
4.230000000000229576e+00 6.617064568022747173e-02
4.250000000000229150e+00 6.723454396021193158e-02
4.270000000000228724e+00 5.841386854664038647e-02
4.290000000000228297e+00 5.503094815557512537e-02
4.310000000000227871e+00 5.180657187178159401e-02
4.330000000000227445e+00 4.873569961430467001e-02
4.350000000000227018e+00 4.581330468081922652e-02
4.370000000000226592e+00 4.303438462705520828e-02
4.390000000000226166e+00 6.595321080933018443e-02
4.410000000000225739e+00 3.631990380504870192e-02
4.430000000000225313e+00 3.400097540644000937e-02
4.450000000000224887e+00 3.180541611179351497e-02
4.470000000000224460e+00 3.195783160504413190e-02
4.490000000000224034e+00 2.957795951108665999e-02
4.510000000000223608e+00 2.550878799140752010e-02
4.530000000000223181e+00 2.547213265360364493e-02
4.550000000000222755e+00 2.200225183700057346e-02
4.570000000000222329e+00 2.049018815412915334e-02
4.590000000000221902e+00 1.906639773352051398e-02
4.610000000000221476e+00 1.772686460909709064e-02
4.630000000000221050e+00 1.646768028333352174e-02
4.650000000000220624e+00 1.528504570419915269e-02
4.670000000000220197e+00 1.417527282986174621e-02
4.690000000000219771e+00 1.313478580471376736e-02
4.710000000000219345e+00 1.216012176875231297e-02
4.730000000000218918e+00 1.124793132329220124e-02
4.750000000000218492e+00 1.039497867336409628e-02
4.770000000000218066e+00 9.598141468544593019e-03
4.790000000000217639e+00 9.159415158330089235e-03
4.810000000000217213e+00 8.125137287248148169e-03
4.830000000000216787e+00 7.482637478107430698e-03
4.850000000000216360e+00 6.884559545263042347e-03
4.870000000000215934e+00 6.328362245954135233e-03
4.890000000000215508e+00 5.811609988217115476e-03
4.910000000000215081e+00 5.332034808640161161e-03
4.930000000000214655e+00 4.887204894631184265e-03
4.950000000000214229e+00 4.475206173778696964e-03
4.970000000000213802e+00 4.093930136505730295e-03
4.990000000000213376e+00 3.741441101505732503e-03
5.010000000000212950e+00 3.415896769848865942e-03
5.030000000000212523e+00 3.115545790486329986e-03
5.050000000000212097e+00 2.838725247207643521e-03
5.070000000000211671e+00 2.583858079127836303e-03
5.090000000000211244e+00 2.349450445382410529e-03
5.110000000000210818e+00 2.134089045709894675e-03
5.130000000000210392e+00 1.936438406151241506e-03
5.150000000000209965e+00 1.755238140969946764e-03
5.170000000000209539e+00 2.879857012469416548e-03
5.190000000000209113e+00 1.306841242699174335e-03
5.210000000000208686e+00 1.179059201869542229e-03
5.230000000000208260e+00 1.062610368389190320e-03
5.250000000000207834e+00 9.566092796357814109e-04
5.270000000000207407e+00 8.719951830786585451e-04
5.290000000000206981e+00 7.709971653617640405e-04
5.310000000000206555e+00 6.918104038133045773e-04
5.330000000000206128e+00 6.200530222793772034e-04
5.350000000000205702e+00 5.551042479191287517e-04
5.370000000000205276e+00 4.963874903303055900e-04
5.390000000000204849e+00 4.433679107037986813e-04
5.410000000000204423e+00 3.955500638534008577e-04
5.430000000000203997e+00 3.524756159402977237e-04
5.450000000000203570e+00 3.137211402050240640e-04
5.470000000000203144e+00 2.788959925778295855e-04
5.490000000000202718e+00 2.476402685758436199e-04
5.510000000000202292e+00 2.196228424517617992e-04
5.530000000000201865e+00 1.945395764819191965e-04
5.550000000000201439e+00 1.721110708978664005e-04
5.570000000000201013e+00 1.520819026625161137e-04
5.590000000000200586e+00 1.342179992993100817e-04
5.610000000000200160e+00 1.183056139515256726e-04
5.630000000000199734e+00 1.041497467417657076e-04
5.650000000000199307e+00 9.157275550769924499e-05
5.670000000000198881e+00 8.041304378373148663e-05
5.690000000000198455e+00 7.052382416044978143e-05
5.710000000000198028e+00 6.264691536983587499e-05
5.730000000000197602e+00 5.438689123515771310e-05
5.750000000000197176e+00 4.700253577140564283e-05
5.770000000000196749e+00 4.101637559984517298e-05
5.790000000000196323e+00 3.603928298045842729e-05
5.810000000000195897e+00 3.106172040233831465e-05
5.830000000000195470e+00 4.968123040177537745e-05
5.850000000000195044e+00 2.027643842141019253e-05
5.870000000000194618e+00 1.755257552445136949e-05
5.890000000000194191e+00 1.517426042131246879e-05
5.910000000000193765e+00 1.310053385234720617e-05
5.930000000000193339e+00 1.129490354709300115e-05
5.950000000000192912e+00 9.724906816125675977e-06
5.970000000000192486e+00 8.361709938859095725e-06
5.990000000000192060e+00 7.179741943587026286e-06
6.010000000000191633e+00 6.156360456344955608e-06
6.030000000000191207e+00 5.271547382914386874e-06
6.050000000000190781e+00 4.507632280824038587e-06
6.070000000000190354e+00 3.849041451846230414e-06
6.090000000000189928e+00 3.288147812140145118e-06
6.110000000000189502e+00 2.793496082841476830e-06
6.130000000000189075e+00 2.375337255621614275e-06
6.150000000000188649e+00 2.016907292435138080e-06
6.170000000000188223e+00 1.710123904620027525e-06
6.190000000000187796e+00 1.447930665660078058e-06
6.210000000000187370e+00 1.224176617260102064e-06
6.230000000000186944e+00 1.033508646561534517e-06
6.250000000000186517e+00 8.712754591170552373e-07
6.270000000000186091e+00 7.334420571122930957e-07
6.290000000000185665e+00 6.165137155186473090e-07
6.310000000000185238e+00 5.174685266076963640e-07
6.330000000000184812e+00 4.336976584631632804e-07
6.350000000000184386e+00 3.629525430526742435e-07
6.370000000000183960e+00 3.032982772442204762e-07
6.390000000000183533e+00 4.605713247130365034e-07
6.410000000000183107e+00 1.746377841937342649e-07
6.430000000000182681e+00 1.450571593400017986e-07
6.450000000000182254e+00 1.203956557370220095e-07
6.470000000000181828e+00 9.960813684736128301e-08
6.490000000000181402e+00 8.236329312071507104e-08
6.510000000000180975e+00 6.800061331683011988e-08
6.530000000000180549e+00 5.605701896144383421e-08
6.550000000000180123e+00 4.614057719008163488e-08
6.570000000000179696e+00 3.792012210994253126e-08
6.590000000000179270e+00 3.111629974215728316e-08
6.610000000000178844e+00 2.549385610715731786e-08
6.630000000000178417e+00 2.085500681415690103e-08
6.650000000000177991e+00 1.703374865429935294e-08
6.670000000000177565e+00 1.389098706245544921e-08
6.690000000000177138e+00 1.134440617456045828e-08
6.710000000000176712e+00 9.187023372972107403e-09
6.730000000000176286e+00 7.457038026271933623e-09
6.750000000000175859e+00 6.043271419618324882e-09
6.770000000000175433e+00 4.896020078992306822e-09
6.790000000000175007e+00 3.949716696413075686e-09
6.810000000000174580e+00 3.184702208598360748e-09
6.830000000000174154e+00 2.564587747373734061e-09
6.850000000000173728e+00 2.061911753652166296e-09
6.870000000000173301e+00 1.655100431376674269e-09
6.890000000000172875e+00 2.377815671083913393e-09
6.910000000000172449e+00 8.432166332656571433e-10
6.930000000000172022e+00 6.724707952855431406e-10
6.950000000000171596e+00 5.354266481498118795e-10
6.970000000000171170e+00 4.256149331799993759e-10
6.990000000000170743e+00 3.377707693861638261e-10
7.010000000000170317e+00 2.676169690043675692e-10
7.030000000000169891e+00 2.116847964726187054e-10
7.050000000000169464e+00 1.671660959523631835e-10
7.070000000000169038e+00 1.317914524027839696e-10
7.090000000000168612e+00 1.037301291522404238e-10
7.110000000000168185e+00 8.151602182817460296e-11
7.130000000000167759e+00 6.393722207996309746e-11
7.150000000000167333e+00 5.007215298216224123e-11
7.170000000000166906e+00 3.914803516493642626e-11
7.190000000000166480e+00 3.055571156289559404e-11
7.210000000000166054e+00 2.380905701208006631e-11
7.230000000000165628e+00 1.852069223809906334e-11
7.250000000000165201e+00 1.438253987110171240e-11
7.270000000000164775e+00 1.115000759685517997e-11
7.290000000000164349e+00 8.629273391964820024e-12
7.310000000000163922e+00 6.667023308405656193e-12
7.330000000000163496e+00 5.142141993107642029e-12
7.350000000000163070e+00 6.979958645409478902e-12
7.370000000000162643e+00 2.322384151729529666e-12
7.390000000000162217e+00 1.778979057747940906e-12
7.410000000000161791e+00 1.360209691805383342e-12
7.430000000000161364e+00 1.038288471348077304e-12
7.450000000000160938e+00 7.911673288428789968e-13
7.470000000000160512e+00 6.018106677046750575e-13
7.490000000000160085e+00 4.571400099983915766e-13
7.510000000000159659e+00 3.464608494901799784e-13
7.530000000000159233e+00 2.620415123152175516e-13
7.550000000000158806e+00 1.979285673743183441e-13
7.570000000000158380e+00 1.492422233842827359e-13
7.590000000000157954e+00 1.123621875178475435e-13
7.610000000000157527e+00 8.438649856852399544e-14
7.630000000000157101e+00 6.329105727973546013e-14
7.650000000000156675e+00 4.737989728910158241e-14
7.670000000000156248e+00 3.541102302498502616e-14
7.690000000000155822e+00 2.641370494806011682e-14
7.710000000000155396e+00 1.967711316542477891e-14
7.730000000000154969e+00 1.462118574299074487e-14
7.750000000000154543e+00 1.084981808518940512e-14
7.770000000000154117e+00 1.393418860492182505e-14
7.790000000000153690e+00 4.357164475011825782e-15
7.810000000000153264e+00 3.211060246010834643e-15
7.830000000000152838e+00 2.359121227914997377e-15
7.850000000000152411e+00 1.732054591993046205e-15
7.870000000000151985e+00 1.269812727915003867e-15
7.890000000000151559e+00 9.283683944285458367e-16
7.910000000000151132e+00 6.767686718332410493e-16
7.930000000000150706e+00 4.943155953516712511e-16
7.950000000000150280e+00 3.586146493588718123e-16
7.970000000000149853e+00 2.617195781326978702e-16
7.990000000000149427e+00 1.890826197272930821e-16
8.010000000000149001e+00 1.356357035356407363e-16
8.030000000000148574e+00 9.870332317543451514e-17
8.050000000000148148e+00 7.123483807113256399e-17
8.070000000000147722e+00 5.080900332150221393e-17
8.090000000000147296e+00 3.507600981456015450e-17
8.110000000000146869e+00 2.610692746823216052e-17
8.130000000000146443e+00 1.727252172913127421e-17
8.150000000000146017e+00 1.285627505591381210e-17
8.170000000000145590e+00 1.480315372060612803e-17
8.190000000000145164e+00 4.166506352073608902e-18
8.210000000000144738e+00 4.135257940962502996e-18
8.230000000000144311e+00 2.052153802184632227e-18
8.250000000000143885e+00 2.036825951724352893e-18
8.270000000000143459e+00 0.000000000000000000e+00
8.290000000000143032e+00 0.000000000000000000e+00
8.310000000000142606e+00 0.000000000000000000e+00
8.330000000000142180e+00 0.000000000000000000e+00
8.350000000000141753e+00 0.000000000000000000e+00
8.370000000000141327e+00 0.000000000000000000e+00
8.390000000000140901e+00 0.000000000000000000e+00
8.410000000000140474e+00 0.000000000000000000e+00
8.430000000000140048e+00 0.000000000000000000e+00
8.450000000000139622e+00 0.000000000000000000e+00
8.470000000000139195e+00 0.000000000000000000e+00
8.490000000000138769e+00 0.000000000000000000e+00
8.510000000000138343e+00 0.000000000000000000e+00
8.530000000000137916e+00 0.000000000000000000e+00
8.550000000000137490e+00 0.000000000000000000e+00
8.570000000000137064e+00 0.000000000000000000e+00
8.590000000000136637e+00 0.000000000000000000e+00
8.610000000000136211e+00 0.000000000000000000e+00
8.630000000000135785e+00 0.000000000000000000e+00
8.650000000000135358e+00 0.000000000000000000e+00
8.670000000000134932e+00 0.000000000000000000e+00
8.690000000000134506e+00 0.000000000000000000e+00
8.710000000000134079e+00 0.000000000000000000e+00
8.730000000000133653e+00 0.000000000000000000e+00
8.750000000000133227e+00 0.000000000000000000e+00
8.770000000000132800e+00 0.000000000000000000e+00
8.790000000000132374e+00 0.000000000000000000e+00
8.810000000000131948e+00 0.000000000000000000e+00
8.830000000000131521e+00 0.000000000000000000e+00
8.850000000000131095e+00 0.000000000000000000e+00
8.870000000000130669e+00 0.000000000000000000e+00
8.890000000000130242e+00 0.000000000000000000e+00
8.910000000000129816e+00 0.000000000000000000e+00
8.930000000000129390e+00 0.000000000000000000e+00
8.950000000000128964e+00 0.000000000000000000e+00
8.970000000000128537e+00 0.000000000000000000e+00
8.990000000000128111e+00 0.000000000000000000e+00
9.010000000000127685e+00 0.000000000000000000e+00
9.030000000000127258e+00 0.000000000000000000e+00
9.050000000000126832e+00 0.000000000000000000e+00
9.070000000000126406e+00 0.000000000000000000e+00
9.090000000000125979e+00 0.000000000000000000e+00
9.110000000000125553e+00 0.000000000000000000e+00
9.130000000000125127e+00 0.000000000000000000e+00
9.150000000000124700e+00 0.000000000000000000e+00
9.170000000000124274e+00 0.000000000000000000e+00
9.190000000000123848e+00 0.000000000000000000e+00
9.210000000000123421e+00 0.000000000000000000e+00
9.230000000000122995e+00 0.000000000000000000e+00
9.250000000000122569e+00 0.000000000000000000e+00
9.270000000000122142e+00 0.000000000000000000e+00
9.290000000000121716e+00 0.000000000000000000e+00
9.310000000000121290e+00 0.000000000000000000e+00
9.330000000000120863e+00 0.000000000000000000e+00
9.350000000000120437e+00 0.000000000000000000e+00
9.370000000000120011e+00 0.000000000000000000e+00
9.390000000000119584e+00 0.000000000000000000e+00
9.410000000000119158e+00 0.000000000000000000e+00
9.430000000000118732e+00 0.000000000000000000e+00
9.450000000000118305e+00 0.000000000000000000e+00
9.470000000000117879e+00 0.000000000000000000e+00
9.490000000000117453e+00 0.000000000000000000e+00
9.510000000000117026e+00 0.000000000000000000e+00
9.530000000000116600e+00 0.000000000000000000e+00
9.550000000000116174e+00 0.000000000000000000e+00
9.570000000000115747e+00 0.000000000000000000e+00
9.590000000000115321e+00 0.000000000000000000e+00
9.610000000000114895e+00 0.000000000000000000e+00
9.630000000000114468e+00 0.000000000000000000e+00
9.650000000000114042e+00 0.000000000000000000e+00
9.670000000000113616e+00 0.000000000000000000e+00
9.690000000000113189e+00 0.000000000000000000e+00
9.710000000000112763e+00 0.000000000000000000e+00
9.730000000000112337e+00 0.000000000000000000e+00
9.750000000000111910e+00 0.000000000000000000e+00
9.770000000000111484e+00 0.000000000000000000e+00
9.790000000000111058e+00 0.000000000000000000e+00
9.810000000000110632e+00 0.000000000000000000e+00
9.830000000000110205e+00 0.000000000000000000e+00
9.850000000000109779e+00 0.000000000000000000e+00
9.870000000000109353e+00 0.000000000000000000e+00
9.890000000000108926e+00 0.000000000000000000e+00
9.910000000000108500e+00 0.000000000000000000e+00
9.930000000000108074e+00 0.000000000000000000e+00
9.950000000000107647e+00 0.000000000000000000e+00
9.970000000000107221e+00 0.000000000000000000e+00
9.990000000000106795e+00 0.000000000000000000e+00
1.001000000000010637e+01 0.000000000000000000e+00
1.003000000000010594e+01 0.000000000000000000e+00
1.005000000000010552e+01 0.000000000000000000e+00
1.007000000000010509e+01 0.000000000000000000e+00
1.009000000000010466e+01 0.000000000000000000e+00
1.011000000000010424e+01 0.000000000000000000e+00
1.013000000000010381e+01 0.000000000000000000e+00
1.015000000000010338e+01 0.000000000000000000e+00
1.017000000000010296e+01 0.000000000000000000e+00
1.019000000000010253e+01 0.000000000000000000e+00
1.021000000000010210e+01 0.000000000000000000e+00
1.023000000000010168e+01 0.000000000000000000e+00
1.025000000000010125e+01 0.000000000000000000e+00
1.027000000000010083e+01 0.000000000000000000e+00
1.029000000000010040e+01 0.000000000000000000e+00
1.031000000000009997e+01 0.000000000000000000e+00
1.033000000000009955e+01 0.000000000000000000e+00
1.035000000000009912e+01 0.000000000000000000e+00
1.037000000000009869e+01 0.000000000000000000e+00
1.039000000000009827e+01 0.000000000000000000e+00
1.041000000000009784e+01 0.000000000000000000e+00
1.043000000000009742e+01 0.000000000000000000e+00
1.045000000000009699e+01 0.000000000000000000e+00
1.047000000000009656e+01 0.000000000000000000e+00
1.049000000000009614e+01 0.000000000000000000e+00
1.051000000000009571e+01 0.000000000000000000e+00
1.053000000000009528e+01 0.000000000000000000e+00
1.055000000000009486e+01 0.000000000000000000e+00
1.057000000000009443e+01 0.000000000000000000e+00
1.059000000000009400e+01 0.000000000000000000e+00
1.061000000000009358e+01 0.000000000000000000e+00
1.063000000000009315e+01 0.000000000000000000e+00
1.065000000000009273e+01 0.000000000000000000e+00
1.067000000000009230e+01 0.000000000000000000e+00
1.069000000000009187e+01 0.000000000000000000e+00
1.071000000000009145e+01 0.000000000000000000e+00
1.073000000000009102e+01 0.000000000000000000e+00
1.075000000000009059e+01 0.000000000000000000e+00
1.077000000000009017e+01 0.000000000000000000e+00
1.079000000000008974e+01 0.000000000000000000e+00
1.081000000000008932e+01 0.000000000000000000e+00
1.083000000000008889e+01 0.000000000000000000e+00
1.085000000000008846e+01 0.000000000000000000e+00
1.087000000000008804e+01 0.000000000000000000e+00
1.089000000000008761e+01 0.000000000000000000e+00
1.091000000000008718e+01 0.000000000000000000e+00
1.093000000000008676e+01 0.000000000000000000e+00
1.095000000000008633e+01 0.000000000000000000e+00
1.097000000000008590e+01 0.000000000000000000e+00
1.099000000000008548e+01 0.000000000000000000e+00
1.101000000000008505e+01 0.000000000000000000e+00
1.103000000000008463e+01 0.000000000000000000e+00
1.105000000000008420e+01 0.000000000000000000e+00
1.107000000000008377e+01 0.000000000000000000e+00
1.109000000000008335e+01 0.000000000000000000e+00
1.111000000000008292e+01 0.000000000000000000e+00
1.113000000000008249e+01 0.000000000000000000e+00
1.115000000000008207e+01 0.000000000000000000e+00
1.117000000000008164e+01 0.000000000000000000e+00
1.119000000000008122e+01 0.000000000000000000e+00
1.121000000000008079e+01 0.000000000000000000e+00
1.123000000000008036e+01 0.000000000000000000e+00
1.125000000000007994e+01 0.000000000000000000e+00
1.127000000000007951e+01 0.000000000000000000e+00
1.129000000000007908e+01 0.000000000000000000e+00
1.131000000000007866e+01 0.000000000000000000e+00
1.133000000000007823e+01 0.000000000000000000e+00
1.135000000000007780e+01 0.000000000000000000e+00
1.137000000000007738e+01 0.000000000000000000e+00
1.139000000000007695e+01 0.000000000000000000e+00
1.141000000000007653e+01 0.000000000000000000e+00
1.143000000000007610e+01 0.000000000000000000e+00
1.145000000000007567e+01 0.000000000000000000e+00
1.147000000000007525e+01 0.000000000000000000e+00
1.149000000000007482e+01 0.000000000000000000e+00
1.151000000000007439e+01 0.000000000000000000e+00
1.153000000000007397e+01 0.000000000000000000e+00
1.155000000000007354e+01 0.000000000000000000e+00
1.157000000000007311e+01 0.000000000000000000e+00
1.159000000000007269e+01 0.000000000000000000e+00
1.161000000000007226e+01 0.000000000000000000e+00
1.163000000000007184e+01 0.000000000000000000e+00
1.165000000000007141e+01 0.000000000000000000e+00
1.167000000000007098e+01 0.000000000000000000e+00
1.169000000000007056e+01 0.000000000000000000e+00
1.171000000000007013e+01 0.000000000000000000e+00
1.173000000000006970e+01 0.000000000000000000e+00
1.175000000000006928e+01 0.000000000000000000e+00
1.177000000000006885e+01 0.000000000000000000e+00
1.179000000000006843e+01 0.000000000000000000e+00
1.181000000000006800e+01 0.000000000000000000e+00
1.183000000000006757e+01 0.000000000000000000e+00
1.185000000000006715e+01 0.000000000000000000e+00
1.187000000000006672e+01 0.000000000000000000e+00
1.189000000000006629e+01 0.000000000000000000e+00
1.191000000000006587e+01 0.000000000000000000e+00
1.193000000000006544e+01 0.000000000000000000e+00
1.195000000000006501e+01 0.000000000000000000e+00
1.197000000000006459e+01 0.000000000000000000e+00
1.199000000000006416e+01 0.000000000000000000e+00
1.201000000000006374e+01 0.000000000000000000e+00
1.203000000000006331e+01 0.000000000000000000e+00
1.205000000000006288e+01 0.000000000000000000e+00
1.207000000000006246e+01 0.000000000000000000e+00
1.209000000000006203e+01 0.000000000000000000e+00
1.211000000000006160e+01 0.000000000000000000e+00
1.213000000000006118e+01 0.000000000000000000e+00
1.215000000000006075e+01 0.000000000000000000e+00
1.217000000000006033e+01 0.000000000000000000e+00
1.219000000000005990e+01 0.000000000000000000e+00
1.221000000000005947e+01 0.000000000000000000e+00
1.223000000000005905e+01 0.000000000000000000e+00
1.225000000000005862e+01 0.000000000000000000e+00
1.227000000000005819e+01 0.000000000000000000e+00
1.229000000000005777e+01 0.000000000000000000e+00
1.231000000000005734e+01 0.000000000000000000e+00
1.233000000000005691e+01 0.000000000000000000e+00
1.235000000000005649e+01 0.000000000000000000e+00
1.237000000000005606e+01 0.000000000000000000e+00
1.239000000000005564e+01 0.000000000000000000e+00
1.241000000000005521e+01 0.000000000000000000e+00
1.243000000000005478e+01 0.000000000000000000e+00
1.245000000000005436e+01 0.000000000000000000e+00
1.247000000000005393e+01 0.000000000000000000e+00
1.249000000000005350e+01 0.000000000000000000e+00
1.251000000000005308e+01 0.000000000000000000e+00
1.253000000000005265e+01 0.000000000000000000e+00
1.255000000000005222e+01 0.000000000000000000e+00
1.257000000000005180e+01 0.000000000000000000e+00
1.259000000000005137e+01 0.000000000000000000e+00
1.261000000000005095e+01 0.000000000000000000e+00
1.263000000000005052e+01 0.000000000000000000e+00
1.265000000000005009e+01 0.000000000000000000e+00
1.267000000000004967e+01 0.000000000000000000e+00
1.269000000000004924e+01 0.000000000000000000e+00
1.271000000000004881e+01 0.000000000000000000e+00
1.273000000000004839e+01 0.000000000000000000e+00
1.275000000000004796e+01 0.000000000000000000e+00
1.277000000000004754e+01 0.000000000000000000e+00
1.279000000000004711e+01 0.000000000000000000e+00
1.281000000000004668e+01 0.000000000000000000e+00
1.283000000000004626e+01 0.000000000000000000e+00
1.285000000000004583e+01 0.000000000000000000e+00
1.287000000000004540e+01 0.000000000000000000e+00
1.289000000000004498e+01 0.000000000000000000e+00
1.291000000000004455e+01 0.000000000000000000e+00
1.293000000000004412e+01 0.000000000000000000e+00
1.295000000000004370e+01 0.000000000000000000e+00
1.297000000000004327e+01 0.000000000000000000e+00
1.299000000000004285e+01 0.000000000000000000e+00
1.301000000000004242e+01 0.000000000000000000e+00
1.303000000000004199e+01 0.000000000000000000e+00
1.305000000000004157e+01 0.000000000000000000e+00
1.307000000000004114e+01 0.000000000000000000e+00
1.309000000000004071e+01 0.000000000000000000e+00
1.311000000000004029e+01 0.000000000000000000e+00
1.313000000000003986e+01 0.000000000000000000e+00
1.315000000000003944e+01 0.000000000000000000e+00
1.317000000000003901e+01 0.000000000000000000e+00
1.319000000000003858e+01 0.000000000000000000e+00
1.321000000000003816e+01 0.000000000000000000e+00
1.323000000000003773e+01 0.000000000000000000e+00
1.325000000000003730e+01 0.000000000000000000e+00
1.327000000000003688e+01 0.000000000000000000e+00
1.329000000000003645e+01 0.000000000000000000e+00
1.331000000000003602e+01 0.000000000000000000e+00
1.333000000000003560e+01 0.000000000000000000e+00
1.335000000000003517e+01 0.000000000000000000e+00
1.337000000000003475e+01 0.000000000000000000e+00
1.339000000000003432e+01 0.000000000000000000e+00
1.341000000000003389e+01 0.000000000000000000e+00
1.343000000000003347e+01 0.000000000000000000e+00
1.345000000000003304e+01 0.000000000000000000e+00
1.347000000000003261e+01 0.000000000000000000e+00
1.349000000000003219e+01 0.000000000000000000e+00
1.351000000000003176e+01 0.000000000000000000e+00
1.353000000000003133e+01 0.000000000000000000e+00
1.355000000000003091e+01 0.000000000000000000e+00
1.357000000000003048e+01 0.000000000000000000e+00
1.359000000000003006e+01 0.000000000000000000e+00
1.361000000000002963e+01 0.000000000000000000e+00
1.363000000000002920e+01 0.000000000000000000e+00
1.365000000000002878e+01 0.000000000000000000e+00
1.367000000000002835e+01 0.000000000000000000e+00
1.369000000000002792e+01 0.000000000000000000e+00
1.371000000000002750e+01 0.000000000000000000e+00
1.373000000000002707e+01 0.000000000000000000e+00
1.375000000000002665e+01 0.000000000000000000e+00
1.377000000000002622e+01 0.000000000000000000e+00
1.379000000000002579e+01 0.000000000000000000e+00
1.381000000000002537e+01 0.000000000000000000e+00
1.383000000000002494e+01 0.000000000000000000e+00
1.385000000000002451e+01 0.000000000000000000e+00
1.387000000000002409e+01 0.000000000000000000e+00
1.389000000000002366e+01 0.000000000000000000e+00
1.391000000000002323e+01 0.000000000000000000e+00
1.393000000000002281e+01 0.000000000000000000e+00
1.395000000000002238e+01 0.000000000000000000e+00
1.397000000000002196e+01 0.000000000000000000e+00
1.399000000000002153e+01 0.000000000000000000e+00
1.401000000000002110e+01 0.000000000000000000e+00
1.403000000000002068e+01 0.000000000000000000e+00
1.405000000000002025e+01 0.000000000000000000e+00
1.407000000000001982e+01 0.000000000000000000e+00
1.409000000000001940e+01 0.000000000000000000e+00
1.411000000000001897e+01 0.000000000000000000e+00
1.413000000000001855e+01 0.000000000000000000e+00
1.415000000000001812e+01 0.000000000000000000e+00
1.417000000000001769e+01 0.000000000000000000e+00
1.419000000000001727e+01 0.000000000000000000e+00
1.421000000000001684e+01 0.000000000000000000e+00
1.423000000000001641e+01 0.000000000000000000e+00
1.425000000000001599e+01 0.000000000000000000e+00
1.427000000000001556e+01 0.000000000000000000e+00
1.429000000000001513e+01 0.000000000000000000e+00
1.431000000000001471e+01 0.000000000000000000e+00
1.433000000000001428e+01 0.000000000000000000e+00
1.435000000000001386e+01 0.000000000000000000e+00
1.437000000000001343e+01 0.000000000000000000e+00
1.439000000000001300e+01 0.000000000000000000e+00
1.441000000000001258e+01 0.000000000000000000e+00
1.443000000000001215e+01 0.000000000000000000e+00
1.445000000000001172e+01 0.000000000000000000e+00
1.447000000000001130e+01 0.000000000000000000e+00
1.449000000000001087e+01 0.000000000000000000e+00
1.451000000000001044e+01 0.000000000000000000e+00
1.453000000000001002e+01 0.000000000000000000e+00
1.455000000000000959e+01 0.000000000000000000e+00
1.457000000000000917e+01 0.000000000000000000e+00
1.459000000000000874e+01 0.000000000000000000e+00
1.461000000000000831e+01 0.000000000000000000e+00
1.463000000000000789e+01 0.000000000000000000e+00
1.465000000000000746e+01 0.000000000000000000e+00
1.467000000000000703e+01 0.000000000000000000e+00
1.469000000000000661e+01 0.000000000000000000e+00
1.471000000000000618e+01 0.000000000000000000e+00
1.473000000000000576e+01 0.000000000000000000e+00
1.475000000000000533e+01 0.000000000000000000e+00
1.477000000000000490e+01 0.000000000000000000e+00
1.479000000000000448e+01 0.000000000000000000e+00
1.481000000000000405e+01 0.000000000000000000e+00
1.483000000000000362e+01 0.000000000000000000e+00
1.485000000000000320e+01 0.000000000000000000e+00
1.487000000000000277e+01 0.000000000000000000e+00
1.489000000000000234e+01 0.000000000000000000e+00
1.491000000000000192e+01 0.000000000000000000e+00
1.493000000000000149e+01 0.000000000000000000e+00
1.495000000000000107e+01 0.000000000000000000e+00
1.497000000000000064e+01 0.000000000000000000e+00
1.499000000000000021e+01 0.000000000000000000e+00
