# Redshift		Merger Rate Density [Gpc^-3yr^-1]
1.000000000031931770e-02 2.109899295512036232e+01
3.000000000031888964e-02 2.215782797142555438e+01
5.000000000031846331e-02 2.312702899494830433e+01
7.000000000031804392e-02 2.395291361873743696e+01
9.000000000031761760e-02 2.498317890743267355e+01
1.100000000003171913e-01 2.585429778250817279e+01
1.300000000003167511e-01 2.696050151288078212e+01
1.500000000003163247e-01 2.815489873394754383e+01
1.700000000003158984e-01 2.932914929782101154e+01
1.900000000003154721e-01 3.070754576092140908e+01
2.100000000003150458e-01 3.181217965011498805e+01
2.300000000003146194e-01 3.335581120536635780e+01
2.500000000003141931e-01 3.465114368955629232e+01
2.700000000003137668e-01 3.608705783636236220e+01
2.900000000003133405e-01 3.744005159629239898e+01
3.100000000003129141e-01 3.894202306821685511e+01
3.300000000003124878e-01 4.044997072826986795e+01
3.500000000003120615e-01 4.175005830884062163e+01
3.700000000003116352e-01 4.308659390575481041e+01
3.900000000003112088e-01 4.428546768196248706e+01
4.100000000003107825e-01 4.557201431036389039e+01
4.300000000003103562e-01 4.711121292179660713e+01
4.500000000003099299e-01 4.876572039025608518e+01
4.700000000003095035e-01 5.005958999531159037e+01
4.900000000003090772e-01 5.170680452222428158e+01
5.100000000003086509e-01 5.336939740135620269e+01
5.300000000003082246e-01 5.491721130086359892e+01
5.500000000003077982e-01 5.645795080228092644e+01
5.700000000003073719e-01 5.818679036095962687e+01
5.900000000003069456e-01 5.957659886762967716e+01
6.100000000003065193e-01 6.134168751368838457e+01
6.300000000003060929e-01 6.311488825247039358e+01
6.500000000003056666e-01 6.459603074002566814e+01
6.700000000003052403e-01 6.643207744623938993e+01
6.900000000003048140e-01 6.817194462438970959e+01
7.100000000003043876e-01 7.002856234003162683e+01
7.300000000003039613e-01 7.182265285030952384e+01
7.500000000003035350e-01 7.367126264353420595e+01
7.700000000003031086e-01 7.574150677559786971e+01
7.900000000003026823e-01 7.692877869281747394e+01
8.100000000003022560e-01 7.904075304040861738e+01
8.300000000003018297e-01 8.040747418156611559e+01
8.500000000003014033e-01 8.265980717895286034e+01
8.700000000003009770e-01 8.414978624154238673e+01
8.900000000003005507e-01 8.625561738637829023e+01
9.100000000003001244e-01 8.813170357514100317e+01
9.300000000002996980e-01 8.977249468443883984e+01
9.500000000002992717e-01 9.170524649592688604e+01
9.700000000002988454e-01 9.361075187459243807e+01
9.900000000002984191e-01 9.524329319609519473e+01
1.010000000000297993e+00 9.727725116836754182e+01
1.030000000000297566e+00 9.907128451974911343e+01
1.050000000000297140e+00 1.010782586554163203e+02
1.070000000000296714e+00 1.025440381990813847e+02
1.090000000000296287e+00 1.042568632536111437e+02
1.110000000000295861e+00 1.057170944227365794e+02
1.130000000000295435e+00 1.075981238315107902e+02
1.150000000000295008e+00 1.097633157168773437e+02
1.170000000000294582e+00 1.110907239887714582e+02
1.190000000000294156e+00 1.124341147428102232e+02
1.210000000000293729e+00 1.138636182990231163e+02
1.230000000000293303e+00 1.157888204978502955e+02
1.250000000000292877e+00 1.169520854028290984e+02
1.270000000000292451e+00 1.186975607516516646e+02
1.290000000000292024e+00 1.195967987939937984e+02
1.310000000000291598e+00 1.206673452399170685e+02
1.330000000000291172e+00 1.221562255610104870e+02
1.350000000000290745e+00 1.237303217816671292e+02
1.370000000000290319e+00 1.250182610332711164e+02
1.390000000000289893e+00 1.270675919100985851e+02
1.410000000000289466e+00 1.274247739541537783e+02
1.430000000000289040e+00 1.280096031756740729e+02
1.450000000000288614e+00 1.300872487373933666e+02
1.470000000000288187e+00 1.303371232993775948e+02
1.490000000000287761e+00 1.318764011122395345e+02
1.510000000000287335e+00 1.320395881740257096e+02
1.530000000000286908e+00 1.332109565771704922e+02
1.550000000000286482e+00 1.335501659266557510e+02
1.570000000000286056e+00 1.341838875889818326e+02
1.590000000000285629e+00 1.350348386649031340e+02
1.610000000000285203e+00 1.353562949728602121e+02
1.630000000000284777e+00 1.359737055592632657e+02
1.650000000000284350e+00 1.358827511190780513e+02
1.670000000000283924e+00 1.366903319310531799e+02
1.690000000000283498e+00 1.371036356769700149e+02
1.710000000000283071e+00 1.373900198220072468e+02
1.730000000000282645e+00 1.364378825045366455e+02
1.750000000000282219e+00 1.367870766712387649e+02
1.770000000000281792e+00 1.365326603247358719e+02
1.790000000000281366e+00 1.382307178156660541e+02
1.810000000000280940e+00 1.392008429376407719e+02
1.830000000000280513e+00 1.358488415153711628e+02
1.850000000000280087e+00 1.367028413970747067e+02
1.870000000000279661e+00 1.358287103615465696e+02
1.890000000000279234e+00 1.350309327587196435e+02
1.910000000000278808e+00 1.346689420422171963e+02
1.930000000000278382e+00 1.340823546828268604e+02
1.950000000000277955e+00 1.326197046882091684e+02
1.970000000000277529e+00 1.332707908835240289e+02
1.990000000000277103e+00 1.331445766700098829e+02
2.010000000000276899e+00 1.315229526905788475e+02
2.030000000000276472e+00 1.313980908539103893e+02
2.050000000000276046e+00 1.295985092826111895e+02
2.070000000000275620e+00 1.283239591007450144e+02
2.090000000000275193e+00 1.278891896083571851e+02
2.110000000000274767e+00 1.265425972135687402e+02
2.130000000000274341e+00 1.246661382406140177e+02
2.150000000000273914e+00 1.242977234840939360e+02
2.170000000000273488e+00 1.229087579368031840e+02
2.190000000000273062e+00 1.216019957332946149e+02
2.210000000000272635e+00 1.197840198260267925e+02
2.230000000000272209e+00 1.188715575814816248e+02
2.250000000000271783e+00 1.170932084475789026e+02
2.270000000000271356e+00 1.169832029860199469e+02
2.290000000000270930e+00 1.150638157305006644e+02
2.310000000000270504e+00 1.137750900331787847e+02
2.330000000000270077e+00 1.127617195490341260e+02
2.350000000000269651e+00 1.108317403038379325e+02
2.370000000000269225e+00 1.089233491065136548e+02
2.390000000000268798e+00 1.077406236990736090e+02
2.410000000000268372e+00 1.072021290865062895e+02
2.430000000000267946e+00 1.049861860437248851e+02
2.450000000000267519e+00 1.043075553662492752e+02
2.470000000000267093e+00 1.020995935876177896e+02
2.490000000000266667e+00 1.008029527906177805e+02
2.510000000000266240e+00 1.005209512231659801e+02
2.530000000000265814e+00 9.882736788682763063e+01
2.550000000000265388e+00 9.663495097422502056e+01
2.570000000000264961e+00 9.522208457058420095e+01
2.590000000000264535e+00 9.383753127131063820e+01
2.610000000000264109e+00 9.173031298691898883e+01
2.630000000000263682e+00 8.994209681172824844e+01
2.650000000000263256e+00 8.822988738504719208e+01
2.670000000000262830e+00 8.719385487671841872e+01
2.690000000000262403e+00 8.580448482311108194e+01
2.710000000000261977e+00 8.390040708507578415e+01
2.730000000000261551e+00 8.185802826119872577e+01
2.750000000000261124e+00 8.077339391135069491e+01
2.770000000000260698e+00 7.945608830771131181e+01
2.790000000000260272e+00 7.746076392280242828e+01
2.810000000000259845e+00 7.629575493089944871e+01
2.830000000000259419e+00 7.463395003173967268e+01
2.850000000000258993e+00 7.397668932866581315e+01
2.870000000000258567e+00 7.240100449507079361e+01
2.890000000000258140e+00 7.072436138985483467e+01
2.910000000000257714e+00 6.976952405194788298e+01
2.930000000000257288e+00 6.847415530375960202e+01
2.950000000000256861e+00 6.691731292910998263e+01
2.970000000000256435e+00 6.611367148867859100e+01
2.990000000000256009e+00 6.491498281579033858e+01
3.010000000000255582e+00 6.381756785748466143e+01
3.030000000000255156e+00 6.257252734020715224e+01
3.050000000000254730e+00 6.164271915915460909e+01
3.070000000000254303e+00 6.014775281125977102e+01
3.090000000000253877e+00 5.924263224657602223e+01
3.110000000000253451e+00 5.827582872436905603e+01
3.130000000000253024e+00 5.754760729847082246e+01
3.150000000000252598e+00 5.614714040279859120e+01
3.170000000000252172e+00 5.529239316464973797e+01
3.190000000000251745e+00 5.469848473329304284e+01
3.210000000000251319e+00 5.382373036761738661e+01
3.230000000000250893e+00 5.280688957660486693e+01
3.250000000000250466e+00 5.199845486054309163e+01
3.270000000000250040e+00 5.137417337635842784e+01
3.290000000000249614e+00 4.971148885847480159e+01
3.310000000000249187e+00 4.894092182471176500e+01
3.330000000000248761e+00 4.890615808398079878e+01
3.350000000000248335e+00 4.723523980179941617e+01
3.370000000000247908e+00 4.718400027578848466e+01
3.390000000000247482e+00 4.616310785307467768e+01
3.410000000000247056e+00 4.508572628652023440e+01
3.430000000000246629e+00 4.464629487573944999e+01
3.450000000000246203e+00 4.387557131342019545e+01
3.470000000000245777e+00 4.259437509203675631e+01
3.490000000000245350e+00 4.242180676513310544e+01
3.510000000000244924e+00 4.183390521236367476e+01
3.530000000000244498e+00 4.093054258440085391e+01
3.550000000000244071e+00 4.026964948376431863e+01
3.570000000000243645e+00 3.959132247594529730e+01
3.590000000000243219e+00 3.888948721940110431e+01
3.610000000000242792e+00 3.936999490294513038e+01
3.630000000000242366e+00 3.812466660424931320e+01
3.650000000000241940e+00 3.743373937858074640e+01
3.670000000000241513e+00 3.709849782355536973e+01
3.690000000000241087e+00 3.643482710717903217e+01
3.710000000000240661e+00 3.658318936070594418e+01
3.730000000000240234e+00 3.519845732114826831e+01
3.750000000000239808e+00 3.544740568198238151e+01
3.770000000000239382e+00 3.445133120772116797e+01
3.790000000000238956e+00 3.462964030638548962e+01
3.810000000000238529e+00 3.387556512871949366e+01
3.830000000000238103e+00 3.341963429460864887e+01
3.850000000000237677e+00 3.301343815580093377e+01
3.870000000000237250e+00 3.241843899328632972e+01
3.890000000000236824e+00 3.209649181026387765e+01
3.910000000000236398e+00 3.195020746178135340e+01
3.930000000000235971e+00 3.149077863138277422e+01
3.950000000000235545e+00 3.107538451018322689e+01
3.970000000000235119e+00 3.104808336845654892e+01
3.990000000000234692e+00 3.075854755867336721e+01
4.010000000000234266e+00 3.031997405440066018e+01
4.030000000000233840e+00 2.990407496570803758e+01
4.050000000000233413e+00 2.953530457818468236e+01
4.070000000000232987e+00 2.947947565986657281e+01
4.090000000000232561e+00 2.930884004364506268e+01
4.110000000000232134e+00 2.919448753457790957e+01
4.130000000000231708e+00 2.894714524437203806e+01
4.150000000000231282e+00 2.844832185881498887e+01
4.170000000000230855e+00 2.857164693580027048e+01
4.190000000000230429e+00 2.845732371752391643e+01
4.210000000000230003e+00 2.869366474273595102e+01
4.230000000000229576e+00 2.814114588256142468e+01
4.250000000000229150e+00 2.771393958184563289e+01
4.270000000000228724e+00 2.751118789756784722e+01
4.290000000000228297e+00 2.699908806591531274e+01
4.310000000000227871e+00 2.726742711561212573e+01
4.330000000000227445e+00 2.669653004143676611e+01
4.350000000000227018e+00 2.698688707485800009e+01
4.370000000000226592e+00 2.676343627363300115e+01
4.390000000000226166e+00 2.638381505984051856e+01
4.410000000000225739e+00 2.611928516483857621e+01
4.430000000000225313e+00 2.617638288730776708e+01
4.450000000000224887e+00 2.619768772468174944e+01
4.470000000000224460e+00 2.575461743538393122e+01
4.490000000000224034e+00 2.580077609015273765e+01
4.510000000000223608e+00 2.533755216279594080e+01
4.530000000000223181e+00 2.526540037645128933e+01
4.550000000000222755e+00 2.496928314712165076e+01
4.570000000000222329e+00 2.447744220356887723e+01
4.590000000000221902e+00 2.488203229718130416e+01
4.610000000000221476e+00 2.455373563580100438e+01
4.630000000000221050e+00 2.447993983808540719e+01
4.650000000000220624e+00 2.419521730038328045e+01
4.670000000000220197e+00 2.404038415118542815e+01
4.690000000000219771e+00 2.401763711096372944e+01
4.710000000000219345e+00 2.367453521237681713e+01
4.730000000000218918e+00 2.350665349411342220e+01
4.750000000000218492e+00 2.344309322375026738e+01
4.770000000000218066e+00 2.320623103761031203e+01
4.790000000000217639e+00 2.308047508151321381e+01
4.810000000000217213e+00 2.288275393751229814e+01
4.830000000000216787e+00 2.279911122843476434e+01
4.850000000000216360e+00 2.248952170449483035e+01
4.870000000000215934e+00 2.228105773163397529e+01
4.890000000000215508e+00 2.208511851028359274e+01
4.910000000000215081e+00 2.235181754827774370e+01
4.930000000000214655e+00 2.216691971851460963e+01
4.950000000000214229e+00 2.248791001607150974e+01
4.970000000000213802e+00 2.210143599674835357e+01
4.990000000000213376e+00 2.190038087575345926e+01
5.010000000000212950e+00 2.191170721185464387e+01
5.030000000000212523e+00 2.157118415993053162e+01
5.050000000000212097e+00 2.111167947126133626e+01
5.070000000000211671e+00 2.101992852925555511e+01
5.090000000000211244e+00 2.088565785015369869e+01
5.110000000000210818e+00 2.079008351196796411e+01
5.130000000000210392e+00 2.068145114350035740e+01
5.150000000000209965e+00 2.037108526443242695e+01
5.170000000000209539e+00 2.007516616099374929e+01
5.190000000000209113e+00 2.014043803232602059e+01
5.210000000000208686e+00 1.992618258349517646e+01
5.230000000000208260e+00 1.986737999312732583e+01
5.250000000000207834e+00 1.969511820108214550e+01
5.270000000000207407e+00 1.966117099816514013e+01
5.290000000000206981e+00 1.942047571850337917e+01
5.310000000000206555e+00 1.910162484929590221e+01
5.330000000000206128e+00 1.907800629476356136e+01
5.350000000000205702e+00 1.881124224795518174e+01
5.370000000000205276e+00 1.845011250779789691e+01
5.390000000000204849e+00 1.847197527602358491e+01
5.410000000000204423e+00 1.844773879827531715e+01
5.430000000000203997e+00 1.813299342075335829e+01
5.450000000000203570e+00 1.813481508091713934e+01
5.470000000000203144e+00 1.799937463580685559e+01
5.490000000000202718e+00 1.767757089356391731e+01
5.510000000000202292e+00 1.748852995721550840e+01
5.530000000000201865e+00 1.767750679487067345e+01
5.550000000000201439e+00 1.748479657658442576e+01
5.570000000000201013e+00 1.750091842420528110e+01
5.590000000000200586e+00 1.760958768971921984e+01
5.610000000000200160e+00 1.750304037567687487e+01
5.630000000000199734e+00 1.698956850357510362e+01
5.650000000000199307e+00 1.676915732237454293e+01
5.670000000000198881e+00 1.647802249990605361e+01
5.690000000000198455e+00 1.610707636501114237e+01
5.710000000000198028e+00 1.608740174258734967e+01
5.730000000000197602e+00 1.584875173382199343e+01
5.750000000000197176e+00 1.571798173221824335e+01
5.770000000000196749e+00 1.551397721067632318e+01
5.790000000000196323e+00 1.527836837591403096e+01
5.810000000000195897e+00 1.518480895235537531e+01
5.830000000000195470e+00 1.491306455507832318e+01
5.850000000000195044e+00 1.492366259767644898e+01
5.870000000000194618e+00 1.483938794105046810e+01
5.890000000000194191e+00 1.455300183724301810e+01
5.910000000000193765e+00 1.409184588860088283e+01
5.930000000000193339e+00 1.405893866593924635e+01
5.950000000000192912e+00 1.431343627009440844e+01
5.970000000000192486e+00 1.378377268657993149e+01
5.990000000000192060e+00 1.376209094039051095e+01
6.010000000000191633e+00 1.321835736764962377e+01
6.030000000000191207e+00 1.314502352268439012e+01
6.050000000000190781e+00 1.313564355839106135e+01
6.070000000000190354e+00 1.298901552864431075e+01
6.090000000000189928e+00 1.287731554970699221e+01
6.110000000000189502e+00 1.252160616522659708e+01
6.130000000000189075e+00 1.262711396973037914e+01
6.150000000000188649e+00 1.271001562688204700e+01
6.170000000000188223e+00 1.253478521936367152e+01
6.190000000000187796e+00 1.187014467881858693e+01
6.210000000000187370e+00 1.208229450726162213e+01
6.230000000000186944e+00 1.136587982084044945e+01
6.250000000000186517e+00 1.135520069678834787e+01
6.270000000000186091e+00 1.110431286058219769e+01
6.290000000000185665e+00 1.085537178189569119e+01
6.310000000000185238e+00 1.078850816667022450e+01
6.330000000000184812e+00 1.043584187984130907e+01
6.350000000000184386e+00 1.049036801584500900e+01
6.370000000000183960e+00 9.997125103002122870e+00
6.390000000000183533e+00 9.880363836672689359e+00
6.410000000000183107e+00 9.961092313326259884e+00
6.430000000000182681e+00 9.709707250792918742e+00
6.450000000000182254e+00 9.418860287909007312e+00
6.470000000000181828e+00 9.385048727946244895e+00
6.490000000000181402e+00 9.043324286213925589e+00
6.510000000000180975e+00 8.712227003607353026e+00
6.530000000000180549e+00 8.531350412141730288e+00
6.550000000000180123e+00 8.405585908109964421e+00
6.570000000000179696e+00 8.319503553113495542e+00
6.590000000000179270e+00 8.129082462705936152e+00
6.610000000000178844e+00 7.950144256002140253e+00
6.630000000000178417e+00 7.944471395315455986e+00
6.650000000000177991e+00 7.777814161576511509e+00
6.670000000000177565e+00 7.676148668438276701e+00
6.690000000000177138e+00 7.243347682260300680e+00
6.710000000000176712e+00 7.167912895913189253e+00
6.730000000000176286e+00 7.001109315355329876e+00
6.750000000000175859e+00 6.778345791285111055e+00
6.770000000000175433e+00 6.610901234851145780e+00
6.790000000000175007e+00 6.464554175701277217e+00
6.810000000000174580e+00 6.291674065885082712e+00
6.830000000000174154e+00 6.070031043760958589e+00
6.850000000000173728e+00 6.061606254620705236e+00
6.870000000000173301e+00 5.847328163313923355e+00
6.890000000000172875e+00 5.793046021053773309e+00
6.910000000000172449e+00 5.671287602504984982e+00
6.930000000000172022e+00 5.780873985496977951e+00
6.950000000000171596e+00 5.609024906477722006e+00
6.970000000000171170e+00 5.387525840221686124e+00
6.990000000000170743e+00 5.278682441227723565e+00
7.010000000000170317e+00 5.144168215706899083e+00
7.030000000000169891e+00 5.011768373781293029e+00
7.050000000000169464e+00 4.745362002817042679e+00
7.070000000000169038e+00 4.756711000509594278e+00
7.090000000000168612e+00 4.692151862089267489e+00
7.110000000000168185e+00 4.472118734123661454e+00
7.130000000000167759e+00 4.581553389588090219e+00
7.150000000000167333e+00 4.347529856332490894e+00
7.170000000000166906e+00 4.248125828224747380e+00
7.190000000000166480e+00 4.070120441533545019e+00
7.210000000000166054e+00 4.036389487386423447e+00
7.230000000000165628e+00 3.932426692913433275e+00
7.250000000000165201e+00 3.956100862753304970e+00
7.270000000000164775e+00 3.769261821099894050e+00
7.290000000000164349e+00 3.727774348677557636e+00
7.310000000000163922e+00 3.690478346165660728e+00
7.330000000000163496e+00 3.605644915926246696e+00
7.350000000000163070e+00 3.570021080544873548e+00
7.370000000000162643e+00 3.594583654411351414e+00
7.390000000000162217e+00 3.745816895629140220e+00
7.410000000000161791e+00 3.604992441782070234e+00
7.430000000000161364e+00 3.533380294311280867e+00
7.450000000000160938e+00 3.352060727169153154e+00
7.470000000000160512e+00 3.255957607166490853e+00
7.490000000000160085e+00 3.279915313676478927e+00
7.510000000000159659e+00 3.201065200062437555e+00
7.530000000000159233e+00 3.100979781205339680e+00
7.550000000000158806e+00 3.102787968175720668e+00
7.570000000000158380e+00 3.065888157821171855e+00
7.590000000000157954e+00 2.933072715172215794e+00
7.610000000000157527e+00 2.956793473960188212e+00
7.630000000000157101e+00 2.883192745397733070e+00
7.650000000000156675e+00 2.823220778816555754e+00
7.670000000000156248e+00 2.832092491913477339e+00
7.690000000000155822e+00 2.791073150112583168e+00
7.710000000000155396e+00 2.723861075361956097e+00
7.730000000000154969e+00 2.744260296943251909e+00
7.750000000000154543e+00 2.616245371235690786e+00
7.770000000000154117e+00 2.705715408917205966e+00
7.790000000000153690e+00 2.570209487474650611e+00
7.810000000000153264e+00 2.757144826464031251e+00
7.830000000000152838e+00 2.783664618909207800e+00
7.850000000000152411e+00 2.632452327945992376e+00
7.870000000000151985e+00 2.576820340886633254e+00
7.890000000000151559e+00 2.515610814046858490e+00
7.910000000000151132e+00 2.456048013953836318e+00
7.930000000000150706e+00 2.434590634717731739e+00
7.950000000000150280e+00 2.358920520997383363e+00
7.970000000000149853e+00 2.324901933357788497e+00
7.990000000000149427e+00 2.276350919442858167e+00
8.010000000000149001e+00 2.295308471779042847e+00
8.030000000000148574e+00 2.294363716256628383e+00
8.050000000000148148e+00 2.185185067526839386e+00
8.070000000000147722e+00 2.184060184639852409e+00
8.090000000000147296e+00 2.218934316723552680e+00
8.110000000000146869e+00 2.132750748869958635e+00
8.130000000000146443e+00 2.121759755901023503e+00
8.150000000000146017e+00 2.142832417781606935e+00
8.170000000000145590e+00 2.085278652950210976e+00
8.190000000000145164e+00 2.019141570849806833e+00
8.210000000000144738e+00 2.134006679142141927e+00
8.230000000000144311e+00 2.093454880922553052e+00
8.250000000000143885e+00 1.955438412421486305e+00
8.270000000000143459e+00 1.939677786347885791e+00
8.290000000000143032e+00 1.918617717329645478e+00
8.310000000000142606e+00 1.833182746766609306e+00
8.330000000000142180e+00 1.830995420982117095e+00
8.350000000000141753e+00 1.815870571849945492e+00
8.370000000000141327e+00 1.834722390908471112e+00
8.390000000000140901e+00 1.737462499890782164e+00
8.410000000000140474e+00 1.750172710454858782e+00
8.430000000000140048e+00 1.745544594559156115e+00
8.450000000000139622e+00 1.733977759706705646e+00
8.470000000000139195e+00 1.643411332994193064e+00
8.490000000000138769e+00 1.643015389301927254e+00
8.510000000000138343e+00 1.602393191183064447e+00
8.530000000000137916e+00 1.573601552663189462e+00
8.550000000000137490e+00 1.549857381189462036e+00
8.570000000000137064e+00 1.496178474266606440e+00
8.590000000000136637e+00 1.561656193137492599e+00
8.610000000000136211e+00 1.507468550172275767e+00
8.630000000000135785e+00 1.444013885337893432e+00
8.650000000000135358e+00 1.393142355304247237e+00
8.670000000000134932e+00 1.409948180182389876e+00
8.690000000000134506e+00 1.400687102309633225e+00
8.710000000000134079e+00 1.365121502388700225e+00
8.730000000000133653e+00 1.367504329755192982e+00
8.750000000000133227e+00 1.283237927027027991e+00
8.770000000000132800e+00 1.290094020049763923e+00
8.790000000000132374e+00 1.280300903711441673e+00
8.810000000000131948e+00 1.232574631236496465e+00
8.830000000000131521e+00 1.219313974823902580e+00
8.850000000000131095e+00 1.155142254811766245e+00
8.870000000000130669e+00 1.178370254998435174e+00
8.890000000000130242e+00 1.141656850373216070e+00
8.910000000000129816e+00 1.126295565422934963e+00
8.930000000000129390e+00 1.123750531950727272e+00
8.950000000000128964e+00 1.124894303562595121e+00
8.970000000000128537e+00 1.083982261532770330e+00
8.990000000000128111e+00 1.069490521739221212e+00
9.010000000000127685e+00 1.043992760124355046e+00
9.030000000000127258e+00 1.010509321249105863e+00
9.050000000000126832e+00 1.034007598838968756e+00
9.070000000000126406e+00 9.754263105856415539e-01
9.090000000000125979e+00 9.851420539743782623e-01
9.110000000000125553e+00 9.730876925093440155e-01
9.130000000000125127e+00 9.932224749117128937e-01
9.150000000000124700e+00 9.601675725087132074e-01
9.170000000000124274e+00 9.538789578561036597e-01
9.190000000000123848e+00 9.501830945236869885e-01
9.210000000000123421e+00 9.456473349263199157e-01
9.230000000000122995e+00 9.641498669246633124e-01
9.250000000000122569e+00 9.234676025098922381e-01
9.270000000000122142e+00 9.376722190866746409e-01
9.290000000000121716e+00 9.118994576140723174e-01
9.310000000000121290e+00 9.377734229994469928e-01
9.330000000000120863e+00 9.238366283372008159e-01
9.350000000000120437e+00 9.209053490126094532e-01
9.370000000000120011e+00 9.413458111605412792e-01
9.390000000000119584e+00 9.680471254501046285e-01
9.410000000000119158e+00 9.549680951496638537e-01
9.430000000000118732e+00 9.635553907850910038e-01
9.450000000000118305e+00 9.957622962749950180e-01
9.470000000000117879e+00 1.022004199774663391e+00
9.490000000000117453e+00 9.766334352627502602e-01
9.510000000000117026e+00 1.010272408158765733e+00
9.530000000000116600e+00 1.022546655937833560e+00
9.550000000000116174e+00 1.024735480889451988e+00
9.570000000000115747e+00 1.042857492823427101e+00
9.590000000000115321e+00 1.089845629839439001e+00
9.610000000000114895e+00 1.121922815824441200e+00
9.630000000000114468e+00 1.119892891621097730e+00
9.650000000000114042e+00 1.164631299617465476e+00
9.670000000000113616e+00 1.142394034157120597e+00
9.690000000000113189e+00 1.167841495995703749e+00
9.710000000000112763e+00 1.161050438952631492e+00
9.730000000000112337e+00 1.234256988574873315e+00
9.750000000000111910e+00 1.216077665992782997e+00
9.770000000000111484e+00 1.265932099017971213e+00
9.790000000000111058e+00 1.305813565601331216e+00
9.810000000000110632e+00 1.331520492763901053e+00
9.830000000000110205e+00 1.338800721298736285e+00
9.850000000000109779e+00 1.345287707954517797e+00
9.870000000000109353e+00 1.349550625342754939e+00
9.890000000000108926e+00 1.388946520923913130e+00
9.910000000000108500e+00 1.417542260478413141e+00
9.930000000000108074e+00 1.445758523437162379e+00
9.950000000000107647e+00 1.435664519937505990e+00
9.970000000000107221e+00 1.503363033756851763e+00
9.990000000000106795e+00 1.438374023104603605e+00
1.001000000000010637e+01 1.540278629955535106e+00
1.003000000000010594e+01 1.530179022646827480e+00
1.005000000000010552e+01 1.532142509904692362e+00
1.007000000000010509e+01 1.548839162589564111e+00
1.009000000000010466e+01 1.576632236269646548e+00
1.011000000000010424e+01 1.585954023819447167e+00
1.013000000000010381e+01 1.563652053216445514e+00
1.015000000000010338e+01 1.605985657510310638e+00
1.017000000000010296e+01 1.607211956586514168e+00
1.019000000000010253e+01 1.558154605056441211e+00
1.021000000000010210e+01 1.601071802108377184e+00
1.023000000000010168e+01 1.636269557504834271e+00
1.025000000000010125e+01 1.609195304936593018e+00
1.027000000000010083e+01 1.626940326534615844e+00
1.029000000000010040e+01 1.675152145293294037e+00
1.031000000000009997e+01 1.586826065783794704e+00
1.033000000000009955e+01 1.565273327252609148e+00
1.035000000000009912e+01 1.558790474069813303e+00
1.037000000000009869e+01 1.606785342598344712e+00
1.039000000000009827e+01 1.571871396393436981e+00
1.041000000000009784e+01 1.572936874742325797e+00
1.043000000000009742e+01 1.592443586822120949e+00
1.045000000000009699e+01 1.560117162786354150e+00
1.047000000000009656e+01 1.515484257669595491e+00
1.049000000000009614e+01 1.515015957947143388e+00
1.051000000000009571e+01 1.545975899085075600e+00
1.053000000000009528e+01 1.464336202409381338e+00
1.055000000000009486e+01 1.437625800597001513e+00
1.057000000000009443e+01 1.481476142723585410e+00
1.059000000000009400e+01 1.405829013404486849e+00
1.061000000000009358e+01 1.448159870215798950e+00
1.063000000000009315e+01 1.412915981692130396e+00
1.065000000000009273e+01 1.363371605057885017e+00
1.067000000000009230e+01 1.345638615238037517e+00
1.069000000000009187e+01 1.337742383306445904e+00
1.071000000000009145e+01 1.299706252255877326e+00
1.073000000000009102e+01 1.307661570626333258e+00
1.075000000000009059e+01 1.256382321652257161e+00
1.077000000000009017e+01 1.264387792687189815e+00
1.079000000000008974e+01 1.196506987244308373e+00
1.081000000000008932e+01 1.210895484110330544e+00
1.083000000000008889e+01 1.200593029095057940e+00
1.085000000000008846e+01 1.150842510074514990e+00
1.087000000000008804e+01 1.141916596387355654e+00
1.089000000000008761e+01 1.115795290035997089e+00
1.091000000000008718e+01 1.087554691248140637e+00
1.093000000000008676e+01 1.058140326856141344e+00
1.095000000000008633e+01 1.045179614509761379e+00
1.097000000000008590e+01 1.035737827961627389e+00
1.099000000000008548e+01 1.034822780647670415e+00
1.101000000000008505e+01 1.022383551403704738e+00
1.103000000000008463e+01 9.937754611595369658e-01
1.105000000000008420e+01 9.520331151585244012e-01
1.107000000000008377e+01 9.037124619902591194e-01
1.109000000000008335e+01 9.321769728036395364e-01
1.111000000000008292e+01 8.827521444705066500e-01
1.113000000000008249e+01 9.008972209466575842e-01
1.115000000000008207e+01 9.056198545605640415e-01
1.117000000000008164e+01 8.652291547230401836e-01
1.119000000000008122e+01 8.610338110053094018e-01
1.121000000000008079e+01 8.304299591133226244e-01
1.123000000000008036e+01 8.236332107278356851e-01
1.125000000000007994e+01 8.033484349977640937e-01
1.127000000000007951e+01 7.756080091392737463e-01
1.129000000000007908e+01 7.800693330405883419e-01
1.131000000000007866e+01 7.881878916116459299e-01
1.133000000000007823e+01 7.387027002311427060e-01
1.135000000000007780e+01 7.565361552453668814e-01
1.137000000000007738e+01 7.721931183688024447e-01
1.139000000000007695e+01 7.060185481797367490e-01
1.141000000000007653e+01 7.329767729273115595e-01
1.143000000000007610e+01 6.600245163352190803e-01
1.145000000000007567e+01 6.783800718237258387e-01
1.147000000000007525e+01 7.107895984172731829e-01
1.149000000000007482e+01 6.633114458118921641e-01
1.151000000000007439e+01 6.925230270925909482e-01
1.153000000000007397e+01 6.603532202693339626e-01
1.155000000000007354e+01 6.178925489134006188e-01
1.157000000000007311e+01 6.005930649091060225e-01
1.159000000000007269e+01 6.172788267606306167e-01
1.161000000000007226e+01 6.099800243212574191e-01
1.163000000000007184e+01 5.995039740508433246e-01
1.165000000000007141e+01 5.869147839270272282e-01
1.167000000000007098e+01 5.940993336737124819e-01
1.169000000000007056e+01 5.349515157987859704e-01
1.171000000000007013e+01 5.557707545490543355e-01
1.173000000000006970e+01 5.282331103987756293e-01
1.175000000000006928e+01 5.176683437391182974e-01
1.177000000000006885e+01 5.250941544695392205e-01
1.179000000000006843e+01 4.974482251180188386e-01
1.181000000000006800e+01 4.836052966174247958e-01
1.183000000000006757e+01 4.787580179166032179e-01
1.185000000000006715e+01 4.526481866016087707e-01
1.187000000000006672e+01 4.492661521418361836e-01
1.189000000000006629e+01 4.508984334267553962e-01
1.191000000000006587e+01 4.139255699181068615e-01
1.193000000000006544e+01 3.829194587449487597e-01
1.195000000000006501e+01 4.176315130762801031e-01
1.197000000000006459e+01 3.755122212601221809e-01
1.199000000000006416e+01 3.731063575599425364e-01
1.201000000000006374e+01 3.576866380946849278e-01
1.203000000000006331e+01 3.453272755468596578e-01
1.205000000000006288e+01 3.186825110425022811e-01
1.207000000000006246e+01 3.079312640927395206e-01
1.209000000000006203e+01 3.213832682640390681e-01
1.211000000000006160e+01 3.019021793229061390e-01
1.213000000000006118e+01 2.653073930735861952e-01
1.215000000000006075e+01 2.667316045200376906e-01
1.217000000000006033e+01 2.458397639128187817e-01
1.219000000000005990e+01 2.510396111798288699e-01
1.221000000000005947e+01 2.404950267198120162e-01
1.223000000000005905e+01 2.296069740845501361e-01
1.225000000000005862e+01 2.080395602044860792e-01
1.227000000000005819e+01 1.936186866178507271e-01
1.229000000000005777e+01 1.910424230521244326e-01
1.231000000000005734e+01 1.804786919366827003e-01
1.233000000000005691e+01 1.793599338848259339e-01
1.235000000000005649e+01 1.754397183037779417e-01
1.237000000000005606e+01 1.579290372354396343e-01
1.239000000000005564e+01 1.468110124839688835e-01
1.241000000000005521e+01 1.345585140291416792e-01
1.243000000000005478e+01 1.401652464646692409e-01
1.245000000000005436e+01 1.283459928249116866e-01
1.247000000000005393e+01 1.351816375819597238e-01
1.249000000000005350e+01 1.173075624822915441e-01
1.251000000000005308e+01 1.075012227452692148e-01
1.253000000000005265e+01 1.051125163128990847e-01
1.255000000000005222e+01 1.069064648465011119e-01
1.257000000000005180e+01 9.918435742993550464e-02
1.259000000000005137e+01 9.293839932557923511e-02
1.261000000000005095e+01 9.672261247013290431e-02
1.263000000000005052e+01 8.540210360176603288e-02
1.265000000000005009e+01 8.384361368469234188e-02
1.267000000000004967e+01 8.093089334811026658e-02
1.269000000000004924e+01 7.539690787100293556e-02
1.271000000000004881e+01 8.195001492188266901e-02
1.273000000000004839e+01 8.267222113560809826e-02
1.275000000000004796e+01 6.772604326388444174e-02
1.277000000000004754e+01 6.913192732410074204e-02
1.279000000000004711e+01 6.545272220252378037e-02
1.281000000000004668e+01 6.912008517441324551e-02
1.283000000000004626e+01 6.798445896093485707e-02
1.285000000000004583e+01 6.297234345096842933e-02
1.287000000000004540e+01 7.187638233181818659e-02
1.289000000000004498e+01 5.457766030627460296e-02
1.291000000000004455e+01 6.322974603919889747e-02
1.293000000000004412e+01 5.962216825392246955e-02
1.295000000000004370e+01 6.439675070475799068e-02
1.297000000000004327e+01 5.437262756844616490e-02
1.299000000000004285e+01 6.656774149056435275e-02
1.301000000000004242e+01 4.978112167988826831e-02
1.303000000000004199e+01 5.872016663254560342e-02
1.305000000000004157e+01 5.818365918802863301e-02
1.307000000000004114e+01 5.765239851958732509e-02
1.309000000000004071e+01 5.697532552340996148e-02
1.311000000000004029e+01 5.680328148679956307e-02
1.313000000000003986e+01 4.981644925303402305e-02
1.315000000000003944e+01 5.570866108951053747e-02
1.317000000000003901e+01 5.533607899689591686e-02
1.319000000000003858e+01 5.485887768292467548e-02
1.321000000000003816e+01 5.153087980745842123e-02
1.323000000000003773e+01 5.409871087815222579e-02
1.325000000000003730e+01 5.070224279152949626e-02
1.327000000000003688e+01 5.058290862252677600e-02
1.329000000000003645e+01 5.596668229410040746e-02
1.331000000000003602e+01 4.989592761356013983e-02
1.333000000000003560e+01 5.228676708113403487e-02
1.335000000000003517e+01 5.202354192364043450e-02
1.337000000000003475e+01 4.609976685657613676e-02
1.339000000000003432e+01 5.432867328865357420e-02
1.341000000000003389e+01 4.833322192189501432e-02
1.343000000000003347e+01 5.641654829576923935e-02
1.345000000000003304e+01 4.474634203654974385e-02
1.347000000000003261e+01 4.754136802635192116e-02
1.349000000000003219e+01 4.713231222070021764e-02
1.351000000000003176e+01 5.253646284166357122e-02
1.353000000000003133e+01 4.909447765353249643e-02
1.355000000000003091e+01 5.185609909609817381e-02
1.357000000000003048e+01 4.612438734293447529e-02
1.359000000000003006e+01 4.573394191764267730e-02
1.361000000000002963e+01 4.544998499562574734e-02
1.363000000000002920e+01 5.319973049708320162e-02
1.365000000000002878e+01 5.033060413672354322e-02
1.367000000000002835e+01 3.944857877295336601e-02
1.369000000000002792e+01 4.706358024860470002e-02
1.371000000000002750e+01 4.416325171403398531e-02
1.373000000000002707e+01 5.168894856101530905e-02
1.375000000000002665e+01 4.116261517378123208e-02
1.377000000000002622e+01 4.865336139962881529e-02
1.379000000000002579e+01 4.055492220793725788e-02
1.381000000000002537e+01 4.068481420191803061e-02
1.383000000000002494e+01 3.563572338591764616e-02
1.385000000000002451e+01 3.800037882270718148e-02
1.387000000000002409e+01 4.019064261576641567e-02
1.389000000000002366e+01 3.250632364833979521e-02
1.391000000000002323e+01 3.483444571513278493e-02
1.393000000000002281e+01 2.481795675814505234e-02
1.395000000000002238e+01 2.721477603354716807e-02
1.397000000000002196e+01 4.947462641180580545e-03
1.399000000000002153e+01 1.557284348780488413e-08
1.401000000000002110e+01 9.592383558081799236e-09
1.403000000000002068e+01 2.890216964101680198e-09
1.405000000000002025e+01 2.222074271531436971e-09
1.407000000000001982e+01 1.704134646490249522e-09
1.409000000000001940e+01 5.602484242393244175e-10
1.411000000000001897e+01 4.293570251230218543e-10
1.413000000000001855e+01 3.282202010471434383e-10
1.415000000000001812e+01 4.083735824853046192e-17
1.417000000000001769e+01 2.457898810097066258e-17
1.419000000000001727e+01 1.844797941599679602e-17
1.421000000000001684e+01 1.041809697055351412e-17
1.423000000000001641e+01 7.970782679416631537e-18
1.425000000000001599e+01 3.586681020344895676e-18
1.427000000000001556e+01 2.380631842459343513e-18
1.429000000000001513e+01 1.481376057351213403e-18
1.431000000000001471e+01 1.765379150157364222e-18
1.433000000000001428e+01 5.829109530789877687e-19
1.435000000000001386e+01 0.000000000000000000e+00
1.437000000000001343e+01 0.000000000000000000e+00
1.439000000000001300e+01 0.000000000000000000e+00
1.441000000000001258e+01 0.000000000000000000e+00
1.443000000000001215e+01 0.000000000000000000e+00
1.445000000000001172e+01 0.000000000000000000e+00
1.447000000000001130e+01 0.000000000000000000e+00
1.449000000000001087e+01 0.000000000000000000e+00
1.451000000000001044e+01 0.000000000000000000e+00
1.453000000000001002e+01 0.000000000000000000e+00
1.455000000000000959e+01 0.000000000000000000e+00
1.457000000000000917e+01 0.000000000000000000e+00
1.459000000000000874e+01 0.000000000000000000e+00
1.461000000000000831e+01 0.000000000000000000e+00
1.463000000000000789e+01 0.000000000000000000e+00
1.465000000000000746e+01 0.000000000000000000e+00
1.467000000000000703e+01 0.000000000000000000e+00
1.469000000000000661e+01 0.000000000000000000e+00
1.471000000000000618e+01 0.000000000000000000e+00
1.473000000000000576e+01 0.000000000000000000e+00
1.475000000000000533e+01 0.000000000000000000e+00
1.477000000000000490e+01 0.000000000000000000e+00
1.479000000000000448e+01 0.000000000000000000e+00
1.481000000000000405e+01 0.000000000000000000e+00
1.483000000000000362e+01 0.000000000000000000e+00
1.485000000000000320e+01 0.000000000000000000e+00
1.487000000000000277e+01 0.000000000000000000e+00
1.489000000000000234e+01 0.000000000000000000e+00
1.491000000000000192e+01 0.000000000000000000e+00
1.493000000000000149e+01 0.000000000000000000e+00
1.495000000000000107e+01 0.000000000000000000e+00
1.497000000000000064e+01 0.000000000000000000e+00
1.499000000000000021e+01 0.000000000000000000e+00
