# Redshift		Merger Rate Density [Gpc^-3yr^-1]
1.000000000031931770e-02 1.072051312214122447e+02
3.000000000031888964e-02 1.103735957399278931e+02
5.000000000031846331e-02 1.144016304142445222e+02
7.000000000031804392e-02 1.194724980526644913e+02
9.000000000031761760e-02 1.227373760384655696e+02
1.100000000003171913e-01 1.283422864410598265e+02
1.300000000003167511e-01 1.321787085946068032e+02
1.500000000003163247e-01 1.377183707934130439e+02
1.700000000003158984e-01 1.421418689000171867e+02
1.900000000003154721e-01 1.457234651601258975e+02
2.100000000003150458e-01 1.520451485264009648e+02
2.300000000003146194e-01 1.561209655371567351e+02
2.500000000003141931e-01 1.618910185229361218e+02
2.700000000003137668e-01 1.675289344092904003e+02
2.900000000003133405e-01 1.735949721534758226e+02
3.100000000003129141e-01 1.795597349442222423e+02
3.300000000003124878e-01 1.850011189956234148e+02
3.500000000003120615e-01 1.903756615209148322e+02
3.700000000003116352e-01 1.972554129566357233e+02
3.900000000003112088e-01 2.052490867329656794e+02
4.100000000003107825e-01 2.097266610701379363e+02
4.300000000003103562e-01 2.170102759298527531e+02
4.500000000003099299e-01 2.198370926934222496e+02
4.700000000003095035e-01 2.277939666188992760e+02
4.900000000003090772e-01 2.351128282827841929e+02
5.100000000003086509e-01 2.402068089339825008e+02
5.300000000003082246e-01 2.476130068178480315e+02
5.500000000003077982e-01 2.538883885924010144e+02
5.700000000003073719e-01 2.598196954397358240e+02
5.900000000003069456e-01 2.650072118966567700e+02
6.100000000003065193e-01 2.721283988938526477e+02
6.300000000003060929e-01 2.813742257637036914e+02
6.500000000003056666e-01 2.855035039334654812e+02
6.700000000003052403e-01 2.949288680814404984e+02
6.900000000003048140e-01 2.962832381027876636e+02
7.100000000003043876e-01 3.065466125910311916e+02
7.300000000003039613e-01 3.144793879302160917e+02
7.500000000003035350e-01 3.206563466907031170e+02
7.700000000003031086e-01 3.290651631992134867e+02
7.900000000003026823e-01 3.356245786454102813e+02
8.100000000003022560e-01 3.421453762385456798e+02
8.300000000003018297e-01 3.454898216238246391e+02
8.500000000003014033e-01 3.570215901922509829e+02
8.700000000003009770e-01 3.641811057369770879e+02
8.900000000003005507e-01 3.654337043310478634e+02
9.100000000003001244e-01 3.774455852200773052e+02
9.300000000002996980e-01 3.812304998107538836e+02
9.500000000002992717e-01 3.828637078230269708e+02
9.700000000002988454e-01 3.949776942712823029e+02
9.900000000002984191e-01 3.981910867180758942e+02
1.010000000000297993e+00 4.060559737544196537e+02
1.030000000000297566e+00 4.088308702700991262e+02
1.050000000000297140e+00 4.139868017993499620e+02
1.070000000000296714e+00 4.217865112413346083e+02
1.090000000000296287e+00 4.266599420880057210e+02
1.110000000000295861e+00 4.277024293748173136e+02
1.130000000000295435e+00 4.377230718821846267e+02
1.150000000000295008e+00 4.416668774468766401e+02
1.170000000000294582e+00 4.454665218105157010e+02
1.190000000000294156e+00 4.460759828381154648e+02
1.210000000000293729e+00 4.547748398339028313e+02
1.230000000000293303e+00 4.571421719777810608e+02
1.250000000000292877e+00 4.590238617227366262e+02
1.270000000000292451e+00 4.662041377975512546e+02
1.290000000000292024e+00 4.650070919109857073e+02
1.310000000000291598e+00 4.702193875262050256e+02
1.330000000000291172e+00 4.751592693582304037e+02
1.350000000000290745e+00 4.745387818749603639e+02
1.370000000000290319e+00 4.786397889743998917e+02
1.390000000000289893e+00 4.800648054948231902e+02
1.410000000000289466e+00 4.830728063910800074e+02
1.430000000000289040e+00 4.793129124243981778e+02
1.450000000000288614e+00 4.836090110231102130e+02
1.470000000000288187e+00 4.843704569747674782e+02
1.490000000000287761e+00 4.826986292326690204e+02
1.510000000000287335e+00 4.846442562585170890e+02
1.530000000000286908e+00 4.853406927541418554e+02
1.550000000000286482e+00 4.866382502589054297e+02
1.570000000000286056e+00 4.814567589743654139e+02
1.590000000000285629e+00 4.810481513040996333e+02
1.610000000000285203e+00 4.806144545916089328e+02
1.630000000000284777e+00 4.801256431127351334e+02
1.650000000000284350e+00 4.796625889051618969e+02
1.670000000000283924e+00 4.779562225738154098e+02
1.690000000000283498e+00 4.717776286159190136e+02
1.710000000000283071e+00 4.725971549125111437e+02
1.730000000000282645e+00 4.740014964073725423e+02
1.750000000000282219e+00 4.612445810027007838e+02
1.770000000000281792e+00 4.644400688325481497e+02
1.790000000000281366e+00 4.624957008622404260e+02
1.810000000000280940e+00 4.602679512692196795e+02
1.830000000000280513e+00 4.523631101722439780e+02
1.850000000000280087e+00 4.489838197100823436e+02
1.870000000000279661e+00 4.474627360132132594e+02
1.890000000000279234e+00 4.417807273940009054e+02
1.910000000000278808e+00 4.377340195859313781e+02
1.930000000000278382e+00 4.348654293643042479e+02
1.950000000000277955e+00 4.318283189872812500e+02
1.970000000000277529e+00 4.238201285800298024e+02
1.990000000000277103e+00 4.217358436605274505e+02
2.010000000000276899e+00 4.157398018031132665e+02
2.030000000000276472e+00 4.127895104480776922e+02
2.050000000000276046e+00 4.091132983016991602e+02
2.070000000000275620e+00 3.992062899272123673e+02
2.090000000000275193e+00 4.009880907172681077e+02
2.110000000000274767e+00 3.924592701444595377e+02
2.130000000000274341e+00 3.894124974930336407e+02
2.150000000000273914e+00 3.817646475184367887e+02
2.170000000000273488e+00 3.767353582577453039e+02
2.190000000000273062e+00 3.735628702199909981e+02
2.210000000000272635e+00 3.665398478829366695e+02
2.230000000000272209e+00 3.639709979272776081e+02
2.250000000000271783e+00 3.585090028283389643e+02
2.270000000000271356e+00 3.548153468683623259e+02
2.290000000000270930e+00 3.482682720370845004e+02
2.310000000000270504e+00 3.448071837677987332e+02
2.330000000000270077e+00 3.391516236706035556e+02
2.350000000000269651e+00 3.324498971559440861e+02
2.370000000000269225e+00 3.259309897490990124e+02
2.390000000000268798e+00 3.231285077853333405e+02
2.410000000000268372e+00 3.165499741644368328e+02
2.430000000000267946e+00 3.125349426509824298e+02
2.450000000000267519e+00 3.054888482228456610e+02
2.470000000000267093e+00 3.032707662638236457e+02
2.490000000000266667e+00 2.975689492165832917e+02
2.510000000000266240e+00 2.911280478850857207e+02
2.530000000000265814e+00 2.893852933079259060e+02
2.550000000000265388e+00 2.845728251127017074e+02
2.570000000000264961e+00 2.774371199305480786e+02
2.590000000000264535e+00 2.756012350469634953e+02
2.610000000000264109e+00 2.697265668190225369e+02
2.630000000000263682e+00 2.654765971366287545e+02
2.650000000000263256e+00 2.595042457677157586e+02
2.670000000000262830e+00 2.556566550294357683e+02
2.690000000000262403e+00 2.500796227327416545e+02
2.710000000000261977e+00 2.479560541380281222e+02
2.730000000000261551e+00 2.410878998000480919e+02
2.750000000000261124e+00 2.390781880105712105e+02
2.770000000000260698e+00 2.349390811851880301e+02
2.790000000000260272e+00 2.288343130104227328e+02
2.810000000000259845e+00 2.248713711700183353e+02
2.830000000000259419e+00 2.197637196417331324e+02
2.850000000000258993e+00 2.173568995825461343e+02
2.870000000000258567e+00 2.118232720391799830e+02
2.890000000000258140e+00 2.096904230175875909e+02
2.910000000000257714e+00 2.039200942747228851e+02
2.930000000000257288e+00 2.022918557964515571e+02
2.950000000000256861e+00 1.951032810332133067e+02
2.970000000000256435e+00 1.937872347073946173e+02
2.990000000000256009e+00 1.893918031949577596e+02
3.010000000000255582e+00 1.861522432435066605e+02
3.030000000000255156e+00 1.833180223876078117e+02
3.050000000000254730e+00 1.790053947699981904e+02
3.070000000000254303e+00 1.739425502333625388e+02
3.090000000000253877e+00 1.721764931816149726e+02
3.110000000000253451e+00 1.687904965506311328e+02
3.130000000000253024e+00 1.638717527204457269e+02
3.150000000000252598e+00 1.626658858547068292e+02
3.170000000000252172e+00 1.575900888149880643e+02
3.190000000000251745e+00 1.564076936119812444e+02
3.210000000000251319e+00 1.517284621891715233e+02
3.230000000000250893e+00 1.495888970186585141e+02
3.250000000000250466e+00 1.456547768129800886e+02
3.270000000000250040e+00 1.412897526644190975e+02
3.290000000000249614e+00 1.427391619374226650e+02
3.310000000000249187e+00 1.360123665965892599e+02
3.330000000000248761e+00 1.346513095597817085e+02
3.350000000000248335e+00 1.316410093207204284e+02
3.370000000000247908e+00 1.294210454358937170e+02
3.390000000000247482e+00 1.268114679627184103e+02
3.410000000000247056e+00 1.234696262963465756e+02
3.430000000000246629e+00 1.198277362091737217e+02
3.450000000000246203e+00 1.178619915894509091e+02
3.470000000000245777e+00 1.163877076247581925e+02
3.490000000000245350e+00 1.132398235254021728e+02
3.510000000000244924e+00 1.118042821931979063e+02
3.530000000000244498e+00 1.077399554026490165e+02
3.550000000000244071e+00 1.063178219827828741e+02
3.570000000000243645e+00 1.042875888764298935e+02
3.590000000000243219e+00 1.030816842760186915e+02
3.610000000000242792e+00 9.911225983638750847e+01
3.630000000000242366e+00 9.791893797756283391e+01
3.650000000000241940e+00 9.521956725553143031e+01
3.670000000000241513e+00 9.312742468879403646e+01
3.690000000000241087e+00 9.115796682555135533e+01
3.710000000000240661e+00 8.931845553332962595e+01
3.730000000000240234e+00 8.866516594056015776e+01
3.750000000000239808e+00 8.462248910057105888e+01
3.770000000000239382e+00 8.504040405471313591e+01
3.790000000000238956e+00 8.251659611711023956e+01
3.810000000000238529e+00 8.057739306267674806e+01
3.830000000000238103e+00 7.879431127672202706e+01
3.850000000000237677e+00 7.735011679824135911e+01
3.870000000000237250e+00 7.558572483510135953e+01
3.890000000000236824e+00 7.474878846585687597e+01
3.910000000000236398e+00 7.290872847891836273e+01
3.930000000000235971e+00 7.084485453898463447e+01
3.950000000000235545e+00 7.016712902566209209e+01
3.970000000000235119e+00 6.810147565739235631e+01
3.990000000000234692e+00 6.742694620579518983e+01
4.010000000000234266e+00 6.594064384781080435e+01
4.030000000000233840e+00 6.418054530470347174e+01
4.050000000000233413e+00 6.307869401012408872e+01
4.070000000000232987e+00 6.193715896406565946e+01
4.090000000000232561e+00 6.065027766413340515e+01
4.110000000000232134e+00 5.981080555018451861e+01
4.130000000000231708e+00 5.913130168034096101e+01
4.150000000000231282e+00 5.787699573634453998e+01
4.170000000000230855e+00 5.648470020804401059e+01
4.190000000000230429e+00 5.460758656368165020e+01
4.210000000000230003e+00 5.516055853198584202e+01
4.230000000000229576e+00 5.318698929183532442e+01
4.250000000000229150e+00 5.291764802722912009e+01
4.270000000000228724e+00 5.125426318026551797e+01
4.290000000000228297e+00 5.055025052711962275e+01
4.310000000000227871e+00 4.998700768650181914e+01
4.330000000000227445e+00 4.950524060235654389e+01
4.350000000000227018e+00 4.808499371915520015e+01
4.370000000000226592e+00 4.768143631541720140e+01
4.390000000000226166e+00 4.721174526781739189e+01
4.410000000000225739e+00 4.640407449765218217e+01
4.430000000000225313e+00 4.524609167760409889e+01
4.450000000000224887e+00 4.487060375881677743e+01
4.470000000000224460e+00 4.425065893802825912e+01
4.490000000000224034e+00 4.332942937461539401e+01
4.510000000000223608e+00 4.272251976317424749e+01
4.530000000000223181e+00 4.281097501650784665e+01
4.550000000000222755e+00 4.172048950144147028e+01
4.570000000000222329e+00 4.138861299523835413e+01
4.590000000000221902e+00 4.055777015318363254e+01
4.610000000000221476e+00 3.979095713615636498e+01
4.630000000000221050e+00 3.945623617796662330e+01
4.650000000000220624e+00 3.897946646136083615e+01
4.670000000000220197e+00 3.846227050100181089e+01
4.690000000000219771e+00 3.805318717796941286e+01
4.710000000000219345e+00 3.721568431927406806e+01
4.730000000000218918e+00 3.700534667619410101e+01
4.750000000000218492e+00 3.652497813650131064e+01
4.770000000000218066e+00 3.617713385598469245e+01
4.790000000000217639e+00 3.573367557861167398e+01
4.810000000000217213e+00 3.515668544488114833e+01
4.830000000000216787e+00 3.476445238373565161e+01
4.850000000000216360e+00 3.467338204853444239e+01
4.870000000000215934e+00 3.377088973593155430e+01
4.890000000000215508e+00 3.384816118167345422e+01
4.910000000000215081e+00 3.326002755846489123e+01
4.930000000000214655e+00 3.275806885846100158e+01
4.950000000000214229e+00 3.229567270913029375e+01
4.970000000000213802e+00 3.216024371151818428e+01
4.990000000000213376e+00 3.163014340127572055e+01
5.010000000000212950e+00 3.146387296355149132e+01
5.030000000000212523e+00 3.133087112632630777e+01
5.050000000000212097e+00 3.038637627568122568e+01
5.070000000000211671e+00 3.037633460034434307e+01
5.090000000000211244e+00 2.980396191518207161e+01
5.110000000000210818e+00 2.977115240188819101e+01
5.130000000000210392e+00 2.905644959792088500e+01
5.150000000000209965e+00 2.892090280998085561e+01
5.170000000000209539e+00 2.879939181326869857e+01
5.190000000000209113e+00 2.843915467756859172e+01
5.210000000000208686e+00 2.816772203814129227e+01
5.230000000000208260e+00 2.821306685801967973e+01
5.250000000000207834e+00 2.712939393087540196e+01
5.270000000000207407e+00 2.718777058872512242e+01
5.290000000000206981e+00 2.696018228810919837e+01
5.310000000000206555e+00 2.680651420085887437e+01
5.330000000000206128e+00 2.628665783400998279e+01
5.350000000000205702e+00 2.604666514706379843e+01
5.370000000000205276e+00 2.593762268042932106e+01
5.390000000000204849e+00 2.579909053164625377e+01
5.410000000000204423e+00 2.521364216464009900e+01
5.430000000000203997e+00 2.483754952713877273e+01
5.450000000000203570e+00 2.470407275024382798e+01
5.470000000000203144e+00 2.475837845454531205e+01
5.490000000000202718e+00 2.468662040087391674e+01
5.510000000000202292e+00 2.384378764791654959e+01
5.530000000000201865e+00 2.355697724236825863e+01
5.550000000000201439e+00 2.376535551975533522e+01
5.570000000000201013e+00 2.349564224401327550e+01
5.590000000000200586e+00 2.269832229538587143e+01
5.610000000000200160e+00 2.309508661745136848e+01
5.630000000000199734e+00 2.240834950121983127e+01
5.650000000000199307e+00 2.234657411745819999e+01
5.670000000000198881e+00 2.216095299921021322e+01
5.690000000000198455e+00 2.157529685652066220e+01
5.710000000000198028e+00 2.139094303366766425e+01
5.730000000000197602e+00 2.135298819492653166e+01
5.750000000000197176e+00 2.107123600065349933e+01
5.770000000000196749e+00 2.056626013009876175e+01
5.790000000000196323e+00 2.042132847064418399e+01
5.810000000000195897e+00 2.007369643187966091e+01
5.830000000000195470e+00 2.012756905102144600e+01
5.850000000000195044e+00 2.000852926122521680e+01
5.870000000000194618e+00 1.942863870572019636e+01
5.890000000000194191e+00 1.943092470707001596e+01
5.910000000000193765e+00 1.888193427288711845e+01
5.930000000000193339e+00 1.895919043873976051e+01
5.950000000000192912e+00 1.847790491071435781e+01
5.970000000000192486e+00 1.823374095305059939e+01
5.990000000000192060e+00 1.807075698507358297e+01
6.010000000000191633e+00 1.807589206229235756e+01
6.030000000000191207e+00 1.776985180641013784e+01
6.050000000000190781e+00 1.769464097382462242e+01
6.070000000000190354e+00 1.751159087697974215e+01
6.090000000000189928e+00 1.701516995510383623e+01
6.110000000000189502e+00 1.702366021716010636e+01
6.130000000000189075e+00 1.677151212930607826e+01
6.150000000000188649e+00 1.648920080828850487e+01
6.170000000000188223e+00 1.637199621218849899e+01
6.190000000000187796e+00 1.614900741006921336e+01
6.210000000000187370e+00 1.626152801170961837e+01
6.230000000000186944e+00 1.564494794036303560e+01
6.250000000000186517e+00 1.550611648824788702e+01
6.270000000000186091e+00 1.525716312320073875e+01
6.290000000000185665e+00 1.523974175964813860e+01
6.310000000000185238e+00 1.500610202745036403e+01
6.330000000000184812e+00 1.520887167910208682e+01
6.350000000000184386e+00 1.468801377333543279e+01
6.370000000000183960e+00 1.480496454630708847e+01
6.390000000000183533e+00 1.429885693859545270e+01
6.410000000000183107e+00 1.446134602467024521e+01
6.430000000000182681e+00 1.415027083848070788e+01
6.450000000000182254e+00 1.375152768708502826e+01
6.470000000000181828e+00 1.389597740903294998e+01
6.490000000000181402e+00 1.360014721670045823e+01
6.510000000000180975e+00 1.336682704846748848e+01
6.530000000000180549e+00 1.337256845603600475e+01
6.550000000000180123e+00 1.328462890592552981e+01
6.570000000000179696e+00 1.310397600994065748e+01
6.590000000000179270e+00 1.309530265402013249e+01
6.610000000000178844e+00 1.293143745294374902e+01
6.630000000000178417e+00 1.252924085823451605e+01
6.650000000000177991e+00 1.265924241383447146e+01
6.670000000000177565e+00 1.247267914071630557e+01
6.690000000000177138e+00 1.239376956346935188e+01
6.710000000000176712e+00 1.222563597533267021e+01
6.730000000000176286e+00 1.222849614841061872e+01
6.750000000000175859e+00 1.230267201327385607e+01
6.770000000000175433e+00 1.182514027041564120e+01
6.790000000000175007e+00 1.192682146875472071e+01
6.810000000000174580e+00 1.175155670331921165e+01
6.830000000000174154e+00 1.155286558205909486e+01
6.850000000000173728e+00 1.155230239889317367e+01
6.870000000000173301e+00 1.142054393604063200e+01
6.890000000000172875e+00 1.134970524346235266e+01
6.910000000000172449e+00 1.115286046788776098e+01
6.930000000000172022e+00 1.132932208638445282e+01
6.950000000000171596e+00 1.104907233115077858e+01
6.970000000000171170e+00 1.097034854911351331e+01
6.990000000000170743e+00 1.096240975446507271e+01
7.010000000000170317e+00 1.083037566181435452e+01
7.030000000000169891e+00 1.075255221960601659e+01
7.050000000000169464e+00 1.061832043344552723e+01
7.070000000000169038e+00 1.057246844260338747e+01
7.090000000000168612e+00 1.050872676964268138e+01
7.110000000000168185e+00 1.047122465319628226e+01
7.130000000000167759e+00 1.027856383160792397e+01
7.150000000000167333e+00 1.015623905061885246e+01
7.170000000000166906e+00 1.050820192571886125e+01
7.190000000000166480e+00 1.011714650784196579e+01
7.210000000000166054e+00 1.007849234088253532e+01
7.230000000000165628e+00 9.782201503733400472e+00
7.250000000000165201e+00 1.002160480206945259e+01
7.270000000000164775e+00 9.818043354134033507e+00
7.290000000000164349e+00 9.792773230525002148e+00
7.310000000000163922e+00 9.509760157713325057e+00
7.330000000000163496e+00 9.651088704911771288e+00
7.350000000000163070e+00 9.775799786630177124e+00
7.370000000000162643e+00 9.364984696599016445e+00
7.390000000000162217e+00 9.432826095248339371e+00
7.410000000000161791e+00 9.262501291053593988e+00
7.430000000000161364e+00 9.267695612652664394e+00
7.450000000000160938e+00 9.138175888566760108e+00
7.470000000000160512e+00 8.933022736922911378e+00
7.490000000000160085e+00 8.993147868482370910e+00
7.510000000000159659e+00 8.901199488567900886e+00
7.530000000000159233e+00 8.878173291657908806e+00
7.550000000000158806e+00 8.678807885996018712e+00
7.570000000000158380e+00 8.731241465919731937e+00
7.590000000000157954e+00 8.615987315314582062e+00
7.610000000000157527e+00 8.661504759662399522e+00
7.630000000000157101e+00 8.717601835153642398e+00
7.650000000000156675e+00 8.518914514003093075e+00
7.670000000000156248e+00 8.558141548323986214e+00
7.690000000000155822e+00 8.308136611423210027e+00
7.710000000000155396e+00 8.223493059984763320e+00
7.730000000000154969e+00 8.327485421720908221e+00
7.750000000000154543e+00 8.226782496990358240e+00
7.770000000000154117e+00 8.181505762694413875e+00
7.790000000000153690e+00 8.155745207745662029e+00
7.810000000000153264e+00 7.889643957848130107e+00
7.830000000000152838e+00 7.951091353900836545e+00
7.850000000000152411e+00 7.753679311280758490e+00
7.870000000000151985e+00 7.816350676158945632e+00
7.890000000000151559e+00 7.706445150559232182e+00
7.910000000000151132e+00 7.648744887948960347e+00
7.930000000000150706e+00 7.482714093220187657e+00
7.950000000000150280e+00 7.624605472364842207e+00
7.970000000000149853e+00 7.544827183379000601e+00
7.990000000000149427e+00 7.369426236691523080e+00
8.010000000000149001e+00 7.560330299723998948e+00
8.030000000000148574e+00 7.275092427177144216e+00
8.050000000000148148e+00 7.345495785392039956e+00
8.070000000000147722e+00 7.302551648900911907e+00
8.090000000000147296e+00 7.348316711060767226e+00
8.110000000000146869e+00 7.237830530058455558e+00
8.130000000000146443e+00 7.319662558834949984e+00
8.150000000000146017e+00 7.275742697656391478e+00
8.170000000000145590e+00 7.289886245745936577e+00
8.190000000000145164e+00 7.166387215248151143e+00
8.210000000000144738e+00 7.205338256018833931e+00
8.230000000000144311e+00 7.226848531677083187e+00
8.250000000000143885e+00 7.250620257892337328e+00
8.270000000000143459e+00 7.262268739229318371e+00
8.290000000000143032e+00 7.214176829405174907e+00
8.310000000000142606e+00 7.340086147417819618e+00
8.330000000000142180e+00 7.218325149095525362e+00
8.350000000000141753e+00 7.273495418470818485e+00
8.370000000000141327e+00 7.368178906917188797e+00
8.390000000000140901e+00 7.406942791098835244e+00
8.410000000000140474e+00 7.560438671198237870e+00
8.430000000000140048e+00 7.506141285816902986e+00
8.450000000000139622e+00 7.536572334900628611e+00
8.470000000000139195e+00 7.616695114989356696e+00
8.490000000000138769e+00 7.751501852321888819e+00
8.510000000000138343e+00 7.821974201294866091e+00
8.530000000000137916e+00 7.858028345817746896e+00
8.550000000000137490e+00 7.928558504183515154e+00
8.570000000000137064e+00 8.035381560739690343e+00
8.590000000000136637e+00 8.166508779163315523e+00
8.610000000000136211e+00 8.176185626698938336e+00
8.630000000000135785e+00 8.431392737880292643e+00
8.650000000000135358e+00 8.436858320309504222e+00
8.670000000000134932e+00 8.609369949405852651e+00
8.690000000000134506e+00 8.689898447701880357e+00
8.710000000000134079e+00 8.798363296834670777e+00
8.730000000000133653e+00 8.935831047881404032e+00
8.750000000000133227e+00 9.052808898487077371e+00
8.770000000000132800e+00 9.142729108649257697e+00
8.790000000000132374e+00 9.374357764397407422e+00
8.810000000000131948e+00 9.387866130903557149e+00
8.830000000000131521e+00 9.807411229738821845e+00
8.850000000000131095e+00 9.576610332177056151e+00
8.870000000000130669e+00 9.914158480859789790e+00
8.890000000000130242e+00 1.009116399162537903e+01
8.910000000000129816e+00 1.017593262607632632e+01
8.930000000000129390e+00 1.033038195548706284e+01
8.950000000000128964e+00 1.052226591870715389e+01
8.970000000000128537e+00 1.055806261019511716e+01
8.990000000000128111e+00 1.078721955398758503e+01
9.010000000000127685e+00 1.092766367445455167e+01
9.030000000000127258e+00 1.105482982623710875e+01
9.050000000000126832e+00 1.111266489570950000e+01
9.070000000000126406e+00 1.147651706844468933e+01
9.090000000000125979e+00 1.152742180052582199e+01
9.110000000000125553e+00 1.157633825719958232e+01
9.130000000000125127e+00 1.176943319707685909e+01
9.150000000000124700e+00 1.180897147906813416e+01
9.170000000000124274e+00 1.194672673031883825e+01
9.190000000000123848e+00 1.224205544348582819e+01
9.210000000000123421e+00 1.229527537825622829e+01
9.230000000000122995e+00 1.225395275056798994e+01
9.250000000000122569e+00 1.235886636391366800e+01
9.270000000000122142e+00 1.260074055645645785e+01
9.290000000000121716e+00 1.275502072569616985e+01
9.310000000000121290e+00 1.260996784602878584e+01
9.330000000000120863e+00 1.272689406763567810e+01
9.350000000000120437e+00 1.281928372853033693e+01
9.370000000000120011e+00 1.287584143078366594e+01
9.390000000000119584e+00 1.296471989776900990e+01
9.410000000000119158e+00 1.302457873129070443e+01
9.430000000000118732e+00 1.287388212010482214e+01
9.450000000000118305e+00 1.313207720610940044e+01
9.470000000000117879e+00 1.307479022537014046e+01
9.490000000000117453e+00 1.299961133307871464e+01
9.510000000000117026e+00 1.307669855511346313e+01
9.530000000000116600e+00 1.295396359785789286e+01
9.550000000000116174e+00 1.282076066058785813e+01
9.570000000000115747e+00 1.296128477523373945e+01
9.590000000000115321e+00 1.301382199948416307e+01
9.610000000000114895e+00 1.283373015040866960e+01
9.630000000000114468e+00 1.263483729273630729e+01
9.650000000000114042e+00 1.267257195186656737e+01
9.670000000000113616e+00 1.259465290107787538e+01
9.690000000000113189e+00 1.248803406908418268e+01
9.710000000000112763e+00 1.235038653737861303e+01
9.730000000000112337e+00 1.228453182940655708e+01
9.750000000000111910e+00 1.208757608274079409e+01
9.770000000000111484e+00 1.212700642463847522e+01
9.790000000000111058e+00 1.188951152080351115e+01
9.810000000000110632e+00 1.173665878552521313e+01
9.830000000000110205e+00 1.151768662897145568e+01
9.850000000000109779e+00 1.140092052872990536e+01
9.870000000000109353e+00 1.142576112932001031e+01
9.890000000000108926e+00 1.113412053845530281e+01
9.910000000000108500e+00 1.090861838815660967e+01
9.930000000000108074e+00 1.073222317342777288e+01
9.950000000000107647e+00 1.055538753757367054e+01
9.970000000000107221e+00 1.054054471849109476e+01
9.990000000000106795e+00 1.017687109574593762e+01
1.001000000000010637e+01 1.002886010365796920e+01
1.003000000000010594e+01 9.874739524000258228e+00
1.005000000000010552e+01 9.706198018942362893e+00
1.007000000000010509e+01 9.446196045257753582e+00
1.009000000000010466e+01 9.278661138424286747e+00
1.011000000000010424e+01 9.126600431771965560e+00
1.013000000000010381e+01 8.884046163401654539e+00
1.015000000000010338e+01 8.841148895552997544e+00
1.017000000000010296e+01 8.580671681166284870e+00
1.019000000000010253e+01 8.484972325895297374e+00
1.021000000000010210e+01 8.239243000237880921e+00
1.023000000000010168e+01 7.972872488196689034e+00
1.025000000000010125e+01 7.904568555310583555e+00
1.027000000000010083e+01 7.642870254089712212e+00
1.029000000000010040e+01 7.455805856824524014e+00
1.031000000000009997e+01 7.483530294695491136e+00
1.033000000000009955e+01 7.218589005046297302e+00
1.035000000000009912e+01 7.152729647630052590e+00
1.037000000000009869e+01 6.900286769669381925e+00
1.039000000000009827e+01 6.784060151438023212e+00
1.041000000000009784e+01 6.628105933610742184e+00
1.043000000000009742e+01 6.496335804537798353e+00
1.045000000000009699e+01 6.422823239908557191e+00
1.047000000000009656e+01 6.197178494691086392e+00
1.049000000000009614e+01 6.112952076319342787e+00
1.051000000000009571e+01 6.033838510843051672e+00
1.053000000000009528e+01 5.900368041366047756e+00
1.055000000000009486e+01 5.809959921656329129e+00
1.057000000000009443e+01 5.633710339723710270e+00
1.059000000000009400e+01 5.645441575753991081e+00
1.061000000000009358e+01 5.468279185687708654e+00
1.063000000000009315e+01 5.387944590858753990e+00
1.065000000000009273e+01 5.343102532109901048e+00
1.067000000000009230e+01 5.167875582068906404e+00
1.069000000000009187e+01 5.210629732475874576e+00
1.071000000000009145e+01 5.086100948496132368e+00
1.073000000000009102e+01 4.970661806201850830e+00
1.075000000000009059e+01 4.979217053947688321e+00
1.077000000000009017e+01 4.868707003873813832e+00
1.079000000000008974e+01 4.796632889500740404e+00
1.081000000000008932e+01 4.830057870169431666e+00
1.083000000000008889e+01 4.654033402583998225e+00
1.085000000000008846e+01 4.631460585735714730e+00
1.087000000000008804e+01 4.613393270344127828e+00
1.089000000000008761e+01 4.558859211718131021e+00
1.091000000000008718e+01 4.502700112387652887e+00
1.093000000000008676e+01 4.548586525831280092e+00
1.095000000000008633e+01 4.394276133675623974e+00
1.097000000000008590e+01 4.416161600314151059e+00
1.099000000000008548e+01 4.330856908527408677e+00
1.101000000000008505e+01 4.346174801039810909e+00
1.103000000000008463e+01 4.266330645595143523e+00
1.105000000000008420e+01 4.295183780966229214e+00
1.107000000000008377e+01 4.233600005944838429e+00
1.109000000000008335e+01 4.214851423604195624e+00
1.111000000000008292e+01 4.137294215370711292e+00
1.113000000000008249e+01 4.119498596849134664e+00
1.115000000000008207e+01 4.142658830250057989e+00
1.117000000000008164e+01 4.118030967170215106e+00
1.119000000000008122e+01 4.023526703300904117e+00
1.121000000000008079e+01 4.044636487928817914e+00
1.123000000000008036e+01 4.004870993401852708e+00
1.125000000000007994e+01 3.999101673603540075e+00
1.127000000000007951e+01 3.936298675910184119e+00
1.129000000000007908e+01 3.909166917439554467e+00
1.131000000000007866e+01 3.861246254368844166e+00
1.133000000000007823e+01 3.919190170668314988e+00
1.135000000000007780e+01 3.790050200361053445e+00
1.137000000000007738e+01 3.789719321168131039e+00
1.139000000000007695e+01 3.739933218290501404e+00
1.141000000000007653e+01 3.675779601111266004e+00
1.143000000000007610e+01 3.730291102923909197e+00
1.145000000000007567e+01 3.704985317417486268e+00
1.147000000000007525e+01 3.629161059234490949e+00
1.149000000000007482e+01 3.580947144950600070e+00
1.151000000000007439e+01 3.510533099179007799e+00
1.153000000000007397e+01 3.470608031240715263e+00
1.155000000000007354e+01 3.435454509861607608e+00
1.157000000000007311e+01 3.471868641279427958e+00
1.159000000000007269e+01 3.379990135297201270e+00
1.161000000000007226e+01 3.269578907310657812e+00
1.163000000000007184e+01 3.359020873456116441e+00
1.165000000000007141e+01 3.270959459638624445e+00
1.167000000000007098e+01 3.177548255584785597e+00
1.169000000000007056e+01 3.123236349818105939e+00
1.171000000000007013e+01 3.095523091988831244e+00
1.173000000000006970e+01 3.061317511046104833e+00
1.175000000000006928e+01 2.941141212900524327e+00
1.177000000000006885e+01 2.918555892168986254e+00
1.179000000000006843e+01 2.897123993507163320e+00
1.181000000000006800e+01 2.906577660886739078e+00
1.183000000000006757e+01 2.808781279808659104e+00
1.185000000000006715e+01 2.674302357490652593e+00
1.187000000000006672e+01 2.700793400202239347e+00
1.189000000000006629e+01 2.619370701303438853e+00
1.191000000000006587e+01 2.473363606988038033e+00
1.193000000000006544e+01 2.517519606267351051e+00
1.195000000000006501e+01 2.402058713984840832e+00
1.197000000000006459e+01 2.431232014195044755e+00
1.199000000000006416e+01 2.342555402957011701e+00
1.201000000000006374e+01 2.306619789130729625e+00
1.203000000000006331e+01 2.203518544415308700e+00
1.205000000000006288e+01 2.127381571453443865e+00
1.207000000000006246e+01 2.093176665339218534e+00
1.209000000000006203e+01 2.060249480251405085e+00
1.211000000000006160e+01 1.962934283024591720e+00
1.213000000000006118e+01 1.938660275803175015e+00
1.215000000000006075e+01 1.891720410467269797e+00
1.217000000000006033e+01 1.811734740008812850e+00
1.219000000000005990e+01 1.772222160797144896e+00
1.221000000000005947e+01 1.702565360232823677e+00
1.223000000000005905e+01 1.663050739144111168e+00
1.225000000000005862e+01 1.620929345476739503e+00
1.227000000000005819e+01 1.590928707828839217e+00
1.229000000000005777e+01 1.497130539508775282e+00
1.231000000000005734e+01 1.459630590932492034e+00
1.233000000000005691e+01 1.411023967466224827e+00
1.235000000000005649e+01 1.404617718600238874e+00
1.237000000000005606e+01 1.369122347346991786e+00
1.239000000000005564e+01 1.277668073255644465e+00
1.241000000000005521e+01 1.240568890199342356e+00
1.243000000000005478e+01 1.234408670933683894e+00
1.245000000000005436e+01 1.145338623671939837e+00
1.247000000000005393e+01 1.157250147780767069e+00
1.249000000000005350e+01 1.125707436436391928e+00
1.251000000000005308e+01 1.074506468301342554e+00
1.253000000000005265e+01 1.058817646521968969e+00
1.255000000000005222e+01 1.004360670239336839e+00
1.257000000000005180e+01 9.907024548860972057e-01
1.259000000000005137e+01 9.476666798370435574e-01
1.261000000000005095e+01 9.448109993179962807e-01
1.263000000000005052e+01 9.266767773169859446e-01
1.265000000000005009e+01 8.832844224490619123e-01
1.267000000000004967e+01 8.755732401714426683e-01
1.269000000000004924e+01 8.553667231630693868e-01
1.271000000000004881e+01 8.239362948237677342e-01
1.273000000000004839e+01 8.200048262874735094e-01
1.275000000000004796e+01 7.995244345249484796e-01
1.277000000000004754e+01 7.886222968797186317e-01
1.279000000000004711e+01 7.802477347439562561e-01
1.281000000000004668e+01 7.376519836842791999e-01
1.283000000000004626e+01 7.344307751110216165e-01
1.285000000000004583e+01 7.311034423126240300e-01
1.287000000000004540e+01 6.975943178432256753e-01
1.289000000000004498e+01 7.347480672049438999e-01
1.291000000000004455e+01 6.625973484262097646e-01
1.293000000000004412e+01 6.614453100169552791e-01
1.295000000000004370e+01 6.857515605847650519e-01
1.297000000000004327e+01 6.456616069261581492e-01
1.299000000000004285e+01 6.696060070397793496e-01
1.301000000000004242e+01 6.373650279046855216e-01
1.303000000000004199e+01 6.397413259148173603e-01
1.305000000000004157e+01 6.201697815139679548e-01
1.307000000000004114e+01 6.367839727945092676e-01
1.309000000000004071e+01 5.975415162749103670e-01
1.311000000000004029e+01 5.932753918622573064e-01
1.313000000000003986e+01 6.066936968411048570e-01
1.315000000000003944e+01 6.011207370973092878e-01
1.317000000000003901e+01 5.966981515905058764e-01
1.319000000000003858e+01 6.000407092764652450e-01
1.321000000000003816e+01 5.766911801614447164e-01
1.323000000000003773e+01 5.725397158052283331e-01
1.325000000000003730e+01 5.431154174163033144e-01
1.327000000000003688e+01 5.639189217768327822e-01
1.329000000000003645e+01 5.651580942138270114e-01
1.331000000000003602e+01 5.535799653147336352e-01
1.333000000000003560e+01 5.319383680811570203e-01
1.335000000000003517e+01 5.448628460421862663e-01
1.337000000000003475e+01 5.288978583499255315e-01
1.339000000000003432e+01 5.313124577589120046e-01
1.341000000000003389e+01 5.068987283290002921e-01
1.343000000000003347e+01 5.285707122248398671e-01
1.345000000000003304e+01 5.120501650875308730e-01
1.347000000000003261e+01 5.241045683063833005e-01
1.349000000000003219e+01 4.948299307790035573e-01
1.351000000000003176e+01 4.981553281681759260e-01
1.353000000000003133e+01 4.910414739672899764e-01
1.355000000000003091e+01 5.032285354333478899e-01
1.357000000000003048e+01 5.094751835286028818e-01
1.359000000000003006e+01 4.595568616173393295e-01
1.361000000000002963e+01 4.758053006904132132e-01
1.363000000000002920e+01 4.570474571706078515e-01
1.365000000000002878e+01 4.566319866266244087e-01
1.367000000000002835e+01 4.546240944096378023e-01
1.369000000000002792e+01 4.583891527118204579e-01
1.371000000000002750e+01 4.260258634062609739e-01
1.373000000000002707e+01 4.311276571178042638e-01
1.375000000000002665e+01 4.154929872275085478e-01
1.377000000000002622e+01 4.145467966638634594e-01
1.379000000000002579e+01 3.748856644642403757e-01
1.381000000000002537e+01 3.495779731982117666e-01
1.383000000000002494e+01 3.289694838292179235e-01
1.385000000000002451e+01 2.818377042392553045e-01
1.387000000000002409e+01 2.562677477431360984e-01
1.389000000000002366e+01 2.792257784138396093e-01
1.391000000000002323e+01 2.725053509656064632e-01
1.393000000000002281e+01 2.457433589069696334e-01
1.395000000000002238e+01 2.097408016296848365e-01
1.397000000000002196e+01 1.788685379312809354e-01
1.399000000000002153e+01 1.567903911980642329e-01
1.401000000000002110e+01 1.227400774707829573e-01
1.403000000000002068e+01 1.253708819619952786e-01
1.405000000000002025e+01 1.095703384926507290e-01
1.407000000000001982e+01 1.041259436349394746e-01
1.409000000000001940e+01 8.305521458342929320e-02
1.411000000000001897e+01 8.269136535851588643e-02
1.413000000000001855e+01 8.785327164332414063e-02
1.415000000000001812e+01 7.473910683498734275e-02
1.417000000000001769e+01 6.645219972017400722e-02
1.419000000000001727e+01 5.334909431817407011e-02
1.421000000000001684e+01 5.295460301039087853e-02
1.423000000000001641e+01 4.505503019209081833e-02
1.425000000000001599e+01 3.455250909858240821e-02
1.427000000000001556e+01 3.180155053540759114e-02
1.429000000000001513e+01 3.166265723364183188e-02
1.431000000000001471e+01 1.590403962217850145e-02
1.433000000000001428e+01 8.099660142436545043e-03
1.435000000000001386e+01 5.369213953844794232e-03
1.437000000000001343e+01 8.008291830903957464e-03
1.439000000000001300e+01 5.301945365409624182e-03
1.441000000000001258e+01 3.021091937915324857e-09
1.443000000000001215e+01 2.303014004530192686e-09
1.445000000000001172e+01 9.078597313242754662e-10
1.447000000000001130e+01 6.939591478252357614e-10
1.449000000000001087e+01 0.000000000000000000e+00
1.451000000000001044e+01 0.000000000000000000e+00
1.453000000000001002e+01 0.000000000000000000e+00
1.455000000000000959e+01 0.000000000000000000e+00
1.457000000000000917e+01 0.000000000000000000e+00
1.459000000000000874e+01 0.000000000000000000e+00
1.461000000000000831e+01 0.000000000000000000e+00
1.463000000000000789e+01 0.000000000000000000e+00
1.465000000000000746e+01 0.000000000000000000e+00
1.467000000000000703e+01 0.000000000000000000e+00
1.469000000000000661e+01 0.000000000000000000e+00
1.471000000000000618e+01 0.000000000000000000e+00
1.473000000000000576e+01 0.000000000000000000e+00
1.475000000000000533e+01 0.000000000000000000e+00
1.477000000000000490e+01 0.000000000000000000e+00
1.479000000000000448e+01 0.000000000000000000e+00
1.481000000000000405e+01 0.000000000000000000e+00
1.483000000000000362e+01 0.000000000000000000e+00
1.485000000000000320e+01 0.000000000000000000e+00
1.487000000000000277e+01 0.000000000000000000e+00
1.489000000000000234e+01 0.000000000000000000e+00
1.491000000000000192e+01 0.000000000000000000e+00
1.493000000000000149e+01 0.000000000000000000e+00
1.495000000000000107e+01 0.000000000000000000e+00
1.497000000000000064e+01 0.000000000000000000e+00
1.499000000000000021e+01 0.000000000000000000e+00
