# Redshift		Merger Rate Density [Gpc^-3yr^-1]
1.000000000031931770e-02 1.312209190010707971e+02
3.000000000031888964e-02 1.334497928453644420e+02
5.000000000031846331e-02 1.377583746555343112e+02
7.000000000031804392e-02 1.413873246968329624e+02
9.000000000031761760e-02 1.430507110334462766e+02
1.100000000003171913e-01 1.461602761887845361e+02
1.300000000003167511e-01 1.472628573450602971e+02
1.500000000003163247e-01 1.498800593799178387e+02
1.700000000003158984e-01 1.496739262046583292e+02
1.900000000003154721e-01 1.522267191980785697e+02
2.100000000003150458e-01 1.536942950681960554e+02
2.300000000003146194e-01 1.568089300066972100e+02
2.500000000003141931e-01 1.581264950987648206e+02
2.700000000003137668e-01 1.621127243908624678e+02
2.900000000003133405e-01 1.658558851098746061e+02
3.100000000003129141e-01 1.677888058010711347e+02
3.300000000003124878e-01 1.708823181749233981e+02
3.500000000003120615e-01 1.745163733594795019e+02
3.700000000003116352e-01 1.817130299386642776e+02
3.900000000003112088e-01 1.814421608529208072e+02
4.100000000003107825e-01 1.868235044491972587e+02
4.300000000003103562e-01 1.898003042968736054e+02
4.500000000003099299e-01 1.920586045804135438e+02
4.700000000003095035e-01 1.969245139585742379e+02
4.900000000003090772e-01 1.968272723111313951e+02
5.100000000003086509e-01 1.990539890965248446e+02
5.300000000003082246e-01 2.022281199519307222e+02
5.500000000003077982e-01 2.051256696118524587e+02
5.700000000003073719e-01 2.061355951423711588e+02
5.900000000003069456e-01 2.111474291839963371e+02
6.100000000003065193e-01 2.141649086971481211e+02
6.300000000003060929e-01 2.163194674803520741e+02
6.500000000003056666e-01 2.196259512965044678e+02
6.700000000003052403e-01 2.216455400342295832e+02
6.900000000003048140e-01 2.249055695697367412e+02
7.100000000003043876e-01 2.273650052993449435e+02
7.300000000003039613e-01 2.286124308500777147e+02
7.500000000003035350e-01 2.300144176105362419e+02
7.700000000003031086e-01 2.342246340033948115e+02
7.900000000003026823e-01 2.367895051174045307e+02
8.100000000003022560e-01 2.362267194730085293e+02
8.300000000003018297e-01 2.405010719459993140e+02
8.500000000003014033e-01 2.431708054580930423e+02
8.700000000003009770e-01 2.451984810077543671e+02
8.900000000003005507e-01 2.450311796296866760e+02
9.100000000003001244e-01 2.493803799828301351e+02
9.300000000002996980e-01 2.512573352153355302e+02
9.500000000002992717e-01 2.534992571161791375e+02
9.700000000002988454e-01 2.577898155638665685e+02
9.900000000002984191e-01 2.586179898590262383e+02
1.010000000000297993e+00 2.610195864632018470e+02
1.030000000000297566e+00 2.640516475246008099e+02
1.050000000000297140e+00 2.662551034940241834e+02
1.070000000000296714e+00 2.676851979633900100e+02
1.090000000000296287e+00 2.683261188635057692e+02
1.110000000000295861e+00 2.720274911559791349e+02
1.130000000000295435e+00 2.721745323363019224e+02
1.150000000000295008e+00 2.744437256365845883e+02
1.170000000000294582e+00 2.766237618705576438e+02
1.190000000000294156e+00 2.762141372590127162e+02
1.210000000000293729e+00 2.770923902640723782e+02
1.230000000000293303e+00 2.795824100922527577e+02
1.250000000000292877e+00 2.803629569627584601e+02
1.270000000000292451e+00 2.815553481222510186e+02
1.290000000000292024e+00 2.832349835897994126e+02
1.310000000000291598e+00 2.841978730285882762e+02
1.330000000000291172e+00 2.851835714256453116e+02
1.350000000000290745e+00 2.867427583476983841e+02
1.370000000000290319e+00 2.894210632401327530e+02
1.390000000000289893e+00 2.888320245887535975e+02
1.410000000000289466e+00 2.896756883824054398e+02
1.430000000000289040e+00 2.901207344416171168e+02
1.450000000000288614e+00 2.915859367814097141e+02
1.470000000000288187e+00 2.949523256144716470e+02
1.490000000000287761e+00 2.931548726503782518e+02
1.510000000000287335e+00 2.910924356068682073e+02
1.530000000000286908e+00 2.955474515315564759e+02
1.550000000000286482e+00 2.926675952591772329e+02
1.570000000000286056e+00 2.935234265886785465e+02
1.590000000000285629e+00 2.936418317142062051e+02
1.610000000000285203e+00 2.941400128142262247e+02
1.630000000000284777e+00 2.966867214792898153e+02
1.650000000000284350e+00 2.953886448938682179e+02
1.670000000000283924e+00 2.964455444926874179e+02
1.690000000000283498e+00 2.922007976687229416e+02
1.710000000000283071e+00 2.933308159176457366e+02
1.730000000000282645e+00 2.908995273101075441e+02
1.750000000000282219e+00 2.932475390277425618e+02
1.770000000000281792e+00 2.895031778323539129e+02
1.790000000000281366e+00 2.896163523005841398e+02
1.810000000000280940e+00 2.902397031650619397e+02
1.830000000000280513e+00 2.885987713961927739e+02
1.850000000000280087e+00 2.874613898002831434e+02
1.870000000000279661e+00 2.834845161257765085e+02
1.890000000000279234e+00 2.837192997535662471e+02
1.910000000000278808e+00 2.804426999914865632e+02
1.930000000000278382e+00 2.816804502320476331e+02
1.950000000000277955e+00 2.787227718899811748e+02
1.970000000000277529e+00 2.761562848300056316e+02
1.990000000000277103e+00 2.735367646643591115e+02
2.010000000000276899e+00 2.745746052223707920e+02
2.030000000000276472e+00 2.700907526761836266e+02
2.050000000000276046e+00 2.680013671778692697e+02
2.070000000000275620e+00 2.671011234154281055e+02
2.090000000000275193e+00 2.644943799866013023e+02
2.110000000000274767e+00 2.608598245740022321e+02
2.130000000000274341e+00 2.595219086837558393e+02
2.150000000000273914e+00 2.568952230424811773e+02
2.170000000000273488e+00 2.540349855146002369e+02
2.190000000000273062e+00 2.534580612797756771e+02
2.210000000000272635e+00 2.500649797317553293e+02
2.230000000000272209e+00 2.471246737115465066e+02
2.250000000000271783e+00 2.435746373554104025e+02
2.270000000000271356e+00 2.419986744096833888e+02
2.290000000000270930e+00 2.407262384346997237e+02
2.310000000000270504e+00 2.353261211384686646e+02
2.330000000000270077e+00 2.345316203358152620e+02
2.350000000000269651e+00 2.307319564311855800e+02
2.370000000000269225e+00 2.298350710447814436e+02
2.390000000000268798e+00 2.249173943522457080e+02
2.410000000000268372e+00 2.232745521463803016e+02
2.430000000000267946e+00 2.189040272972894741e+02
2.450000000000267519e+00 2.199795959408229180e+02
2.470000000000267093e+00 2.144955313325917530e+02
2.490000000000266667e+00 2.113126404164272003e+02
2.510000000000266240e+00 2.083175982697276822e+02
2.530000000000265814e+00 2.047892507433134597e+02
2.550000000000265388e+00 2.039362329220382151e+02
2.570000000000264961e+00 2.006117329742870083e+02
2.590000000000264535e+00 1.979142400035941307e+02
2.610000000000264109e+00 1.946007573353464011e+02
2.630000000000263682e+00 1.924846253283976694e+02
2.650000000000263256e+00 1.929554721641028721e+02
2.670000000000262830e+00 1.854511817649127181e+02
2.690000000000262403e+00 1.839882163858860054e+02
2.710000000000261977e+00 1.827631044359752650e+02
2.730000000000261551e+00 1.799195006806593824e+02
2.750000000000261124e+00 1.774486045198406714e+02
2.770000000000260698e+00 1.770496744736082064e+02
2.790000000000260272e+00 1.720555285263894518e+02
2.810000000000259845e+00 1.707355785761228049e+02
2.830000000000259419e+00 1.676681842377637395e+02
2.850000000000258993e+00 1.657793780339594889e+02
2.870000000000258567e+00 1.629198027099592991e+02
2.890000000000258140e+00 1.600880644176155272e+02
2.910000000000257714e+00 1.594526735374400914e+02
2.930000000000257288e+00 1.566228053449617903e+02
2.950000000000256861e+00 1.537357419274324286e+02
2.970000000000256435e+00 1.515079817417769164e+02
2.990000000000256009e+00 1.501067887740339586e+02
3.010000000000255582e+00 1.488473931398039269e+02
3.030000000000255156e+00 1.458611029412463438e+02
3.050000000000254730e+00 1.449945519322991743e+02
3.070000000000254303e+00 1.414027489282191539e+02
3.090000000000253877e+00 1.413677970531197161e+02
3.110000000000253451e+00 1.405193365598418040e+02
3.130000000000253024e+00 1.373123837133982192e+02
3.150000000000252598e+00 1.342286909801509296e+02
3.170000000000252172e+00 1.333156243157465610e+02
3.190000000000251745e+00 1.307449108591996207e+02
3.210000000000251319e+00 1.296662604201865463e+02
3.230000000000250893e+00 1.271794740444022409e+02
3.250000000000250466e+00 1.266215458845558430e+02
3.270000000000250040e+00 1.243676682632854806e+02
3.290000000000249614e+00 1.227019660996865014e+02
3.310000000000249187e+00 1.209843628881204296e+02
3.330000000000248761e+00 1.195764551784907752e+02
3.350000000000248335e+00 1.186709359414214049e+02
3.370000000000247908e+00 1.166338442024479463e+02
3.390000000000247482e+00 1.153845939413975685e+02
3.410000000000247056e+00 1.128304944437363275e+02
3.430000000000246629e+00 1.128898668321268417e+02
3.450000000000246203e+00 1.089463480432299463e+02
3.470000000000245777e+00 1.107424376756464852e+02
3.490000000000245350e+00 1.076094665574997009e+02
3.510000000000244924e+00 1.072078247656306189e+02
3.530000000000244498e+00 1.053438991214075457e+02
3.550000000000244071e+00 1.035675341334696498e+02
3.570000000000243645e+00 1.026696246418024430e+02
3.590000000000243219e+00 1.011608510553668339e+02
3.610000000000242792e+00 1.003160326393892916e+02
3.630000000000242366e+00 9.886442863477567755e+01
3.650000000000241940e+00 9.724422401364894597e+01
3.670000000000241513e+00 9.668029669904807122e+01
3.690000000000241087e+00 9.484198848845066721e+01
3.710000000000240661e+00 9.362915910983979018e+01
3.730000000000240234e+00 9.305430881438623203e+01
3.750000000000239808e+00 9.158983717387528145e+01
3.770000000000239382e+00 9.068110808711327309e+01
3.790000000000238956e+00 8.978313408096852299e+01
3.810000000000238529e+00 8.872156830379529424e+01
3.830000000000238103e+00 8.645385767401769783e+01
3.850000000000237677e+00 8.600648538385856057e+01
3.870000000000237250e+00 8.527815359985305577e+01
3.890000000000236824e+00 8.440278892837947922e+01
3.910000000000236398e+00 8.377853766342805386e+01
3.930000000000235971e+00 8.139420604237109558e+01
3.950000000000235545e+00 8.020345655045454691e+01
3.970000000000235119e+00 8.034523487088506499e+01
3.990000000000234692e+00 7.998844148847641122e+01
4.010000000000234266e+00 7.709498370439081327e+01
4.030000000000233840e+00 7.717134360510060276e+01
4.050000000000233413e+00 7.676000080556202931e+01
4.070000000000232987e+00 7.479016410169379014e+01
4.090000000000232561e+00 7.428782434218065589e+01
4.110000000000232134e+00 7.326164699003430769e+01
4.130000000000231708e+00 7.236985677795125582e+01
4.150000000000231282e+00 7.183879744673312473e+01
4.170000000000230855e+00 6.996241928816287725e+01
4.190000000000230429e+00 6.933120409278534169e+01
4.210000000000230003e+00 6.899706941981732200e+01
4.230000000000229576e+00 6.757497434111486712e+01
4.250000000000229150e+00 6.739369539527835684e+01
4.270000000000228724e+00 6.520050939326966954e+01
4.290000000000228297e+00 6.496901393693087812e+01
4.310000000000227871e+00 6.456354266555514698e+01
4.330000000000227445e+00 6.285384657394774877e+01
4.350000000000227018e+00 6.217059027747237820e+01
4.370000000000226592e+00 6.111664844173150613e+01
4.390000000000226166e+00 6.084676248581974534e+01
4.410000000000225739e+00 5.927566434590111299e+01
4.430000000000225313e+00 5.921962331307275207e+01
4.450000000000224887e+00 5.800898341580079887e+01
4.470000000000224460e+00 5.730286283686352533e+01
4.490000000000224034e+00 5.645029190614319248e+01
4.510000000000223608e+00 5.590356353580011017e+01
4.530000000000223181e+00 5.495233559504799814e+01
4.550000000000222755e+00 5.470999429112023194e+01
4.570000000000222329e+00 5.374888862680660395e+01
4.590000000000221902e+00 5.353290016137303553e+01
4.610000000000221476e+00 5.187966916762253078e+01
4.630000000000221050e+00 5.186441648218087863e+01
4.650000000000220624e+00 5.020604087518854897e+01
4.670000000000220197e+00 5.088641740607437924e+01
4.690000000000219771e+00 4.968428393830233603e+01
4.710000000000219345e+00 4.896035705056503673e+01
4.730000000000218918e+00 4.778091502922820411e+01
4.750000000000218492e+00 4.777074355507792092e+01
4.770000000000218066e+00 4.703060417198288690e+01
4.790000000000217639e+00 4.604411661667766964e+01
4.810000000000217213e+00 4.557998892028101778e+01
4.830000000000216787e+00 4.500146182408495577e+01
4.850000000000216360e+00 4.473431978264296305e+01
4.870000000000215934e+00 4.396785947567673247e+01
4.890000000000215508e+00 4.354862648228827737e+01
4.910000000000215081e+00 4.257017936162819893e+01
4.930000000000214655e+00 4.221852558400289723e+01
4.950000000000214229e+00 4.175494587293166404e+01
4.970000000000213802e+00 4.117075749521378469e+01
4.990000000000213376e+00 4.093952479194618377e+01
5.010000000000212950e+00 4.006191373405925304e+01
5.030000000000212523e+00 3.999499909773790307e+01
5.050000000000212097e+00 3.978197679656391017e+01
5.070000000000211671e+00 3.911563735557465549e+01
5.090000000000211244e+00 3.827784160815974701e+01
5.110000000000210818e+00 3.769260080069414443e+01
5.130000000000210392e+00 3.792538980536728133e+01
5.150000000000209965e+00 3.684153567832444764e+01
5.170000000000209539e+00 3.706735067013576668e+01
5.190000000000209113e+00 3.662771192793431396e+01
5.210000000000208686e+00 3.626589611234136612e+01
5.230000000000208260e+00 3.570903563172827688e+01
5.250000000000207834e+00 3.461749845160034056e+01
5.270000000000207407e+00 3.525699793562331052e+01
5.290000000000206981e+00 3.495229742496364622e+01
5.310000000000206555e+00 3.460171970323855106e+01
5.330000000000206128e+00 3.425131799610642958e+01
5.350000000000205702e+00 3.371021353967462630e+01
5.370000000000205276e+00 3.381054999390095617e+01
5.390000000000204849e+00 3.332680482681563205e+01
5.410000000000204423e+00 3.276543309533185777e+01
5.430000000000203997e+00 3.301014561661656899e+01
5.450000000000203570e+00 3.251662369622602000e+01
5.470000000000203144e+00 3.229087443808322178e+01
5.490000000000202718e+00 3.247029431759389695e+01
5.510000000000202292e+00 3.261164185584345887e+01
5.530000000000201865e+00 3.181310897290966366e+01
5.550000000000201439e+00 3.194412495232451477e+01
5.570000000000201013e+00 3.198065835252355527e+01
5.590000000000200586e+00 3.155656886318805476e+01
5.610000000000200160e+00 3.148814843288491971e+01
5.630000000000199734e+00 3.156905245928763293e+01
5.650000000000199307e+00 3.145035917710687912e+01
5.670000000000198881e+00 3.143647623682667813e+01
5.690000000000198455e+00 3.150476654400715759e+01
5.710000000000198028e+00 3.178852984419394900e+01
5.730000000000197602e+00 3.172655219581742614e+01
5.750000000000197176e+00 3.190594662306347118e+01
5.770000000000196749e+00 3.178083818655764148e+01
5.790000000000196323e+00 3.195734689018695818e+01
5.810000000000195897e+00 3.190581524812452940e+01
5.830000000000195470e+00 3.252789565323776344e+01
5.850000000000195044e+00 3.245036800563494239e+01
5.870000000000194618e+00 3.287479329119611293e+01
5.890000000000194191e+00 3.283121018728328266e+01
5.910000000000193765e+00 3.326330034790916557e+01
5.930000000000193339e+00 3.364117676136670809e+01
5.950000000000192912e+00 3.413566095094893882e+01
5.970000000000192486e+00 3.448918747040035271e+01
5.990000000000192060e+00 3.483704163935404807e+01
6.010000000000191633e+00 3.529727577079288636e+01
6.030000000000191207e+00 3.584209376760055221e+01
6.050000000000190781e+00 3.644918748742367143e+01
6.070000000000190354e+00 3.654489639161400305e+01
6.090000000000189928e+00 3.765327541688746749e+01
6.110000000000189502e+00 3.769059113108723125e+01
6.130000000000189075e+00 3.830998631409240573e+01
6.150000000000188649e+00 3.923805689717165279e+01
6.170000000000188223e+00 3.944566784761873635e+01
6.190000000000187796e+00 4.069661558911449362e+01
6.210000000000187370e+00 4.090774332980278416e+01
6.230000000000186944e+00 4.205659795857641825e+01
6.250000000000186517e+00 4.270856475945421948e+01
6.270000000000186091e+00 4.368330588545435944e+01
6.290000000000185665e+00 4.411283260796749062e+01
6.310000000000185238e+00 4.482749465570589820e+01
6.330000000000184812e+00 4.571349198420229953e+01
6.350000000000184386e+00 4.665937007974125805e+01
6.370000000000183960e+00 4.730006036247219470e+01
6.390000000000183533e+00 4.831166534177080507e+01
6.410000000000183107e+00 4.897010585465991994e+01
6.430000000000182681e+00 5.010485034300067753e+01
6.450000000000182254e+00 5.083083287829675356e+01
6.470000000000181828e+00 5.147357504565490416e+01
6.490000000000181402e+00 5.294375090450557053e+01
6.510000000000180975e+00 5.342300756354510582e+01
6.530000000000180549e+00 5.441269276324174342e+01
6.550000000000180123e+00 5.529361228050207444e+01
6.570000000000179696e+00 5.596742006768599964e+01
6.590000000000179270e+00 5.664822664066230828e+01
6.610000000000178844e+00 5.784882925652231478e+01
6.630000000000178417e+00 5.866755501716652077e+01
6.650000000000177991e+00 5.947388781797704382e+01
6.670000000000177565e+00 6.058187309653320085e+01
6.690000000000177138e+00 6.092372161850887835e+01
6.710000000000176712e+00 6.186298918917512424e+01
6.730000000000176286e+00 6.255417205470242692e+01
6.750000000000175859e+00 6.302789487229465948e+01
6.770000000000175433e+00 6.404447171974436515e+01
6.790000000000175007e+00 6.412172598286826997e+01
6.810000000000174580e+00 6.539031021751577555e+01
6.830000000000174154e+00 6.569372869249669122e+01
6.850000000000173728e+00 6.615011575613269201e+01
6.870000000000173301e+00 6.693128059899756011e+01
6.890000000000172875e+00 6.736610914892246171e+01
6.910000000000172449e+00 6.791777653111219593e+01
6.930000000000172022e+00 6.882158406670259865e+01
6.950000000000171596e+00 6.905260091696246150e+01
6.970000000000171170e+00 6.908785739476063270e+01
6.990000000000170743e+00 6.965427753385625920e+01
7.010000000000170317e+00 7.085469085341553352e+01
7.030000000000169891e+00 7.038833053635224246e+01
7.050000000000169464e+00 7.086610358091810724e+01
7.070000000000169038e+00 7.101836204247395301e+01
7.090000000000168612e+00 7.148563593787655179e+01
7.110000000000168185e+00 7.091347532800588738e+01
7.130000000000167759e+00 7.134243923936422505e+01
7.150000000000167333e+00 7.204693567103954877e+01
7.170000000000166906e+00 7.212092363594700828e+01
7.190000000000166480e+00 7.195992775997594038e+01
7.210000000000166054e+00 7.223494169451670643e+01
7.230000000000165628e+00 7.196054351943908500e+01
7.250000000000165201e+00 7.212293843957542094e+01
7.270000000000164775e+00 7.226974239080870177e+01
7.290000000000164349e+00 7.215881044715432324e+01
7.310000000000163922e+00 7.182833992526083478e+01
7.330000000000163496e+00 7.203726552915456693e+01
7.350000000000163070e+00 7.206385828326405374e+01
7.370000000000162643e+00 7.197782970584815132e+01
7.390000000000162217e+00 7.180885276448573507e+01
7.410000000000161791e+00 7.232243052050073118e+01
7.430000000000161364e+00 7.128803482229710653e+01
7.450000000000160938e+00 7.136265196481021178e+01
7.470000000000160512e+00 7.140962400166503699e+01
7.490000000000160085e+00 7.176482741775002694e+01
7.510000000000159659e+00 7.066941308112460263e+01
7.530000000000159233e+00 7.062950247743266630e+01
7.550000000000158806e+00 7.048332436722775185e+01
7.570000000000158380e+00 6.974195066338322135e+01
7.590000000000157954e+00 7.039385174806677981e+01
7.610000000000157527e+00 6.995624447506749277e+01
7.630000000000157101e+00 6.985950768579344583e+01
7.650000000000156675e+00 6.931865304769780778e+01
7.670000000000156248e+00 6.902463661724155486e+01
7.690000000000155822e+00 6.939424805703768584e+01
7.710000000000155396e+00 6.919920837193734542e+01
7.730000000000154969e+00 6.891409646298886571e+01
7.750000000000154543e+00 6.904522321032804655e+01
7.770000000000154117e+00 6.836857959925561090e+01
7.790000000000153690e+00 6.846503721309102275e+01
7.810000000000153264e+00 6.809974500762187688e+01
7.830000000000152838e+00 6.805519162353364493e+01
7.850000000000152411e+00 6.785855948704606533e+01
7.870000000000151985e+00 6.774212985456556169e+01
7.890000000000151559e+00 6.766587988857912705e+01
7.910000000000151132e+00 6.745761957541580500e+01
7.930000000000150706e+00 6.726394033221691870e+01
7.950000000000150280e+00 6.725356882544262760e+01
7.970000000000149853e+00 6.705694480634285526e+01
7.990000000000149427e+00 6.685554277871983686e+01
8.010000000000149001e+00 6.705267911531505831e+01
8.030000000000148574e+00 6.677746098844494327e+01
8.050000000000148148e+00 6.668103639121112280e+01
8.070000000000147722e+00 6.687133273834436409e+01
8.090000000000147296e+00 6.664220061897077585e+01
8.110000000000146869e+00 6.648323221738614563e+01
8.130000000000146443e+00 6.661824193717869491e+01
8.150000000000146017e+00 6.647046763559237093e+01
8.170000000000145590e+00 6.658299784090493745e+01
8.190000000000145164e+00 6.660488036161281400e+01
8.210000000000144738e+00 6.636770491490204904e+01
8.230000000000144311e+00 6.649210238303835752e+01
8.250000000000143885e+00 6.657840856160068199e+01
8.270000000000143459e+00 6.633593925017297011e+01
8.290000000000143032e+00 6.651488242377116933e+01
8.310000000000142606e+00 6.605914627243022608e+01
8.330000000000142180e+00 6.599108780050777057e+01
8.350000000000141753e+00 6.627916476535629897e+01
8.370000000000141327e+00 6.651803150140617049e+01
8.390000000000140901e+00 6.621189383291637398e+01
8.410000000000140474e+00 6.604752733552176380e+01
8.430000000000140048e+00 6.634394565288634737e+01
8.450000000000139622e+00 6.626650168380000139e+01
8.470000000000139195e+00 6.650444751052776837e+01
8.490000000000138769e+00 6.644651402129372286e+01
8.510000000000138343e+00 6.630268414958217704e+01
8.530000000000137916e+00 6.631494510400771958e+01
8.550000000000137490e+00 6.637526116323493852e+01
8.570000000000137064e+00 6.632181323866079481e+01
8.590000000000136637e+00 6.644495892674254378e+01
8.610000000000136211e+00 6.630045194454962143e+01
8.630000000000135785e+00 6.658713136073693306e+01
8.650000000000135358e+00 6.625981356946637391e+01
8.670000000000134932e+00 6.635195035989366374e+01
8.690000000000134506e+00 6.643560610650749254e+01
8.710000000000134079e+00 6.640162837464578161e+01
8.730000000000133653e+00 6.637429597838549000e+01
8.750000000000133227e+00 6.634299357673366160e+01
8.770000000000132800e+00 6.647138048658347032e+01
8.790000000000132374e+00 6.656988227882274600e+01
8.810000000000131948e+00 6.664292988604478296e+01
8.830000000000131521e+00 6.636790424568461333e+01
8.850000000000131095e+00 6.654643104163167777e+01
8.870000000000130669e+00 6.658315815501782708e+01
8.890000000000130242e+00 6.653362110482946434e+01
8.910000000000129816e+00 6.653213180977495256e+01
8.930000000000129390e+00 6.661837343628108954e+01
8.950000000000128964e+00 6.661662187077062924e+01
8.970000000000128537e+00 6.652750924474925398e+01
8.990000000000128111e+00 6.679416710973620752e+01
9.010000000000127685e+00 6.680374723591123143e+01
9.030000000000127258e+00 6.656288103310264148e+01
9.050000000000126832e+00 6.671298840531589747e+01
9.070000000000126406e+00 6.688160497963345108e+01
9.090000000000125979e+00 6.694878650553884825e+01
9.110000000000125553e+00 6.672017186124490706e+01
9.130000000000125127e+00 6.714208828688546760e+01
9.150000000000124700e+00 6.677494985871409483e+01
9.170000000000124274e+00 6.680804159631273365e+01
9.190000000000123848e+00 6.719437874435207902e+01
9.210000000000123421e+00 6.696403886042340048e+01
9.230000000000122995e+00 6.738087357542512734e+01
9.250000000000122569e+00 6.732034940446511939e+01
9.270000000000122142e+00 6.748494987024886882e+01
9.290000000000121716e+00 6.755655040503249609e+01
9.310000000000121290e+00 6.748042971260962020e+01
9.330000000000120863e+00 6.761850261298960163e+01
9.350000000000120437e+00 6.785735796412177478e+01
9.370000000000120011e+00 6.791980418789805185e+01
9.390000000000119584e+00 6.814916734714753943e+01
9.410000000000119158e+00 6.813901294160798727e+01
9.430000000000118732e+00 6.826104949481856465e+01
9.450000000000118305e+00 6.871314797142656516e+01
9.470000000000117879e+00 6.873247538339168727e+01
9.490000000000117453e+00 6.864419122962485176e+01
9.510000000000117026e+00 6.900797247688829827e+01
9.530000000000116600e+00 6.941102391800814075e+01
9.550000000000116174e+00 6.930198221439513873e+01
9.570000000000115747e+00 6.978747975796946434e+01
9.590000000000115321e+00 7.010984566473020152e+01
9.610000000000114895e+00 7.012752582591899397e+01
9.630000000000114468e+00 7.027683210409215064e+01
9.650000000000114042e+00 7.054365214536227313e+01
9.670000000000113616e+00 7.096312505362664069e+01
9.690000000000113189e+00 7.124462141346015187e+01
9.710000000000112763e+00 7.129836793662877881e+01
9.730000000000112337e+00 7.194562638128149956e+01
9.750000000000111910e+00 7.203013448725904766e+01
9.770000000000111484e+00 7.222473327087216433e+01
9.790000000000111058e+00 7.241922570521465730e+01
9.810000000000110632e+00 7.299167648461853730e+01
9.830000000000110205e+00 7.290900643855408703e+01
9.850000000000109779e+00 7.348904313605910943e+01
9.870000000000109353e+00 7.378380747054214339e+01
9.890000000000108926e+00 7.428311820704017521e+01
9.910000000000108500e+00 7.464353662155731683e+01
9.930000000000108074e+00 7.439232476743460154e+01
9.950000000000107647e+00 7.509344549291316184e+01
9.970000000000107221e+00 7.509796281742964652e+01
9.990000000000106795e+00 7.555482093823746936e+01
1.001000000000010637e+01 7.591798007908023749e+01
1.003000000000010594e+01 7.603915434835703024e+01
1.005000000000010552e+01 7.616679541475215842e+01
1.007000000000010509e+01 7.636255221696237072e+01
1.009000000000010466e+01 7.695518976337908157e+01
1.011000000000010424e+01 7.673363555438410799e+01
1.013000000000010381e+01 7.751199678496227818e+01
1.015000000000010338e+01 7.712291341178993775e+01
1.017000000000010296e+01 7.763414182638295813e+01
1.019000000000010253e+01 7.796498976467813691e+01
1.021000000000010210e+01 7.771288725239561757e+01
1.023000000000010168e+01 7.798095465610148835e+01
1.025000000000010125e+01 7.778435953150174953e+01
1.027000000000010083e+01 7.818648819137800388e+01
1.029000000000010040e+01 7.826443715390357170e+01
1.031000000000009997e+01 7.815736180784051612e+01
1.033000000000009955e+01 7.840525959500486408e+01
1.035000000000009912e+01 7.839537241847578741e+01
1.037000000000009869e+01 7.821916364293373647e+01
1.039000000000009827e+01 7.820165114010912077e+01
1.041000000000009784e+01 7.801908735491052482e+01
1.043000000000009742e+01 7.782130677786936701e+01
1.045000000000009699e+01 7.819901757633380157e+01
1.047000000000009656e+01 7.784125171480251026e+01
1.049000000000009614e+01 7.733569952445940032e+01
1.051000000000009571e+01 7.739850546937387321e+01
1.053000000000009528e+01 7.732472508309895431e+01
1.055000000000009486e+01 7.712037892725189181e+01
1.057000000000009443e+01 7.693479254910684517e+01
1.059000000000009400e+01 7.647151586868352524e+01
1.061000000000009358e+01 7.621539777960043693e+01
1.063000000000009315e+01 7.598456953237651135e+01
1.065000000000009273e+01 7.566977878087125475e+01
1.067000000000009230e+01 7.542836613490517550e+01
1.069000000000009187e+01 7.481504620454950327e+01
1.071000000000009145e+01 7.467785546860022805e+01
1.073000000000009102e+01 7.432478937320935586e+01
1.075000000000009059e+01 7.390691400849547676e+01
1.077000000000009017e+01 7.355875294514204654e+01
1.079000000000008974e+01 7.320273800801044217e+01
1.081000000000008932e+01 7.259884455290043093e+01
1.083000000000008889e+01 7.214148565040144945e+01
1.085000000000008846e+01 7.198543375596750593e+01
1.087000000000008804e+01 7.125599687051730768e+01
1.089000000000008761e+01 7.088999801384184707e+01
1.091000000000008718e+01 7.083684458672513529e+01
1.093000000000008676e+01 6.991213338046689785e+01
1.095000000000008633e+01 6.960584280296880877e+01
1.097000000000008590e+01 6.923116720373978694e+01
1.099000000000008548e+01 6.854755501993430755e+01
1.101000000000008505e+01 6.820502063791963110e+01
1.103000000000008463e+01 6.768577491827875292e+01
1.105000000000008420e+01 6.739155308599104899e+01
1.107000000000008377e+01 6.676485884257651549e+01
1.109000000000008335e+01 6.659330711446052931e+01
1.111000000000008292e+01 6.610059294531173180e+01
1.113000000000008249e+01 6.559957604163500378e+01
1.115000000000008207e+01 6.517007635569160584e+01
1.117000000000008164e+01 6.489914943057613073e+01
1.119000000000008122e+01 6.436448524602415944e+01
1.121000000000008079e+01 6.394986152464221618e+01
1.123000000000008036e+01 6.368052785493824075e+01
1.125000000000007994e+01 6.347264846765072122e+01
1.127000000000007951e+01 6.301528999357586969e+01
1.129000000000007908e+01 6.265268170426459449e+01
1.131000000000007866e+01 6.228899841763904988e+01
1.133000000000007823e+01 6.207284272283138193e+01
1.135000000000007780e+01 6.184213204756399307e+01
1.137000000000007738e+01 6.201491320077930425e+01
1.139000000000007695e+01 6.138027330839718587e+01
1.141000000000007653e+01 6.131874562465134204e+01
1.143000000000007610e+01 6.113975833739642241e+01
1.145000000000007567e+01 6.106482984383403334e+01
1.147000000000007525e+01 6.089480428878485441e+01
1.149000000000007482e+01 6.091676118901109760e+01
1.151000000000007439e+01 6.083918185079026841e+01
1.153000000000007397e+01 6.065837295229347603e+01
1.155000000000007354e+01 6.059743377460619485e+01
1.157000000000007311e+01 6.084461234298416343e+01
1.159000000000007269e+01 6.105154193392715456e+01
1.161000000000007226e+01 6.115262215859082318e+01
1.163000000000007184e+01 6.101829613917769990e+01
1.165000000000007141e+01 6.148857126484125502e+01
1.167000000000007098e+01 6.122908519494774282e+01
1.169000000000007056e+01 6.148513265176622866e+01
1.171000000000007013e+01 6.180000553884691783e+01
1.173000000000006970e+01 6.187386186169641178e+01
1.175000000000006928e+01 6.218960311128887497e+01
1.177000000000006885e+01 6.260285343781769285e+01
1.179000000000006843e+01 6.262128233444047964e+01
1.181000000000006800e+01 6.315257553629820109e+01
1.183000000000006757e+01 6.331865377256674776e+01
1.185000000000006715e+01 6.362145725648990435e+01
1.187000000000006672e+01 6.366358889902424778e+01
1.189000000000006629e+01 6.425486760779902795e+01
1.191000000000006587e+01 6.462067668542931642e+01
1.193000000000006544e+01 6.493842970885799559e+01
1.195000000000006501e+01 6.509779076565415323e+01
1.197000000000006459e+01 6.544755094176726118e+01
1.199000000000006416e+01 6.598165452484253990e+01
1.201000000000006374e+01 6.630941259499036278e+01
1.203000000000006331e+01 6.661333375993591233e+01
1.205000000000006288e+01 6.668628722653623697e+01
1.207000000000006246e+01 6.692574675054657973e+01
1.209000000000006203e+01 6.723209545298354328e+01
1.211000000000006160e+01 6.765413889842244544e+01
1.213000000000006118e+01 6.809534296402395626e+01
1.215000000000006075e+01 6.793953959597257608e+01
1.217000000000006033e+01 6.821140923001117073e+01
1.219000000000005990e+01 6.844733392905747849e+01
1.221000000000005947e+01 6.897360087144328133e+01
1.223000000000005905e+01 6.894829187233007417e+01
1.225000000000005862e+01 6.889586094156263130e+01
1.227000000000005819e+01 6.878896394818164595e+01
1.229000000000005777e+01 6.917414588045234325e+01
1.231000000000005734e+01 6.951874112397746330e+01
1.233000000000005691e+01 6.935112810849236098e+01
1.235000000000005649e+01 6.949753882885261191e+01
1.237000000000005606e+01 6.936602914988853286e+01
1.239000000000005564e+01 6.920465141451164470e+01
1.241000000000005521e+01 6.915621836094418029e+01
1.243000000000005478e+01 6.939856932008747492e+01
1.245000000000005436e+01 6.920903378783343385e+01
1.247000000000005393e+01 6.925381773132986041e+01
1.249000000000005350e+01 6.899242372845401405e+01
1.251000000000005308e+01 6.874818047680653876e+01
1.253000000000005265e+01 6.863355813627029534e+01
1.255000000000005222e+01 6.861312062244741128e+01
1.257000000000005180e+01 6.820143223511205122e+01
1.259000000000005137e+01 6.831824249057490306e+01
1.261000000000005095e+01 6.787916303971799437e+01
1.263000000000005052e+01 6.761700838217079479e+01
1.265000000000005009e+01 6.751010625921686881e+01
1.267000000000004967e+01 6.730420502637673508e+01
1.269000000000004924e+01 6.690979797352746061e+01
1.271000000000004881e+01 6.657673032280023051e+01
1.273000000000004839e+01 6.642565274897711447e+01
1.275000000000004796e+01 6.590479921822723952e+01
1.277000000000004754e+01 6.539926361181446168e+01
1.279000000000004711e+01 6.554707386867151797e+01
1.281000000000004668e+01 6.510055250729080001e+01
1.283000000000004626e+01 6.471943888713822446e+01
1.285000000000004583e+01 6.439664680916374095e+01
1.287000000000004540e+01 6.373545208349842284e+01
1.289000000000004498e+01 6.352765192095253610e+01
1.291000000000004455e+01 6.303883638473378426e+01
1.293000000000004412e+01 6.269216414957757877e+01
1.295000000000004370e+01 6.260286094524471423e+01
1.297000000000004327e+01 6.196822886243347028e+01
1.299000000000004285e+01 6.163234582584851040e+01
1.301000000000004242e+01 6.112774809144823251e+01
1.303000000000004199e+01 6.068294576843187826e+01
1.305000000000004157e+01 6.032891292154027951e+01
1.307000000000004114e+01 5.988174472514704405e+01
1.309000000000004071e+01 5.954173321213075809e+01
1.311000000000004029e+01 5.887696755226483702e+01
1.313000000000003986e+01 5.886743655568805877e+01
1.315000000000003944e+01 5.800486615294327919e+01
1.317000000000003901e+01 5.765631644782487086e+01
1.319000000000003858e+01 5.715039116922334728e+01
1.321000000000003816e+01 5.649474460358994321e+01
1.323000000000003773e+01 5.648592056892988467e+01
1.325000000000003730e+01 5.555055179867440529e+01
1.327000000000003688e+01 5.502039664772478034e+01
1.329000000000003645e+01 5.477185037613641327e+01
1.331000000000003602e+01 5.395311241274216485e+01
1.333000000000003560e+01 5.354475604694231095e+01
1.335000000000003517e+01 5.298573343415959869e+01
1.337000000000003475e+01 5.225541335157559786e+01
1.339000000000003432e+01 5.152795073344719157e+01
1.341000000000003389e+01 5.088416367546958696e+01
1.343000000000003347e+01 5.035428141180879891e+01
1.345000000000003304e+01 4.981934857850203713e+01
1.347000000000003261e+01 4.912512498898488644e+01
1.349000000000003219e+01 4.809988128480682690e+01
1.351000000000003176e+01 4.715069303334698958e+01
1.353000000000003133e+01 4.671576248049667157e+01
1.355000000000003091e+01 4.580015698724731976e+01
1.357000000000003048e+01 4.463715548171383318e+01
1.359000000000003006e+01 4.403771615338724388e+01
1.361000000000002963e+01 4.297721639878737676e+01
1.363000000000002920e+01 4.192076124849565844e+01
1.365000000000002878e+01 4.091579082054946070e+01
1.367000000000002835e+01 4.007730183658860312e+01
1.369000000000002792e+01 3.916045409921503762e+01
1.371000000000002750e+01 3.816557571498442769e+01
1.373000000000002707e+01 3.720934205015504403e+01
1.375000000000002665e+01 3.627166230924116519e+01
1.377000000000002622e+01 3.525093427955713565e+01
1.379000000000002579e+01 3.403316003833175074e+01
1.381000000000002537e+01 3.289813755503370629e+01
1.383000000000002494e+01 3.191407604433256751e+01
1.385000000000002451e+01 3.063118720532532180e+01
1.387000000000002409e+01 2.960992481047944125e+01
1.389000000000002366e+01 2.826494076267193734e+01
1.391000000000002323e+01 2.705255839003810792e+01
1.393000000000002281e+01 2.575048245345390896e+01
1.395000000000002238e+01 2.439358073900032764e+01
1.397000000000002196e+01 2.299640956033017147e+01
1.399000000000002153e+01 2.174488263305988767e+01
1.401000000000002110e+01 2.039082027568569444e+01
1.403000000000002068e+01 1.896371573431612489e+01
1.405000000000002025e+01 1.761676945857105281e+01
1.407000000000001982e+01 1.621339256523268446e+01
1.409000000000001940e+01 1.471086370222831263e+01
1.411000000000001897e+01 1.340099833710873156e+01
1.413000000000001855e+01 1.181775570936027187e+01
1.415000000000001812e+01 1.041948050592518094e+01
1.417000000000001769e+01 9.107629415935200257e+00
1.419000000000001727e+01 7.870996982932756403e+00
1.421000000000001684e+01 6.525161215690184591e+00
1.423000000000001641e+01 5.356482893284494118e+00
1.425000000000001599e+01 4.212192788752235906e+00
1.427000000000001556e+01 3.223833979795449167e+00
1.429000000000001513e+01 2.359184547880674110e+00
1.431000000000001471e+01 1.778438741991400285e+00
1.433000000000001428e+01 1.340139151569253118e+00
1.435000000000001386e+01 9.512757566442276991e-01
1.437000000000001343e+01 7.292554188937561133e-01
1.439000000000001300e+01 5.094934313163039796e-01
1.441000000000001258e+01 3.115372350889076269e-01
1.443000000000001215e+01 1.910333260155429314e-01
1.445000000000001172e+01 1.051649797213935894e-01
1.447000000000001130e+01 5.142068696275843565e-02
1.449000000000001087e+01 1.898561959531942442e-02
1.451000000000001044e+01 5.489937136381612889e-03
1.453000000000001002e+01 2.774613534790372135e-03
1.455000000000000959e+01 2.762332721048353125e-03
1.457000000000000917e+01 2.750121270835890509e-03
1.459000000000000874e+01 2.737978705830233523e-03
1.461000000000000831e+01 3.548868026171696436e-10
1.463000000000000789e+01 0.000000000000000000e+00
1.465000000000000746e+01 0.000000000000000000e+00
1.467000000000000703e+01 0.000000000000000000e+00
1.469000000000000661e+01 0.000000000000000000e+00
1.471000000000000618e+01 0.000000000000000000e+00
1.473000000000000576e+01 0.000000000000000000e+00
1.475000000000000533e+01 0.000000000000000000e+00
1.477000000000000490e+01 0.000000000000000000e+00
1.479000000000000448e+01 0.000000000000000000e+00
1.481000000000000405e+01 0.000000000000000000e+00
1.483000000000000362e+01 0.000000000000000000e+00
1.485000000000000320e+01 0.000000000000000000e+00
1.487000000000000277e+01 0.000000000000000000e+00
1.489000000000000234e+01 0.000000000000000000e+00
1.491000000000000192e+01 0.000000000000000000e+00
1.493000000000000149e+01 0.000000000000000000e+00
1.495000000000000107e+01 0.000000000000000000e+00
1.497000000000000064e+01 0.000000000000000000e+00
1.499000000000000021e+01 0.000000000000000000e+00
