# Redshift		Merger Rate Density [Gpc^-3yr^-1]
1.000000000031931770e-02 1.288646880274670252e+02
3.000000000031888964e-02 1.309263956408310889e+02
5.000000000031846331e-02 1.336263754301521089e+02
7.000000000031804392e-02 1.363929920855651972e+02
9.000000000031761760e-02 1.377965538663424923e+02
1.100000000003171913e-01 1.415598159018138915e+02
1.300000000003167511e-01 1.427009317959898453e+02
1.500000000003163247e-01 1.446729106180332565e+02
1.700000000003158984e-01 1.463651428245946704e+02
1.900000000003154721e-01 1.479646239019488405e+02
2.100000000003150458e-01 1.494366778412708072e+02
2.300000000003146194e-01 1.536661508041467812e+02
2.500000000003141931e-01 1.553864112728437874e+02
2.700000000003137668e-01 1.589508952878314858e+02
2.900000000003133405e-01 1.634916358240338070e+02
3.100000000003129141e-01 1.656267389358679907e+02
3.300000000003124878e-01 1.688925198319480216e+02
3.500000000003120615e-01 1.729287728859489732e+02
3.700000000003116352e-01 1.767517278492023536e+02
3.900000000003112088e-01 1.799331297752275418e+02
4.100000000003107825e-01 1.823844686558084334e+02
4.300000000003103562e-01 1.842963671480168557e+02
4.500000000003099299e-01 1.890222967573476183e+02
4.700000000003095035e-01 1.897011740825129777e+02
4.900000000003090772e-01 1.947182844366198822e+02
5.100000000003086509e-01 1.938001845849450149e+02
5.300000000003082246e-01 1.990922090626638408e+02
5.500000000003077982e-01 2.012498518228401565e+02
5.700000000003073719e-01 2.022676681064328648e+02
5.900000000003069456e-01 2.078746531886369837e+02
6.100000000003065193e-01 2.087262580713120883e+02
6.300000000003060929e-01 2.137422174161898738e+02
6.500000000003056666e-01 2.180249416051701701e+02
6.700000000003052403e-01 2.176346526528164702e+02
6.900000000003048140e-01 2.206422855275779966e+02
7.100000000003043876e-01 2.238193097337064899e+02
7.300000000003039613e-01 2.259851649116846488e+02
7.500000000003035350e-01 2.293069644116004326e+02
7.700000000003031086e-01 2.305233013718747941e+02
7.900000000003026823e-01 2.322793480644831732e+02
8.100000000003022560e-01 2.347102444563327879e+02
8.300000000003018297e-01 2.382629290851316739e+02
8.500000000003014033e-01 2.409617225817975452e+02
8.700000000003009770e-01 2.414484364536496344e+02
8.900000000003005507e-01 2.437158837078348483e+02
9.100000000003001244e-01 2.462598889781096432e+02
9.300000000002996980e-01 2.485475900559676177e+02
9.500000000002992717e-01 2.507516637029833362e+02
9.700000000002988454e-01 2.540045032528816762e+02
9.900000000002984191e-01 2.547203850364613515e+02
1.010000000000297993e+00 2.570255458532517423e+02
1.030000000000297566e+00 2.592586083602228086e+02
1.050000000000297140e+00 2.625139700161604992e+02
1.070000000000296714e+00 2.628093115956431802e+02
1.090000000000296287e+00 2.635215386596555049e+02
1.110000000000295861e+00 2.663038653943076497e+02
1.130000000000295435e+00 2.661577400114937291e+02
1.150000000000295008e+00 2.690539723592695509e+02
1.170000000000294582e+00 2.715944098638060495e+02
1.190000000000294156e+00 2.725793603288043414e+02
1.210000000000293729e+00 2.736682512751316381e+02
1.230000000000293303e+00 2.752690850800316866e+02
1.250000000000292877e+00 2.746283050346976324e+02
1.270000000000292451e+00 2.775218568986396690e+02
1.290000000000292024e+00 2.781065276941744742e+02
1.310000000000291598e+00 2.788186851135144479e+02
1.330000000000291172e+00 2.790561496450470145e+02
1.350000000000290745e+00 2.819051604483615279e+02
1.370000000000290319e+00 2.801386070334631881e+02
1.390000000000289893e+00 2.842479145662207429e+02
1.410000000000289466e+00 2.834954532389946849e+02
1.430000000000289040e+00 2.842119513205298063e+02
1.450000000000288614e+00 2.840240949820190508e+02
1.470000000000288187e+00 2.862653394939755458e+02
1.490000000000287761e+00 2.860542691587815511e+02
1.510000000000287335e+00 2.842571179107120543e+02
1.530000000000286908e+00 2.876748321224214919e+02
1.550000000000286482e+00 2.861260035823767112e+02
1.570000000000286056e+00 2.870857950918760935e+02
1.590000000000285629e+00 2.856065094074194235e+02
1.610000000000285203e+00 2.897272960841179952e+02
1.630000000000284777e+00 2.845090216027833776e+02
1.650000000000284350e+00 2.890759669845068061e+02
1.670000000000283924e+00 2.859145453383925997e+02
1.690000000000283498e+00 2.861919277502702244e+02
1.710000000000283071e+00 2.861264080861392927e+02
1.730000000000282645e+00 2.841143426034173558e+02
1.750000000000282219e+00 2.861475160581684918e+02
1.770000000000281792e+00 2.808997262622360154e+02
1.790000000000281366e+00 2.845751398290462362e+02
1.810000000000280940e+00 2.816144418001106828e+02
1.830000000000280513e+00 2.805583572212609624e+02
1.850000000000280087e+00 2.810153775888318819e+02
1.870000000000279661e+00 2.742651806543690896e+02
1.890000000000279234e+00 2.771457398907828065e+02
1.910000000000278808e+00 2.745737891499156831e+02
1.930000000000278382e+00 2.754391770817865677e+02
1.950000000000277955e+00 2.730788446560928833e+02
1.970000000000277529e+00 2.710828910093454169e+02
1.990000000000277103e+00 2.683101130053800603e+02
2.010000000000276899e+00 2.653799392725031794e+02
2.030000000000276472e+00 2.648259312628009070e+02
2.050000000000276046e+00 2.617828611173180775e+02
2.070000000000275620e+00 2.591578371178574116e+02
2.090000000000275193e+00 2.581316935445326521e+02
2.110000000000274767e+00 2.573198811241863382e+02
2.130000000000274341e+00 2.534059650820713614e+02
2.150000000000273914e+00 2.515579067175339389e+02
2.170000000000273488e+00 2.485186345264809233e+02
2.190000000000273062e+00 2.454206478838249268e+02
2.210000000000272635e+00 2.443771034033226215e+02
2.230000000000272209e+00 2.416276934500973539e+02
2.250000000000271783e+00 2.373081893308894053e+02
2.270000000000271356e+00 2.353509666520296832e+02
2.290000000000270930e+00 2.343434427874756807e+02
2.310000000000270504e+00 2.328735314507065652e+02
2.330000000000270077e+00 2.298491097764089091e+02
2.350000000000269651e+00 2.264018597358966360e+02
2.370000000000269225e+00 2.237988952039181356e+02
2.390000000000268798e+00 2.220789632079644775e+02
2.410000000000268372e+00 2.173765610853441217e+02
2.430000000000267946e+00 2.153428157819031412e+02
2.450000000000267519e+00 2.142302976131639412e+02
2.470000000000267093e+00 2.118920923994261329e+02
2.490000000000266667e+00 2.078760105738067523e+02
2.510000000000266240e+00 2.056695061812741301e+02
2.530000000000265814e+00 2.001505178212461544e+02
2.550000000000265388e+00 2.013090650135179089e+02
2.570000000000264961e+00 1.973621593149730700e+02
2.590000000000264535e+00 1.951219563870947695e+02
2.610000000000264109e+00 1.925613842275449485e+02
2.630000000000263682e+00 1.894435973906817026e+02
2.650000000000263256e+00 1.874713775690297553e+02
2.670000000000262830e+00 1.840464792189192167e+02
2.690000000000262403e+00 1.794308851675752976e+02
2.710000000000261977e+00 1.784873891283385774e+02
2.730000000000261551e+00 1.767874986116241303e+02
2.750000000000261124e+00 1.756364585675910917e+02
2.770000000000260698e+00 1.720989827480824772e+02
2.790000000000260272e+00 1.692275197353440888e+02
2.810000000000259845e+00 1.687948393917526744e+02
2.830000000000259419e+00 1.641845248279504688e+02
2.850000000000258993e+00 1.632350529292129977e+02
2.870000000000258567e+00 1.602359901107694498e+02
2.890000000000258140e+00 1.571841265326381176e+02
2.910000000000257714e+00 1.560936083876270288e+02
2.930000000000257288e+00 1.545131906950924190e+02
2.950000000000256861e+00 1.509493553016463352e+02
2.970000000000256435e+00 1.499740560981644535e+02
2.990000000000256009e+00 1.475082034597465395e+02
3.010000000000255582e+00 1.464240647776578044e+02
3.030000000000255156e+00 1.424004777678248956e+02
3.050000000000254730e+00 1.417717008013537452e+02
3.070000000000254303e+00 1.392325997595962974e+02
3.090000000000253877e+00 1.381585112159655750e+02
3.110000000000253451e+00 1.369986425218184252e+02
3.130000000000253024e+00 1.340374709570752429e+02
3.150000000000252598e+00 1.321547251322773207e+02
3.170000000000252172e+00 1.302598186719834814e+02
3.190000000000251745e+00 1.284725678793815575e+02
3.210000000000251319e+00 1.263432080368215509e+02
3.230000000000250893e+00 1.244124051322542641e+02
3.250000000000250466e+00 1.232564446838155447e+02
3.270000000000250040e+00 1.210808830521714867e+02
3.290000000000249614e+00 1.196166460857821647e+02
3.310000000000249187e+00 1.185965877590182345e+02
3.330000000000248761e+00 1.175339597560036822e+02
3.350000000000248335e+00 1.147800356152344676e+02
3.370000000000247908e+00 1.134784476883751978e+02
3.390000000000247482e+00 1.110393461592395710e+02
3.410000000000247056e+00 1.113466985287189885e+02
3.430000000000246629e+00 1.090728212293281558e+02
3.450000000000246203e+00 1.074680121644893376e+02
3.470000000000245777e+00 1.056920365050186348e+02
3.490000000000245350e+00 1.053428675710077869e+02
3.510000000000244924e+00 1.037513826767598744e+02
3.530000000000244498e+00 1.029614190209356224e+02
3.550000000000244071e+00 1.004918368848998256e+02
3.570000000000243645e+00 9.930442123082376327e+01
3.590000000000243219e+00 9.772291339282094214e+01
3.610000000000242792e+00 9.721162923761133356e+01
3.630000000000242366e+00 9.476707352279538554e+01
3.650000000000241940e+00 9.519321881951574937e+01
3.670000000000241513e+00 9.325998352078336495e+01
3.690000000000241087e+00 9.220971948259027329e+01
3.710000000000240661e+00 9.179562563426893007e+01
3.730000000000240234e+00 8.911578635592978515e+01
3.750000000000239808e+00 8.869005782353133327e+01
3.770000000000239382e+00 8.707364023063242087e+01
3.790000000000238956e+00 8.682746580510612944e+01
3.810000000000238529e+00 8.571087038402498592e+01
3.830000000000238103e+00 8.403271597314115127e+01
3.850000000000237677e+00 8.331084450936373287e+01
3.870000000000237250e+00 8.290656783960044152e+01
3.890000000000236824e+00 8.121408228521025308e+01
3.910000000000236398e+00 8.030295028886631314e+01
3.930000000000235971e+00 7.934258641920222033e+01
3.950000000000235545e+00 7.773512039182321587e+01
3.970000000000235119e+00 7.802402220021204471e+01
3.990000000000234692e+00 7.598130442042388211e+01
4.010000000000234266e+00 7.476030674541250676e+01
4.030000000000233840e+00 7.462576910526954066e+01
4.050000000000233413e+00 7.300269381467440155e+01
4.070000000000232987e+00 7.205763493572247569e+01
4.090000000000232561e+00 7.168775886024359068e+01
4.110000000000232134e+00 7.106961301943557885e+01
4.130000000000231708e+00 7.012332609358770696e+01
4.150000000000231282e+00 6.942270060460808168e+01
4.170000000000230855e+00 6.694958368276067517e+01
4.190000000000230429e+00 6.672949476581042916e+01
4.210000000000230003e+00 6.649717466202116611e+01
4.230000000000229576e+00 6.488030718185123646e+01
4.250000000000229150e+00 6.388974013470201641e+01
4.270000000000228724e+00 6.324245554201111474e+01
4.290000000000228297e+00 6.225593145228364733e+01
4.310000000000227871e+00 6.232270786845650434e+01
4.330000000000227445e+00 6.106930899633741205e+01
4.350000000000227018e+00 6.010721794129702289e+01
4.370000000000226592e+00 5.952211337535215563e+01
4.390000000000226166e+00 5.873825561881787394e+01
4.410000000000225739e+00 5.718856273449333827e+01
4.430000000000225313e+00 5.686108543524480297e+01
4.450000000000224887e+00 5.711067225397526670e+01
4.470000000000224460e+00 5.540975664006695212e+01
4.490000000000224034e+00 5.405599246878596631e+01
4.510000000000223608e+00 5.392016685460824732e+01
4.530000000000223181e+00 5.334428219012713157e+01
4.550000000000222755e+00 5.281849237331978486e+01
4.570000000000222329e+00 5.231180194485634161e+01
4.590000000000221902e+00 5.244907070921709646e+01
4.610000000000221476e+00 5.060140726432409508e+01
4.630000000000221050e+00 5.004237377308096768e+01
4.650000000000220624e+00 4.980558059718963193e+01
4.670000000000220197e+00 4.927864158316018006e+01
4.690000000000219771e+00 4.842298232713992689e+01
4.710000000000219345e+00 4.766646746798338086e+01
4.730000000000218918e+00 4.652701345378108044e+01
4.750000000000218492e+00 4.623985723200503628e+01
4.770000000000218066e+00 4.546007528357666416e+01
4.790000000000217639e+00 4.537156548828015445e+01
4.810000000000217213e+00 4.429204651289496297e+01
4.830000000000216787e+00 4.448344816175409733e+01
4.850000000000216360e+00 4.348080005952468241e+01
4.870000000000215934e+00 4.323101128597848941e+01
4.890000000000215508e+00 4.274597385924865733e+01
4.910000000000215081e+00 4.160237587568676787e+01
4.930000000000214655e+00 4.143916915643755061e+01
4.950000000000214229e+00 4.097128435916564371e+01
4.970000000000213802e+00 4.019541298807352092e+01
4.990000000000213376e+00 4.015974843526436189e+01
5.010000000000212950e+00 3.921953612740723116e+01
5.030000000000212523e+00 3.929016852764296175e+01
5.050000000000212097e+00 3.880662466801848609e+01
5.070000000000211671e+00 3.812676559930165610e+01
5.090000000000211244e+00 3.777146531033766053e+01
5.110000000000210818e+00 3.713697661927313476e+01
5.130000000000210392e+00 3.701278995764747037e+01
5.150000000000209965e+00 3.649693182995289931e+01
5.170000000000209539e+00 3.638731241348823886e+01
5.190000000000209113e+00 3.597515880444613856e+01
5.210000000000208686e+00 3.523446325349050312e+01
5.230000000000208260e+00 3.498079999922111938e+01
5.250000000000207834e+00 3.499143337853301716e+01
5.270000000000207407e+00 3.409566818432096369e+01
5.290000000000206981e+00 3.386076520364287035e+01
5.310000000000206555e+00 3.392490534919493683e+01
5.330000000000206128e+00 3.338784745080923244e+01
5.350000000000205702e+00 3.299290859241892093e+01
5.370000000000205276e+00 3.316307823769627561e+01
5.390000000000204849e+00 3.240588777373884000e+01
5.410000000000204423e+00 3.258344207745491872e+01
5.430000000000203997e+00 3.235641613109988413e+01
5.450000000000203570e+00 3.175234695519809947e+01
5.470000000000203144e+00 3.203603584274365801e+01
5.490000000000202718e+00 3.160312793318018620e+01
5.510000000000202292e+00 3.165715552599519356e+01
5.530000000000201865e+00 3.139342145955233931e+01
5.550000000000201439e+00 3.116056348832686140e+01
5.570000000000201013e+00 3.106912347431214627e+01
5.590000000000200586e+00 3.072042261644579852e+01
5.610000000000200160e+00 3.107135398978161334e+01
5.630000000000199734e+00 3.085678832590687293e+01
5.650000000000199307e+00 3.043977839205750158e+01
5.670000000000198881e+00 3.059735778092795755e+01
5.690000000000198455e+00 3.134699843471552327e+01
5.710000000000198028e+00 3.059843838382620973e+01
5.730000000000197602e+00 3.080265294786840968e+01
5.750000000000197176e+00 3.046382789121043544e+01
5.770000000000196749e+00 3.131570363037663185e+01
5.790000000000196323e+00 3.049660891975382171e+01
5.810000000000195897e+00 3.118196416244169811e+01
5.830000000000195470e+00 3.147367985603111862e+01
5.850000000000195044e+00 3.172162255172622736e+01
5.870000000000194618e+00 3.175006046667626691e+01
5.890000000000194191e+00 3.147462007674063500e+01
5.910000000000193765e+00 3.268458113272635757e+01
5.930000000000193339e+00 3.239999570475583823e+01
5.950000000000192912e+00 3.255178444330786647e+01
5.970000000000192486e+00 3.343586797243209219e+01
5.990000000000192060e+00 3.355082474283567961e+01
6.010000000000191633e+00 3.382561794268505651e+01
6.030000000000191207e+00 3.411944495989281023e+01
6.050000000000190781e+00 3.476443323419024978e+01
6.070000000000190354e+00 3.584926106713544414e+01
6.090000000000189928e+00 3.586212073736392369e+01
6.110000000000189502e+00 3.632275214607025760e+01
6.130000000000189075e+00 3.700385612392825152e+01
6.150000000000188649e+00 3.731468959853312128e+01
6.170000000000188223e+00 3.855291091184379582e+01
6.190000000000187796e+00 3.902361234580369853e+01
6.210000000000187370e+00 3.941953048772901269e+01
6.230000000000186944e+00 4.025519539058730345e+01
6.250000000000186517e+00 4.108275641015669777e+01
6.270000000000186091e+00 4.133144419259527780e+01
6.290000000000185665e+00 4.238387655015321798e+01
6.310000000000185238e+00 4.309000767523966857e+01
6.330000000000184812e+00 4.384601478395292418e+01
6.350000000000184386e+00 4.459710401588240813e+01
6.370000000000183960e+00 4.529666293920541165e+01
6.390000000000183533e+00 4.634271693402983061e+01
6.410000000000183107e+00 4.703526703648532958e+01
6.430000000000182681e+00 4.760985005493973432e+01
6.450000000000182254e+00 4.907121022152895762e+01
6.470000000000181828e+00 4.935377865453106239e+01
6.490000000000181402e+00 5.021480471801772438e+01
6.510000000000180975e+00 5.117227548686081207e+01
6.530000000000180549e+00 5.207884207892101358e+01
6.550000000000180123e+00 5.278526778679648856e+01
6.570000000000179696e+00 5.363215274392975118e+01
6.590000000000179270e+00 5.436426554376927101e+01
6.610000000000178844e+00 5.510529437898774319e+01
6.630000000000178417e+00 5.628430823170494790e+01
6.650000000000177991e+00 5.665391270043635075e+01
6.670000000000177565e+00 5.796387370559851604e+01
6.690000000000177138e+00 5.846589491419681650e+01
6.710000000000176712e+00 5.901147649280484586e+01
6.730000000000176286e+00 5.960570543730838011e+01
6.750000000000175859e+00 6.036780208976121997e+01
6.770000000000175433e+00 6.097002670585857231e+01
6.790000000000175007e+00 6.152403712294183435e+01
6.810000000000174580e+00 6.202549186245783375e+01
6.830000000000174154e+00 6.301105496259955885e+01
6.850000000000173728e+00 6.314666230571359051e+01
6.870000000000173301e+00 6.374462309653755199e+01
6.890000000000172875e+00 6.440798029410333925e+01
6.910000000000172449e+00 6.486079659633959693e+01
6.930000000000172022e+00 6.535906647661201418e+01
6.950000000000171596e+00 6.595680631013033235e+01
6.970000000000171170e+00 6.567928357206845646e+01
6.990000000000170743e+00 6.682617018462541125e+01
7.010000000000170317e+00 6.721356244656593049e+01
7.030000000000169891e+00 6.731391620206252924e+01
7.050000000000169464e+00 6.734188848481599621e+01
7.070000000000169038e+00 6.788898736959568225e+01
7.090000000000168612e+00 6.839432023481143119e+01
7.110000000000168185e+00 6.798267057728229190e+01
7.130000000000167759e+00 6.847358834317114429e+01
7.150000000000167333e+00 6.826647111240865229e+01
7.170000000000166906e+00 6.907143601010669443e+01
7.190000000000166480e+00 6.835810113382402164e+01
7.210000000000166054e+00 6.879390516079199358e+01
7.230000000000165628e+00 6.844050438341692200e+01
7.250000000000165201e+00 6.920392898265048132e+01
7.270000000000164775e+00 6.887198838274846935e+01
7.290000000000164349e+00 6.864352682129710104e+01
7.310000000000163922e+00 6.845514942942375569e+01
7.330000000000163496e+00 6.837934425608149525e+01
7.350000000000163070e+00 6.875012512144638777e+01
7.370000000000162643e+00 6.843565155385398668e+01
7.390000000000162217e+00 6.845552076506591277e+01
7.410000000000161791e+00 6.863798769843235448e+01
7.430000000000161364e+00 6.839127464660427336e+01
7.450000000000160938e+00 6.825530678402189722e+01
7.470000000000160512e+00 6.794925877146809512e+01
7.490000000000160085e+00 6.812342870624344471e+01
7.510000000000159659e+00 6.756988744557946802e+01
7.530000000000159233e+00 6.756761016712407297e+01
7.550000000000158806e+00 6.740545022926040986e+01
7.570000000000158380e+00 6.673053656951060475e+01
7.590000000000157954e+00 6.695460031872424622e+01
7.610000000000157527e+00 6.689005804156856527e+01
7.630000000000157101e+00 6.640881071994613194e+01
7.650000000000156675e+00 6.622552273360066977e+01
7.670000000000156248e+00 6.643010240618177420e+01
7.690000000000155822e+00 6.627368858539203700e+01
7.710000000000155396e+00 6.624217683227884379e+01
7.730000000000154969e+00 6.589925192932767573e+01
7.750000000000154543e+00 6.513575096564237299e+01
7.770000000000154117e+00 6.591230386463550417e+01
7.790000000000153690e+00 6.522268445079538424e+01
7.810000000000153264e+00 6.557230011981890527e+01
7.830000000000152838e+00 6.472577988319577003e+01
7.850000000000152411e+00 6.482238371074596728e+01
7.870000000000151985e+00 6.494073269570660045e+01
7.890000000000151559e+00 6.459501022398363546e+01
7.910000000000151132e+00 6.472129449810658741e+01
7.930000000000150706e+00 6.457964269157864123e+01
7.950000000000150280e+00 6.442578175153236941e+01
7.970000000000149853e+00 6.439983943031771219e+01
7.990000000000149427e+00 6.426762190242440909e+01
8.010000000000149001e+00 6.392430753459910164e+01
8.030000000000148574e+00 6.390991292274965474e+01
8.050000000000148148e+00 6.375793743034397210e+01
8.070000000000147722e+00 6.378853858362006690e+01
8.090000000000147296e+00 6.389651535518229508e+01
8.110000000000146869e+00 6.357433629020411558e+01
8.130000000000146443e+00 6.393015590474156085e+01
8.150000000000146017e+00 6.368770045364324517e+01
8.170000000000145590e+00 6.352170536412565127e+01
8.190000000000145164e+00 6.359906156597831739e+01
8.210000000000144738e+00 6.365471992278851587e+01
8.230000000000144311e+00 6.371147361387005503e+01
8.250000000000143885e+00 6.377276342737852133e+01
8.270000000000143459e+00 6.352696911718269490e+01
8.290000000000143032e+00 6.356675858132909696e+01
8.310000000000142606e+00 6.332919379941206017e+01
8.330000000000142180e+00 6.340580570835156493e+01
8.350000000000141753e+00 6.329839106552866923e+01
8.370000000000141327e+00 6.351032397379089645e+01
8.390000000000140901e+00 6.330967759448856214e+01
8.410000000000140474e+00 6.323986407691418776e+01
8.430000000000140048e+00 6.329444018899711466e+01
8.450000000000139622e+00 6.363765854757487261e+01
8.470000000000139195e+00 6.341187941102474923e+01
8.490000000000138769e+00 6.366590174647829770e+01
8.510000000000138343e+00 6.333481608231298310e+01
8.530000000000137916e+00 6.353374885388161175e+01
8.550000000000137490e+00 6.345711904704906203e+01
8.570000000000137064e+00 6.343007213333441285e+01
8.590000000000136637e+00 6.335933047543657182e+01
8.610000000000136211e+00 6.355229622041030524e+01
8.630000000000135785e+00 6.361313171432770019e+01
8.650000000000135358e+00 6.357204844958556578e+01
8.670000000000134932e+00 6.324879911807382626e+01
8.690000000000134506e+00 6.360482278511614140e+01
8.710000000000134079e+00 6.347324368397939054e+01
8.730000000000133653e+00 6.362556445930348303e+01
8.750000000000133227e+00 6.330913535018079585e+01
8.770000000000132800e+00 6.370501597054270349e+01
8.790000000000132374e+00 6.335198100215882988e+01
8.810000000000131948e+00 6.369191026113270482e+01
8.830000000000131521e+00 6.375399593426115530e+01
8.850000000000131095e+00 6.365074597345770258e+01
8.870000000000130669e+00 6.344316255738446131e+01
8.890000000000130242e+00 6.381913415057193362e+01
8.910000000000129816e+00 6.355032083244537944e+01
8.930000000000129390e+00 6.382469594679273683e+01
8.950000000000128964e+00 6.367956234404300631e+01
8.970000000000128537e+00 6.386936140703162579e+01
8.990000000000128111e+00 6.356759412197834536e+01
9.010000000000127685e+00 6.404163458364044459e+01
9.030000000000127258e+00 6.378202670374566452e+01
9.050000000000126832e+00 6.393380511000509614e+01
9.070000000000126406e+00 6.407088882293078314e+01
9.090000000000125979e+00 6.407037740042980545e+01
9.110000000000125553e+00 6.398879561714258557e+01
9.130000000000125127e+00 6.409377407275238170e+01
9.150000000000124700e+00 6.374993098092751609e+01
9.170000000000124274e+00 6.426329892469145477e+01
9.190000000000123848e+00 6.448473080900521381e+01
9.210000000000123421e+00 6.416684506127826637e+01
9.230000000000122995e+00 6.455708183816489054e+01
9.250000000000122569e+00 6.458818008387740406e+01
9.270000000000122142e+00 6.461432230526317255e+01
9.290000000000121716e+00 6.482510248820730681e+01
9.310000000000121290e+00 6.473170465591613265e+01
9.330000000000120863e+00 6.499301985468005682e+01
9.350000000000120437e+00 6.515518589993791920e+01
9.370000000000120011e+00 6.520513566679852602e+01
9.390000000000119584e+00 6.548548785727686550e+01
9.410000000000119158e+00 6.549819820883132593e+01
9.430000000000118732e+00 6.579294847270760727e+01
9.450000000000118305e+00 6.570760233339304079e+01
9.470000000000117879e+00 6.617769781286946795e+01
9.490000000000117453e+00 6.618739623818268569e+01
9.510000000000117026e+00 6.610191190997039712e+01
9.530000000000116600e+00 6.680102207236062384e+01
9.550000000000116174e+00 6.678789353905810344e+01
9.570000000000115747e+00 6.723701168757582991e+01
9.590000000000115321e+00 6.715493977591947328e+01
9.610000000000114895e+00 6.760215997090939766e+01
9.630000000000114468e+00 6.777654898879818290e+01
9.650000000000114042e+00 6.801109978534974232e+01
9.670000000000113616e+00 6.820588115517972483e+01
9.690000000000113189e+00 6.872133337146556187e+01
9.710000000000112763e+00 6.861004004177684124e+01
9.730000000000112337e+00 6.922947847130848231e+01
9.750000000000111910e+00 6.924840566443498346e+01
9.770000000000111484e+00 6.960187989913971762e+01
9.790000000000111058e+00 7.020836710947827441e+01
9.810000000000110632e+00 7.024849044685488764e+01
9.830000000000110205e+00 7.033943897688628510e+01
9.850000000000109779e+00 7.078246187308020865e+01
9.870000000000109353e+00 7.119758192558266785e+01
9.890000000000108926e+00 7.172724973301207285e+01
9.910000000000108500e+00 7.168779739264611806e+01
9.930000000000108074e+00 7.174547558158091931e+01
9.950000000000107647e+00 7.235918679768793993e+01
9.970000000000107221e+00 7.263811888179878906e+01
9.990000000000106795e+00 7.311925537317800661e+01
1.001000000000010637e+01 7.302039641872693210e+01
1.003000000000010594e+01 7.329930489433208152e+01
1.005000000000010552e+01 7.355404934602549361e+01
1.007000000000010509e+01 7.381142506457580055e+01
1.009000000000010466e+01 7.428645655186407737e+01
1.011000000000010424e+01 7.420685947377950242e+01
1.013000000000010381e+01 7.482272349674137502e+01
1.015000000000010338e+01 7.448673154181309997e+01
1.017000000000010296e+01 7.492751116933472133e+01
1.019000000000010253e+01 7.514327108011926271e+01
1.021000000000010210e+01 7.519160928881242967e+01
1.023000000000010168e+01 7.518720114952496658e+01
1.025000000000010125e+01 7.529340399312994236e+01
1.027000000000010083e+01 7.540408270830091908e+01
1.029000000000010040e+01 7.568334904370658478e+01
1.031000000000009997e+01 7.563090702545846966e+01
1.033000000000009955e+01 7.558390705420021050e+01
1.035000000000009912e+01 7.581354408020239077e+01
1.037000000000009869e+01 7.551509728308485592e+01
1.039000000000009827e+01 7.574352645262115402e+01
1.041000000000009784e+01 7.544639576361879563e+01
1.043000000000009742e+01 7.515543806455211495e+01
1.045000000000009699e+01 7.551573629517353936e+01
1.047000000000009656e+01 7.526368857672650847e+01
1.049000000000009614e+01 7.493842637313204591e+01
1.051000000000009571e+01 7.480526931961465209e+01
1.053000000000009528e+01 7.478521066610353785e+01
1.055000000000009486e+01 7.461524627464270054e+01
1.057000000000009443e+01 7.433183410023615068e+01
1.059000000000009400e+01 7.405161296400679305e+01
1.061000000000009358e+01 7.368279289851071212e+01
1.063000000000009315e+01 7.363901729236744131e+01
1.065000000000009273e+01 7.315786170922277165e+01
1.067000000000009230e+01 7.270659068212260934e+01
1.069000000000009187e+01 7.255885993839540049e+01
1.071000000000009145e+01 7.219491170110711664e+01
1.073000000000009102e+01 7.219140743738554988e+01
1.075000000000009059e+01 7.137714144911662117e+01
1.077000000000009017e+01 7.116499124319136627e+01
1.079000000000008974e+01 7.069662420504003819e+01
1.081000000000008932e+01 7.066770861899709644e+01
1.083000000000008889e+01 6.991855980245286162e+01
1.085000000000008846e+01 6.948333349270154713e+01
1.087000000000008804e+01 6.908318830226410512e+01
1.089000000000008761e+01 6.863804726875767415e+01
1.091000000000008718e+01 6.855515778286100215e+01
1.093000000000008676e+01 6.767868278978924934e+01
1.095000000000008633e+01 6.735574797136924019e+01
1.097000000000008590e+01 6.706118758364452503e+01
1.099000000000008548e+01 6.648735758860355816e+01
1.101000000000008505e+01 6.626117314880141862e+01
1.103000000000008463e+01 6.552967911649264465e+01
1.105000000000008420e+01 6.533987453844399340e+01
1.107000000000008377e+01 6.451862378245496643e+01
1.109000000000008335e+01 6.444429532286304152e+01
1.111000000000008292e+01 6.397853666470900436e+01
1.113000000000008249e+01 6.343576774807076646e+01
1.115000000000008207e+01 6.323736442950296777e+01
1.117000000000008164e+01 6.279332891685441354e+01
1.119000000000008122e+01 6.233988186831604850e+01
1.121000000000008079e+01 6.198328115290450313e+01
1.123000000000008036e+01 6.185824419993223700e+01
1.125000000000007994e+01 6.117172643078900762e+01
1.127000000000007951e+01 6.103166444720021389e+01
1.129000000000007908e+01 6.078366092574991342e+01
1.131000000000007866e+01 6.032607865974591732e+01
1.133000000000007823e+01 6.023977734367178982e+01
1.135000000000007780e+01 5.977977398057693392e+01
1.137000000000007738e+01 5.981815526046234766e+01
1.139000000000007695e+01 5.936798644486011511e+01
1.141000000000007653e+01 5.947367520763159376e+01
1.143000000000007610e+01 5.932719738009623711e+01
1.145000000000007567e+01 5.889234542400760120e+01
1.147000000000007525e+01 5.882769992173894735e+01
1.149000000000007482e+01 5.914147804447773638e+01
1.151000000000007439e+01 5.889558056276720066e+01
1.153000000000007397e+01 5.874100880888379095e+01
1.155000000000007354e+01 5.872034523347774382e+01
1.157000000000007311e+01 5.885818395549979698e+01
1.159000000000007269e+01 5.881574501526353771e+01
1.161000000000007226e+01 5.937197742299703407e+01
1.163000000000007184e+01 5.881954457068040654e+01
1.165000000000007141e+01 5.933585775727884482e+01
1.167000000000007098e+01 5.950566198435375753e+01
1.169000000000007056e+01 5.941412768211286277e+01
1.171000000000007013e+01 5.988551939857543260e+01
1.173000000000006970e+01 5.970920799591838346e+01
1.175000000000006928e+01 6.017061791220365308e+01
1.177000000000006885e+01 6.055182632489502481e+01
1.179000000000006843e+01 6.056422540400956223e+01
1.181000000000006800e+01 6.112929049435591367e+01
1.183000000000006757e+01 6.138326410648401321e+01
1.185000000000006715e+01 6.127478256367223963e+01
1.187000000000006672e+01 6.180693839510443865e+01
1.189000000000006629e+01 6.228195822548453009e+01
1.191000000000006587e+01 6.252833909159560477e+01
1.193000000000006544e+01 6.272368196247700922e+01
1.195000000000006501e+01 6.303894871432292035e+01
1.197000000000006459e+01 6.338500091979393147e+01
1.199000000000006416e+01 6.370172183751198247e+01
1.201000000000006374e+01 6.428136756900953230e+01
1.203000000000006331e+01 6.414103944617072273e+01
1.205000000000006288e+01 6.464130252476333283e+01
1.207000000000006246e+01 6.498498169439615424e+01
1.209000000000006203e+01 6.500755996129549885e+01
1.211000000000006160e+01 6.526123530106244175e+01
1.213000000000006118e+01 6.588952582308641581e+01
1.215000000000006075e+01 6.570432762981208441e+01
1.217000000000006033e+01 6.602183863180681556e+01
1.219000000000005990e+01 6.630448127615167664e+01
1.221000000000005947e+01 6.673687971993771839e+01
1.223000000000005905e+01 6.635643836457406053e+01
1.225000000000005862e+01 6.661934994864512305e+01
1.227000000000005819e+01 6.672117867601942010e+01
1.229000000000005777e+01 6.697169878694950285e+01
1.231000000000005734e+01 6.730821973960388505e+01
1.233000000000005691e+01 6.695937532382336599e+01
1.235000000000005649e+01 6.691149671738727989e+01
1.237000000000005606e+01 6.722615478934454813e+01
1.239000000000005564e+01 6.689485129646247685e+01
1.241000000000005521e+01 6.711297857666249911e+01
1.243000000000005478e+01 6.693679666568014852e+01
1.245000000000005436e+01 6.693608529969772292e+01
1.247000000000005393e+01 6.684542927527625977e+01
1.249000000000005350e+01 6.674529214482792838e+01
1.251000000000005308e+01 6.645577941278889966e+01
1.253000000000005265e+01 6.633008186081036683e+01
1.255000000000005222e+01 6.625520425093630195e+01
1.257000000000005180e+01 6.590267875839633405e+01
1.259000000000005137e+01 6.591077165749887001e+01
1.261000000000005095e+01 6.600097080205674160e+01
1.263000000000005052e+01 6.535791494539053303e+01
1.265000000000005009e+01 6.502640782750316362e+01
1.267000000000004967e+01 6.495551762100269855e+01
1.269000000000004924e+01 6.455941690922746545e+01
1.271000000000004881e+01 6.452013689113593387e+01
1.273000000000004839e+01 6.436084122866844837e+01
1.275000000000004796e+01 6.353196553412718117e+01
1.277000000000004754e+01 6.337838535451721356e+01
1.279000000000004711e+01 6.337400721889075328e+01
1.281000000000004668e+01 6.289028742624505952e+01
1.283000000000004626e+01 6.257980934010523555e+01
1.285000000000004583e+01 6.191201371070006587e+01
1.287000000000004540e+01 6.165892678759236389e+01
1.289000000000004498e+01 6.167381733329372651e+01
1.291000000000004455e+01 6.080280787210270432e+01
1.293000000000004412e+01 6.084757345114367411e+01
1.295000000000004370e+01 6.028604611155012094e+01
1.297000000000004327e+01 6.000032189462315557e+01
1.299000000000004285e+01 5.963725513395154110e+01
1.301000000000004242e+01 5.903566983510675925e+01
1.303000000000004199e+01 5.860629310204154052e+01
1.305000000000004157e+01 5.809343437030127433e+01
1.307000000000004114e+01 5.803303215192409681e+01
1.309000000000004071e+01 5.762819697614933290e+01
1.311000000000004029e+01 5.727840397586864185e+01
1.313000000000003986e+01 5.657027345591093592e+01
1.315000000000003944e+01 5.606441942180497762e+01
1.317000000000003901e+01 5.586544379948816186e+01
1.319000000000003858e+01 5.531209844767036543e+01
1.321000000000003816e+01 5.465322812219859827e+01
1.323000000000003773e+01 5.448302832178575983e+01
1.325000000000003730e+01 5.384258904627657216e+01
1.327000000000003688e+01 5.321307608793302535e+01
1.329000000000003645e+01 5.282020698857949981e+01
1.331000000000003602e+01 5.225313952446804677e+01
1.333000000000003560e+01 5.186210598577520159e+01
1.335000000000003517e+01 5.131044690441311928e+01
1.337000000000003475e+01 5.054012054308763879e+01
1.339000000000003432e+01 4.990803152013859290e+01
1.341000000000003389e+01 4.924745373556358885e+01
1.343000000000003347e+01 4.867375411592632872e+01
1.345000000000003304e+01 4.812915153195317686e+01
1.347000000000003261e+01 4.739943781468142703e+01
1.349000000000003219e+01 4.668125089280879791e+01
1.351000000000003176e+01 4.586617364921962547e+01
1.353000000000003133e+01 4.509178952583165056e+01
1.355000000000003091e+01 4.441356902002736007e+01
1.357000000000003048e+01 4.329550615190453300e+01
1.359000000000003006e+01 4.257568434145152736e+01
1.361000000000002963e+01 4.171029708091620591e+01
1.363000000000002920e+01 4.047676964977620884e+01
1.365000000000002878e+01 3.954108156838144339e+01
1.367000000000002835e+01 3.858697230294405500e+01
1.369000000000002792e+01 3.790817004141129587e+01
1.371000000000002750e+01 3.683955457562008462e+01
1.373000000000002707e+01 3.601774939452585045e+01
1.375000000000002665e+01 3.499369875566181065e+01
1.377000000000002622e+01 3.391762973927378511e+01
1.379000000000002579e+01 3.279878678028061501e+01
1.381000000000002537e+01 3.191477479148749552e+01
1.383000000000002494e+01 3.095430337040003721e+01
1.385000000000002451e+01 2.960302426110402507e+01
1.387000000000002409e+01 2.855742281433222374e+01
1.389000000000002366e+01 2.737580500419306162e+01
1.391000000000002323e+01 2.617415270561111740e+01
1.393000000000002281e+01 2.488933488036692765e+01
1.395000000000002238e+01 2.366253165487207255e+01
1.397000000000002196e+01 2.232548464754315631e+01
1.399000000000002153e+01 2.110999665201138598e+01
1.401000000000002110e+01 1.953550317562909910e+01
1.403000000000002068e+01 1.843245287454728398e+01
1.405000000000002025e+01 1.702897370108575004e+01
1.407000000000001982e+01 1.581132988282344165e+01
1.409000000000001940e+01 1.414575886093760104e+01
1.411000000000001897e+01 1.291098839123747588e+01
1.413000000000001855e+01 1.152315524100905897e+01
1.415000000000001812e+01 9.948360698520650303e+00
1.417000000000001769e+01 8.707902197079256723e+00
1.419000000000001727e+01 7.531893084979078168e+00
1.421000000000001684e+01 6.353527510161660175e+00
1.423000000000001641e+01 5.238581068161375143e+00
1.425000000000001599e+01 4.060354048401354277e+00
1.427000000000001556e+01 3.068389533056098628e+00
1.429000000000001513e+01 2.263295130708376846e+00
1.431000000000001471e+01 1.652246671448688309e+00
1.433000000000001428e+01 1.206097906508142747e+00
1.435000000000001386e+01 8.895325434082349547e-01
1.437000000000001343e+01 6.354603418583731900e-01
1.439000000000001300e+01 4.719896682467912274e-01
1.441000000000001258e+01 3.036477859370488863e-01
1.443000000000001215e+01 1.801332438972922112e-01
1.445000000000001172e+01 1.050006832454998679e-01
1.447000000000001130e+01 3.245722042050352973e-02
1.449000000000001087e+01 1.090376998399010186e-02
1.451000000000001044e+01 2.808434793353205457e-03
1.453000000000001002e+01 2.795961080861088244e-03
1.455000000000000959e+01 2.783559091727498113e-03
1.457000000000000917e+01 2.771227291628970777e-03
1.459000000000000874e+01 2.758965197526755311e-03
1.461000000000000831e+01 2.746772330712049948e-03
1.463000000000000789e+01 6.118623423082561961e-19
1.465000000000000746e+01 0.000000000000000000e+00
1.467000000000000703e+01 0.000000000000000000e+00
1.469000000000000661e+01 0.000000000000000000e+00
1.471000000000000618e+01 0.000000000000000000e+00
1.473000000000000576e+01 0.000000000000000000e+00
1.475000000000000533e+01 0.000000000000000000e+00
1.477000000000000490e+01 0.000000000000000000e+00
1.479000000000000448e+01 0.000000000000000000e+00
1.481000000000000405e+01 0.000000000000000000e+00
1.483000000000000362e+01 0.000000000000000000e+00
1.485000000000000320e+01 0.000000000000000000e+00
1.487000000000000277e+01 0.000000000000000000e+00
1.489000000000000234e+01 0.000000000000000000e+00
1.491000000000000192e+01 0.000000000000000000e+00
1.493000000000000149e+01 0.000000000000000000e+00
1.495000000000000107e+01 0.000000000000000000e+00
1.497000000000000064e+01 0.000000000000000000e+00
1.499000000000000021e+01 0.000000000000000000e+00
