# Redshift		Merger Rate Density [Gpc^-3yr^-1]
1.000000000031931770e-02 2.327419953216087833e+01
3.000000000031888964e-02 2.444955492197240332e+01
5.000000000031846331e-02 2.564502894425531920e+01
7.000000000031804392e-02 2.668288514823063551e+01
9.000000000031761760e-02 2.788873847356986602e+01
1.100000000003171913e-01 2.907234039053706098e+01
1.300000000003167511e-01 3.035241654271701961e+01
1.500000000003163247e-01 3.172131928825344716e+01
1.700000000003158984e-01 3.298418461698612703e+01
1.900000000003154721e-01 3.437658603257580126e+01
2.100000000003150458e-01 3.588283122191360519e+01
2.300000000003146194e-01 3.745952686336707416e+01
2.500000000003141931e-01 3.875714166864738530e+01
2.700000000003137668e-01 4.039447438476103969e+01
2.900000000003133405e-01 4.166254227268645138e+01
3.100000000003129141e-01 4.279033967437695907e+01
3.300000000003124878e-01 4.458661037166281460e+01
3.500000000003120615e-01 4.613503692778094489e+01
3.700000000003116352e-01 4.779528392943736037e+01
3.900000000003112088e-01 4.940341210080621437e+01
4.100000000003107825e-01 5.117869860997711129e+01
4.300000000003103562e-01 5.297189388535375798e+01
4.500000000003099299e-01 5.441259130664735011e+01
4.700000000003095035e-01 5.623834929881286371e+01
4.900000000003090772e-01 5.778987007478900040e+01
5.100000000003086509e-01 5.954508946046046702e+01
5.300000000003082246e-01 6.155621766864739186e+01
5.500000000003077982e-01 6.350043342072798680e+01
5.700000000003073719e-01 6.514293935011643555e+01
5.900000000003069456e-01 6.694221625416061272e+01
6.100000000003065193e-01 6.927340270554240931e+01
6.300000000003060929e-01 7.071448653514549676e+01
6.500000000003056666e-01 7.289294470003021331e+01
6.700000000003052403e-01 7.474941349891278719e+01
6.900000000003048140e-01 7.668585076681959833e+01
7.100000000003043876e-01 7.877643272106439554e+01
7.300000000003039613e-01 8.057507164612883344e+01
7.500000000003035350e-01 8.284183359956784898e+01
7.700000000003031086e-01 8.443722920746301952e+01
7.900000000003026823e-01 8.675705119481209238e+01
8.100000000003022560e-01 8.857244480772055795e+01
8.300000000003018297e-01 9.055933095664842369e+01
8.500000000003014033e-01 9.310591022211673362e+01
8.700000000003009770e-01 9.454773030253028310e+01
8.900000000003005507e-01 9.627434663951719074e+01
9.100000000003001244e-01 9.883009941066389104e+01
9.300000000002996980e-01 1.001886830006861118e+02
9.500000000002992717e-01 1.021726310875115900e+02
9.700000000002988454e-01 1.037430961873588728e+02
9.900000000002984191e-01 1.063801867975850541e+02
1.010000000000297993e+00 1.078271056466744824e+02
1.030000000000297566e+00 1.094606821831262238e+02
1.050000000000297140e+00 1.117409981244239674e+02
1.070000000000296714e+00 1.135897196836682355e+02
1.090000000000296287e+00 1.151417412840739871e+02
1.110000000000295861e+00 1.170040608837117020e+02
1.130000000000295435e+00 1.196342897678985366e+02
1.150000000000295008e+00 1.210767533391207849e+02
1.170000000000294582e+00 1.226116337944520041e+02
1.190000000000294156e+00 1.247330617347841297e+02
1.210000000000293729e+00 1.267982797611929868e+02
1.230000000000293303e+00 1.285309110557992369e+02
1.250000000000292877e+00 1.291761073394513630e+02
1.270000000000292451e+00 1.309848596317347358e+02
1.290000000000292024e+00 1.329081523973633523e+02
1.310000000000291598e+00 1.342307515184378133e+02
1.330000000000291172e+00 1.365221672385167722e+02
1.350000000000290745e+00 1.377399371580186767e+02
1.370000000000290319e+00 1.387754695823422253e+02
1.390000000000289893e+00 1.406299675159336005e+02
1.410000000000289466e+00 1.418331562155790380e+02
1.430000000000289040e+00 1.432463896861950730e+02
1.450000000000288614e+00 1.447281987944217292e+02
1.470000000000288187e+00 1.448834114281336554e+02
1.490000000000287761e+00 1.457967443766638098e+02
1.510000000000287335e+00 1.478699816284464248e+02
1.530000000000286908e+00 1.486019303221872292e+02
1.550000000000286482e+00 1.489408192788566510e+02
1.570000000000286056e+00 1.488998474670165422e+02
1.590000000000285629e+00 1.501342440014710178e+02
1.610000000000285203e+00 1.514765874764107991e+02
1.630000000000284777e+00 1.509791846381459948e+02
1.650000000000284350e+00 1.510772520276841249e+02
1.670000000000283924e+00 1.522221004479277155e+02
1.690000000000283498e+00 1.523657329331499568e+02
1.710000000000283071e+00 1.523253440709770246e+02
1.730000000000282645e+00 1.522521563976072798e+02
1.750000000000282219e+00 1.525342218409693942e+02
1.770000000000281792e+00 1.528289668679720990e+02
1.790000000000281366e+00 1.536605274606343414e+02
1.810000000000280940e+00 1.540255340454084205e+02
1.830000000000280513e+00 1.529690761108828099e+02
1.850000000000280087e+00 1.499052278112762338e+02
1.870000000000279661e+00 1.513109638652763067e+02
1.890000000000279234e+00 1.509740472887364717e+02
1.910000000000278808e+00 1.503883385310438427e+02
1.930000000000278382e+00 1.486875329890320074e+02
1.950000000000277955e+00 1.480063198204256025e+02
1.970000000000277529e+00 1.481575203966271204e+02
1.990000000000277103e+00 1.478094662984736942e+02
2.010000000000276899e+00 1.470837650104404304e+02
2.030000000000276472e+00 1.445037202350304710e+02
2.050000000000276046e+00 1.437940959620591457e+02
2.070000000000275620e+00 1.428352967860049034e+02
2.090000000000275193e+00 1.416721805604812232e+02
2.110000000000274767e+00 1.406009112468264846e+02
2.130000000000274341e+00 1.385187977692447703e+02
2.150000000000273914e+00 1.376980833681268450e+02
2.170000000000273488e+00 1.364146111079629407e+02
2.190000000000273062e+00 1.357084331912792550e+02
2.210000000000272635e+00 1.336198146257373480e+02
2.230000000000272209e+00 1.321990237141066018e+02
2.250000000000271783e+00 1.304487652229735488e+02
2.270000000000271356e+00 1.289400209984799801e+02
2.290000000000270930e+00 1.286454524310205727e+02
2.310000000000270504e+00 1.286554413433097181e+02
2.330000000000270077e+00 1.259258436937876695e+02
2.350000000000269651e+00 1.247511302773216073e+02
2.370000000000269225e+00 1.221922016914574556e+02
2.390000000000268798e+00 1.205985413164634252e+02
2.410000000000268372e+00 1.190847198088639942e+02
2.430000000000267946e+00 1.171789185041511274e+02
2.450000000000267519e+00 1.154354740209818715e+02
2.470000000000267093e+00 1.136934842734400064e+02
2.490000000000266667e+00 1.133240089225459570e+02
2.510000000000266240e+00 1.124618437622413865e+02
2.530000000000265814e+00 1.106735192202451117e+02
2.550000000000265388e+00 1.092063054420236483e+02
2.570000000000264961e+00 1.063745767037365795e+02
2.590000000000264535e+00 1.050190474899439295e+02
2.610000000000264109e+00 1.026574309642938374e+02
2.630000000000263682e+00 1.013062155328949672e+02
2.650000000000263256e+00 9.945287103917434024e+01
2.670000000000262830e+00 9.791210621194612429e+01
2.690000000000262403e+00 9.595092114330432764e+01
2.710000000000261977e+00 9.384672323570389096e+01
2.730000000000261551e+00 9.200862206976462687e+01
2.750000000000261124e+00 9.121708090598288265e+01
2.770000000000260698e+00 8.914608653364139457e+01
2.790000000000260272e+00 8.751483728338648405e+01
2.810000000000259845e+00 8.592970255368662436e+01
2.830000000000259419e+00 8.450834579196194341e+01
2.850000000000258993e+00 8.317115500616819190e+01
2.870000000000258567e+00 8.159166303633406869e+01
2.890000000000258140e+00 7.965871823526259732e+01
2.910000000000257714e+00 7.891803992337636942e+01
2.930000000000257288e+00 7.690260788226198940e+01
2.950000000000256861e+00 7.566816938948807092e+01
2.970000000000256435e+00 7.501106905091626231e+01
2.990000000000256009e+00 7.324068823194765798e+01
3.010000000000255582e+00 7.148916371020138172e+01
3.030000000000255156e+00 7.036578031483021789e+01
3.050000000000254730e+00 6.894914258514918970e+01
3.070000000000254303e+00 6.787051041800579299e+01
3.090000000000253877e+00 6.663523874273988667e+01
3.110000000000253451e+00 6.542437010711623202e+01
3.130000000000253024e+00 6.436204073242217305e+01
3.150000000000252598e+00 6.304554769191626917e+01
3.170000000000252172e+00 6.190927985937297962e+01
3.190000000000251745e+00 6.087497979961461425e+01
3.210000000000251319e+00 6.032324613628335186e+01
3.230000000000250893e+00 5.929301896148649575e+01
3.250000000000250466e+00 5.835134464532165310e+01
3.270000000000250040e+00 5.735782006902974928e+01
3.290000000000249614e+00 5.616960259632896424e+01
3.310000000000249187e+00 5.566450814028015515e+01
3.330000000000248761e+00 5.375037889761534160e+01
3.350000000000248335e+00 5.375558594402806278e+01
3.370000000000247908e+00 5.303982354903185836e+01
3.390000000000247482e+00 5.114586315133850292e+01
3.410000000000247056e+00 5.017818460722687490e+01
3.430000000000246629e+00 4.900196584599915894e+01
3.450000000000246203e+00 4.867634952809889626e+01
3.470000000000245777e+00 4.726631634904906321e+01
3.490000000000245350e+00 4.711657110046582631e+01
3.510000000000244924e+00 4.608377323158926941e+01
3.530000000000244498e+00 4.527595541712934590e+01
3.550000000000244071e+00 4.469829084730697133e+01
3.570000000000243645e+00 4.373275315847294564e+01
3.590000000000243219e+00 4.298948569579236079e+01
3.610000000000242792e+00 4.272725147536758783e+01
3.630000000000242366e+00 4.231045902828478233e+01
3.650000000000241940e+00 4.110511435265298985e+01
3.670000000000241513e+00 4.056032320417337189e+01
3.690000000000241087e+00 3.988830527221362843e+01
3.710000000000240661e+00 3.936760002299928374e+01
3.730000000000240234e+00 3.875736578902868246e+01
3.750000000000239808e+00 3.809845126934272486e+01
3.770000000000239382e+00 3.724723441364685783e+01
3.790000000000238956e+00 3.686123313922396960e+01
3.810000000000238529e+00 3.673387195568579244e+01
3.830000000000238103e+00 3.628020371791525633e+01
3.850000000000237677e+00 3.541866248834407571e+01
3.870000000000237250e+00 3.490718370494657563e+01
3.890000000000236824e+00 3.435243153109167480e+01
3.910000000000236398e+00 3.407237186808818308e+01
3.930000000000235971e+00 3.340372503771968127e+01
3.950000000000235545e+00 3.350243234280657134e+01
3.970000000000235119e+00 3.313437236431085609e+01
3.990000000000234692e+00 3.264722082120375291e+01
4.010000000000234266e+00 3.228666551323482281e+01
4.030000000000233840e+00 3.195204838319389040e+01
4.050000000000233413e+00 3.146115675996570005e+01
4.070000000000232987e+00 3.113196217099184437e+01
4.090000000000232561e+00 3.087460974996933061e+01
4.110000000000232134e+00 3.090655646571055115e+01
4.130000000000231708e+00 3.051897395617615061e+01
4.150000000000231282e+00 3.042870030521751445e+01
4.170000000000230855e+00 3.042864640506747520e+01
4.190000000000230429e+00 3.015685012393980813e+01
4.210000000000230003e+00 3.039428586331485604e+01
4.230000000000229576e+00 2.989052155669203970e+01
4.250000000000229150e+00 2.952307447288659503e+01
4.270000000000228724e+00 2.874468959437287197e+01
4.290000000000228297e+00 2.934563609437423182e+01
4.310000000000227871e+00 2.833741013500666384e+01
4.330000000000227445e+00 2.862334842213078545e+01
4.350000000000227018e+00 2.837534449738222264e+01
4.370000000000226592e+00 2.825871703260627399e+01
4.390000000000226166e+00 2.784904694733396013e+01
4.410000000000225739e+00 2.752194793347571888e+01
4.430000000000225313e+00 2.741417349624124356e+01
4.450000000000224887e+00 2.736351365657066026e+01
4.470000000000224460e+00 2.710471672930897924e+01
4.490000000000224034e+00 2.717721256400183805e+01
4.510000000000223608e+00 2.697909373692311519e+01
4.530000000000223181e+00 2.682222346762141996e+01
4.550000000000222755e+00 2.682865123063039903e+01
4.570000000000222329e+00 2.634224512090943904e+01
4.590000000000221902e+00 2.609220749823741414e+01
4.610000000000221476e+00 2.579875945296537409e+01
4.630000000000221050e+00 2.558458101634679593e+01
4.650000000000220624e+00 2.558117861600893050e+01
4.670000000000220197e+00 2.605833584579475115e+01
4.690000000000219771e+00 2.528444322793785659e+01
4.710000000000219345e+00 2.548439457634932026e+01
4.730000000000218918e+00 2.523255103498096830e+01
4.750000000000218492e+00 2.517187376267558108e+01
4.770000000000218066e+00 2.471983677618647590e+01
4.790000000000217639e+00 2.466665694604668602e+01
4.810000000000217213e+00 2.482155224374199776e+01
4.830000000000216787e+00 2.493535134275361997e+01
4.850000000000216360e+00 2.433066458267926535e+01
4.870000000000215934e+00 2.409828616833359050e+01
4.890000000000215508e+00 2.415005316639267008e+01
4.910000000000215081e+00 2.411164947017468663e+01
4.930000000000214655e+00 2.422404467443507059e+01
4.950000000000214229e+00 2.428278935076619049e+01
4.970000000000213802e+00 2.415778509003807173e+01
4.990000000000213376e+00 2.423905673927272275e+01
5.010000000000212950e+00 2.359022194053346766e+01
5.030000000000212523e+00 2.316140581171515933e+01
5.050000000000212097e+00 2.361153530626690866e+01
5.070000000000211671e+00 2.308643346694540099e+01
5.090000000000211244e+00 2.305579228230690347e+01
5.110000000000210818e+00 2.288729780960323623e+01
5.130000000000210392e+00 2.277687203584361342e+01
5.150000000000209965e+00 2.255974929827721809e+01
5.170000000000209539e+00 2.243732811841613994e+01
5.190000000000209113e+00 2.231632153209515224e+01
5.210000000000208686e+00 2.196339099202009848e+01
5.230000000000208260e+00 2.187760945455623940e+01
5.250000000000207834e+00 2.203677866501610083e+01
5.270000000000207407e+00 2.193018832922401629e+01
5.290000000000206981e+00 2.193558417085900558e+01
5.310000000000206555e+00 2.179407889980782898e+01
5.330000000000206128e+00 2.157067778797328472e+01
5.350000000000205702e+00 2.157974287709536654e+01
5.370000000000205276e+00 2.119628073620768660e+01
5.390000000000204849e+00 2.119959301283486752e+01
5.410000000000204423e+00 2.065320287657453235e+01
5.430000000000203997e+00 2.076253316903282808e+01
5.450000000000203570e+00 2.052893581582652516e+01
5.470000000000203144e+00 2.035910087427751947e+01
5.490000000000202718e+00 2.057732916679783131e+01
5.510000000000202292e+00 2.043268693858968632e+01
5.530000000000201865e+00 1.999080613941778140e+01
5.550000000000201439e+00 2.013355315506640864e+01
5.570000000000201013e+00 2.026806111831408685e+01
5.590000000000200586e+00 2.025032027886031116e+01
5.610000000000200160e+00 1.990336909809981236e+01
5.630000000000199734e+00 1.965836414661562159e+01
5.650000000000199307e+00 1.944445812925036776e+01
5.670000000000198881e+00 1.920441733486499913e+01
5.690000000000198455e+00 1.902348654659612137e+01
5.710000000000198028e+00 1.840158665954668749e+01
5.730000000000197602e+00 1.827260475654900773e+01
5.750000000000197176e+00 1.843788809780341964e+01
5.770000000000196749e+00 1.836943242586436753e+01
5.790000000000196323e+00 1.807978136624351961e+01
5.810000000000195897e+00 1.755169057527263021e+01
5.830000000000195470e+00 1.758131455335693616e+01
5.850000000000195044e+00 1.713901207208630240e+01
5.870000000000194618e+00 1.700583029916856503e+01
5.890000000000194191e+00 1.677628029949732280e+01
5.910000000000193765e+00 1.679568604833225365e+01
5.930000000000193339e+00 1.635901293558347547e+01
5.950000000000192912e+00 1.666116478096957465e+01
5.970000000000192486e+00 1.611161526617781448e+01
5.990000000000192060e+00 1.635834741818122140e+01
6.010000000000191633e+00 1.580044233381436136e+01
6.030000000000191207e+00 1.569669330438410881e+01
6.050000000000190781e+00 1.559027875616834002e+01
6.070000000000190354e+00 1.522885978838912635e+01
6.090000000000189928e+00 1.507402720182203204e+01
6.110000000000189502e+00 1.477348651105921640e+01
6.130000000000189075e+00 1.505398160571172284e+01
6.150000000000188649e+00 1.457246609855642028e+01
6.170000000000188223e+00 1.445089532561235934e+01
6.190000000000187796e+00 1.425880684890115724e+01
6.210000000000187370e+00 1.383438973882038781e+01
6.230000000000186944e+00 1.341533953194359974e+01
6.250000000000186517e+00 1.335757313196836904e+01
6.270000000000186091e+00 1.295376450407709079e+01
6.290000000000185665e+00 1.258380330448902917e+01
6.310000000000185238e+00 1.288355558344131602e+01
6.330000000000184812e+00 1.222898215997595450e+01
6.350000000000184386e+00 1.214224110195349482e+01
6.370000000000183960e+00 1.175185676341607177e+01
6.390000000000183533e+00 1.151320232439410951e+01
6.410000000000183107e+00 1.127789765627368723e+01
6.430000000000182681e+00 1.117089454812066229e+01
6.450000000000182254e+00 1.104286641715797579e+01
6.470000000000181828e+00 1.067928143987592193e+01
6.490000000000181402e+00 1.048117092776127812e+01
6.510000000000180975e+00 1.011912093599534579e+01
6.530000000000180549e+00 1.003810812963319243e+01
6.550000000000180123e+00 9.706665560574474938e+00
6.570000000000179696e+00 9.607399714500813204e+00
6.590000000000179270e+00 9.383264583396606184e+00
6.610000000000178844e+00 9.129306370348132305e+00
6.630000000000178417e+00 9.037872929798636434e+00
6.650000000000177991e+00 8.626846814101412519e+00
6.670000000000177565e+00 8.583485924367977304e+00
6.690000000000177138e+00 8.224510168058881021e+00
6.710000000000176712e+00 8.012063831579380846e+00
6.730000000000176286e+00 7.858765305471082208e+00
6.750000000000175859e+00 7.458286567777984821e+00
6.770000000000175433e+00 7.352252976020497321e+00
6.790000000000175007e+00 7.215357044411529586e+00
6.810000000000174580e+00 6.890843316690936859e+00
6.830000000000174154e+00 6.876861277278575102e+00
6.850000000000173728e+00 6.723127178331445464e+00
6.870000000000173301e+00 6.452530726292591723e+00
6.890000000000172875e+00 6.295456867351069796e+00
6.910000000000172449e+00 6.211879026704908213e+00
6.930000000000172022e+00 6.112311619632077253e+00
6.950000000000171596e+00 6.095028856517488158e+00
6.970000000000171170e+00 5.998287646977811249e+00
6.990000000000170743e+00 5.572738467557017294e+00
7.010000000000170317e+00 5.375874837512951920e+00
7.030000000000169891e+00 5.207283412109459775e+00
7.050000000000169464e+00 5.105501422566779191e+00
7.070000000000169038e+00 5.152618357657123838e+00
7.090000000000168612e+00 4.827208202379688728e+00
7.110000000000168185e+00 4.748978445221223588e+00
7.130000000000167759e+00 4.603073531620113457e+00
7.150000000000167333e+00 4.400481861673927853e+00
7.170000000000166906e+00 4.369254926826750207e+00
7.190000000000166480e+00 4.291758554785848112e+00
7.210000000000166054e+00 4.124766761184531561e+00
7.230000000000165628e+00 4.007906312229257750e+00
7.250000000000165201e+00 3.976497153828968401e+00
7.270000000000164775e+00 3.829598744360317220e+00
7.290000000000164349e+00 3.766761784416065240e+00
7.310000000000163922e+00 3.715652955286313119e+00
7.330000000000163496e+00 3.559398622145305779e+00
7.350000000000163070e+00 3.487316354665475071e+00
7.370000000000162643e+00 3.499236760561455828e+00
7.390000000000162217e+00 3.579283185515594656e+00
7.410000000000161791e+00 3.493473988952691123e+00
7.430000000000161364e+00 3.647231605642697438e+00
7.450000000000160938e+00 3.463044976610119008e+00
7.470000000000160512e+00 3.150991926554656430e+00
7.490000000000160085e+00 3.145682883192411960e+00
7.510000000000159659e+00 3.040868317310957192e+00
7.530000000000159233e+00 3.064057780388204311e+00
7.550000000000158806e+00 2.931985755093219126e+00
7.570000000000158380e+00 2.884089557564886164e+00
7.590000000000157954e+00 2.842710086223139587e+00
7.610000000000157527e+00 2.804815233398920693e+00
7.630000000000157101e+00 2.790594680185724208e+00
7.650000000000156675e+00 2.672901839072511887e+00
7.670000000000156248e+00 2.640949461465371684e+00
7.690000000000155822e+00 2.661647665065947965e+00
7.710000000000155396e+00 2.578640965091580917e+00
7.730000000000154969e+00 2.567152582374020220e+00
7.750000000000154543e+00 2.583026630098066878e+00
7.770000000000154117e+00 2.483614682192803347e+00
7.790000000000153690e+00 2.461117064902597740e+00
7.810000000000153264e+00 2.538987550608688526e+00
7.830000000000152838e+00 2.475427866881406480e+00
7.850000000000152411e+00 2.571146613316868113e+00
7.870000000000151985e+00 2.534788958524992530e+00
7.890000000000151559e+00 2.355029496773786590e+00
7.910000000000151132e+00 2.296035553994896006e+00
7.930000000000150706e+00 2.231978195297260825e+00
7.950000000000150280e+00 2.206014747293298495e+00
7.970000000000149853e+00 2.157812500183951432e+00
7.990000000000149427e+00 2.142065406698299590e+00
8.010000000000149001e+00 2.072005414095973830e+00
8.030000000000148574e+00 2.150982635546430988e+00
8.050000000000148148e+00 2.007659438313501354e+00
8.070000000000147722e+00 1.990507019462723903e+00
8.090000000000147296e+00 2.015916442155827326e+00
8.110000000000146869e+00 2.016431651590592011e+00
8.130000000000146443e+00 1.946686818759034709e+00
8.150000000000146017e+00 1.942503239605213317e+00
8.170000000000145590e+00 1.876284316523956885e+00
8.190000000000145164e+00 1.864128517680014641e+00
8.210000000000144738e+00 1.930701799640462291e+00
8.230000000000144311e+00 1.907077566621883102e+00
8.250000000000143885e+00 1.876046414256694161e+00
8.270000000000143459e+00 1.805290186411499853e+00
8.290000000000143032e+00 1.725306013133968142e+00
8.310000000000142606e+00 1.688748708286579081e+00
8.330000000000142180e+00 1.634622713225627688e+00
8.350000000000141753e+00 1.613616849730037162e+00
8.370000000000141327e+00 1.611609970896420885e+00
8.390000000000140901e+00 1.590259862662384283e+00
8.410000000000140474e+00 1.586102421518429839e+00
8.430000000000140048e+00 1.536951162798587456e+00
8.450000000000139622e+00 1.509323795641572152e+00
8.470000000000139195e+00 1.470618827551575469e+00
8.490000000000138769e+00 1.482548180835589369e+00
8.510000000000138343e+00 1.447231264469810652e+00
8.530000000000137916e+00 1.386192448143306555e+00
8.550000000000137490e+00 1.370811609496728201e+00
8.570000000000137064e+00 1.305480107310886373e+00
8.590000000000136637e+00 1.325905811365911680e+00
8.610000000000136211e+00 1.311880106108367583e+00
8.630000000000135785e+00 1.300620887147609706e+00
8.650000000000135358e+00 1.184941986179985474e+00
8.670000000000134932e+00 1.240360798336294756e+00
8.690000000000134506e+00 1.205419609718797913e+00
8.710000000000134079e+00 1.144419233637373523e+00
8.730000000000133653e+00 1.121075974620923565e+00
8.750000000000133227e+00 1.121274699335649272e+00
8.770000000000132800e+00 1.080352434491566260e+00
8.790000000000132374e+00 1.058856078102623277e+00
8.810000000000131948e+00 1.037051552431738966e+00
8.830000000000131521e+00 1.004364772296232333e+00
8.850000000000131095e+00 9.543858264894331533e-01
8.870000000000130669e+00 9.606052317057439671e-01
8.890000000000130242e+00 9.053098726017847486e-01
8.910000000000129816e+00 8.830276599075285171e-01
8.930000000000129390e+00 9.037444754402665925e-01
8.950000000000128964e+00 8.782376151176835011e-01
8.970000000000128537e+00 8.918858350583080963e-01
8.990000000000128111e+00 8.229777281527038690e-01
9.010000000000127685e+00 7.945669888000538306e-01
9.030000000000127258e+00 7.977625699471942999e-01
9.050000000000126832e+00 7.584156755320863308e-01
9.070000000000126406e+00 7.490859599224091170e-01
9.090000000000125979e+00 7.379064061785958195e-01
9.110000000000125553e+00 6.909654447142511424e-01
9.130000000000125127e+00 6.683220927560495905e-01
9.150000000000124700e+00 6.590417891237676518e-01
9.170000000000124274e+00 6.736551537568438164e-01
9.190000000000123848e+00 6.585857520684619271e-01
9.210000000000123421e+00 6.479376932543905454e-01
9.230000000000122995e+00 6.620375376893716801e-01
9.250000000000122569e+00 6.167015675660899587e-01
9.270000000000122142e+00 6.039458306045627500e-01
9.290000000000121716e+00 5.886036096193435485e-01
9.310000000000121290e+00 5.837296923079341449e-01
9.330000000000120863e+00 5.724956709718180825e-01
9.350000000000120437e+00 5.563488629002435459e-01
9.370000000000120011e+00 5.696963208039869109e-01
9.390000000000119584e+00 5.411889060292728315e-01
9.410000000000119158e+00 5.388852992788984997e-01
9.430000000000118732e+00 5.199711280721651674e-01
9.450000000000118305e+00 5.218089539025465573e-01
9.470000000000117879e+00 5.222995841537959594e-01
9.490000000000117453e+00 5.202029157901447709e-01
9.510000000000117026e+00 5.300945511683172739e-01
9.530000000000116600e+00 5.083314178673278283e-01
9.550000000000116174e+00 5.050417478172894992e-01
9.570000000000115747e+00 4.971213299183611656e-01
9.590000000000115321e+00 4.962355164778057270e-01
9.610000000000114895e+00 4.946591497294872686e-01
9.630000000000114468e+00 4.846462870033836356e-01
9.650000000000114042e+00 4.776408630007244471e-01
9.670000000000113616e+00 4.654961910833599337e-01
9.690000000000113189e+00 4.771344625282157303e-01
9.710000000000112763e+00 4.610593883626376011e-01
9.730000000000112337e+00 4.831536118671775348e-01
9.750000000000111910e+00 4.426512979794842706e-01
9.770000000000111484e+00 4.572464764605853604e-01
9.790000000000111058e+00 4.297752528954358331e-01
9.810000000000110632e+00 4.417640087342661337e-01
9.830000000000110205e+00 4.508192589163620423e-01
9.850000000000109779e+00 4.319233279649343227e-01
9.870000000000109353e+00 4.314854522342754795e-01
9.890000000000108926e+00 4.429403389597159624e-01
9.910000000000108500e+00 4.251951955910360237e-01
9.930000000000108074e+00 4.135191045710089885e-01
9.950000000000107647e+00 3.867406750613649469e-01
9.970000000000107221e+00 3.782243923475984704e-01
9.990000000000106795e+00 4.001863504550676187e-01
1.001000000000010637e+01 3.611267324384981325e-01
1.003000000000010594e+01 3.778587334098001960e-01
1.005000000000010552e+01 3.685810329281938302e-01
1.007000000000010509e+01 3.415720909565601593e-01
1.009000000000010466e+01 3.349305264787260095e-01
1.011000000000010424e+01 3.437240392233600339e-01
1.013000000000010381e+01 3.543838742961463173e-01
1.015000000000010338e+01 3.278218635141759707e-01
1.017000000000010296e+01 3.074856407965651517e-01
1.019000000000010253e+01 2.952493064454099758e-01
1.021000000000010210e+01 3.009880506795512001e-01
1.023000000000010168e+01 2.819135049083081324e-01
1.025000000000010125e+01 2.644457855205879504e-01
1.027000000000010083e+01 2.850733711854216978e-01
1.029000000000010040e+01 2.677628464614378867e-01
1.031000000000009997e+01 2.394197574260946704e-01
1.033000000000009955e+01 2.361914131146550799e-01
1.035000000000009912e+01 2.193511603458782599e-01
1.037000000000009869e+01 2.251359769814364198e-01
1.039000000000009827e+01 2.213257816033772640e-01
1.041000000000009784e+01 2.093516999910816079e-01
1.043000000000009742e+01 2.081760819575693144e-01
1.045000000000009699e+01 1.880717985985975171e-01
1.047000000000009656e+01 1.857650743664873705e-01
1.049000000000009614e+01 1.786540976279019644e-01
1.051000000000009571e+01 1.693791971187832701e-01
1.053000000000009528e+01 1.613035259425276702e-01
1.055000000000009486e+01 1.609140015990664085e-01
1.057000000000009443e+01 1.529675462937703234e-01
1.059000000000009400e+01 1.400663589809076348e-01
1.061000000000009358e+01 1.341337600488938797e-01
1.063000000000009315e+01 1.294812674952108833e-01
1.065000000000009273e+01 1.218337979087666667e-01
1.067000000000009230e+01 1.178789097107368622e-01
1.069000000000009187e+01 1.318273757053025075e-01
1.071000000000009145e+01 1.263192644231083128e-01
1.073000000000009102e+01 1.039778257523905763e-01
1.075000000000009059e+01 1.039269803288480620e-01
1.077000000000009017e+01 9.435317178418066442e-02
1.079000000000008974e+01 9.368536599739525628e-02
1.081000000000008932e+01 9.343714197259003762e-02
1.083000000000008889e+01 9.152527065949217500e-02
1.085000000000008846e+01 8.267517555827613718e-02
1.087000000000008804e+01 7.675429683203897901e-02
1.089000000000008761e+01 9.029476507198146151e-02
1.091000000000008718e+01 7.594228206691476524e-02
1.093000000000008676e+01 7.383506209195840608e-02
1.095000000000008633e+01 7.674342467438512172e-02
1.097000000000008590e+01 8.173083515987909775e-02
1.099000000000008548e+01 6.556843085946596761e-02
1.101000000000008505e+01 6.049273132206042791e-02
1.103000000000008463e+01 5.867674952041210257e-02
1.105000000000008420e+01 6.485507913839866356e-02
1.107000000000008377e+01 5.557428006707597345e-02
1.109000000000008335e+01 6.874291211730933215e-02
1.111000000000008292e+01 6.436048938391321361e-02
1.113000000000008249e+01 5.792599154948094298e-02
1.115000000000008207e+01 4.983698835654715859e-02
1.117000000000008164e+01 4.966157842788318511e-02
1.119000000000008122e+01 5.334397141095261613e-02
1.121000000000008079e+01 5.620466173131747484e-02
1.123000000000008036e+01 5.036669045877796569e-02
1.125000000000007994e+01 5.451125769674536325e-02
1.127000000000007951e+01 4.931752538305622657e-02
1.129000000000007908e+01 4.287785524326296477e-02
1.131000000000007866e+01 4.136879457057928561e-02
1.133000000000007823e+01 4.509600494658425052e-02
1.135000000000007780e+01 4.346600060277594491e-02
1.137000000000007738e+01 4.523058388221345982e-02
1.139000000000007695e+01 4.303677473427274663e-02
1.141000000000007653e+01 4.794208868917462785e-02
1.143000000000007610e+01 4.257673155696086592e-02
1.145000000000007567e+01 3.669976914780592736e-02
1.147000000000007525e+01 3.936157670404918929e-02
1.149000000000007482e+01 3.520770203352461408e-02
1.151000000000007439e+01 3.890751437147622199e-02
1.153000000000007397e+01 3.778098059360274902e-02
1.155000000000007354e+01 3.251357738159656174e-02
1.157000000000007311e+01 4.673995283892277974e-02
1.159000000000007269e+01 3.556083779460561534e-02
1.161000000000007226e+01 3.084799784629859570e-02
1.163000000000007184e+01 3.157210370809010458e-02
1.165000000000007141e+01 3.439867280107736930e-02
1.167000000000007098e+01 3.307579130547308455e-02
1.169000000000007056e+01 2.825104577029216232e-02
1.171000000000007013e+01 4.349465379747403243e-02
1.173000000000006970e+01 2.777977971519394670e-02
1.175000000000006928e+01 2.656113081849810834e-02
1.177000000000006885e+01 2.660641639571310890e-02
1.179000000000006843e+01 2.998030153240819826e-02
1.181000000000006800e+01 2.878031336356621020e-02
1.183000000000006757e+01 2.760616418288586865e-02
1.185000000000006715e+01 3.079919838895538164e-02
1.187000000000006672e+01 2.802006526708109707e-02
1.189000000000006629e+01 2.260014634879412704e-02
1.191000000000006587e+01 2.215370854019697508e-02
1.193000000000006544e+01 2.836205918281016480e-02
1.195000000000006501e+01 2.410034969013246861e-02
1.197000000000006459e+01 2.064161998584759794e-02
1.199000000000006416e+01 2.576237620666002939e-02
1.201000000000006374e+01 2.394685232724440282e-02
1.203000000000006331e+01 1.896828654429232736e-02
1.205000000000006288e+01 2.025389833280407184e-02
1.207000000000006246e+01 2.208418664478879398e-02
1.209000000000006203e+01 1.975846586401013363e-02
1.211000000000006160e+01 1.695210600579434221e-02
1.213000000000006118e+01 2.284027209518456336e-02
1.215000000000006075e+01 1.812047634226756146e-02
1.217000000000006033e+01 1.674775515956150942e-02
1.219000000000005990e+01 1.900604511155497625e-02
1.221000000000005947e+01 1.627752425937251460e-02
1.223000000000005905e+01 1.416459051175686726e-02
1.225000000000005862e+01 1.379396053849659722e-02
1.227000000000005819e+01 1.889330916057040122e-02
1.229000000000005777e+01 1.520894820511179031e-02
1.231000000000005734e+01 1.356683880793329612e-02
1.233000000000005691e+01 1.498141003192300647e-02
1.235000000000005649e+01 1.293319818984627403e-02
1.237000000000005606e+01 1.151339966277402545e-02
1.239000000000005564e+01 1.259800681740529463e-02
1.241000000000005521e+01 1.478588033170748217e-02
1.243000000000005478e+01 1.144854993399095633e-02
1.245000000000005436e+01 1.086871135825052265e-02
1.247000000000005393e+01 1.315962101604265660e-02
1.249000000000005350e+01 1.069576390837407784e-02
1.251000000000005308e+01 9.521442493285804318e-03
1.253000000000005265e+01 1.355548381963088064e-02
1.255000000000005222e+01 9.072125096688043316e-03
1.257000000000005180e+01 9.698229980826160793e-03
1.259000000000005137e+01 1.197147187036569013e-02
1.261000000000005095e+01 8.994492261845744505e-03
1.263000000000005052e+01 8.330882464403090160e-03
1.265000000000005009e+01 1.178049381381169117e-02
1.267000000000004967e+01 8.292832583058212803e-03
1.269000000000004924e+01 8.066491292478590244e-03
1.271000000000004881e+01 8.075579998339174614e-03
1.273000000000004839e+01 1.099351094336629801e-02
1.275000000000004796e+01 7.687846238903260805e-03
1.277000000000004754e+01 7.553682644542343907e-03
1.279000000000004711e+01 1.078849900363535418e-02
1.281000000000004668e+01 7.341289487863575901e-03
1.283000000000004626e+01 7.254708676790681127e-03
1.285000000000004583e+01 1.038220830735299763e-02
1.287000000000004540e+01 7.054053622795797805e-03
1.289000000000004498e+01 6.971803046341712960e-03
1.291000000000004455e+01 1.014096728537254404e-02
1.293000000000004412e+01 6.858157360347171515e-03
1.295000000000004370e+01 6.722486831827591790e-03
1.297000000000004327e+01 9.952996296650983704e-03
1.299000000000004285e+01 6.629865060264653054e-03
1.301000000000004242e+01 6.577111279774863067e-03
1.303000000000004199e+01 9.710442184387917813e-03
1.305000000000004157e+01 6.466057092389238502e-03
1.307000000000004114e+01 6.408764124005620830e-03
1.309000000000004071e+01 9.529396653280935298e-03
1.311000000000004029e+01 6.321527048931204970e-03
1.313000000000003986e+01 6.285594323173473476e-03
1.315000000000003944e+01 9.325340718671129223e-03
1.317000000000003901e+01 6.192157310536895894e-03
1.319000000000003858e+01 6.154123058790332036e-03
1.321000000000003816e+01 9.167797769889882847e-03
1.323000000000003773e+01 6.072924350949701101e-03
1.325000000000003730e+01 6.041579259507299376e-03
1.327000000000003688e+01 8.987170364888335747e-03
1.329000000000003645e+01 5.960106795289731377e-03
1.331000000000003602e+01 5.930332188182722841e-03
1.333000000000003560e+01 8.838947777600658987e-03
1.335000000000003517e+01 5.854371485607788930e-03
1.337000000000003475e+01 8.713437726105041636e-03
1.339000000000003432e+01 5.775404704207873913e-03
1.341000000000003389e+01 5.749838505639435007e-03
1.343000000000003347e+01 5.723213582935458149e-03
1.345000000000003304e+01 8.534113151232404493e-03
1.347000000000003261e+01 5.650147705703209740e-03
1.349000000000003219e+01 8.413976881788499951e-03
1.351000000000003176e+01 5.577176746222655378e-03
1.353000000000003133e+01 5.552520468261878082e-03
1.355000000000003091e+01 5.527764609968898422e-03
1.357000000000003048e+01 8.243975239213205408e-03
1.359000000000003006e+01 5.457756483388054650e-03
1.361000000000002963e+01 8.128943566882786825e-03
1.363000000000002920e+01 5.388548961338626708e-03
1.365000000000002878e+01 5.364948971658418247e-03
1.367000000000002835e+01 8.001679671972027758e-03
1.369000000000002792e+01 5.297402583795928800e-03
1.371000000000002750e+01 7.891010206174775554e-03
1.373000000000002707e+01 5.231014635067545403e-03
1.375000000000002665e+01 5.208289742901769243e-03
1.377000000000002622e+01 5.185676825111830597e-03
1.379000000000002579e+01 7.734819513761669041e-03
1.381000000000002537e+01 5.121026062263505860e-03
1.383000000000002494e+01 7.628809425768903925e-03
1.385000000000002451e+01 5.057473106562270990e-03
1.387000000000002409e+01 5.035707162766131680e-03
1.389000000000002366e+01 7.511477610502917228e-03
1.391000000000002323e+01 4.973421678829885104e-03
1.393000000000002281e+01 7.409339066241644144e-03
1.395000000000002238e+01 2.465464074460445732e-03
1.397000000000002196e+01 7.390856588760466091e-10
1.399000000000002153e+01 3.206776805742221925e-10
1.401000000000002110e+01 3.019851177642127825e-16
1.403000000000002068e+01 2.055028266793641672e-16
1.405000000000002025e+01 1.553340378987673283e-16
1.407000000000001982e+01 8.968736807160650629e-17
1.409000000000001940e+01 7.560379573295542287e-17
1.411000000000001897e+01 3.509898052188108685e-17
1.413000000000001855e+01 2.693234883342093453e-17
1.415000000000001812e+01 1.826990738588019552e-17
1.417000000000001769e+01 8.786578276661829334e-18
1.419000000000001727e+01 6.120665434234782541e-18
1.421000000000001684e+01 4.346260590916618919e-18
1.423000000000001641e+01 2.315845391745796808e-18
1.425000000000001599e+01 1.155075220592297433e-18
1.427000000000001556e+01 5.772216387190281330e-19
1.429000000000001513e+01 0.000000000000000000e+00
1.431000000000001471e+01 0.000000000000000000e+00
1.433000000000001428e+01 0.000000000000000000e+00
1.435000000000001386e+01 0.000000000000000000e+00
1.437000000000001343e+01 0.000000000000000000e+00
1.439000000000001300e+01 0.000000000000000000e+00
1.441000000000001258e+01 0.000000000000000000e+00
1.443000000000001215e+01 0.000000000000000000e+00
1.445000000000001172e+01 0.000000000000000000e+00
1.447000000000001130e+01 0.000000000000000000e+00
1.449000000000001087e+01 0.000000000000000000e+00
1.451000000000001044e+01 0.000000000000000000e+00
1.453000000000001002e+01 0.000000000000000000e+00
1.455000000000000959e+01 0.000000000000000000e+00
1.457000000000000917e+01 0.000000000000000000e+00
1.459000000000000874e+01 0.000000000000000000e+00
1.461000000000000831e+01 0.000000000000000000e+00
1.463000000000000789e+01 0.000000000000000000e+00
1.465000000000000746e+01 0.000000000000000000e+00
1.467000000000000703e+01 0.000000000000000000e+00
1.469000000000000661e+01 0.000000000000000000e+00
1.471000000000000618e+01 0.000000000000000000e+00
1.473000000000000576e+01 0.000000000000000000e+00
1.475000000000000533e+01 0.000000000000000000e+00
1.477000000000000490e+01 0.000000000000000000e+00
1.479000000000000448e+01 0.000000000000000000e+00
1.481000000000000405e+01 0.000000000000000000e+00
1.483000000000000362e+01 0.000000000000000000e+00
1.485000000000000320e+01 0.000000000000000000e+00
1.487000000000000277e+01 0.000000000000000000e+00
1.489000000000000234e+01 0.000000000000000000e+00
1.491000000000000192e+01 0.000000000000000000e+00
1.493000000000000149e+01 0.000000000000000000e+00
1.495000000000000107e+01 0.000000000000000000e+00
1.497000000000000064e+01 0.000000000000000000e+00
1.499000000000000021e+01 0.000000000000000000e+00
