# Redshift		Merger Rate Density [Gpc^-3yr^-1]
1.000000000031931770e-02 1.401534860974970087e+01
3.000000000031888964e-02 1.474323410347665941e+01
5.000000000031846331e-02 1.526136675021215972e+01
7.000000000031804392e-02 1.602029320626560960e+01
9.000000000031761760e-02 1.678356432329579206e+01
1.100000000003171913e-01 1.751603351590117086e+01
1.300000000003167511e-01 1.844649254620544099e+01
1.500000000003163247e-01 1.918189817125189123e+01
1.700000000003158984e-01 2.003740564584228423e+01
1.900000000003154721e-01 2.076027556181629308e+01
2.100000000003150458e-01 2.148150934224162256e+01
2.300000000003146194e-01 2.200067946632862004e+01
2.500000000003141931e-01 2.289956757040277679e+01
2.700000000003137668e-01 2.370179877776464039e+01
2.900000000003133405e-01 2.436018098194520576e+01
3.100000000003129141e-01 2.507505100382724095e+01
3.300000000003124878e-01 2.605912967882136755e+01
3.500000000003120615e-01 2.665444964193842026e+01
3.700000000003116352e-01 2.744557419612802107e+01
3.900000000003112088e-01 2.802089905064908493e+01
4.100000000003107825e-01 2.883392906395909705e+01
4.300000000003103562e-01 2.971831314045966721e+01
4.500000000003099299e-01 3.024324575963504458e+01
4.700000000003095035e-01 3.112673735875611669e+01
4.900000000003090772e-01 3.198123559568090357e+01
5.100000000003086509e-01 3.277876453895643039e+01
5.300000000003082246e-01 3.365230217076439345e+01
5.500000000003077982e-01 3.464064238070222501e+01
5.700000000003073719e-01 3.545712698908990035e+01
5.900000000003069456e-01 3.643993195664351248e+01
6.100000000003065193e-01 3.698070774122722071e+01
6.300000000003060929e-01 3.812409497676373604e+01
6.500000000003056666e-01 3.889342869621334131e+01
6.700000000003052403e-01 3.982877285209458762e+01
6.900000000003048140e-01 4.045313031950196603e+01
7.100000000003043876e-01 4.158907972837380385e+01
7.300000000003039613e-01 4.236559784797799466e+01
7.500000000003035350e-01 4.307448205414991094e+01
7.700000000003031086e-01 4.417993273675200783e+01
7.900000000003026823e-01 4.492808846411395507e+01
8.100000000003022560e-01 4.579264380647454402e+01
8.300000000003018297e-01 4.664237658505138029e+01
8.500000000003014033e-01 4.763219277573974608e+01
8.700000000003009770e-01 4.831545637884310196e+01
8.900000000003005507e-01 4.937552045039955573e+01
9.100000000003001244e-01 5.008709024457102288e+01
9.300000000002996980e-01 5.110688205290445296e+01
9.500000000002992717e-01 5.198042820924850105e+01
9.700000000002988454e-01 5.271972736589555808e+01
9.900000000002984191e-01 5.361030418795242980e+01
1.010000000000297993e+00 5.437096681935749842e+01
1.030000000000297566e+00 5.543646707667252826e+01
1.050000000000297140e+00 5.596448779260868633e+01
1.070000000000296714e+00 5.694128240366102744e+01
1.090000000000296287e+00 5.752026413281951989e+01
1.110000000000295861e+00 5.863647267373593763e+01
1.130000000000295435e+00 5.903374866725565795e+01
1.150000000000295008e+00 5.985756986777158772e+01
1.170000000000294582e+00 6.042311882452894878e+01
1.190000000000294156e+00 6.119094962637052504e+01
1.210000000000293729e+00 6.170408955794255945e+01
1.230000000000293303e+00 6.243666315115101639e+01
1.250000000000292877e+00 6.315455526827425814e+01
1.270000000000292451e+00 6.331374005112601111e+01
1.290000000000292024e+00 6.398396580494592456e+01
1.310000000000291598e+00 6.477952516913872216e+01
1.330000000000291172e+00 6.502075152261278390e+01
1.350000000000290745e+00 6.554789434567452133e+01
1.370000000000290319e+00 6.596770637184673092e+01
1.390000000000289893e+00 6.633696139333062547e+01
1.410000000000289466e+00 6.667727774673859642e+01
1.430000000000289040e+00 6.695173241006615683e+01
1.450000000000288614e+00 6.704154658446483950e+01
1.470000000000288187e+00 6.770631207480820990e+01
1.490000000000287761e+00 6.774701357690845782e+01
1.510000000000287335e+00 6.769900678190137455e+01
1.530000000000286908e+00 6.813222967967675459e+01
1.550000000000286482e+00 6.822631904022526328e+01
1.570000000000286056e+00 6.814865208211186598e+01
1.590000000000285629e+00 6.827195099460517724e+01
1.610000000000285203e+00 6.803959723940475612e+01
1.630000000000284777e+00 6.820709395228982430e+01
1.650000000000284350e+00 6.775893378016721158e+01
1.670000000000283924e+00 6.826147932291081588e+01
1.690000000000283498e+00 6.791782937354506089e+01
1.710000000000283071e+00 6.782306700599318106e+01
1.730000000000282645e+00 6.738740781683701186e+01
1.750000000000282219e+00 6.701557229791052350e+01
1.770000000000281792e+00 6.699607260637237971e+01
1.790000000000281366e+00 6.634226687567100100e+01
1.810000000000280940e+00 6.642799381437265538e+01
1.830000000000280513e+00 6.572450298824915649e+01
1.850000000000280087e+00 6.516623782429213918e+01
1.870000000000279661e+00 6.488623860178226721e+01
1.890000000000279234e+00 6.479882693762256451e+01
1.910000000000278808e+00 6.375703360756840254e+01
1.930000000000278382e+00 6.299260134968772462e+01
1.950000000000277955e+00 6.243758008950361926e+01
1.970000000000277529e+00 6.231933582080973366e+01
1.990000000000277103e+00 6.146477108106702758e+01
2.010000000000276899e+00 6.083004159436079306e+01
2.030000000000276472e+00 6.005581564411689754e+01
2.050000000000276046e+00 5.944221180758334810e+01
2.070000000000275620e+00 5.908218930199284813e+01
2.090000000000275193e+00 5.837622880977706785e+01
2.110000000000274767e+00 5.726611278579899533e+01
2.130000000000274341e+00 5.639639145968397571e+01
2.150000000000273914e+00 5.651592755913527810e+01
2.170000000000273488e+00 5.543377755924738892e+01
2.190000000000273062e+00 5.480583859026316418e+01
2.210000000000272635e+00 5.454102774404374543e+01
2.230000000000272209e+00 5.481987357956529650e+01
2.250000000000271783e+00 5.333535900062026514e+01
2.270000000000271356e+00 5.345085996797673999e+01
2.290000000000270930e+00 5.375676484376273123e+01
2.310000000000270504e+00 5.387446985153767542e+01
2.330000000000270077e+00 5.248458571897600677e+01
2.350000000000269651e+00 4.931976583260087921e+01
2.370000000000269225e+00 4.814315697654922133e+01
2.390000000000268798e+00 4.552564645737589188e+01
2.410000000000268372e+00 4.459246117769827578e+01
2.430000000000267946e+00 4.351935690777477106e+01
2.450000000000267519e+00 4.300403360611788628e+01
2.470000000000267093e+00 4.181368693271594594e+01
2.490000000000266667e+00 4.065491096469269650e+01
2.510000000000266240e+00 4.054100048895914199e+01
2.530000000000265814e+00 3.911954252014271560e+01
2.550000000000265388e+00 3.808419683058247074e+01
2.570000000000264961e+00 3.744995009661293750e+01
2.590000000000264535e+00 3.634480509770271794e+01
2.610000000000264109e+00 3.565159338335376304e+01
2.630000000000263682e+00 3.500202942969345798e+01
2.650000000000263256e+00 3.401463126666880044e+01
2.670000000000262830e+00 3.321488656964385910e+01
2.690000000000262403e+00 3.260640954374136413e+01
2.710000000000261977e+00 3.148015304981944595e+01
2.730000000000261551e+00 3.115690391892444211e+01
2.750000000000261124e+00 3.026859792079450173e+01
2.770000000000260698e+00 2.950289084281854457e+01
2.790000000000260272e+00 2.878834746804880140e+01
2.810000000000259845e+00 2.816095403771645067e+01
2.830000000000259419e+00 2.735022270595017346e+01
2.850000000000258993e+00 2.690373299073575808e+01
2.870000000000258567e+00 2.618211827093003308e+01
2.890000000000258140e+00 2.566112964371374972e+01
2.910000000000257714e+00 2.495504332476904352e+01
2.930000000000257288e+00 2.426708335786530313e+01
2.950000000000256861e+00 2.376178055685394597e+01
2.970000000000256435e+00 2.327919689141450377e+01
2.990000000000256009e+00 2.261149958394173254e+01
3.010000000000255582e+00 2.208797976488553871e+01
3.030000000000255156e+00 2.145368955693554369e+01
3.050000000000254730e+00 2.096648282784495620e+01
3.070000000000254303e+00 2.045185340466319701e+01
3.090000000000253877e+00 1.998253174763011586e+01
3.110000000000253451e+00 1.949424164568291928e+01
3.130000000000253024e+00 1.902095977478270683e+01
3.150000000000252598e+00 1.852510943942353450e+01
3.170000000000252172e+00 1.814377954498692702e+01
3.190000000000251745e+00 1.763998611279646411e+01
3.210000000000251319e+00 1.724005375635239545e+01
3.230000000000250893e+00 1.689466329700652025e+01
3.250000000000250466e+00 1.654310073793515201e+01
3.270000000000250040e+00 1.606249984200300673e+01
3.290000000000249614e+00 1.563627579962144587e+01
3.310000000000249187e+00 1.524930414831982795e+01
3.330000000000248761e+00 1.492078075152406136e+01
3.350000000000248335e+00 1.457744773520948200e+01
3.370000000000247908e+00 1.424549637641556288e+01
3.390000000000247482e+00 1.390570623385735161e+01
3.410000000000247056e+00 1.356270605262790419e+01
3.430000000000246629e+00 1.332600846340344880e+01
3.450000000000246203e+00 1.292201204804457859e+01
3.470000000000245777e+00 1.268876854378823360e+01
3.490000000000245350e+00 1.245320873299721498e+01
3.510000000000244924e+00 1.214328744884744715e+01
3.530000000000244498e+00 1.186755628261079210e+01
3.550000000000244071e+00 1.155319316795984186e+01
3.570000000000243645e+00 1.140921933402891320e+01
3.590000000000243219e+00 1.111297144019057370e+01
3.610000000000242792e+00 1.084780042054406124e+01
3.630000000000242366e+00 1.065164036416564031e+01
3.650000000000241940e+00 1.052541781741853022e+01
3.670000000000241513e+00 1.018522699723709657e+01
3.690000000000241087e+00 1.013242621302981483e+01
3.710000000000240661e+00 1.005982538998445541e+01
3.730000000000240234e+00 9.851365758983716248e+00
3.750000000000239808e+00 9.640605201917423983e+00
3.770000000000239382e+00 9.564413101003372830e+00
3.790000000000238956e+00 9.502924763858009882e+00
3.810000000000238529e+00 9.292402784368576363e+00
3.830000000000238103e+00 9.379499518555100224e+00
3.850000000000237677e+00 9.146348049431995975e+00
3.870000000000237250e+00 8.993431028894663726e+00
3.890000000000236824e+00 8.424628819493829468e+00
3.910000000000236398e+00 8.484269030494591135e+00
3.930000000000235971e+00 8.201120593640837342e+00
3.950000000000235545e+00 8.250823668116918697e+00
3.970000000000235119e+00 7.658050294284237225e+00
3.990000000000234692e+00 7.537017734502003741e+00
4.010000000000234266e+00 7.300939670269862347e+00
4.030000000000233840e+00 7.330140494781010041e+00
4.050000000000233413e+00 7.194872796922762603e+00
4.070000000000232987e+00 6.878929620526904820e+00
4.090000000000232561e+00 6.839968401865962555e+00
4.110000000000232134e+00 6.638323292678637522e+00
4.130000000000231708e+00 6.565862921197497037e+00
4.150000000000231282e+00 6.381410078267585995e+00
4.170000000000230855e+00 6.279021384007627660e+00
4.190000000000230429e+00 6.114845693540883254e+00
4.210000000000230003e+00 6.021014270063679952e+00
4.230000000000229576e+00 5.847775624737984401e+00
4.250000000000229150e+00 5.720923149262710616e+00
4.270000000000228724e+00 5.637822865838882258e+00
4.290000000000228297e+00 5.511112378741185758e+00
4.310000000000227871e+00 5.404694562988922257e+00
4.330000000000227445e+00 5.313998066130325881e+00
4.350000000000227018e+00 5.194897065133930347e+00
4.370000000000226592e+00 5.092042800497895705e+00
4.390000000000226166e+00 5.005696571064084388e+00
4.410000000000225739e+00 4.888993366884127667e+00
4.430000000000225313e+00 4.799616637396217911e+00
4.450000000000224887e+00 4.693981769402826743e+00
4.470000000000224460e+00 4.592420324948797372e+00
4.490000000000224034e+00 4.510550500913786287e+00
4.510000000000223608e+00 4.400281500280058822e+00
4.530000000000223181e+00 4.307439806655177783e+00
4.550000000000222755e+00 4.217938546315699533e+00
4.570000000000222329e+00 4.120421563243423790e+00
4.590000000000221902e+00 4.031931737438664953e+00
4.610000000000221476e+00 3.935950754259959883e+00
4.630000000000221050e+00 3.847084936977307912e+00
4.650000000000220624e+00 3.761444158238525404e+00
4.670000000000220197e+00 3.668423020859747474e+00
4.690000000000219771e+00 3.584042598670631907e+00
4.710000000000219345e+00 3.495335947131434917e+00
4.730000000000218918e+00 3.411515996866469003e+00
4.750000000000218492e+00 3.516367502743684703e+00
4.770000000000218066e+00 3.482186193021860721e+00
4.790000000000217639e+00 3.502767372387932454e+00
4.810000000000217213e+00 3.259612223758173055e+00
4.830000000000216787e+00 3.248607816643530821e+00
4.850000000000216360e+00 3.059566953380330467e+00
4.870000000000215934e+00 2.968004081300362529e+00
4.890000000000215508e+00 2.883837210521672745e+00
4.910000000000215081e+00 2.743232484098945267e+00
4.930000000000214655e+00 2.747626865567577958e+00
4.950000000000214229e+00 2.575408932096461712e+00
4.970000000000213802e+00 2.508900280890212997e+00
4.990000000000213376e+00 2.366050072795679249e+00
5.010000000000212950e+00 2.345736538656777448e+00
5.030000000000212523e+00 2.191992009384674311e+00
5.050000000000212097e+00 2.110137858376112785e+00
5.070000000000211671e+00 2.091320483247254280e+00
5.090000000000211244e+00 1.971957986184100564e+00
5.110000000000210818e+00 1.916716407006161083e+00
5.130000000000210392e+00 1.838473610826779847e+00
5.150000000000209965e+00 1.774767533718594859e+00
5.170000000000209539e+00 1.729006226182562500e+00
5.190000000000209113e+00 1.655109720509350790e+00
5.210000000000208686e+00 1.596685964121118628e+00
5.230000000000208260e+00 1.539421349037273012e+00
5.250000000000207834e+00 1.482710476182420800e+00
5.270000000000207407e+00 1.428116912983244502e+00
5.290000000000206981e+00 1.374845956590993179e+00
5.310000000000206555e+00 1.323444751977188139e+00
5.330000000000206128e+00 1.271835705121394877e+00
5.350000000000205702e+00 1.222120418938704267e+00
5.370000000000205276e+00 1.173662103343604768e+00
5.390000000000204849e+00 1.126428564951969635e+00
5.410000000000204423e+00 1.080368218817306714e+00
5.430000000000203997e+00 1.035523153221564296e+00
5.450000000000203570e+00 9.918913369615091069e-01
5.470000000000203144e+00 9.494405694014229624e-01
5.490000000000202718e+00 9.081814541233895755e-01
5.510000000000202292e+00 8.680956849254698460e-01
5.530000000000201865e+00 8.291875887461342964e-01
5.550000000000201439e+00 7.914357397224173196e-01
5.570000000000201013e+00 7.816128334857195270e-01
5.590000000000200586e+00 8.110009123642349937e-01
5.610000000000200160e+00 7.483515393431016127e-01
5.630000000000199734e+00 7.729648166680154198e-01
5.650000000000199307e+00 6.301664771521015007e-01
5.670000000000198881e+00 6.732810460125163710e-01
5.690000000000198455e+00 5.590609173288105804e-01
5.710000000000198028e+00 5.434766335200604814e-01
5.730000000000197602e+00 5.020993730743718020e-01
5.750000000000197176e+00 4.569885301464539085e-01
5.770000000000196749e+00 4.299584797375923806e-01
5.790000000000196323e+00 4.063253206641667115e-01
5.810000000000195897e+00 3.809866280231532509e-01
5.830000000000195470e+00 3.601847558917073977e-01
5.850000000000195044e+00 3.365192195996504765e-01
5.870000000000194618e+00 3.163475167739657756e-01
5.890000000000194191e+00 2.982705675573372184e-01
5.910000000000193765e+00 2.777244364398186449e-01
5.930000000000193339e+00 2.604984919703930979e-01
5.950000000000192912e+00 2.453413000723618231e-01
5.970000000000192486e+00 2.283921016979799101e-01
5.990000000000192060e+00 2.139148383709219559e-01
6.010000000000191633e+00 1.995140527819240783e-01
6.030000000000191207e+00 1.862010637956796333e-01
6.050000000000190781e+00 1.736106185756533804e-01
6.070000000000190354e+00 1.618829757589208274e-01
6.090000000000189928e+00 1.503969112874312952e-01
6.110000000000189502e+00 1.397587315118116180e-01
6.130000000000189075e+00 1.297407038115309941e-01
6.150000000000188649e+00 1.203014951824460665e-01
6.170000000000188223e+00 1.114266540883940837e-01
6.190000000000187796e+00 1.030897251683329796e-01
6.210000000000187370e+00 9.526907348102302275e-02
6.230000000000186944e+00 8.793732582076649318e-02
6.250000000000186517e+00 8.107692969835239571e-02
6.270000000000186091e+00 8.291767203628597205e-02
6.290000000000185665e+00 7.807336518133824177e-02
6.310000000000185238e+00 6.852042265012152356e-02
6.330000000000184812e+00 6.435878042821233103e-02
6.350000000000184386e+00 5.237776591245002500e-02
6.370000000000183960e+00 5.123760247815957458e-02
6.390000000000183533e+00 4.475438424864256609e-02
6.410000000000183107e+00 4.196170413984082886e-02
6.430000000000182681e+00 3.512076219773931779e-02
6.450000000000182254e+00 3.058628229339614354e-02
6.470000000000181828e+00 2.776226348553357398e-02
6.490000000000181402e+00 2.522470765451166261e-02
6.510000000000180975e+00 2.280484803555378817e-02
6.530000000000180549e+00 2.064056898121689049e-02
6.550000000000180123e+00 1.864168310123067232e-02
6.570000000000179696e+00 1.681641349830772375e-02
6.590000000000179270e+00 1.515657004138366154e-02
6.610000000000178844e+00 1.364694886908069879e-02
6.630000000000178417e+00 1.225920756082853925e-02
6.650000000000177991e+00 1.100296569808121433e-02
6.670000000000177565e+00 9.870960844049167168e-03
6.690000000000177138e+00 8.835149725968525353e-03
6.710000000000176712e+00 7.897856693129916283e-03
6.730000000000176286e+00 7.054109271947601838e-03
6.750000000000175859e+00 6.288620455459736740e-03
6.770000000000175433e+00 5.599943845953391126e-03
6.790000000000175007e+00 4.979738996564344114e-03
6.810000000000174580e+00 4.422821147035657478e-03
6.830000000000174154e+00 3.921047848757219442e-03
6.850000000000173728e+00 3.472052374420716431e-03
6.870000000000173301e+00 3.293267317298649924e-03
6.890000000000172875e+00 2.977775459160037028e-03
6.910000000000172449e+00 2.501708478834198043e-03
6.930000000000172022e+00 2.484237798369129304e-03
6.950000000000171596e+00 1.790536034116467371e-03
6.970000000000171170e+00 1.737187064033237109e-03
6.990000000000170743e+00 1.388477793114777786e-03
7.010000000000170317e+00 1.155534264257254695e-03
7.030000000000169891e+00 1.041658866816777855e-03
7.050000000000169464e+00 8.635250559246020500e-04
7.070000000000169038e+00 7.169274116640897681e-04
7.090000000000168612e+00 6.228204040386656464e-04
7.110000000000168185e+00 5.404256427596693590e-04
7.130000000000167759e+00 4.678655968910765844e-04
7.150000000000167333e+00 4.046587672794949454e-04
7.170000000000166906e+00 3.494282605360975679e-04
7.190000000000166480e+00 3.012957537855108243e-04
7.210000000000166054e+00 2.593137344558835915e-04
7.230000000000165628e+00 2.229701158814998590e-04
7.250000000000165201e+00 1.913143693658627840e-04
7.270000000000164775e+00 1.639362003511378040e-04
7.290000000000164349e+00 1.402667460633611298e-04
7.310000000000163922e+00 1.198382274342036047e-04
7.330000000000163496e+00 1.022084130117567472e-04
7.350000000000163070e+00 8.703665983239813647e-05
7.370000000000162643e+00 7.400686692319907636e-05
7.390000000000162217e+00 6.282280966036768433e-05
7.410000000000161791e+00 5.697489583116756133e-05
7.430000000000161364e+00 4.918162301838330491e-05
7.450000000000160938e+00 3.944887085820951883e-05
7.470000000000160512e+00 3.506434365524475899e-05
7.490000000000160085e+00 2.783521537263504704e-05
7.510000000000159659e+00 2.291478327208170041e-05
7.530000000000159233e+00 1.749669427458218427e-05
7.550000000000158806e+00 1.508947368200011196e-05
7.570000000000158380e+00 1.242131509384763391e-05
7.590000000000157954e+00 9.817478628906540824e-06
7.610000000000157527e+00 8.108653247033143014e-06
7.630000000000157101e+00 6.417588163467891387e-06
7.650000000000156675e+00 5.325363152922091112e-06
7.670000000000156248e+00 4.412394537870869593e-06
7.690000000000155822e+00 3.649218783083709925e-06
7.710000000000155396e+00 3.013210384975398021e-06
7.730000000000154969e+00 2.483969057327931924e-06
7.750000000000154543e+00 2.044217528568732970e-06
7.770000000000154117e+00 1.679452984006526699e-06
7.790000000000153690e+00 1.377536920111710765e-06
7.810000000000153264e+00 1.127903733954719340e-06
7.830000000000152838e+00 9.219811149498097205e-07
7.850000000000152411e+00 7.523660973379403476e-07
7.870000000000151985e+00 6.129208188260726020e-07
7.890000000000151559e+00 4.984683446169131712e-07
7.910000000000151132e+00 4.454309517201123601e-07
7.930000000000150706e+00 3.639365166089507558e-07
7.950000000000150280e+00 2.590121641198217600e-07
7.970000000000149853e+00 2.431165587383161399e-07
7.990000000000149427e+00 1.526942842847460619e-07
8.010000000000149001e+00 1.366728485545320890e-07
8.030000000000148574e+00 1.068791201058132208e-07
8.050000000000148148e+00 7.441852560353553589e-08
8.070000000000147722e+00 6.425386257760189459e-08
8.090000000000147296e+00 4.839980151902466890e-08
8.110000000000146869e+00 3.815870437400161690e-08
8.130000000000146443e+00 2.882203073970837828e-08
8.150000000000146017e+00 2.287429476078957917e-08
8.170000000000145590e+00 1.812183786582604681e-08
8.190000000000145164e+00 1.433072532883161967e-08
8.210000000000144738e+00 1.131276859450123331e-08
8.230000000000144311e+00 8.914356219696155396e-09
8.250000000000143885e+00 7.011810932163948956e-09
8.270000000000143459e+00 5.505418585651795165e-09
8.290000000000143032e+00 4.314842567444073153e-09
8.310000000000142606e+00 3.375682409640546445e-09
8.330000000000142180e+00 2.636093363952776668e-09
8.350000000000141753e+00 2.121085788173825736e-09
8.370000000000141327e+00 1.738047426220761023e-09
8.390000000000140901e+00 1.314066880575943269e-09
8.410000000000140474e+00 9.906187462285707603e-10
8.430000000000140048e+00 7.683957415915690146e-10
8.450000000000139622e+00 4.971496538075360136e-10
8.470000000000139195e+00 4.395186549235590541e-10
8.490000000000138769e+00 3.027171735137236787e-10
8.510000000000138343e+00 2.103681535051043022e-10
8.530000000000137916e+00 1.738086577784029469e-10
8.550000000000137490e+00 1.248645329853844119e-10
8.570000000000137064e+00 9.403753909250956640e-11
8.590000000000136637e+00 6.783732524817960224e-11
8.610000000000136211e+00 5.152852490670946899e-11
8.630000000000135785e+00 3.906702442738276262e-11
8.650000000000135358e+00 2.956337262871272604e-11
8.670000000000134932e+00 2.232944243266099383e-11
8.690000000000134506e+00 1.683368736232987588e-11
8.710000000000134079e+00 1.266657876995915492e-11
8.730000000000133653e+00 9.512872665812456029e-12
8.750000000000133227e+00 7.130812068391661328e-12
8.770000000000132800e+00 5.500186148811282099e-12
8.790000000000132374e+00 4.310215700709906886e-12
8.810000000000131948e+00 3.115303283932609269e-12
8.830000000000131521e+00 2.176329992664555741e-12
8.850000000000131095e+00 1.730138199328005526e-12
8.870000000000130669e+00 1.027892406187027797e-12
8.890000000000130242e+00 8.419893407332206625e-13
8.910000000000129816e+00 5.581774565581886911e-13
8.930000000000129390e+00 4.201542778238080877e-13
8.950000000000128964e+00 2.894982272046659110e-13
8.970000000000128537e+00 2.171674209064665938e-13
8.990000000000128111e+00 1.485492458034304583e-13
9.010000000000127685e+00 1.025080269944986910e-13
9.030000000000127258e+00 7.463306556773022165e-14
9.050000000000126832e+00 5.425054649174693267e-14
9.070000000000126406e+00 3.931553269534723172e-14
9.090000000000125979e+00 2.848855007171678006e-14
9.110000000000125553e+00 2.057349912809427030e-14
9.130000000000125127e+00 1.483412565754355055e-14
9.150000000000124700e+00 1.069538193250135280e-14
9.170000000000124274e+00 8.122640068723877635e-15
9.190000000000123848e+00 5.840398832101185666e-15
9.210000000000123421e+00 3.924061622761204676e-15
9.230000000000122995e+00 2.824753864997716734e-15
9.250000000000122569e+00 1.986897555447854133e-15
9.270000000000122142e+00 1.182989866914614864e-15
9.290000000000121716e+00 9.422133229521145000e-16
9.310000000000121290e+00 5.881838364923805937e-16
9.330000000000120863e+00 3.993520266907169657e-16
9.350000000000120437e+00 2.841256194150847283e-16
9.370000000000120011e+00 2.196996634171794231e-16
9.390000000000119584e+00 1.318861725118577708e-16
9.410000000000119158e+00 6.952744467400081185e-17
9.430000000000118732e+00 6.369651441922646716e-17
9.450000000000118305e+00 6.327439221884842141e-17
9.470000000000117879e+00 3.142791680899665421e-17
9.490000000000117453e+00 0.000000000000000000e+00
9.510000000000117026e+00 0.000000000000000000e+00
9.530000000000116600e+00 0.000000000000000000e+00
9.550000000000116174e+00 0.000000000000000000e+00
9.570000000000115747e+00 0.000000000000000000e+00
9.590000000000115321e+00 0.000000000000000000e+00
9.610000000000114895e+00 0.000000000000000000e+00
9.630000000000114468e+00 0.000000000000000000e+00
9.650000000000114042e+00 0.000000000000000000e+00
9.670000000000113616e+00 0.000000000000000000e+00
9.690000000000113189e+00 0.000000000000000000e+00
9.710000000000112763e+00 0.000000000000000000e+00
9.730000000000112337e+00 0.000000000000000000e+00
9.750000000000111910e+00 0.000000000000000000e+00
9.770000000000111484e+00 0.000000000000000000e+00
9.790000000000111058e+00 0.000000000000000000e+00
9.810000000000110632e+00 0.000000000000000000e+00
9.830000000000110205e+00 0.000000000000000000e+00
9.850000000000109779e+00 0.000000000000000000e+00
9.870000000000109353e+00 0.000000000000000000e+00
9.890000000000108926e+00 0.000000000000000000e+00
9.910000000000108500e+00 0.000000000000000000e+00
9.930000000000108074e+00 0.000000000000000000e+00
9.950000000000107647e+00 0.000000000000000000e+00
9.970000000000107221e+00 0.000000000000000000e+00
9.990000000000106795e+00 0.000000000000000000e+00
1.001000000000010637e+01 0.000000000000000000e+00
1.003000000000010594e+01 0.000000000000000000e+00
1.005000000000010552e+01 0.000000000000000000e+00
1.007000000000010509e+01 0.000000000000000000e+00
1.009000000000010466e+01 0.000000000000000000e+00
1.011000000000010424e+01 0.000000000000000000e+00
1.013000000000010381e+01 0.000000000000000000e+00
1.015000000000010338e+01 0.000000000000000000e+00
1.017000000000010296e+01 0.000000000000000000e+00
1.019000000000010253e+01 0.000000000000000000e+00
1.021000000000010210e+01 0.000000000000000000e+00
1.023000000000010168e+01 0.000000000000000000e+00
1.025000000000010125e+01 0.000000000000000000e+00
1.027000000000010083e+01 0.000000000000000000e+00
1.029000000000010040e+01 0.000000000000000000e+00
1.031000000000009997e+01 0.000000000000000000e+00
1.033000000000009955e+01 0.000000000000000000e+00
1.035000000000009912e+01 0.000000000000000000e+00
1.037000000000009869e+01 0.000000000000000000e+00
1.039000000000009827e+01 0.000000000000000000e+00
1.041000000000009784e+01 0.000000000000000000e+00
1.043000000000009742e+01 0.000000000000000000e+00
1.045000000000009699e+01 0.000000000000000000e+00
1.047000000000009656e+01 0.000000000000000000e+00
1.049000000000009614e+01 0.000000000000000000e+00
1.051000000000009571e+01 0.000000000000000000e+00
1.053000000000009528e+01 0.000000000000000000e+00
1.055000000000009486e+01 0.000000000000000000e+00
1.057000000000009443e+01 0.000000000000000000e+00
1.059000000000009400e+01 0.000000000000000000e+00
1.061000000000009358e+01 0.000000000000000000e+00
1.063000000000009315e+01 0.000000000000000000e+00
1.065000000000009273e+01 0.000000000000000000e+00
1.067000000000009230e+01 0.000000000000000000e+00
1.069000000000009187e+01 0.000000000000000000e+00
1.071000000000009145e+01 0.000000000000000000e+00
1.073000000000009102e+01 0.000000000000000000e+00
1.075000000000009059e+01 0.000000000000000000e+00
1.077000000000009017e+01 0.000000000000000000e+00
1.079000000000008974e+01 0.000000000000000000e+00
1.081000000000008932e+01 0.000000000000000000e+00
1.083000000000008889e+01 0.000000000000000000e+00
1.085000000000008846e+01 0.000000000000000000e+00
1.087000000000008804e+01 0.000000000000000000e+00
1.089000000000008761e+01 0.000000000000000000e+00
1.091000000000008718e+01 0.000000000000000000e+00
1.093000000000008676e+01 0.000000000000000000e+00
1.095000000000008633e+01 0.000000000000000000e+00
1.097000000000008590e+01 0.000000000000000000e+00
1.099000000000008548e+01 0.000000000000000000e+00
1.101000000000008505e+01 0.000000000000000000e+00
1.103000000000008463e+01 0.000000000000000000e+00
1.105000000000008420e+01 0.000000000000000000e+00
1.107000000000008377e+01 0.000000000000000000e+00
1.109000000000008335e+01 0.000000000000000000e+00
1.111000000000008292e+01 0.000000000000000000e+00
1.113000000000008249e+01 0.000000000000000000e+00
1.115000000000008207e+01 0.000000000000000000e+00
1.117000000000008164e+01 0.000000000000000000e+00
1.119000000000008122e+01 0.000000000000000000e+00
1.121000000000008079e+01 0.000000000000000000e+00
1.123000000000008036e+01 0.000000000000000000e+00
1.125000000000007994e+01 0.000000000000000000e+00
1.127000000000007951e+01 0.000000000000000000e+00
1.129000000000007908e+01 0.000000000000000000e+00
1.131000000000007866e+01 0.000000000000000000e+00
1.133000000000007823e+01 0.000000000000000000e+00
1.135000000000007780e+01 0.000000000000000000e+00
1.137000000000007738e+01 0.000000000000000000e+00
1.139000000000007695e+01 0.000000000000000000e+00
1.141000000000007653e+01 0.000000000000000000e+00
1.143000000000007610e+01 0.000000000000000000e+00
1.145000000000007567e+01 0.000000000000000000e+00
1.147000000000007525e+01 0.000000000000000000e+00
1.149000000000007482e+01 0.000000000000000000e+00
1.151000000000007439e+01 0.000000000000000000e+00
1.153000000000007397e+01 0.000000000000000000e+00
1.155000000000007354e+01 0.000000000000000000e+00
1.157000000000007311e+01 0.000000000000000000e+00
1.159000000000007269e+01 0.000000000000000000e+00
1.161000000000007226e+01 0.000000000000000000e+00
1.163000000000007184e+01 0.000000000000000000e+00
1.165000000000007141e+01 0.000000000000000000e+00
1.167000000000007098e+01 0.000000000000000000e+00
1.169000000000007056e+01 0.000000000000000000e+00
1.171000000000007013e+01 0.000000000000000000e+00
1.173000000000006970e+01 0.000000000000000000e+00
1.175000000000006928e+01 0.000000000000000000e+00
1.177000000000006885e+01 0.000000000000000000e+00
1.179000000000006843e+01 0.000000000000000000e+00
1.181000000000006800e+01 0.000000000000000000e+00
1.183000000000006757e+01 0.000000000000000000e+00
1.185000000000006715e+01 0.000000000000000000e+00
1.187000000000006672e+01 0.000000000000000000e+00
1.189000000000006629e+01 0.000000000000000000e+00
1.191000000000006587e+01 0.000000000000000000e+00
1.193000000000006544e+01 0.000000000000000000e+00
1.195000000000006501e+01 0.000000000000000000e+00
1.197000000000006459e+01 0.000000000000000000e+00
1.199000000000006416e+01 0.000000000000000000e+00
1.201000000000006374e+01 0.000000000000000000e+00
1.203000000000006331e+01 0.000000000000000000e+00
1.205000000000006288e+01 0.000000000000000000e+00
1.207000000000006246e+01 0.000000000000000000e+00
1.209000000000006203e+01 0.000000000000000000e+00
1.211000000000006160e+01 0.000000000000000000e+00
1.213000000000006118e+01 0.000000000000000000e+00
1.215000000000006075e+01 0.000000000000000000e+00
1.217000000000006033e+01 0.000000000000000000e+00
1.219000000000005990e+01 0.000000000000000000e+00
1.221000000000005947e+01 0.000000000000000000e+00
1.223000000000005905e+01 0.000000000000000000e+00
1.225000000000005862e+01 0.000000000000000000e+00
1.227000000000005819e+01 0.000000000000000000e+00
1.229000000000005777e+01 0.000000000000000000e+00
1.231000000000005734e+01 0.000000000000000000e+00
1.233000000000005691e+01 0.000000000000000000e+00
1.235000000000005649e+01 0.000000000000000000e+00
1.237000000000005606e+01 0.000000000000000000e+00
1.239000000000005564e+01 0.000000000000000000e+00
1.241000000000005521e+01 0.000000000000000000e+00
1.243000000000005478e+01 0.000000000000000000e+00
1.245000000000005436e+01 0.000000000000000000e+00
1.247000000000005393e+01 0.000000000000000000e+00
1.249000000000005350e+01 0.000000000000000000e+00
1.251000000000005308e+01 0.000000000000000000e+00
1.253000000000005265e+01 0.000000000000000000e+00
1.255000000000005222e+01 0.000000000000000000e+00
1.257000000000005180e+01 0.000000000000000000e+00
1.259000000000005137e+01 0.000000000000000000e+00
1.261000000000005095e+01 0.000000000000000000e+00
1.263000000000005052e+01 0.000000000000000000e+00
1.265000000000005009e+01 0.000000000000000000e+00
1.267000000000004967e+01 0.000000000000000000e+00
1.269000000000004924e+01 0.000000000000000000e+00
1.271000000000004881e+01 0.000000000000000000e+00
1.273000000000004839e+01 0.000000000000000000e+00
1.275000000000004796e+01 0.000000000000000000e+00
1.277000000000004754e+01 0.000000000000000000e+00
1.279000000000004711e+01 0.000000000000000000e+00
1.281000000000004668e+01 0.000000000000000000e+00
1.283000000000004626e+01 0.000000000000000000e+00
1.285000000000004583e+01 0.000000000000000000e+00
1.287000000000004540e+01 0.000000000000000000e+00
1.289000000000004498e+01 0.000000000000000000e+00
1.291000000000004455e+01 0.000000000000000000e+00
1.293000000000004412e+01 0.000000000000000000e+00
1.295000000000004370e+01 0.000000000000000000e+00
1.297000000000004327e+01 0.000000000000000000e+00
1.299000000000004285e+01 0.000000000000000000e+00
1.301000000000004242e+01 0.000000000000000000e+00
1.303000000000004199e+01 0.000000000000000000e+00
1.305000000000004157e+01 0.000000000000000000e+00
1.307000000000004114e+01 0.000000000000000000e+00
1.309000000000004071e+01 0.000000000000000000e+00
1.311000000000004029e+01 0.000000000000000000e+00
1.313000000000003986e+01 0.000000000000000000e+00
1.315000000000003944e+01 0.000000000000000000e+00
1.317000000000003901e+01 0.000000000000000000e+00
1.319000000000003858e+01 0.000000000000000000e+00
1.321000000000003816e+01 0.000000000000000000e+00
1.323000000000003773e+01 0.000000000000000000e+00
1.325000000000003730e+01 0.000000000000000000e+00
1.327000000000003688e+01 0.000000000000000000e+00
1.329000000000003645e+01 0.000000000000000000e+00
1.331000000000003602e+01 0.000000000000000000e+00
1.333000000000003560e+01 0.000000000000000000e+00
1.335000000000003517e+01 0.000000000000000000e+00
1.337000000000003475e+01 0.000000000000000000e+00
1.339000000000003432e+01 0.000000000000000000e+00
1.341000000000003389e+01 0.000000000000000000e+00
1.343000000000003347e+01 0.000000000000000000e+00
1.345000000000003304e+01 0.000000000000000000e+00
1.347000000000003261e+01 0.000000000000000000e+00
1.349000000000003219e+01 0.000000000000000000e+00
1.351000000000003176e+01 0.000000000000000000e+00
1.353000000000003133e+01 0.000000000000000000e+00
1.355000000000003091e+01 0.000000000000000000e+00
1.357000000000003048e+01 0.000000000000000000e+00
1.359000000000003006e+01 0.000000000000000000e+00
1.361000000000002963e+01 0.000000000000000000e+00
1.363000000000002920e+01 0.000000000000000000e+00
1.365000000000002878e+01 0.000000000000000000e+00
1.367000000000002835e+01 0.000000000000000000e+00
1.369000000000002792e+01 0.000000000000000000e+00
1.371000000000002750e+01 0.000000000000000000e+00
1.373000000000002707e+01 0.000000000000000000e+00
1.375000000000002665e+01 0.000000000000000000e+00
1.377000000000002622e+01 0.000000000000000000e+00
1.379000000000002579e+01 0.000000000000000000e+00
1.381000000000002537e+01 0.000000000000000000e+00
1.383000000000002494e+01 0.000000000000000000e+00
1.385000000000002451e+01 0.000000000000000000e+00
1.387000000000002409e+01 0.000000000000000000e+00
1.389000000000002366e+01 0.000000000000000000e+00
1.391000000000002323e+01 0.000000000000000000e+00
1.393000000000002281e+01 0.000000000000000000e+00
1.395000000000002238e+01 0.000000000000000000e+00
1.397000000000002196e+01 0.000000000000000000e+00
1.399000000000002153e+01 0.000000000000000000e+00
1.401000000000002110e+01 0.000000000000000000e+00
1.403000000000002068e+01 0.000000000000000000e+00
1.405000000000002025e+01 0.000000000000000000e+00
1.407000000000001982e+01 0.000000000000000000e+00
1.409000000000001940e+01 0.000000000000000000e+00
1.411000000000001897e+01 0.000000000000000000e+00
1.413000000000001855e+01 0.000000000000000000e+00
1.415000000000001812e+01 0.000000000000000000e+00
1.417000000000001769e+01 0.000000000000000000e+00
1.419000000000001727e+01 0.000000000000000000e+00
1.421000000000001684e+01 0.000000000000000000e+00
1.423000000000001641e+01 0.000000000000000000e+00
1.425000000000001599e+01 0.000000000000000000e+00
1.427000000000001556e+01 0.000000000000000000e+00
1.429000000000001513e+01 0.000000000000000000e+00
1.431000000000001471e+01 0.000000000000000000e+00
1.433000000000001428e+01 0.000000000000000000e+00
1.435000000000001386e+01 0.000000000000000000e+00
1.437000000000001343e+01 0.000000000000000000e+00
1.439000000000001300e+01 0.000000000000000000e+00
1.441000000000001258e+01 0.000000000000000000e+00
1.443000000000001215e+01 0.000000000000000000e+00
1.445000000000001172e+01 0.000000000000000000e+00
1.447000000000001130e+01 0.000000000000000000e+00
1.449000000000001087e+01 0.000000000000000000e+00
1.451000000000001044e+01 0.000000000000000000e+00
1.453000000000001002e+01 0.000000000000000000e+00
1.455000000000000959e+01 0.000000000000000000e+00
1.457000000000000917e+01 0.000000000000000000e+00
1.459000000000000874e+01 0.000000000000000000e+00
1.461000000000000831e+01 0.000000000000000000e+00
1.463000000000000789e+01 0.000000000000000000e+00
1.465000000000000746e+01 0.000000000000000000e+00
1.467000000000000703e+01 0.000000000000000000e+00
1.469000000000000661e+01 0.000000000000000000e+00
1.471000000000000618e+01 0.000000000000000000e+00
1.473000000000000576e+01 0.000000000000000000e+00
1.475000000000000533e+01 0.000000000000000000e+00
1.477000000000000490e+01 0.000000000000000000e+00
1.479000000000000448e+01 0.000000000000000000e+00
1.481000000000000405e+01 0.000000000000000000e+00
1.483000000000000362e+01 0.000000000000000000e+00
1.485000000000000320e+01 0.000000000000000000e+00
1.487000000000000277e+01 0.000000000000000000e+00
1.489000000000000234e+01 0.000000000000000000e+00
1.491000000000000192e+01 0.000000000000000000e+00
1.493000000000000149e+01 0.000000000000000000e+00
1.495000000000000107e+01 0.000000000000000000e+00
1.497000000000000064e+01 0.000000000000000000e+00
1.499000000000000021e+01 0.000000000000000000e+00
