# Redshift		Merger Rate Density [Gpc^-3yr^-1]
1.000000000031931770e-02 1.049901800064245236e+02
3.000000000031888964e-02 1.063392521682839487e+02
5.000000000031846331e-02 1.083274257854257172e+02
7.000000000031804392e-02 1.104532239174620258e+02
9.000000000031761760e-02 1.112065201280627349e+02
1.100000000003171913e-01 1.135611102703222741e+02
1.300000000003167511e-01 1.153039746587742798e+02
1.500000000003163247e-01 1.183277692239580716e+02
1.700000000003158984e-01 1.208741665729884289e+02
1.900000000003154721e-01 1.239653953554628458e+02
2.100000000003150458e-01 1.262985412060310892e+02
2.300000000003146194e-01 1.283665673259726532e+02
2.500000000003141931e-01 1.316631243142461472e+02
2.700000000003137668e-01 1.341035865076415234e+02
2.900000000003133405e-01 1.358544029448181334e+02
3.100000000003129141e-01 1.389800110911136528e+02
3.300000000003124878e-01 1.412767876376444178e+02
3.500000000003120615e-01 1.431009141367563586e+02
3.700000000003116352e-01 1.462381125006309333e+02
3.900000000003112088e-01 1.498181204627753118e+02
4.100000000003107825e-01 1.505252348659651602e+02
4.300000000003103562e-01 1.552683655200661121e+02
4.500000000003099299e-01 1.576243628478840151e+02
4.700000000003095035e-01 1.591433600304424658e+02
4.900000000003090772e-01 1.631279208156524874e+02
5.100000000003086509e-01 1.648050236772093626e+02
5.300000000003082246e-01 1.674729271204593317e+02
5.500000000003077982e-01 1.690088770905507545e+02
5.700000000003073719e-01 1.702477331759537833e+02
5.900000000003069456e-01 1.752547823926208252e+02
6.100000000003065193e-01 1.745410902912274764e+02
6.300000000003060929e-01 1.787098114607417472e+02
6.500000000003056666e-01 1.799404470758105106e+02
6.700000000003052403e-01 1.814648264076061537e+02
6.900000000003048140e-01 1.842113173408170894e+02
7.100000000003043876e-01 1.865201301222589336e+02
7.300000000003039613e-01 1.874324895632521759e+02
7.500000000003035350e-01 1.913611215804893391e+02
7.700000000003031086e-01 1.930506796172907684e+02
7.900000000003026823e-01 1.943872236102253055e+02
8.100000000003022560e-01 1.975757033781606538e+02
8.300000000003018297e-01 1.984319194442350636e+02
8.500000000003014033e-01 2.038193224415647080e+02
8.700000000003009770e-01 2.027221748193798589e+02
8.900000000003005507e-01 2.056095487760460969e+02
9.100000000003001244e-01 2.077465408007514327e+02
9.300000000002996980e-01 2.122206714726820280e+02
9.500000000002992717e-01 2.136231991513215576e+02
9.700000000002988454e-01 2.129955661753566289e+02
9.900000000002984191e-01 2.162794575331088822e+02
1.010000000000297993e+00 2.196581206161368698e+02
1.030000000000297566e+00 2.216988945470459100e+02
1.050000000000297140e+00 2.219851353981268574e+02
1.070000000000296714e+00 2.235689381002860614e+02
1.090000000000296287e+00 2.227096138148574767e+02
1.110000000000295861e+00 2.295599291750698967e+02
1.130000000000295435e+00 2.306467762730964068e+02
1.150000000000295008e+00 2.289389119850366683e+02
1.170000000000294582e+00 2.305052392411886331e+02
1.190000000000294156e+00 2.323003630045033674e+02
1.210000000000293729e+00 2.334345747569262812e+02
1.230000000000293303e+00 2.359532572874560117e+02
1.250000000000292877e+00 2.359580841575519230e+02
1.270000000000292451e+00 2.358735588358786970e+02
1.290000000000292024e+00 2.408592754140939860e+02
1.310000000000291598e+00 2.377118148241080462e+02
1.330000000000291172e+00 2.403903964625330900e+02
1.350000000000290745e+00 2.448431037360154505e+02
1.370000000000290319e+00 2.394993893033486927e+02
1.390000000000289893e+00 2.423168249464946200e+02
1.410000000000289466e+00 2.434888478250234982e+02
1.430000000000289040e+00 2.459068810642663152e+02
1.450000000000288614e+00 2.444921554625266538e+02
1.470000000000288187e+00 2.445222610937603065e+02
1.490000000000287761e+00 2.447130466006476013e+02
1.510000000000287335e+00 2.429089918649620188e+02
1.530000000000286908e+00 2.441175110865665658e+02
1.550000000000286482e+00 2.457267294598390492e+02
1.570000000000286056e+00 2.436603607861067928e+02
1.590000000000285629e+00 2.457255040596789968e+02
1.610000000000285203e+00 2.464004750576025344e+02
1.630000000000284777e+00 2.436691808590220774e+02
1.650000000000284350e+00 2.429882195055881766e+02
1.670000000000283924e+00 2.435903335114411163e+02
1.690000000000283498e+00 2.403943249876768391e+02
1.710000000000283071e+00 2.416725995839069583e+02
1.730000000000282645e+00 2.375459670388694065e+02
1.750000000000282219e+00 2.402731315634851228e+02
1.770000000000281792e+00 2.411155975305630648e+02
1.790000000000281366e+00 2.364707909221786792e+02
1.810000000000280940e+00 2.356905936134022852e+02
1.830000000000280513e+00 2.352016070120502889e+02
1.850000000000280087e+00 2.330155358130173227e+02
1.870000000000279661e+00 2.324243066993155082e+02
1.890000000000279234e+00 2.284672644175708456e+02
1.910000000000278808e+00 2.285785182495327774e+02
1.930000000000278382e+00 2.278651624606309838e+02
1.950000000000277955e+00 2.260048781828030258e+02
1.970000000000277529e+00 2.220200533479471972e+02
1.990000000000277103e+00 2.206490149105983392e+02
2.010000000000276899e+00 2.190505493002106050e+02
2.030000000000276472e+00 2.195121169977249735e+02
2.050000000000276046e+00 2.153201233012187856e+02
2.070000000000275620e+00 2.142219344475201410e+02
2.090000000000275193e+00 2.131585985271931349e+02
2.110000000000274767e+00 2.114007729783249374e+02
2.130000000000274341e+00 2.088362783619685672e+02
2.150000000000273914e+00 2.061569865061172209e+02
2.170000000000273488e+00 2.045958804713686163e+02
2.190000000000273062e+00 2.021300867111427237e+02
2.210000000000272635e+00 2.010108599620238010e+02
2.230000000000272209e+00 1.987815778628843759e+02
2.250000000000271783e+00 1.951233171524167176e+02
2.270000000000271356e+00 1.949748130118057645e+02
2.290000000000270930e+00 1.927154585048207878e+02
2.310000000000270504e+00 1.896516992288671020e+02
2.330000000000270077e+00 1.863000886577116262e+02
2.350000000000269651e+00 1.871068330872229524e+02
2.370000000000269225e+00 1.835345758040484441e+02
2.390000000000268798e+00 1.800410195101010515e+02
2.410000000000268372e+00 1.779577015819810981e+02
2.430000000000267946e+00 1.772412032672700661e+02
2.450000000000267519e+00 1.741729000622425474e+02
2.470000000000267093e+00 1.712826339201644430e+02
2.490000000000266667e+00 1.716156449786396365e+02
2.510000000000266240e+00 1.677533196179533945e+02
2.530000000000265814e+00 1.671177236526637842e+02
2.550000000000265388e+00 1.631583240423610448e+02
2.570000000000264961e+00 1.628118015902721822e+02
2.590000000000264535e+00 1.592007165663551120e+02
2.610000000000264109e+00 1.570985534435073987e+02
2.630000000000263682e+00 1.554848007038041828e+02
2.650000000000263256e+00 1.536938227943973629e+02
2.670000000000262830e+00 1.520354984788418449e+02
2.690000000000262403e+00 1.492152062224013207e+02
2.710000000000261977e+00 1.482688129565162853e+02
2.730000000000261551e+00 1.468768118511382568e+02
2.750000000000261124e+00 1.445771411331987508e+02
2.770000000000260698e+00 1.415609261781472696e+02
2.790000000000260272e+00 1.405888738725033420e+02
2.810000000000259845e+00 1.393772890704674694e+02
2.830000000000259419e+00 1.352353587351266242e+02
2.850000000000258993e+00 1.350605311197674610e+02
2.870000000000258567e+00 1.334281588381730614e+02
2.890000000000258140e+00 1.316878874971041000e+02
2.910000000000257714e+00 1.298080001289080485e+02
2.930000000000257288e+00 1.291042027840703668e+02
2.950000000000256861e+00 1.250646820419753595e+02
2.970000000000256435e+00 1.243415306069801574e+02
2.990000000000256009e+00 1.236392114064905456e+02
3.010000000000255582e+00 1.201604604842082438e+02
3.030000000000255156e+00 1.212713404251962572e+02
3.050000000000254730e+00 1.176815324863285639e+02
3.070000000000254303e+00 1.171479573401876308e+02
3.090000000000253877e+00 1.155111791623920112e+02
3.110000000000253451e+00 1.125975653881363172e+02
3.130000000000253024e+00 1.126452033058735793e+02
3.150000000000252598e+00 1.114209033164011373e+02
3.170000000000252172e+00 1.082009715628264388e+02
3.190000000000251745e+00 1.062482979182690315e+02
3.210000000000251319e+00 1.062224639099783445e+02
3.230000000000250893e+00 1.057098413020179493e+02
3.250000000000250466e+00 1.017870546685835365e+02
3.270000000000250040e+00 1.023265551102061153e+02
3.290000000000249614e+00 1.005127466263462424e+02
3.310000000000249187e+00 9.946764643477607137e+01
3.330000000000248761e+00 9.717159331878688988e+01
3.350000000000248335e+00 9.615724008985772286e+01
3.370000000000247908e+00 9.397450668728620826e+01
3.390000000000247482e+00 9.362205566771142173e+01
3.410000000000247056e+00 9.290367400604688441e+01
3.430000000000246629e+00 9.091291857546794120e+01
3.450000000000246203e+00 9.006863845529174739e+01
3.470000000000245777e+00 8.881790633779012012e+01
3.490000000000245350e+00 8.789412597562485985e+01
3.510000000000244924e+00 8.792862601388796406e+01
3.530000000000244498e+00 8.599011562736779979e+01
3.550000000000244071e+00 8.459223106247121393e+01
3.570000000000243645e+00 8.380123441989006494e+01
3.590000000000243219e+00 8.222609323752728017e+01
3.610000000000242792e+00 8.172965700707798931e+01
3.630000000000242366e+00 8.088008353577801302e+01
3.650000000000241940e+00 7.884975169902094194e+01
3.670000000000241513e+00 7.836851600826443587e+01
3.690000000000241087e+00 7.823650465887436667e+01
3.710000000000240661e+00 7.696509569963029662e+01
3.730000000000240234e+00 7.564185686390271712e+01
3.750000000000239808e+00 7.464332195333641096e+01
3.770000000000239382e+00 7.393227858542599051e+01
3.790000000000238956e+00 7.307865487766750334e+01
3.810000000000238529e+00 7.120346874152960481e+01
3.830000000000238103e+00 7.161735056624311824e+01
3.850000000000237677e+00 6.972116041701342226e+01
3.870000000000237250e+00 6.911602524299512140e+01
3.890000000000236824e+00 6.913023863928907531e+01
3.910000000000236398e+00 6.803572256166603438e+01
3.930000000000235971e+00 6.655701380299667846e+01
3.950000000000235545e+00 6.559047954230166511e+01
3.970000000000235119e+00 6.573920834365759447e+01
3.990000000000234692e+00 6.430028323560651415e+01
4.010000000000234266e+00 6.360298943376799485e+01
4.030000000000233840e+00 6.265512034606229719e+01
4.050000000000233413e+00 6.233106927250636886e+01
4.070000000000232987e+00 6.125241657564227893e+01
4.090000000000232561e+00 6.085806031033792607e+01
4.110000000000232134e+00 5.997906306226957440e+01
4.130000000000231708e+00 5.867352128293205737e+01
4.150000000000231282e+00 5.822828073349452893e+01
4.170000000000230855e+00 5.766848989164222417e+01
4.190000000000230429e+00 5.698785454646974102e+01
4.210000000000230003e+00 5.545309120793496760e+01
4.230000000000229576e+00 5.563922221751949593e+01
4.250000000000229150e+00 5.536590935251606993e+01
4.270000000000228724e+00 5.347798349775158755e+01
4.290000000000228297e+00 5.323952017674393744e+01
4.310000000000227871e+00 5.245297365137867729e+01
4.330000000000227445e+00 5.168766927649038223e+01
4.350000000000227018e+00 5.101895568575122297e+01
4.370000000000226592e+00 5.011062999839400334e+01
4.390000000000226166e+00 4.970572242015020237e+01
4.410000000000225739e+00 4.932301323678574079e+01
4.430000000000225313e+00 4.820887116701763375e+01
4.450000000000224887e+00 4.781494507185819742e+01
4.470000000000224460e+00 4.790579843443788377e+01
4.490000000000224034e+00 4.649192446852701721e+01
4.510000000000223608e+00 4.580803409605668719e+01
4.530000000000223181e+00 4.626552518310346329e+01
4.550000000000222755e+00 4.398550978545581813e+01
4.570000000000222329e+00 4.492829281664835861e+01
4.590000000000221902e+00 4.353612468254566892e+01
4.610000000000221476e+00 4.348457660883584452e+01
4.630000000000221050e+00 4.268923203074977835e+01
4.650000000000220624e+00 4.228074493424642810e+01
4.670000000000220197e+00 4.141423150100099804e+01
4.690000000000219771e+00 4.121559958439011950e+01
4.710000000000219345e+00 4.045826282249746697e+01
4.730000000000218918e+00 4.104837581245713096e+01
4.750000000000218492e+00 3.903375209366324583e+01
4.770000000000218066e+00 3.888824180861443836e+01
4.790000000000217639e+00 3.886251171537540472e+01
4.810000000000217213e+00 3.844254748873374439e+01
4.830000000000216787e+00 3.766044405328349853e+01
4.850000000000216360e+00 3.725966084689353863e+01
4.870000000000215934e+00 3.658873698948792708e+01
4.890000000000215508e+00 3.649311595410981823e+01
4.910000000000215081e+00 3.608707884128745036e+01
4.930000000000214655e+00 3.539335863166132867e+01
4.950000000000214229e+00 3.481223462563739446e+01
4.970000000000213802e+00 3.495308129809886566e+01
4.990000000000213376e+00 3.444847326436927659e+01
5.010000000000212950e+00 3.393127988603205836e+01
5.030000000000212523e+00 3.320318377315420122e+01
5.050000000000212097e+00 3.336732503459210619e+01
5.070000000000211671e+00 3.302624872929111177e+01
5.090000000000211244e+00 3.284412737742505328e+01
5.110000000000210818e+00 3.207468846298750265e+01
5.130000000000210392e+00 3.152719541358675315e+01
5.150000000000209965e+00 3.161944277585221030e+01
5.170000000000209539e+00 3.124370654377940681e+01
5.190000000000209113e+00 3.077442793245630170e+01
5.210000000000208686e+00 3.074136416761956170e+01
5.230000000000208260e+00 3.044714860659711420e+01
5.250000000000207834e+00 2.962724734208433475e+01
5.270000000000207407e+00 2.981102774139421285e+01
5.290000000000206981e+00 2.999150831729104283e+01
5.310000000000206555e+00 2.917422324583910509e+01
5.330000000000206128e+00 2.899291930515024163e+01
5.350000000000205702e+00 2.886558942429926589e+01
5.370000000000205276e+00 2.837661060294694337e+01
5.390000000000204849e+00 2.866857229304368460e+01
5.410000000000204423e+00 2.799888778873304673e+01
5.430000000000203997e+00 2.837373682474630954e+01
5.450000000000203570e+00 2.759070437607947568e+01
5.470000000000203144e+00 2.760742318660165395e+01
5.490000000000202718e+00 2.776154636829741307e+01
5.510000000000202292e+00 2.766552026708928480e+01
5.530000000000201865e+00 2.736442841430292816e+01
5.550000000000201439e+00 2.676155054786979548e+01
5.570000000000201013e+00 2.692898964142975871e+01
5.590000000000200586e+00 2.705594584093889665e+01
5.610000000000200160e+00 2.728961675483919791e+01
5.630000000000199734e+00 2.677752932376213124e+01
5.650000000000199307e+00 2.694758847277438107e+01
5.670000000000198881e+00 2.695276603231072343e+01
5.690000000000198455e+00 2.675157791676073771e+01
5.710000000000198028e+00 2.656669473265226245e+01
5.730000000000197602e+00 2.692262056941842374e+01
5.750000000000197176e+00 2.656309933288438430e+01
5.770000000000196749e+00 2.699049442426980860e+01
5.790000000000196323e+00 2.712099055778497103e+01
5.810000000000195897e+00 2.738401816484774542e+01
5.830000000000195470e+00 2.707179386168242985e+01
5.850000000000195044e+00 2.764586890854700840e+01
5.870000000000194618e+00 2.764429150706035188e+01
5.890000000000194191e+00 2.789179754972313674e+01
5.910000000000193765e+00 2.787987551163536537e+01
5.930000000000193339e+00 2.849420166588159731e+01
5.950000000000192912e+00 2.865315035453098957e+01
5.970000000000192486e+00 2.894698188127054195e+01
5.990000000000192060e+00 2.900843902976315647e+01
6.010000000000191633e+00 2.948479208364858195e+01
6.030000000000191207e+00 3.003568428323093897e+01
6.050000000000190781e+00 3.081682391088987316e+01
6.070000000000190354e+00 3.083930876489047179e+01
6.090000000000189928e+00 3.098011565427627190e+01
6.110000000000189502e+00 3.169837157979272035e+01
6.130000000000189075e+00 3.217494096385112101e+01
6.150000000000188649e+00 3.265263364068017893e+01
6.170000000000188223e+00 3.292540593559937889e+01
6.190000000000187796e+00 3.370761575248354092e+01
6.210000000000187370e+00 3.386175512207431382e+01
6.230000000000186944e+00 3.499142143636163382e+01
6.250000000000186517e+00 3.555192659513829767e+01
6.270000000000186091e+00 3.631104233341336140e+01
6.290000000000185665e+00 3.627972811617721050e+01
6.310000000000185238e+00 3.758402281250268118e+01
6.330000000000184812e+00 3.778426972874966339e+01
6.350000000000184386e+00 3.872941201544218615e+01
6.370000000000183960e+00 3.904021753062776412e+01
6.390000000000183533e+00 3.968487385550368884e+01
6.410000000000183107e+00 4.062234958797443340e+01
6.430000000000182681e+00 4.171421594481960682e+01
6.450000000000182254e+00 4.206029610561197529e+01
6.470000000000181828e+00 4.258757352505778471e+01
6.490000000000181402e+00 4.339599201679212825e+01
6.510000000000180975e+00 4.449747797488828382e+01
6.530000000000180549e+00 4.490937810774814665e+01
6.550000000000180123e+00 4.564732472787584072e+01
6.570000000000179696e+00 4.616020443953938468e+01
6.590000000000179270e+00 4.677309021078534101e+01
6.610000000000178844e+00 4.763486434104543576e+01
6.630000000000178417e+00 4.835548182505907988e+01
6.650000000000177991e+00 4.906985859475047818e+01
6.670000000000177565e+00 4.946762182281820230e+01
6.690000000000177138e+00 5.042205758376395153e+01
6.710000000000176712e+00 5.083606332645657488e+01
6.730000000000176286e+00 5.116629159492793377e+01
6.750000000000175859e+00 5.250106137214514490e+01
6.770000000000175433e+00 5.253190619624862023e+01
6.790000000000175007e+00 5.344005334466152135e+01
6.810000000000174580e+00 5.373973375162170640e+01
6.830000000000174154e+00 5.454582940188201690e+01
6.850000000000173728e+00 5.471292596752472548e+01
6.870000000000173301e+00 5.513788463575226473e+01
6.890000000000172875e+00 5.574143941048001949e+01
6.910000000000172449e+00 5.618108563986332626e+01
6.930000000000172022e+00 5.644622717702998216e+01
6.950000000000171596e+00 5.703436480026438460e+01
6.970000000000171170e+00 5.684214149400921912e+01
6.990000000000170743e+00 5.704841904909844885e+01
7.010000000000170317e+00 5.744771880768662697e+01
7.030000000000169891e+00 5.781599209027318409e+01
7.050000000000169464e+00 5.816824981794460570e+01
7.070000000000169038e+00 5.878353149586185822e+01
7.090000000000168612e+00 5.896955057229741470e+01
7.110000000000168185e+00 5.896252276349487431e+01
7.130000000000167759e+00 5.869587497698957890e+01
7.150000000000167333e+00 5.926411526545786046e+01
7.170000000000166906e+00 5.959528324251567000e+01
7.190000000000166480e+00 5.922086807128071229e+01
7.210000000000166054e+00 5.946630212636978285e+01
7.230000000000165628e+00 5.912708245939912644e+01
7.250000000000165201e+00 5.984664806748941146e+01
7.270000000000164775e+00 5.940097270022301501e+01
7.290000000000164349e+00 5.995059667756568444e+01
7.310000000000163922e+00 5.968692866951077747e+01
7.330000000000163496e+00 5.948025235012514145e+01
7.350000000000163070e+00 5.961843783242212425e+01
7.370000000000162643e+00 5.950421465093517526e+01
7.390000000000162217e+00 5.926146218723820169e+01
7.410000000000161791e+00 5.934008974751550625e+01
7.430000000000161364e+00 5.933689962135544249e+01
7.450000000000160938e+00 5.968260797641818982e+01
7.470000000000160512e+00 5.896044510931383087e+01
7.490000000000160085e+00 5.902279480568350323e+01
7.510000000000159659e+00 5.901578646180115584e+01
7.530000000000159233e+00 5.888567520861972326e+01
7.550000000000158806e+00 5.867439529936019937e+01
7.570000000000158380e+00 5.904508247188227443e+01
7.590000000000157954e+00 5.871235058029898823e+01
7.610000000000157527e+00 5.819718747445297424e+01
7.630000000000157101e+00 5.838932084089950791e+01
7.650000000000156675e+00 5.813855594311585406e+01
7.670000000000156248e+00 5.808739223185345679e+01
7.690000000000155822e+00 5.832253501019629738e+01
7.710000000000155396e+00 5.800024873556350968e+01
7.730000000000154969e+00 5.812321444161624129e+01
7.750000000000154543e+00 5.724898555988615811e+01
7.770000000000154117e+00 5.777967106003019637e+01
7.790000000000153690e+00 5.768704357215682421e+01
7.810000000000153264e+00 5.762255016864459378e+01
7.830000000000152838e+00 5.715442448828628841e+01
7.850000000000152411e+00 5.724789014872060733e+01
7.870000000000151985e+00 5.729359420044090001e+01
7.890000000000151559e+00 5.706281875623562883e+01
7.910000000000151132e+00 5.708428026502228647e+01
7.930000000000150706e+00 5.708722612688239906e+01
7.950000000000150280e+00 5.688687624025301659e+01
7.970000000000149853e+00 5.668435316405187052e+01
7.990000000000149427e+00 5.697670501926802444e+01
8.010000000000149001e+00 5.689246049241226899e+01
8.030000000000148574e+00 5.648179671518314393e+01
8.050000000000148148e+00 5.670586366898961472e+01
8.070000000000147722e+00 5.685065417928529286e+01
8.090000000000147296e+00 5.691957579935586153e+01
8.110000000000146869e+00 5.673696408831851556e+01
8.130000000000146443e+00 5.640318039864767741e+01
8.150000000000146017e+00 5.672638326694904976e+01
8.170000000000145590e+00 5.657339224495059682e+01
8.190000000000145164e+00 5.665935659898913457e+01
8.210000000000144738e+00 5.645657045872673052e+01
8.230000000000144311e+00 5.628378636055700213e+01
8.250000000000143885e+00 5.640393289081485761e+01
8.270000000000143459e+00 5.645730011198301668e+01
8.290000000000143032e+00 5.649034567848066501e+01
8.310000000000142606e+00 5.651685616705879767e+01
8.330000000000142180e+00 5.637232232649267871e+01
8.350000000000141753e+00 5.642441829513822427e+01
8.370000000000141327e+00 5.660123968268960226e+01
8.390000000000140901e+00 5.635064669137297244e+01
8.410000000000140474e+00 5.662809898427386202e+01
8.430000000000140048e+00 5.663123456644202491e+01
8.450000000000139622e+00 5.644818401120051732e+01
8.470000000000139195e+00 5.668867410539564133e+01
8.490000000000138769e+00 5.636255260775524789e+01
8.510000000000138343e+00 5.662263260950679467e+01
8.530000000000137916e+00 5.656853507074100662e+01
8.550000000000137490e+00 5.658360964071943044e+01
8.570000000000137064e+00 5.649829849488412492e+01
8.590000000000136637e+00 5.618214390929085766e+01
8.610000000000136211e+00 5.648738437877980090e+01
8.630000000000135785e+00 5.658410102968250754e+01
8.650000000000135358e+00 5.630035571676461359e+01
8.670000000000134932e+00 5.606686347076382049e+01
8.690000000000134506e+00 5.602452579387247056e+01
8.710000000000134079e+00 5.624889803054583837e+01
8.730000000000133653e+00 5.614353686436303548e+01
8.750000000000133227e+00 5.595165884387448330e+01
8.770000000000132800e+00 5.660502447279331761e+01
8.790000000000132374e+00 5.635986256949903606e+01
8.810000000000131948e+00 5.621618504115517823e+01
8.830000000000131521e+00 5.632126797402005991e+01
8.850000000000131095e+00 5.600484107013528501e+01
8.870000000000130669e+00 5.609341302486540570e+01
8.890000000000130242e+00 5.593842928404321668e+01
8.910000000000129816e+00 5.585809596722243242e+01
8.930000000000129390e+00 5.585793668250686750e+01
8.950000000000128964e+00 5.599764472213825428e+01
8.970000000000128537e+00 5.550307965921837905e+01
8.990000000000128111e+00 5.557996342641931165e+01
9.010000000000127685e+00 5.573274136585631311e+01
9.030000000000127258e+00 5.573760303825132922e+01
9.050000000000126832e+00 5.569321294875412320e+01
9.070000000000126406e+00 5.567105052455440273e+01
9.090000000000125979e+00 5.548431090487959949e+01
9.110000000000125553e+00 5.553948921692478535e+01
9.130000000000125127e+00 5.561359079927601812e+01
9.150000000000124700e+00 5.537445712991217306e+01
9.170000000000124274e+00 5.544522770132824974e+01
9.190000000000123848e+00 5.552731338482889356e+01
9.210000000000123421e+00 5.563963544819970508e+01
9.230000000000122995e+00 5.572617512833319608e+01
9.250000000000122569e+00 5.565424784352408238e+01
9.270000000000122142e+00 5.578558018364843463e+01
9.290000000000121716e+00 5.562424416218801326e+01
9.310000000000121290e+00 5.558728818657966286e+01
9.330000000000120863e+00 5.556091425628151370e+01
9.350000000000120437e+00 5.558401922134802220e+01
9.370000000000120011e+00 5.585814095734702533e+01
9.390000000000119584e+00 5.585947677786439414e+01
9.410000000000119158e+00 5.613104105152175549e+01
9.430000000000118732e+00 5.607650477928024202e+01
9.450000000000118305e+00 5.629149252805619597e+01
9.470000000000117879e+00 5.640990385641286764e+01
9.490000000000117453e+00 5.655714991896429922e+01
9.510000000000117026e+00 5.674625579052253244e+01
9.530000000000116600e+00 5.684154642499448329e+01
9.550000000000116174e+00 5.681868871409248811e+01
9.570000000000115747e+00 5.725604011596554699e+01
9.590000000000115321e+00 5.744664256147031267e+01
9.610000000000114895e+00 5.750206243459052047e+01
9.630000000000114468e+00 5.777318896149461125e+01
9.650000000000114042e+00 5.770209310687194204e+01
9.670000000000113616e+00 5.798577102623114143e+01
9.690000000000113189e+00 5.867653139905932846e+01
9.710000000000112763e+00 5.845004057864885993e+01
9.730000000000112337e+00 5.902560857614624013e+01
9.750000000000111910e+00 5.945975572117993835e+01
9.770000000000111484e+00 5.954418406897037386e+01
9.790000000000111058e+00 5.976319934378005883e+01
9.810000000000110632e+00 5.994147647404449231e+01
9.830000000000110205e+00 6.025402803883196157e+01
9.850000000000109779e+00 6.060588885259981851e+01
9.870000000000109353e+00 6.070463298576513012e+01
9.890000000000108926e+00 6.089376679376524493e+01
9.910000000000108500e+00 6.166799693265350157e+01
9.930000000000108074e+00 6.160615953407199186e+01
9.950000000000107647e+00 6.164656964160687380e+01
9.970000000000107221e+00 6.251736177978360587e+01
9.990000000000106795e+00 6.261985134983354584e+01
1.001000000000010637e+01 6.275828642533257096e+01
1.003000000000010594e+01 6.301923763710152571e+01
1.005000000000010552e+01 6.325072807927416818e+01
1.007000000000010509e+01 6.339029034109124439e+01
1.009000000000010466e+01 6.371549412276785773e+01
1.011000000000010424e+01 6.389022151033314856e+01
1.013000000000010381e+01 6.410530110387369973e+01
1.015000000000010338e+01 6.433564716153541951e+01
1.017000000000010296e+01 6.435982194320268945e+01
1.019000000000010253e+01 6.454610511616520796e+01
1.021000000000010210e+01 6.468560420011216650e+01
1.023000000000010168e+01 6.496675856849678610e+01
1.025000000000010125e+01 6.500133108586742026e+01
1.027000000000010083e+01 6.525627566023968029e+01
1.029000000000010040e+01 6.463436967090159158e+01
1.031000000000009997e+01 6.535618338323637033e+01
1.033000000000009955e+01 6.513260563519583002e+01
1.035000000000009912e+01 6.505263886497010617e+01
1.037000000000009869e+01 6.533041601875768833e+01
1.039000000000009827e+01 6.502915718197120043e+01
1.041000000000009784e+01 6.484629178422643747e+01
1.043000000000009742e+01 6.487667941968631169e+01
1.045000000000009699e+01 6.490734263633301282e+01
1.047000000000009656e+01 6.461545885099762643e+01
1.049000000000009614e+01 6.448625267954494689e+01
1.051000000000009571e+01 6.435426518028295106e+01
1.053000000000009528e+01 6.420072516753403136e+01
1.055000000000009486e+01 6.424601181867726041e+01
1.057000000000009443e+01 6.396749353448769426e+01
1.059000000000009400e+01 6.327168904380314984e+01
1.061000000000009358e+01 6.338088807947676173e+01
1.063000000000009315e+01 6.277495822901480693e+01
1.065000000000009273e+01 6.275502524710272922e+01
1.067000000000009230e+01 6.235675171638674641e+01
1.069000000000009187e+01 6.225865873197702882e+01
1.071000000000009145e+01 6.154988545576168946e+01
1.073000000000009102e+01 6.153361051445591556e+01
1.075000000000009059e+01 6.123604141903864218e+01
1.077000000000009017e+01 6.062234040840257165e+01
1.079000000000008974e+01 6.048378234187300961e+01
1.081000000000008932e+01 5.983849904915756213e+01
1.083000000000008889e+01 5.976051522607206579e+01
1.085000000000008846e+01 5.898589468956163984e+01
1.087000000000008804e+01 5.864606681696337631e+01
1.089000000000008761e+01 5.839549357001699548e+01
1.091000000000008718e+01 5.777756971663493601e+01
1.093000000000008676e+01 5.740246360136237769e+01
1.095000000000008633e+01 5.722904333930453191e+01
1.097000000000008590e+01 5.677144154082141370e+01
1.099000000000008548e+01 5.628605890980535520e+01
1.101000000000008505e+01 5.595613836221251347e+01
1.103000000000008463e+01 5.543302546545275789e+01
1.105000000000008420e+01 5.530890445370462771e+01
1.107000000000008377e+01 5.467115278838050330e+01
1.109000000000008335e+01 5.396838454911085137e+01
1.111000000000008292e+01 5.385759687009869623e+01
1.113000000000008249e+01 5.352596433147142818e+01
1.115000000000008207e+01 5.311936197543955984e+01
1.117000000000008164e+01 5.289318974863715539e+01
1.119000000000008122e+01 5.272456363031330540e+01
1.121000000000008079e+01 5.214428401746975794e+01
1.123000000000008036e+01 5.199077064794669667e+01
1.125000000000007994e+01 5.172269850090318499e+01
1.127000000000007951e+01 5.130047733969491475e+01
1.129000000000007908e+01 5.098550243691651218e+01
1.131000000000007866e+01 5.073113983719873943e+01
1.133000000000007823e+01 5.040527606334890720e+01
1.135000000000007780e+01 5.048027010160621586e+01
1.137000000000007738e+01 5.043427973122421548e+01
1.139000000000007695e+01 5.041296772645789304e+01
1.141000000000007653e+01 5.020553032482933276e+01
1.143000000000007610e+01 5.014364441110854642e+01
1.145000000000007567e+01 4.985438710216606495e+01
1.147000000000007525e+01 4.978836225165007079e+01
1.149000000000007482e+01 4.970195987101802615e+01
1.151000000000007439e+01 5.007842881370643084e+01
1.153000000000007397e+01 4.992162643090383511e+01
1.155000000000007354e+01 4.991863256964936824e+01
1.157000000000007311e+01 5.022814902004342485e+01
1.159000000000007269e+01 5.027025678351033378e+01
1.161000000000007226e+01 5.031753403136051617e+01
1.163000000000007184e+01 5.067335237247926472e+01
1.165000000000007141e+01 5.077588104416706472e+01
1.167000000000007098e+01 5.094874254995910690e+01
1.169000000000007056e+01 5.107377004423179301e+01
1.171000000000007013e+01 5.147194808881548056e+01
1.173000000000006970e+01 5.178172394100334230e+01
1.175000000000006928e+01 5.197392834312415744e+01
1.177000000000006885e+01 5.243932049030682663e+01
1.179000000000006843e+01 5.275038166670466921e+01
1.181000000000006800e+01 5.314907504069046951e+01
1.183000000000006757e+01 5.340538438535894272e+01
1.185000000000006715e+01 5.385079096283406130e+01
1.187000000000006672e+01 5.399865546096181390e+01
1.189000000000006629e+01 5.463398426914186956e+01
1.191000000000006587e+01 5.489884141208708002e+01
1.193000000000006544e+01 5.534305476223594411e+01
1.195000000000006501e+01 5.579997102771044837e+01
1.197000000000006459e+01 5.624380163486512174e+01
1.199000000000006416e+01 5.670422202588931526e+01
1.201000000000006374e+01 5.712344087835636941e+01
1.203000000000006331e+01 5.754963671135843839e+01
1.205000000000006288e+01 5.764830232980504121e+01
1.207000000000006246e+01 5.811240118798399834e+01
1.209000000000006203e+01 5.851807794680951247e+01
1.211000000000006160e+01 5.871566240683481652e+01
1.213000000000006118e+01 5.938058891389467675e+01
1.215000000000006075e+01 5.965459273656875183e+01
1.217000000000006033e+01 6.003610256017663005e+01
1.219000000000005990e+01 6.021218391531827763e+01
1.221000000000005947e+01 6.065234740082457421e+01
1.223000000000005905e+01 6.057622709777064784e+01
1.225000000000005862e+01 6.103335135476385886e+01
1.227000000000005819e+01 6.146769161308969842e+01
1.229000000000005777e+01 6.161385349988137250e+01
1.231000000000005734e+01 6.171231765123361868e+01
1.233000000000005691e+01 6.169624088813909424e+01
1.235000000000005649e+01 6.202090734680832895e+01
1.237000000000005606e+01 6.202585228602957557e+01
1.239000000000005564e+01 6.247002394827155314e+01
1.241000000000005521e+01 6.230889509696140749e+01
1.243000000000005478e+01 6.232829210565095224e+01
1.245000000000005436e+01 6.252736076310042534e+01
1.247000000000005393e+01 6.248503379614505349e+01
1.249000000000005350e+01 6.227135006055642208e+01
1.251000000000005308e+01 6.216637545644650942e+01
1.253000000000005265e+01 6.253675589785103028e+01
1.255000000000005222e+01 6.240848290785496744e+01
1.257000000000005180e+01 6.219287125431272045e+01
1.259000000000005137e+01 6.197264125490556808e+01
1.261000000000005095e+01 6.183585634473698889e+01
1.263000000000005052e+01 6.186553570984789019e+01
1.265000000000005009e+01 6.181639733704188444e+01
1.267000000000004967e+01 6.145995346213009469e+01
1.269000000000004924e+01 6.110794749331662246e+01
1.271000000000004881e+01 6.115816076940058821e+01
1.273000000000004839e+01 6.057444913183548607e+01
1.275000000000004796e+01 6.066407904273654594e+01
1.277000000000004754e+01 6.029139357641661690e+01
1.279000000000004711e+01 6.022113643292773588e+01
1.281000000000004668e+01 5.964043834361779517e+01
1.283000000000004626e+01 5.933237536885228280e+01
1.285000000000004583e+01 5.926705951118479021e+01
1.287000000000004540e+01 5.876142052035137908e+01
1.289000000000004498e+01 5.861912999362058230e+01
1.291000000000004455e+01 5.831533946193456330e+01
1.293000000000004412e+01 5.759808629351639553e+01
1.295000000000004370e+01 5.758341046231925731e+01
1.297000000000004327e+01 5.720080605581893707e+01
1.299000000000004285e+01 5.695954502756980276e+01
1.301000000000004242e+01 5.624514589231772277e+01
1.303000000000004199e+01 5.609955621090142586e+01
1.305000000000004157e+01 5.567533454187557851e+01
1.307000000000004114e+01 5.535559170106810001e+01
1.309000000000004071e+01 5.477473114950994670e+01
1.311000000000004029e+01 5.454715007396382731e+01
1.313000000000003986e+01 5.404014243748311230e+01
1.315000000000003944e+01 5.379672573507551192e+01
1.317000000000003901e+01 5.298525098679530743e+01
1.319000000000003858e+01 5.272816945569126545e+01
1.321000000000003816e+01 5.267438388619697065e+01
1.323000000000003773e+01 5.162655123366420185e+01
1.325000000000003730e+01 5.133233147817313125e+01
1.327000000000003688e+01 5.083052543914062937e+01
1.329000000000003645e+01 5.060185941542670207e+01
1.331000000000003602e+01 5.019983213174126035e+01
1.333000000000003560e+01 4.949805051953273960e+01
1.335000000000003517e+01 4.875471613702625717e+01
1.337000000000003475e+01 4.823624497869976580e+01
1.339000000000003432e+01 4.797638692039788566e+01
1.341000000000003389e+01 4.729615500643054560e+01
1.343000000000003347e+01 4.669195643058273504e+01
1.345000000000003304e+01 4.590865435033989428e+01
1.347000000000003261e+01 4.536034970310880965e+01
1.349000000000003219e+01 4.488756634009935453e+01
1.351000000000003176e+01 4.414750841885086174e+01
1.353000000000003133e+01 4.347528012887629245e+01
1.355000000000003091e+01 4.244281673784099951e+01
1.357000000000003048e+01 4.158222307252634664e+01
1.359000000000003006e+01 4.093542937848423691e+01
1.361000000000002963e+01 3.999585042562832626e+01
1.363000000000002920e+01 3.919085443590146411e+01
1.365000000000002878e+01 3.844989811007479830e+01
1.367000000000002835e+01 3.751531849083436043e+01
1.369000000000002792e+01 3.673266780680403798e+01
1.371000000000002750e+01 3.591465939120540440e+01
1.373000000000002707e+01 3.473064084681650598e+01
1.375000000000002665e+01 3.390759670623146604e+01
1.377000000000002622e+01 3.292713626642464675e+01
1.379000000000002579e+01 3.207183423154031487e+01
1.381000000000002537e+01 3.119340257294329177e+01
1.383000000000002494e+01 3.007519148305089374e+01
1.385000000000002451e+01 2.887896965616797473e+01
1.387000000000002409e+01 2.785738318146634285e+01
1.389000000000002366e+01 2.675701622297991733e+01
1.391000000000002323e+01 2.566700351736652053e+01
1.393000000000002281e+01 2.448245950911499236e+01
1.395000000000002238e+01 2.336741508989799598e+01
1.397000000000002196e+01 2.213006576755993748e+01
1.399000000000002153e+01 2.088850635665302846e+01
1.401000000000002110e+01 1.952729613131807440e+01
1.403000000000002068e+01 1.831147827302854125e+01
1.405000000000002025e+01 1.686333347257493998e+01
1.407000000000001982e+01 1.571247139034198170e+01
1.409000000000001940e+01 1.418388840887332414e+01
1.411000000000001897e+01 1.302151464647262102e+01
1.413000000000001855e+01 1.155561733635438770e+01
1.415000000000001812e+01 1.031266780041507580e+01
1.417000000000001769e+01 8.961225145248191026e+00
1.419000000000001727e+01 7.801103695947544381e+00
1.421000000000001684e+01 6.391056697364823513e+00
1.423000000000001641e+01 5.394075304565880913e+00
1.425000000000001599e+01 4.309002013825986133e+00
1.427000000000001556e+01 3.366376624246290472e+00
1.429000000000001513e+01 2.545945121768284025e+00
1.431000000000001471e+01 1.920657825703632859e+00
1.433000000000001428e+01 1.445676156098073317e+00
1.435000000000001386e+01 1.048547774680541833e+00
1.437000000000001343e+01 7.465272492590416809e-01
1.439000000000001300e+01 5.219790810747877430e-01
1.441000000000001258e+01 3.715161137971786931e-01
1.443000000000001215e+01 2.481815615280952847e-01
1.445000000000001172e+01 1.538043754035754718e-01
1.447000000000001130e+01 7.048876353813765538e-02
1.449000000000001087e+01 4.607318342028188241e-02
1.451000000000001044e+01 1.634326466181188625e-02
1.453000000000001002e+01 8.198011151663856660e-03
1.455000000000000959e+01 2.762332721048352691e-03
1.457000000000000917e+01 5.479322717858055129e-03
1.459000000000000874e+01 4.642878132525563399e-10
1.461000000000000831e+01 3.548868026171696953e-10
1.463000000000000789e+01 0.000000000000000000e+00
1.465000000000000746e+01 0.000000000000000000e+00
1.467000000000000703e+01 0.000000000000000000e+00
1.469000000000000661e+01 0.000000000000000000e+00
1.471000000000000618e+01 0.000000000000000000e+00
1.473000000000000576e+01 0.000000000000000000e+00
1.475000000000000533e+01 0.000000000000000000e+00
1.477000000000000490e+01 0.000000000000000000e+00
1.479000000000000448e+01 0.000000000000000000e+00
1.481000000000000405e+01 0.000000000000000000e+00
1.483000000000000362e+01 0.000000000000000000e+00
1.485000000000000320e+01 0.000000000000000000e+00
1.487000000000000277e+01 0.000000000000000000e+00
1.489000000000000234e+01 0.000000000000000000e+00
1.491000000000000192e+01 0.000000000000000000e+00
1.493000000000000149e+01 0.000000000000000000e+00
1.495000000000000107e+01 0.000000000000000000e+00
1.497000000000000064e+01 0.000000000000000000e+00
1.499000000000000021e+01 0.000000000000000000e+00
