# Redshift		Merger Rate Density [Gpc^-3yr^-1]
1.000000000031931770e-02 1.831510189065633938e+02
3.000000000031888964e-02 1.915741814927188216e+02
5.000000000031846331e-02 1.989712233497085379e+02
7.000000000031804392e-02 2.083856360389385429e+02
9.000000000031761760e-02 2.157018317803383809e+02
1.100000000003171913e-01 2.256567606362814047e+02
1.300000000003167511e-01 2.355760487330696549e+02
1.500000000003163247e-01 2.457583223664523473e+02
1.700000000003158984e-01 2.535977209021150713e+02
1.900000000003154721e-01 2.658811358007237118e+02
2.100000000003150458e-01 2.760296026293203795e+02
2.300000000003146194e-01 2.848231282843332792e+02
2.500000000003141931e-01 2.977373401544351736e+02
2.700000000003137668e-01 3.086983306693825853e+02
2.900000000003133405e-01 3.186190944631350703e+02
3.100000000003129141e-01 3.311398883669307338e+02
3.300000000003124878e-01 3.417819342226562185e+02
3.500000000003120615e-01 3.522767778377152013e+02
3.700000000003116352e-01 3.660729191176421295e+02
3.900000000003112088e-01 3.772698010834292859e+02
4.100000000003107825e-01 3.896484363483581888e+02
4.300000000003103562e-01 4.012937761415518594e+02
4.500000000003099299e-01 4.143574477765315009e+02
4.700000000003095035e-01 4.272630921863585058e+02
4.900000000003090772e-01 4.377634588160027533e+02
5.100000000003086509e-01 4.557135987050462518e+02
5.300000000003082246e-01 4.636872874060470622e+02
5.500000000003077982e-01 4.792989893641496906e+02
5.700000000003073719e-01 4.916257238453146670e+02
5.900000000003069456e-01 5.052978678313515388e+02
6.100000000003065193e-01 5.176709907714055134e+02
6.300000000003060929e-01 5.290907536771726427e+02
6.500000000003056666e-01 5.462591641798918545e+02
6.700000000003052403e-01 5.594377203188570320e+02
6.900000000003048140e-01 5.754145308352511847e+02
7.100000000003043876e-01 5.863345931386355687e+02
7.300000000003039613e-01 6.003048336729327730e+02
7.500000000003035350e-01 6.163597841150910881e+02
7.700000000003031086e-01 6.268497042339630525e+02
7.900000000003026823e-01 6.418857475282982250e+02
8.100000000003022560e-01 6.530581159147670860e+02
8.300000000003018297e-01 6.669516565882166788e+02
8.500000000003014033e-01 6.856153042780662190e+02
8.700000000003009770e-01 6.893132209412605107e+02
8.900000000003005507e-01 7.097984133379289915e+02
9.100000000003001244e-01 7.167054567700962480e+02
9.300000000002996980e-01 7.313626296382810779e+02
9.500000000002992717e-01 7.459508243423355225e+02
9.700000000002988454e-01 7.574205436821430339e+02
9.900000000002984191e-01 7.650317240981408986e+02
1.010000000000297993e+00 7.756543034002590957e+02
1.030000000000297566e+00 7.922966936126731525e+02
1.050000000000297140e+00 7.974940324009735377e+02
1.070000000000296714e+00 8.140663578117904535e+02
1.090000000000296287e+00 8.222970444764375770e+02
1.110000000000295861e+00 8.275997043282625327e+02
1.130000000000295435e+00 8.353515393659148458e+02
1.150000000000295008e+00 8.463448116299624644e+02
1.170000000000294582e+00 8.538665914128098393e+02
1.190000000000294156e+00 8.619284271545384399e+02
1.210000000000293729e+00 8.713365855874169483e+02
1.230000000000293303e+00 8.741138265274536252e+02
1.250000000000292877e+00 8.815382187605006266e+02
1.270000000000292451e+00 8.909019462884914446e+02
1.290000000000292024e+00 8.865663693843600868e+02
1.310000000000291598e+00 8.983426213455662719e+02
1.330000000000291172e+00 8.981515735363016120e+02
1.350000000000290745e+00 9.018959171430693686e+02
1.370000000000290319e+00 9.103660650178412652e+02
1.390000000000289893e+00 9.109363174892577035e+02
1.410000000000289466e+00 9.090142146718675349e+02
1.430000000000289040e+00 9.128297768722711680e+02
1.450000000000288614e+00 9.124094240945388492e+02
1.470000000000288187e+00 9.177553656179288737e+02
1.490000000000287761e+00 9.130107147428096823e+02
1.510000000000287335e+00 9.173197615952542492e+02
1.530000000000286908e+00 9.140501188655902070e+02
1.550000000000286482e+00 9.133862762926950154e+02
1.570000000000286056e+00 9.152968717740396869e+02
1.590000000000285629e+00 9.058371003686247604e+02
1.610000000000285203e+00 9.061644434103003505e+02
1.630000000000284777e+00 9.022149247640039675e+02
1.650000000000284350e+00 9.049134065284708868e+02
1.670000000000283924e+00 8.947906685408651128e+02
1.690000000000283498e+00 8.947262852242050712e+02
1.710000000000283071e+00 8.951735888177929610e+02
1.730000000000282645e+00 8.843385952001755186e+02
1.750000000000282219e+00 8.859012646559652921e+02
1.770000000000281792e+00 8.722510697379084377e+02
1.790000000000281366e+00 8.766722429070911176e+02
1.810000000000280940e+00 8.647231874021529165e+02
1.830000000000280513e+00 8.564308458284906465e+02
1.850000000000280087e+00 8.581602378763896013e+02
1.870000000000279661e+00 8.478577112293165783e+02
1.890000000000279234e+00 8.413478628386333185e+02
1.910000000000278808e+00 8.324475257853155199e+02
1.930000000000278382e+00 8.273989307748817055e+02
1.950000000000277955e+00 8.228035554038484634e+02
1.970000000000277529e+00 8.134780919651952900e+02
1.990000000000277103e+00 8.056442929725880049e+02
2.010000000000276899e+00 8.000879169099615638e+02
2.030000000000276472e+00 7.914206173509056725e+02
2.050000000000276046e+00 7.776497262420858760e+02
2.070000000000275620e+00 7.764619597007271068e+02
2.090000000000275193e+00 7.687342967940338667e+02
2.110000000000274767e+00 7.558283527668623947e+02
2.130000000000274341e+00 7.487675419437108530e+02
2.150000000000273914e+00 7.421755346338733261e+02
2.170000000000273488e+00 7.286671224651880721e+02
2.190000000000273062e+00 7.245769555013800982e+02
2.210000000000272635e+00 7.145213537165332127e+02
2.230000000000272209e+00 7.059324391697233523e+02
2.250000000000271783e+00 6.983918311230253266e+02
2.270000000000271356e+00 6.882139750701766161e+02
2.290000000000270930e+00 6.808677576089127115e+02
2.310000000000270504e+00 6.686802265405799517e+02
2.330000000000270077e+00 6.655067773166944107e+02
2.350000000000269651e+00 6.551281790769493227e+02
2.370000000000269225e+00 6.412811924084136308e+02
2.390000000000268798e+00 6.375171005264104451e+02
2.410000000000268372e+00 6.257078669629130445e+02
2.430000000000267946e+00 6.202148902881637014e+02
2.450000000000267519e+00 6.067006392082088269e+02
2.470000000000267093e+00 6.002883751096831020e+02
2.490000000000266667e+00 5.918921450122085162e+02
2.510000000000266240e+00 5.872068813598812085e+02
2.530000000000265814e+00 5.702281034920023330e+02
2.550000000000265388e+00 5.711772639761651362e+02
2.570000000000264961e+00 5.552923758583532390e+02
2.590000000000264535e+00 5.489482439457082137e+02
2.610000000000264109e+00 5.387194067808014779e+02
2.630000000000263682e+00 5.343931245869599707e+02
2.650000000000263256e+00 5.255385264742569689e+02
2.670000000000262830e+00 5.164036533659015049e+02
2.690000000000262403e+00 5.070060478962347474e+02
2.710000000000261977e+00 4.988994593840072866e+02
2.730000000000261551e+00 4.911782623501065359e+02
2.750000000000261124e+00 4.823343353534846187e+02
2.770000000000260698e+00 4.760737136841599977e+02
2.790000000000260272e+00 4.663789892773931456e+02
2.810000000000259845e+00 4.583537749988990981e+02
2.830000000000259419e+00 4.552973930754267258e+02
2.850000000000258993e+00 4.474166402497544368e+02
2.870000000000258567e+00 4.377881201152083577e+02
2.890000000000258140e+00 4.330355886805573391e+02
2.910000000000257714e+00 4.250153344960584718e+02
2.930000000000257288e+00 4.178613620800737749e+02
2.950000000000256861e+00 4.073489029974207938e+02
2.970000000000256435e+00 4.002061332126997399e+02
2.990000000000256009e+00 3.913155046074634242e+02
3.010000000000255582e+00 3.891298587620560738e+02
3.030000000000255156e+00 3.834429927878395574e+02
3.050000000000254730e+00 3.768859059500528588e+02
3.070000000000254303e+00 3.689520421814569318e+02
3.090000000000253877e+00 3.635446051161999321e+02
3.110000000000253451e+00 3.557558895484367554e+02
3.130000000000253024e+00 3.478718872427567703e+02
3.150000000000252598e+00 3.437658067419417875e+02
3.170000000000252172e+00 3.376813321446057330e+02
3.190000000000251745e+00 3.328206172514535410e+02
3.210000000000251319e+00 3.249066998449262655e+02
3.230000000000250893e+00 3.202413101204790564e+02
3.250000000000250466e+00 3.132366968667213882e+02
3.270000000000250040e+00 3.063864269381911072e+02
3.290000000000249614e+00 3.017727732183125227e+02
3.310000000000249187e+00 2.972285941444690707e+02
3.330000000000248761e+00 2.926286465207269316e+02
3.350000000000248335e+00 2.867857072645537642e+02
3.370000000000247908e+00 2.830217283323472657e+02
3.390000000000247482e+00 2.740019844746898912e+02
3.410000000000247056e+00 2.706783490159234589e+02
3.430000000000246629e+00 2.663244643103853377e+02
3.450000000000246203e+00 2.602287795209989554e+02
3.470000000000245777e+00 2.559271114264593336e+02
3.490000000000245350e+00 2.519383480141573273e+02
3.510000000000244924e+00 2.461402394230940445e+02
3.530000000000244498e+00 2.412547625416700328e+02
3.550000000000244071e+00 2.396923349231483371e+02
3.570000000000243645e+00 2.321593447703848483e+02
3.590000000000243219e+00 2.277954335343983985e+02
3.610000000000242792e+00 2.261407800185779138e+02
3.630000000000242366e+00 2.204846121799642447e+02
3.650000000000241940e+00 2.175020427781583408e+02
3.670000000000241513e+00 2.130212498707082318e+02
3.690000000000241087e+00 2.096792930962156731e+02
3.710000000000240661e+00 2.038810208503645640e+02
3.730000000000240234e+00 2.017455136943586922e+02
3.750000000000239808e+00 1.991211628603138593e+02
3.770000000000239382e+00 1.946359526465452063e+02
3.790000000000238956e+00 1.905464119769782201e+02
3.810000000000238529e+00 1.891218206719542536e+02
3.830000000000238103e+00 1.843027072085166651e+02
3.850000000000237677e+00 1.804667934352825682e+02
3.870000000000237250e+00 1.785569730218054758e+02
3.890000000000236824e+00 1.745101007408484293e+02
3.910000000000236398e+00 1.728141612094859738e+02
3.930000000000235971e+00 1.691423526466350893e+02
3.950000000000235545e+00 1.665335756745043625e+02
3.970000000000235119e+00 1.621724337369406044e+02
3.990000000000234692e+00 1.613402128299679532e+02
4.010000000000234266e+00 1.561552699883858963e+02
4.030000000000233840e+00 1.557509763584102132e+02
4.050000000000233413e+00 1.532134306632491700e+02
4.070000000000232987e+00 1.503041694703991595e+02
4.090000000000232561e+00 1.473504666963245882e+02
4.110000000000232134e+00 1.449249240912224934e+02
4.130000000000231708e+00 1.426446543499575625e+02
4.150000000000231282e+00 1.413839685291091826e+02
4.170000000000230855e+00 1.373717978910673310e+02
4.190000000000230429e+00 1.367666899407753363e+02
4.210000000000230003e+00 1.335298634880118414e+02
4.230000000000229576e+00 1.316945234974933499e+02
4.250000000000229150e+00 1.294102607442208921e+02
4.270000000000228724e+00 1.278885033602682171e+02
4.290000000000228297e+00 1.261073767179533576e+02
4.310000000000227871e+00 1.234883881127742313e+02
4.330000000000227445e+00 1.212941074762864559e+02
4.350000000000227018e+00 1.197672689681548093e+02
4.370000000000226592e+00 1.181023315694698539e+02
4.390000000000226166e+00 1.162048936763334837e+02
4.410000000000225739e+00 1.147603857828347884e+02
4.430000000000225313e+00 1.136134257183830840e+02
4.450000000000224887e+00 1.112310163919329682e+02
4.470000000000224460e+00 1.090895640433238896e+02
4.490000000000224034e+00 1.074820743580235956e+02
4.510000000000223608e+00 1.068415577017730271e+02
4.530000000000223181e+00 1.045645797755598636e+02
4.550000000000222755e+00 1.036198932139948852e+02
4.570000000000222329e+00 1.013093294269303044e+02
4.590000000000221902e+00 1.008176576561510416e+02
4.610000000000221476e+00 9.900764572968739685e+01
4.630000000000221050e+00 9.882587172882512050e+01
4.650000000000220624e+00 9.611128446558730332e+01
4.670000000000220197e+00 9.482407784525082661e+01
4.690000000000219771e+00 9.420990935714620207e+01
4.710000000000219345e+00 9.254233520242125621e+01
4.730000000000218918e+00 9.174553037187081372e+01
4.750000000000218492e+00 9.094256862590445678e+01
4.770000000000218066e+00 9.006967644889671476e+01
4.790000000000217639e+00 8.865740256054141355e+01
4.810000000000217213e+00 8.744899961368838603e+01
4.830000000000216787e+00 8.676859926501553844e+01
4.850000000000216360e+00 8.579731323102690510e+01
4.870000000000215934e+00 8.554996215309738261e+01
4.890000000000215508e+00 8.402789010995023489e+01
4.910000000000215081e+00 8.307798598253430100e+01
4.930000000000214655e+00 8.302590456034076283e+01
4.950000000000214229e+00 8.120179190312751416e+01
4.970000000000213802e+00 8.150354928201247162e+01
4.990000000000213376e+00 8.041216695570699358e+01
5.010000000000212950e+00 7.932927390769150122e+01
5.030000000000212523e+00 7.883839822597609270e+01
5.050000000000212097e+00 7.821197147279063699e+01
5.070000000000211671e+00 7.762328891670070163e+01
5.090000000000211244e+00 7.664949368969747923e+01
5.110000000000210818e+00 7.636444717426249440e+01
5.130000000000210392e+00 7.652312885164697320e+01
5.150000000000209965e+00 7.507978271787307278e+01
5.170000000000209539e+00 7.475097366513170982e+01
5.190000000000209113e+00 7.413893583707155699e+01
5.210000000000208686e+00 7.379646718335183664e+01
5.230000000000208260e+00 7.315550688327343209e+01
5.250000000000207834e+00 7.223381932796758065e+01
5.270000000000207407e+00 7.184472746841505852e+01
5.290000000000206981e+00 7.155632797199768902e+01
5.310000000000206555e+00 7.118340851236870037e+01
5.330000000000206128e+00 7.077079166603809313e+01
5.350000000000205702e+00 7.009937151685824119e+01
5.370000000000205276e+00 6.938860150837805918e+01
5.390000000000204849e+00 6.961797077474061268e+01
5.410000000000204423e+00 6.878952747181492100e+01
5.430000000000203997e+00 6.880180850547257876e+01
5.450000000000203570e+00 6.793144887694587908e+01
5.470000000000203144e+00 6.788449074533217242e+01
5.490000000000202718e+00 6.769535396365439794e+01
5.510000000000202292e+00 6.749032360574000222e+01
5.530000000000201865e+00 6.690550167492256151e+01
5.550000000000201439e+00 6.600131980383477526e+01
5.570000000000201013e+00 6.533416599460940688e+01
5.590000000000200586e+00 6.513209473784129955e+01
5.610000000000200160e+00 6.565598789119117384e+01
5.630000000000199734e+00 6.475661702857898661e+01
5.650000000000199307e+00 6.402375382096300882e+01
5.670000000000198881e+00 6.348528008437560999e+01
5.690000000000198455e+00 6.297829420540327305e+01
5.710000000000198028e+00 6.273025875427422449e+01
5.730000000000197602e+00 6.177981822455794969e+01
5.750000000000197176e+00 6.148897729203255125e+01
5.770000000000196749e+00 6.108236335739149325e+01
5.790000000000196323e+00 6.080221271158478658e+01
5.810000000000195897e+00 5.987009297527438179e+01
5.830000000000195470e+00 5.992753073681443254e+01
5.850000000000195044e+00 5.897568230382670151e+01
5.870000000000194618e+00 5.857429577535322807e+01
5.890000000000194191e+00 5.891302688798549525e+01
5.910000000000193765e+00 5.765585421389079812e+01
5.930000000000193339e+00 5.731437647307034666e+01
5.950000000000192912e+00 5.731021526661590570e+01
5.970000000000192486e+00 5.619292015287550868e+01
5.990000000000192060e+00 5.566486168429165815e+01
6.010000000000191633e+00 5.587966407548283598e+01
6.030000000000191207e+00 5.490168625875963215e+01
6.050000000000190781e+00 5.461072686522318520e+01
6.070000000000190354e+00 5.395252847167991916e+01
6.090000000000189928e+00 5.365030757413475726e+01
6.110000000000189502e+00 5.238977307399302674e+01
6.130000000000189075e+00 5.233660784119301468e+01
6.150000000000188649e+00 5.171832814491681773e+01
6.170000000000188223e+00 5.144989449405704818e+01
6.190000000000187796e+00 5.164045403340634266e+01
6.210000000000187370e+00 5.014343931082499495e+01
6.230000000000186944e+00 4.955882161108102224e+01
6.250000000000186517e+00 4.938797930499227817e+01
6.270000000000186091e+00 4.893664857497060439e+01
6.290000000000185665e+00 4.862661929828030338e+01
6.310000000000185238e+00 4.772616148113750256e+01
6.330000000000184812e+00 4.668999215630462629e+01
6.350000000000184386e+00 4.732358908876838655e+01
6.370000000000183960e+00 4.633915914994516072e+01
6.390000000000183533e+00 4.596371691945044091e+01
6.410000000000183107e+00 4.548891774358100548e+01
6.430000000000182681e+00 4.509737544297794898e+01
6.450000000000182254e+00 4.467124471687663601e+01
6.470000000000181828e+00 4.408256559039678990e+01
6.490000000000181402e+00 4.369703687383209001e+01
6.510000000000180975e+00 4.290225910700432621e+01
6.530000000000180549e+00 4.312627138948386118e+01
6.550000000000180123e+00 4.254871320361796450e+01
6.570000000000179696e+00 4.208386374370594751e+01
6.590000000000179270e+00 4.168386646427639874e+01
6.610000000000178844e+00 4.127700725625893341e+01
6.630000000000178417e+00 4.066855757444095332e+01
6.650000000000177991e+00 4.058907883067201539e+01
6.670000000000177565e+00 3.988902615223268810e+01
6.690000000000177138e+00 3.995731169104652736e+01
6.710000000000176712e+00 3.964734422486467480e+01
6.730000000000176286e+00 3.963722929630075242e+01
6.750000000000175859e+00 3.843751945463291975e+01
6.770000000000175433e+00 3.827220308693183881e+01
6.790000000000175007e+00 3.813745725492005079e+01
6.810000000000174580e+00 3.812777848242883039e+01
6.830000000000174154e+00 3.706996105469659142e+01
6.850000000000173728e+00 3.720439912000147586e+01
6.870000000000173301e+00 3.671494826172862957e+01
6.890000000000172875e+00 3.655245835224583573e+01
6.910000000000172449e+00 3.579108838776011225e+01
6.930000000000172022e+00 3.594026262257934690e+01
6.950000000000171596e+00 3.535764789507293671e+01
6.970000000000171170e+00 3.541154740981327365e+01
6.990000000000170743e+00 3.511540024820923378e+01
7.010000000000170317e+00 3.504197927410098146e+01
7.030000000000169891e+00 3.437616666555245359e+01
7.050000000000169464e+00 3.404676289296583747e+01
7.070000000000169038e+00 3.404311557470428795e+01
7.090000000000168612e+00 3.406936519719884870e+01
7.110000000000168185e+00 3.379778694962622865e+01
7.130000000000167759e+00 3.343419739360948029e+01
7.150000000000167333e+00 3.358412088042126697e+01
7.170000000000166906e+00 3.337376801188711539e+01
7.190000000000166480e+00 3.302177423045436910e+01
7.210000000000166054e+00 3.313978687016624747e+01
7.230000000000165628e+00 3.292075708715732674e+01
7.250000000000165201e+00 3.298614643657339940e+01
7.270000000000164775e+00 3.271441877551202282e+01
7.290000000000164349e+00 3.239144910343755868e+01
7.310000000000163922e+00 3.251540629713426256e+01
7.330000000000163496e+00 3.228821347557932597e+01
7.350000000000163070e+00 3.244179076527399985e+01
7.370000000000162643e+00 3.204096437168150402e+01
7.390000000000162217e+00 3.216082015044934650e+01
7.410000000000161791e+00 3.191969110520154729e+01
7.430000000000161364e+00 3.199256438638413158e+01
7.450000000000160938e+00 3.175740081380532587e+01
7.470000000000160512e+00 3.198892020381399703e+01
7.490000000000160085e+00 3.189879811150647626e+01
7.510000000000159659e+00 3.185191638841155637e+01
7.530000000000159233e+00 3.199598905424472051e+01
7.550000000000158806e+00 3.209307944758075593e+01
7.570000000000158380e+00 3.211224876736498857e+01
7.590000000000157954e+00 3.188045837736319399e+01
7.610000000000157527e+00 3.219789612118167810e+01
7.630000000000157101e+00 3.220380409633884966e+01
7.650000000000156675e+00 3.226111701832316925e+01
7.670000000000156248e+00 3.235555667785796174e+01
7.690000000000155822e+00 3.294455775001603115e+01
7.710000000000155396e+00 3.288945473281557241e+01
7.730000000000154969e+00 3.302384866046322998e+01
7.750000000000154543e+00 3.280515447887088953e+01
7.770000000000154117e+00 3.336428410302841741e+01
7.790000000000153690e+00 3.307052083749098159e+01
7.810000000000153264e+00 3.340185412878335569e+01
7.830000000000152838e+00 3.388948079322985762e+01
7.850000000000152411e+00 3.404598039666576170e+01
7.870000000000151985e+00 3.406115811013866335e+01
7.890000000000151559e+00 3.384239385858817428e+01
7.910000000000151132e+00 3.447179722019628656e+01
7.930000000000150706e+00 3.451557914076902733e+01
7.950000000000150280e+00 3.468008390354364678e+01
7.970000000000149853e+00 3.508317259817037836e+01
7.990000000000149427e+00 3.522333996652741916e+01
8.010000000000149001e+00 3.562685378709224437e+01
8.030000000000148574e+00 3.554550242211307420e+01
8.050000000000148148e+00 3.617199496860851582e+01
8.070000000000147722e+00 3.645176218445135419e+01
8.090000000000147296e+00 3.634228831437368257e+01
8.110000000000146869e+00 3.681232222135231780e+01
8.130000000000146443e+00 3.732950900330568800e+01
8.150000000000146017e+00 3.715625046035973611e+01
8.170000000000145590e+00 3.785067251974049185e+01
8.190000000000145164e+00 3.789371497338965611e+01
8.210000000000144738e+00 3.819258932070134449e+01
8.230000000000144311e+00 3.849614334292315476e+01
8.250000000000143885e+00 3.864078371634507647e+01
8.270000000000143459e+00 3.908690131902756093e+01
8.290000000000143032e+00 3.908817742094738890e+01
8.310000000000142606e+00 3.939671264807216744e+01
8.330000000000142180e+00 3.966019269917418910e+01
8.350000000000141753e+00 3.993142709740804008e+01
8.370000000000141327e+00 4.009175463434587527e+01
8.390000000000140901e+00 4.037573870696246559e+01
8.410000000000140474e+00 4.107899125876335233e+01
8.430000000000140048e+00 4.087106578877809682e+01
8.450000000000139622e+00 4.114757951062393460e+01
8.470000000000139195e+00 4.155322527665317267e+01
8.490000000000138769e+00 4.188026890409513214e+01
8.510000000000138343e+00 4.220156330450535620e+01
8.530000000000137916e+00 4.240316635750519225e+01
8.550000000000137490e+00 4.270178031820595521e+01
8.570000000000137064e+00 4.301651616544985757e+01
8.590000000000136637e+00 4.312440589936252877e+01
8.610000000000136211e+00 4.354484431072536665e+01
8.630000000000135785e+00 4.344167160746262368e+01
8.650000000000135358e+00 4.388726842043873688e+01
8.670000000000134932e+00 4.408876679439671875e+01
8.690000000000134506e+00 4.437883511431460448e+01
8.710000000000134079e+00 4.447350587587807524e+01
8.730000000000133653e+00 4.480933314658152256e+01
8.750000000000133227e+00 4.521037511403620357e+01
8.770000000000132800e+00 4.570618349881287656e+01
8.790000000000132374e+00 4.597952530322901055e+01
8.810000000000131948e+00 4.587943825157810807e+01
8.830000000000131521e+00 4.631677986791548562e+01
8.850000000000131095e+00 4.672594330152504938e+01
8.870000000000130669e+00 4.674183527714721720e+01
8.890000000000130242e+00 4.719309451256293642e+01
8.910000000000129816e+00 4.722626617416578654e+01
8.930000000000129390e+00 4.748833487621521243e+01
8.950000000000128964e+00 4.783560765327573705e+01
8.970000000000128537e+00 4.805863717613461716e+01
8.990000000000128111e+00 4.827938167225656230e+01
9.010000000000127685e+00 4.857546413173429301e+01
9.030000000000127258e+00 4.870340465366029292e+01
9.050000000000126832e+00 4.909393644551835933e+01
9.070000000000126406e+00 4.935366915131347554e+01
9.090000000000125979e+00 4.927340736477874117e+01
9.110000000000125553e+00 4.970218103908781870e+01
9.130000000000125127e+00 4.972570435534156985e+01
9.150000000000124700e+00 5.034467670992887633e+01
9.170000000000124274e+00 5.013470267906806299e+01
9.190000000000123848e+00 5.026489634682116048e+01
9.210000000000123421e+00 5.018866165902554144e+01
9.230000000000122995e+00 5.059632811545800735e+01
9.250000000000122569e+00 5.066483545118656906e+01
9.270000000000122142e+00 5.088803268061323593e+01
9.290000000000121716e+00 5.082835039815307709e+01
9.310000000000121290e+00 5.100969492979464093e+01
9.330000000000120863e+00 5.095004065330695653e+01
9.350000000000120437e+00 5.098448244566095156e+01
9.370000000000120011e+00 5.101230782028112287e+01
9.390000000000119584e+00 5.091625405878947674e+01
9.410000000000119158e+00 5.103010923426705858e+01
9.430000000000118732e+00 5.087030960267907176e+01
9.450000000000118305e+00 5.088538137111741833e+01
9.470000000000117879e+00 5.050237010327583675e+01
9.490000000000117453e+00 5.063642735568091524e+01
9.510000000000117026e+00 5.052217155139059201e+01
9.530000000000116600e+00 5.048328951860147384e+01
9.550000000000116174e+00 5.004757766881730419e+01
9.570000000000115747e+00 4.961785912405185428e+01
9.590000000000115321e+00 4.970727448343502175e+01
9.610000000000114895e+00 4.942365054736571750e+01
9.630000000000114468e+00 4.904339562352644322e+01
9.650000000000114042e+00 4.884161580635035449e+01
9.670000000000113616e+00 4.838970812378475017e+01
9.690000000000113189e+00 4.807781773385170965e+01
9.710000000000112763e+00 4.775819554353266483e+01
9.730000000000112337e+00 4.745348673255510619e+01
9.750000000000111910e+00 4.686320827967097102e+01
9.770000000000111484e+00 4.661156769745100092e+01
9.790000000000111058e+00 4.630535417488807326e+01
9.810000000000110632e+00 4.551181837794891294e+01
9.830000000000110205e+00 4.527850369540105646e+01
9.850000000000109779e+00 4.467403035468180406e+01
9.870000000000109353e+00 4.425521922406498732e+01
9.890000000000108926e+00 4.354869206396195125e+01
9.910000000000108500e+00 4.306186882095019541e+01
9.930000000000108074e+00 4.252996599987085347e+01
9.950000000000107647e+00 4.206465927603078825e+01
9.970000000000107221e+00 4.156583084616132595e+01
9.990000000000106795e+00 4.099758122196128340e+01
1.001000000000010637e+01 4.062169122434531232e+01
1.003000000000010594e+01 3.976051621143219705e+01
1.005000000000010552e+01 3.969984935219167710e+01
1.007000000000010509e+01 3.881325797752880646e+01
1.009000000000010466e+01 3.804679712003594005e+01
1.011000000000010424e+01 3.776565170248360204e+01
1.013000000000010381e+01 3.720391275875482506e+01
1.015000000000010338e+01 3.638322158706746734e+01
1.017000000000010296e+01 3.606679178366790239e+01
1.019000000000010253e+01 3.517766366327654026e+01
1.021000000000010210e+01 3.488891067310180460e+01
1.023000000000010168e+01 3.428499496845160621e+01
1.025000000000010125e+01 3.372494089864625266e+01
1.027000000000010083e+01 3.346928805706455989e+01
1.029000000000010040e+01 3.290119275081500660e+01
1.031000000000009997e+01 3.248926932429242953e+01
1.033000000000009955e+01 3.192775809902210327e+01
1.035000000000009912e+01 3.134322624251324640e+01
1.037000000000009869e+01 3.081005700065980335e+01
1.039000000000009827e+01 3.043310669026968540e+01
1.041000000000009784e+01 2.973219591579832510e+01
1.043000000000009742e+01 2.948428843659631227e+01
1.045000000000009699e+01 2.919959380094061885e+01
1.047000000000009656e+01 2.857608084612336796e+01
1.049000000000009614e+01 2.832840447866204769e+01
1.051000000000009571e+01 2.778862231053562937e+01
1.053000000000009528e+01 2.748251442032587732e+01
1.055000000000009486e+01 2.715673057327479967e+01
1.057000000000009443e+01 2.686070693144113619e+01
1.059000000000009400e+01 2.647310155328334957e+01
1.061000000000009358e+01 2.610726718952229675e+01
1.063000000000009315e+01 2.567561517462259957e+01
1.065000000000009273e+01 2.526327759284794894e+01
1.067000000000009230e+01 2.496189288972120224e+01
1.069000000000009187e+01 2.481524708125900602e+01
1.071000000000009145e+01 2.454578883513060816e+01
1.073000000000009102e+01 2.429134047057793566e+01
1.075000000000009059e+01 2.383157582016932707e+01
1.077000000000009017e+01 2.382943141674451581e+01
1.079000000000008974e+01 2.345645310111919102e+01
1.081000000000008932e+01 2.310680522710279661e+01
1.083000000000008889e+01 2.286256316527718369e+01
1.085000000000008846e+01 2.267390956114357792e+01
1.087000000000008804e+01 2.241326291336008225e+01
1.089000000000008761e+01 2.209214039950789754e+01
1.091000000000008718e+01 2.201994983127069361e+01
1.093000000000008676e+01 2.183674374354875880e+01
1.095000000000008633e+01 2.169401565407164156e+01
1.097000000000008590e+01 2.135162885003129674e+01
1.099000000000008548e+01 2.110623410843006198e+01
1.101000000000008505e+01 2.102237989829691855e+01
1.103000000000008463e+01 2.089052763737984719e+01
1.105000000000008420e+01 2.053285151291358801e+01
1.107000000000008377e+01 2.031004533782345689e+01
1.109000000000008335e+01 2.033817760291509558e+01
1.111000000000008292e+01 2.018243276190093738e+01
1.113000000000008249e+01 1.990338687235104942e+01
1.115000000000008207e+01 1.987621705581859288e+01
1.117000000000008164e+01 1.969761638719175068e+01
1.119000000000008122e+01 1.949346688670324568e+01
1.121000000000008079e+01 1.931947714136241245e+01
1.123000000000008036e+01 1.932339436290304135e+01
1.125000000000007994e+01 1.928155913295982771e+01
1.127000000000007951e+01 1.908284760465223684e+01
1.129000000000007908e+01 1.879293705448057494e+01
1.131000000000007866e+01 1.875187660851115368e+01
1.133000000000007823e+01 1.873788686096636624e+01
1.135000000000007780e+01 1.861981776734001315e+01
1.137000000000007738e+01 1.869007624597707817e+01
1.139000000000007695e+01 1.855835648532737281e+01
1.141000000000007653e+01 1.839038535042926625e+01
1.143000000000007610e+01 1.834196420686133777e+01
1.145000000000007567e+01 1.851454210862040028e+01
1.147000000000007525e+01 1.828281044197654737e+01
1.149000000000007482e+01 1.821765478523434112e+01
1.151000000000007439e+01 1.848528908793071679e+01
1.153000000000007397e+01 1.837712059726863600e+01
1.155000000000007354e+01 1.819707610497737349e+01
1.157000000000007311e+01 1.845474860898936953e+01
1.159000000000007269e+01 1.838544392903149927e+01
1.161000000000007226e+01 1.850818805277824808e+01
1.163000000000007184e+01 1.859938025359339875e+01
1.165000000000007141e+01 1.847270144799129099e+01
1.167000000000007098e+01 1.861867312096937255e+01
1.169000000000007056e+01 1.857839771974109766e+01
1.171000000000007013e+01 1.889405078890548140e+01
1.173000000000006970e+01 1.907528076585919763e+01
1.175000000000006928e+01 1.924813194916898240e+01
1.177000000000006885e+01 1.918875663408438115e+01
1.179000000000006843e+01 1.943051414325522330e+01
1.181000000000006800e+01 1.935193679602435068e+01
1.183000000000006757e+01 1.972733925525082554e+01
1.185000000000006715e+01 2.002528950275473463e+01
1.187000000000006672e+01 2.011363289446148528e+01
1.189000000000006629e+01 2.018130463367432270e+01
1.191000000000006587e+01 2.036834627095869976e+01
1.193000000000006544e+01 2.067091077370826113e+01
1.195000000000006501e+01 2.072351329015490862e+01
1.197000000000006459e+01 2.095667303851483609e+01
1.199000000000006416e+01 2.119026160727511865e+01
1.201000000000006374e+01 2.137999641043997201e+01
1.203000000000006331e+01 2.177034018545225891e+01
1.205000000000006288e+01 2.187761004476594451e+01
1.207000000000006246e+01 2.211097480075517652e+01
1.209000000000006203e+01 2.225218009425151422e+01
1.211000000000006160e+01 2.229064275846483767e+01
1.213000000000006118e+01 2.270032584935314901e+01
1.215000000000006075e+01 2.278552415044468660e+01
1.217000000000006033e+01 2.296851010216422040e+01
1.219000000000005990e+01 2.326969685012072020e+01
1.221000000000005947e+01 2.341625302915358375e+01
1.223000000000005905e+01 2.360950023195655589e+01
1.225000000000005862e+01 2.358427926716257872e+01
1.227000000000005819e+01 2.386379001045479242e+01
1.229000000000005777e+01 2.410091644457366300e+01
1.231000000000005734e+01 2.405532426885044472e+01
1.233000000000005691e+01 2.431304201498736006e+01
1.235000000000005649e+01 2.428607534751999353e+01
1.237000000000005606e+01 2.453524279902686800e+01
1.239000000000005564e+01 2.462579649693955375e+01
1.241000000000005521e+01 2.475397522765802094e+01
1.243000000000005478e+01 2.467280774795867870e+01
1.245000000000005436e+01 2.476754478057895170e+01
1.247000000000005393e+01 2.489582654383816163e+01
1.249000000000005350e+01 2.493273152904059131e+01
1.251000000000005308e+01 2.486829166678143821e+01
1.253000000000005265e+01 2.497925960887107522e+01
1.255000000000005222e+01 2.515110789162697813e+01
1.257000000000005180e+01 2.502910460215345267e+01
1.259000000000005137e+01 2.482848745083636288e+01
1.261000000000005095e+01 2.500252436595040706e+01
1.263000000000005052e+01 2.494551439902230427e+01
1.265000000000005009e+01 2.493742012237688499e+01
1.267000000000004967e+01 2.501395847857132537e+01
1.269000000000004924e+01 2.484445790689724021e+01
1.271000000000004881e+01 2.481088263824451090e+01
1.273000000000004839e+01 2.471707511743323948e+01
1.275000000000004796e+01 2.466138799093652523e+01
1.277000000000004754e+01 2.459846025590832141e+01
1.279000000000004711e+01 2.464582033004501938e+01
1.281000000000004668e+01 2.437464388406239735e+01
1.283000000000004626e+01 2.452250720668571304e+01
1.285000000000004583e+01 2.425495716592891426e+01
1.287000000000004540e+01 2.428710968961752314e+01
1.289000000000004498e+01 2.414643825593241999e+01
1.291000000000004455e+01 2.387103997289293389e+01
1.293000000000004412e+01 2.380580702392706272e+01
1.295000000000004370e+01 2.377896936990544319e+01
1.297000000000004327e+01 2.386176874112362611e+01
1.299000000000004285e+01 2.367951323952957665e+01
1.301000000000004242e+01 2.348482949690666288e+01
1.303000000000004199e+01 2.332314160025030603e+01
1.305000000000004157e+01 2.311507002922998666e+01
1.307000000000004114e+01 2.318187178997257902e+01
1.309000000000004071e+01 2.293872236063048220e+01
1.311000000000004029e+01 2.297937430826829797e+01
1.313000000000003986e+01 2.279898873748750532e+01
1.315000000000003944e+01 2.262444596545022435e+01
1.317000000000003901e+01 2.255344269817271297e+01
1.319000000000003858e+01 2.235231496954707708e+01
1.321000000000003816e+01 2.226166387588524387e+01
1.323000000000003773e+01 2.224613815450060272e+01
1.325000000000003730e+01 2.197063329954767497e+01
1.327000000000003688e+01 2.196818496529209952e+01
1.329000000000003645e+01 2.170883274244422978e+01
1.331000000000003602e+01 2.159106141576731730e+01
1.333000000000003560e+01 2.166800313955808477e+01
1.335000000000003517e+01 2.139978000785192336e+01
1.337000000000003475e+01 2.130027714407372130e+01
1.339000000000003432e+01 2.106959365920670635e+01
1.341000000000003389e+01 2.113302944323517707e+01
1.343000000000003347e+01 2.106216948278565582e+01
1.345000000000003304e+01 2.057641547931881831e+01
1.347000000000003261e+01 2.069427931032633339e+01
1.349000000000003219e+01 2.068647565220835460e+01
1.351000000000003176e+01 2.045291182404456265e+01
1.353000000000003133e+01 2.020509777728473466e+01
1.355000000000003091e+01 2.008907787123491318e+01
1.357000000000003048e+01 1.983003160601313297e+01
1.359000000000003006e+01 1.964236912555853820e+01
1.361000000000002963e+01 1.930357639304787298e+01
1.363000000000002920e+01 1.880316636098280725e+01
1.365000000000002878e+01 1.841319512512370338e+01
1.367000000000002835e+01 1.795585064660085095e+01
1.369000000000002792e+01 1.755646745219803861e+01
1.371000000000002750e+01 1.717520632981329598e+01
1.373000000000002707e+01 1.643289459710999267e+01
1.375000000000002665e+01 1.585196891836865696e+01
1.377000000000002622e+01 1.545810400940849938e+01
1.379000000000002579e+01 1.469060242795342930e+01
1.381000000000002537e+01 1.436206225239086010e+01
1.383000000000002494e+01 1.385852168811242535e+01
1.385000000000002451e+01 1.341493519671555390e+01
1.387000000000002409e+01 1.298329827718219320e+01
1.389000000000002366e+01 1.254713844403449841e+01
1.391000000000002323e+01 1.223477451355662105e+01
1.393000000000002281e+01 1.157115115465730071e+01
1.395000000000002238e+01 1.128003202568681296e+01
1.397000000000002196e+01 1.084843323556700234e+01
1.399000000000002153e+01 1.033055913786589564e+01
1.401000000000002110e+01 9.635704577795856096e+00
1.403000000000002068e+01 8.976700236637801922e+00
1.405000000000002025e+01 8.247760191676977826e+00
1.407000000000001982e+01 7.470738914747997228e+00
1.409000000000001940e+01 6.619407387054515368e+00
1.411000000000001897e+01 5.978546734818036335e+00
1.413000000000001855e+01 5.252025069967690030e+00
1.415000000000001812e+01 4.693877488982539425e+00
1.417000000000001769e+01 4.095202884530280585e+00
1.419000000000001727e+01 3.641035534046003441e+00
1.421000000000001684e+01 3.219915555894110604e+00
1.423000000000001641e+01 2.855060793427275367e+00
1.425000000000001599e+01 2.497961847895560528e+00
1.427000000000001556e+01 2.069534573970051916e+00
1.429000000000001513e+01 1.738400411665290246e+00
1.431000000000001471e+01 1.483026442028707370e+00
1.433000000000001428e+01 1.348049956363172042e+00
1.435000000000001386e+01 1.126311935960970567e+00
1.437000000000001343e+01 8.806297095419023391e-01
1.439000000000001300e+01 6.465747759645121828e-01
1.441000000000001258e+01 4.689821950687858010e-01
1.443000000000001215e+01 3.317537704307852442e-01
1.445000000000001172e+01 2.371951401785706570e-01
1.447000000000001130e+01 1.321906927166336954e-01
1.449000000000001087e+01 4.851739902945789717e-02
1.451000000000001044e+01 2.702972592053128845e-03
1.453000000000001002e+01 6.067333641413127835e-19
1.455000000000000959e+01 6.040594541733493495e-19
1.457000000000000917e+01 0.000000000000000000e+00
1.459000000000000874e+01 0.000000000000000000e+00
1.461000000000000831e+01 0.000000000000000000e+00
1.463000000000000789e+01 0.000000000000000000e+00
1.465000000000000746e+01 0.000000000000000000e+00
1.467000000000000703e+01 0.000000000000000000e+00
1.469000000000000661e+01 0.000000000000000000e+00
1.471000000000000618e+01 0.000000000000000000e+00
1.473000000000000576e+01 0.000000000000000000e+00
1.475000000000000533e+01 0.000000000000000000e+00
1.477000000000000490e+01 0.000000000000000000e+00
1.479000000000000448e+01 0.000000000000000000e+00
1.481000000000000405e+01 0.000000000000000000e+00
1.483000000000000362e+01 0.000000000000000000e+00
1.485000000000000320e+01 0.000000000000000000e+00
1.487000000000000277e+01 0.000000000000000000e+00
1.489000000000000234e+01 0.000000000000000000e+00
1.491000000000000192e+01 0.000000000000000000e+00
1.493000000000000149e+01 0.000000000000000000e+00
1.495000000000000107e+01 0.000000000000000000e+00
1.497000000000000064e+01 0.000000000000000000e+00
1.499000000000000021e+01 0.000000000000000000e+00
