# Redshift		Merger Rate Density [Gpc^-3yr^-1]
1.000000000031931770e-02 2.775357918536688118e+00
3.000000000031888964e-02 2.892778485376872766e+00
5.000000000031846331e-02 2.699599991712926972e+00
7.000000000031804392e-02 2.670410065650133724e+00
9.000000000031761760e-02 2.715871896805678087e+00
1.100000000003171913e-01 2.773875951712408305e+00
1.300000000003167511e-01 2.766153930001660211e+00
1.500000000003163247e-01 2.789996543102928328e+00
1.700000000003158984e-01 2.924394530320645558e+00
1.900000000003154721e-01 2.854786635595853550e+00
2.100000000003150458e-01 3.052499614353993973e+00
2.300000000003146194e-01 3.025249261407586321e+00
2.500000000003141931e-01 3.146372438111900038e+00
2.700000000003137668e-01 3.345182158660068961e+00
2.900000000003133405e-01 3.379411541383503970e+00
3.100000000003129141e-01 3.223759616762658986e+00
3.300000000003124878e-01 3.210243947135643428e+00
3.500000000003120615e-01 3.167362122801384405e+00
3.700000000003116352e-01 3.000939337541543850e+00
3.900000000003112088e-01 3.042989316637420227e+00
4.100000000003107825e-01 2.820048133979813354e+00
4.300000000003103562e-01 2.946247551210964488e+00
4.500000000003099299e-01 2.724298867971100435e+00
4.700000000003095035e-01 2.623380094851289979e+00
4.900000000003090772e-01 2.695557837172604998e+00
5.100000000003086509e-01 2.633885902015886238e+00
5.300000000003082246e-01 2.549682100148392472e+00
5.500000000003077982e-01 2.562833906421829511e+00
5.700000000003073719e-01 2.623124781479921896e+00
5.900000000003069456e-01 2.534020287672281935e+00
6.100000000003065193e-01 2.580571264955912270e+00
6.300000000003060929e-01 2.651647119324094692e+00
6.500000000003056666e-01 2.735976807859726634e+00
6.700000000003052403e-01 2.879138215903580100e+00
6.900000000003048140e-01 2.932700616433411955e+00
7.100000000003043876e-01 2.769724937425040334e+00
7.300000000003039613e-01 2.959882954833171986e+00
7.500000000003035350e-01 3.069867151008415451e+00
7.700000000003031086e-01 3.264578882811631111e+00
7.900000000003026823e-01 3.071994047505349545e+00
8.100000000003022560e-01 3.186827700225519422e+00
8.300000000003018297e-01 3.293168664628399522e+00
8.500000000003014033e-01 3.476406871863535031e+00
8.700000000003009770e-01 3.337008666213830299e+00
8.900000000003005507e-01 3.445082332917896117e+00
9.100000000003001244e-01 3.467282089258251432e+00
9.300000000002996980e-01 3.594364360065179564e+00
9.500000000002992717e-01 3.538332693575177323e+00
9.700000000002988454e-01 3.664755632027247856e+00
9.900000000002984191e-01 3.495492194930216900e+00
1.010000000000297993e+00 3.648379400726374566e+00
1.030000000000297566e+00 3.564829770928118258e+00
1.050000000000297140e+00 3.665678785783299087e+00
1.070000000000296714e+00 3.670009125947720552e+00
1.090000000000296287e+00 3.784161297844165883e+00
1.110000000000295861e+00 3.957680659833688885e+00
1.130000000000295435e+00 3.737159100847125881e+00
1.150000000000295008e+00 4.118263529343858309e+00
1.170000000000294582e+00 4.164084316010433717e+00
1.190000000000294156e+00 4.195430414908991601e+00
1.210000000000293729e+00 4.397808635817692213e+00
1.230000000000293303e+00 4.153540560205308374e+00
1.250000000000292877e+00 4.358920241761530256e+00
1.270000000000292451e+00 4.361324549525122940e+00
1.290000000000292024e+00 4.401001828587150833e+00
1.310000000000291598e+00 4.390922247168696835e+00
1.330000000000291172e+00 4.621293263063098955e+00
1.350000000000290745e+00 4.309775049783682199e+00
1.370000000000290319e+00 4.535134869820787173e+00
1.390000000000289893e+00 4.773625496921174438e+00
1.410000000000289466e+00 4.290416611635333055e+00
1.430000000000289040e+00 4.845767925161094780e+00
1.450000000000288614e+00 4.546076025726645042e+00
1.470000000000288187e+00 4.218772339257572668e+00
1.490000000000287761e+00 5.075610943595204816e+00
1.510000000000287335e+00 4.621442740076312283e+00
1.530000000000286908e+00 4.602699868814622342e+00
1.550000000000286482e+00 4.660590868930801989e+00
1.570000000000286056e+00 4.605165399611353294e+00
1.590000000000285629e+00 4.889141308988572021e+00
1.610000000000285203e+00 4.474230617590652770e+00
1.630000000000284777e+00 4.879549565398487943e+00
1.650000000000284350e+00 4.594480848685636332e+00
1.670000000000283924e+00 4.809067258224308361e+00
1.690000000000283498e+00 4.645529874337269938e+00
1.710000000000283071e+00 4.721511344656332376e+00
1.730000000000282645e+00 4.354820412747825387e+00
1.750000000000282219e+00 4.943432009072855848e+00
1.770000000000281792e+00 4.513036178764023632e+00
1.790000000000281366e+00 4.904416821896011136e+00
1.810000000000280940e+00 4.590823826937628027e+00
1.830000000000280513e+00 4.733581584592035263e+00
1.850000000000280087e+00 4.742096850109260409e+00
1.870000000000279661e+00 4.705718178605622803e+00
1.890000000000279234e+00 4.503392150418143558e+00
1.910000000000278808e+00 4.807285428762393842e+00
1.930000000000278382e+00 4.408684281632615054e+00
1.950000000000277955e+00 4.838823577303824841e+00
1.970000000000277529e+00 4.684345730648626471e+00
1.990000000000277103e+00 4.828871921067139361e+00
2.010000000000276899e+00 4.578608282826205134e+00
2.030000000000276472e+00 4.509812835430060396e+00
2.050000000000276046e+00 4.738832512394483665e+00
2.070000000000275620e+00 4.378246225643116496e+00
2.090000000000275193e+00 4.466517752811552278e+00
2.110000000000274767e+00 4.538435952965399700e+00
2.130000000000274341e+00 4.627858196037162308e+00
2.150000000000273914e+00 4.323188726993957509e+00
2.170000000000273488e+00 4.527364538992245890e+00
2.190000000000273062e+00 4.241001489414323977e+00
2.210000000000272635e+00 4.343303340553827496e+00
2.230000000000272209e+00 4.234603645097505087e+00
2.250000000000271783e+00 4.537924085316603851e+00
2.270000000000271356e+00 4.133002179931788866e+00
2.290000000000270930e+00 4.145111908776305754e+00
2.310000000000270504e+00 4.329945452175654630e+00
2.330000000000270077e+00 4.450267968822269715e+00
2.350000000000269651e+00 4.053238817193289378e+00
2.370000000000269225e+00 4.100541011453274542e+00
2.390000000000268798e+00 4.209172040143529081e+00
2.410000000000268372e+00 4.329936686236957044e+00
2.430000000000267946e+00 4.187316584635273564e+00
2.450000000000267519e+00 3.982645297375090543e+00
2.470000000000267093e+00 4.176582426394849890e+00
2.490000000000266667e+00 4.232253921740494640e+00
2.510000000000266240e+00 3.958298599461679945e+00
2.530000000000265814e+00 3.809082136690484344e+00
2.550000000000265388e+00 4.327767411515152318e+00
2.570000000000264961e+00 3.974089251837787717e+00
2.590000000000264535e+00 3.866156222449510516e+00
2.610000000000264109e+00 3.772862213676015930e+00
2.630000000000263682e+00 4.016674891910120060e+00
2.650000000000263256e+00 3.720944269696135454e+00
2.670000000000262830e+00 3.708397479177676370e+00
2.690000000000262403e+00 3.777594423655297184e+00
2.710000000000261977e+00 3.784797071117955269e+00
2.730000000000261551e+00 3.641813609781703320e+00
2.750000000000261124e+00 3.535075114286834186e+00
2.770000000000260698e+00 3.688815258825279386e+00
2.790000000000260272e+00 3.458975623443445002e+00
2.810000000000259845e+00 3.517977540316548524e+00
2.830000000000259419e+00 3.490777030413238169e+00
2.850000000000258993e+00 3.448732520481764485e+00
2.870000000000258567e+00 3.426167771888164904e+00
2.890000000000258140e+00 3.299960426830278681e+00
2.910000000000257714e+00 3.327219077485932708e+00
2.930000000000257288e+00 3.476411024941181704e+00
2.950000000000256861e+00 3.162051940567194297e+00
2.970000000000256435e+00 3.150717755281926102e+00
2.990000000000256009e+00 3.139832148750834051e+00
3.010000000000255582e+00 2.972348435447729642e+00
3.030000000000255156e+00 3.019091783091106151e+00
3.050000000000254730e+00 2.957895091874105820e+00
3.070000000000254303e+00 2.971838117850125638e+00
3.090000000000253877e+00 2.809672054817223152e+00
3.110000000000253451e+00 2.899896917745947267e+00
3.130000000000253024e+00 2.796619505699268871e+00
3.150000000000252598e+00 2.720261672346217185e+00
3.170000000000252172e+00 2.719338139064358728e+00
3.190000000000251745e+00 2.635127277575395333e+00
3.210000000000251319e+00 2.632614145223607149e+00
3.230000000000250893e+00 2.536202093522164525e+00
3.250000000000250466e+00 2.535276604457745275e+00
3.270000000000250040e+00 2.517955384750687919e+00
3.290000000000249614e+00 2.436179305971342579e+00
3.310000000000249187e+00 2.375695458494666124e+00
3.330000000000248761e+00 2.319928489055885112e+00
3.350000000000248335e+00 2.361126867149966557e+00
3.370000000000247908e+00 2.268033526950485435e+00
3.390000000000247482e+00 2.299446543303680812e+00
3.410000000000247056e+00 2.216362115529860510e+00
3.430000000000246629e+00 2.176535597492456287e+00
3.450000000000246203e+00 2.046912106038089263e+00
3.470000000000245777e+00 2.078262889692178650e+00
3.490000000000245350e+00 2.043840290434037144e+00
3.510000000000244924e+00 1.935049136080863486e+00
3.530000000000244498e+00 1.981426800806025623e+00
3.550000000000244071e+00 1.924025201466659230e+00
3.570000000000243645e+00 1.880210851792407212e+00
3.590000000000243219e+00 1.792586529324335265e+00
3.610000000000242792e+00 1.814724338951513527e+00
3.630000000000242366e+00 1.863700309924641418e+00
3.650000000000241940e+00 2.158889863849549950e+00
3.670000000000241513e+00 1.804112021162818102e+00
3.690000000000241087e+00 1.650604262659618460e+00
3.710000000000240661e+00 1.738573161042662907e+00
3.730000000000240234e+00 1.643214385559179425e+00
3.750000000000239808e+00 1.523885692157866512e+00
3.770000000000239382e+00 1.590476092389238261e+00
3.790000000000238956e+00 1.478200531879432456e+00
3.810000000000238529e+00 1.465408305522871046e+00
3.830000000000238103e+00 1.457872492732480429e+00
3.850000000000237677e+00 1.370553144712587601e+00
3.870000000000237250e+00 1.401237121083626080e+00
3.890000000000236824e+00 1.389843987503196043e+00
3.910000000000236398e+00 1.332655767984779471e+00
3.930000000000235971e+00 1.307059533123829498e+00
3.950000000000235545e+00 1.272571858032998993e+00
3.970000000000235119e+00 1.259321776376554736e+00
3.990000000000234692e+00 1.219033401337975997e+00
4.010000000000234266e+00 1.192126399770728318e+00
4.030000000000233840e+00 1.225372206478534620e+00
4.050000000000233413e+00 1.177183126356174281e+00
4.070000000000232987e+00 1.151999227904732415e+00
4.090000000000232561e+00 1.132804037867024771e+00
4.110000000000232134e+00 1.101848352976217971e+00
4.130000000000231708e+00 1.076638002085897661e+00
4.150000000000231282e+00 1.078136337313265303e+00
4.170000000000230855e+00 1.128108254398141552e+00
4.190000000000230429e+00 1.084865474686944609e+00
4.210000000000230003e+00 1.007608638025061953e+00
4.230000000000229576e+00 9.936901334296108779e-01
4.250000000000229150e+00 1.016590090492228926e+00
4.270000000000228724e+00 9.847074511696307653e-01
4.290000000000228297e+00 9.507434493286778254e-01
4.310000000000227871e+00 9.362226492333738381e-01
4.330000000000227445e+00 1.009205328352134723e+00
4.350000000000227018e+00 9.199552212056555378e-01
4.370000000000226592e+00 1.000400865515724824e+00
4.390000000000226166e+00 9.562988318495151407e-01
4.410000000000225739e+00 1.067660751824834664e+00
4.430000000000225313e+00 8.784686764846550977e-01
4.450000000000224887e+00 9.151627951414621487e-01
4.470000000000224460e+00 8.838754875314982495e-01
4.490000000000224034e+00 8.720803175247937578e-01
4.510000000000223608e+00 8.324214078041926035e-01
4.530000000000223181e+00 9.051699325802876617e-01
4.550000000000222755e+00 8.547929547070306500e-01
4.570000000000222329e+00 8.831607109970369685e-01
4.590000000000221902e+00 8.603863951348528216e-01
4.610000000000221476e+00 8.310433249849853432e-01
4.630000000000221050e+00 8.293638153540782154e-01
4.650000000000220624e+00 8.218865007722353511e-01
4.670000000000220197e+00 8.105153633365926868e-01
4.690000000000219771e+00 8.237675295165669542e-01
4.710000000000219345e+00 8.382064888511362444e-01
4.730000000000218918e+00 7.953523438006280255e-01
4.750000000000218492e+00 7.988359060182360638e-01
4.770000000000218066e+00 7.887211702099258259e-01
4.790000000000217639e+00 7.863673536678821296e-01
4.810000000000217213e+00 8.062054067751228681e-01
4.830000000000216787e+00 7.928530775670606934e-01
4.850000000000216360e+00 8.078954803754789804e-01
4.870000000000215934e+00 7.791944467191840307e-01
4.890000000000215508e+00 7.789925991330428623e-01
4.910000000000215081e+00 7.795609681924815515e-01
4.930000000000214655e+00 8.142693299687945307e-01
4.950000000000214229e+00 7.835436599296400351e-01
4.970000000000213802e+00 7.815782633851811045e-01
4.990000000000213376e+00 7.737781207695531016e-01
5.010000000000212950e+00 7.865520171311810582e-01
5.030000000000212523e+00 8.179824835365664404e-01
5.050000000000212097e+00 7.908909703234108246e-01
5.070000000000211671e+00 7.968272902597798302e-01
5.090000000000211244e+00 8.201508776238111142e-01
5.110000000000210818e+00 8.036278547742315981e-01
5.130000000000210392e+00 8.774300329873769844e-01
5.150000000000209965e+00 9.291305751326789375e-01
5.170000000000209539e+00 9.364739113929801961e-01
5.190000000000209113e+00 9.250720054440014772e-01
5.210000000000208686e+00 8.772335008411458190e-01
5.230000000000208260e+00 8.285262937532853478e-01
5.250000000000207834e+00 9.082198818340504465e-01
5.270000000000207407e+00 8.388241421227851102e-01
5.290000000000206981e+00 8.432198820512093462e-01
5.310000000000206555e+00 8.788613002371220562e-01
5.330000000000206128e+00 9.212182148884705546e-01
5.350000000000205702e+00 8.771576897261684769e-01
5.370000000000205276e+00 8.618795061430359894e-01
5.390000000000204849e+00 8.985988139288302312e-01
5.410000000000204423e+00 8.688258010850791191e-01
5.430000000000203997e+00 9.519587562628862853e-01
5.450000000000203570e+00 8.775368668467659061e-01
5.470000000000203144e+00 9.167151704239870913e-01
5.490000000000202718e+00 8.851091265166706190e-01
5.510000000000202292e+00 8.887308824033961496e-01
5.530000000000201865e+00 8.994139435452347398e-01
5.550000000000201439e+00 8.937604204694746812e-01
5.570000000000201013e+00 8.963840267890698099e-01
5.590000000000200586e+00 8.985000603649428985e-01
5.610000000000200160e+00 9.001002742645647370e-01
5.630000000000199734e+00 9.060784038985011390e-01
5.650000000000199307e+00 9.021308654904980351e-01
5.670000000000198881e+00 9.026557695846366691e-01
5.690000000000198455e+00 9.043094966834455128e-01
5.710000000000198028e+00 9.055244283126140381e-01
5.730000000000197602e+00 9.417036240025669080e-01
5.750000000000197176e+00 9.000245344233090972e-01
5.770000000000196749e+00 9.795180712505765497e-01
5.790000000000196323e+00 9.095252085617788751e-01
5.810000000000195897e+00 1.016323170938698839e+00
5.830000000000195470e+00 1.064045253286217019e+00
5.850000000000195044e+00 9.346478677751923758e-01
5.870000000000194618e+00 9.582110408270021473e-01
5.890000000000194191e+00 8.725594775566304362e-01
5.910000000000193765e+00 9.468185662888720655e-01
5.930000000000193339e+00 8.591424423622879836e-01
5.950000000000192912e+00 8.527723127834676564e-01
5.970000000000192486e+00 8.466944294939090510e-01
5.990000000000192060e+00 8.782663083977475527e-01
6.010000000000191633e+00 8.768321436379215017e-01
6.030000000000191207e+00 8.208404950877847828e-01
6.050000000000190781e+00 8.125822956235572159e-01
6.070000000000190354e+00 8.087502478716577237e-01
6.090000000000189928e+00 8.310230805762224282e-01
6.110000000000189502e+00 8.199638616243332123e-01
6.130000000000189075e+00 7.713882481587319706e-01
6.150000000000188649e+00 7.971122899181320998e-01
6.170000000000188223e+00 7.483200366315050367e-01
6.190000000000187796e+00 7.367325618943573184e-01
6.210000000000187370e+00 7.249451699818534323e-01
6.230000000000186944e+00 7.125118882296753720e-01
6.250000000000186517e+00 6.999967434009813916e-01
6.270000000000186091e+00 6.870437754303387878e-01
6.290000000000185665e+00 7.061858832935178354e-01
6.310000000000185238e+00 6.596189550520658029e-01
6.330000000000184812e+00 7.078426921011551354e-01
6.350000000000184386e+00 6.321177826723206605e-01
6.370000000000183960e+00 7.049861897615733453e-01
6.390000000000183533e+00 6.875119695216483917e-01
6.410000000000183107e+00 6.398465008773523977e-01
6.430000000000182681e+00 6.206340832644816619e-01
6.450000000000182254e+00 5.491269099730260450e-01
6.470000000000181828e+00 5.343762844493840092e-01
6.490000000000181402e+00 5.704441455040427655e-01
6.510000000000180975e+00 5.030118464882594731e-01
6.530000000000180549e+00 4.881719915004182342e-01
6.550000000000180123e+00 4.733554342188199815e-01
6.570000000000179696e+00 4.811173485438602904e-01
6.590000000000179270e+00 4.653571070354904360e-01
6.610000000000178844e+00 4.273936011794224887e-01
6.630000000000178417e+00 4.128467456187903117e-01
6.650000000000177991e+00 3.988188546939163137e-01
6.670000000000177565e+00 3.840671388139529907e-01
6.690000000000177138e+00 4.065047215681677484e-01
6.710000000000176712e+00 3.543283060753470437e-01
6.730000000000176286e+00 3.574869600902265687e-01
6.750000000000175859e+00 3.262187006951469681e-01
6.770000000000175433e+00 3.128887958589550156e-01
6.790000000000175007e+00 3.140088673325412971e-01
6.810000000000174580e+00 2.862318918227055864e-01
6.830000000000174154e+00 2.866477899206672508e-01
6.850000000000173728e+00 2.731883874771001697e-01
6.870000000000173301e+00 2.834545057158858739e-01
6.890000000000172875e+00 2.456563104599739922e-01
6.910000000000172449e+00 2.546299132174405511e-01
6.930000000000172022e+00 2.198761563536162089e-01
6.950000000000171596e+00 2.177218476439194417e-01
6.970000000000171170e+00 1.870293790008112633e-01
6.990000000000170743e+00 1.944255119369620866e-01
7.010000000000170317e+00 1.664882766550843107e-01
7.030000000000169891e+00 1.572793742785786875e-01
7.050000000000169464e+00 1.484040433350270194e-01
7.070000000000169038e+00 1.398625929927333478e-01
7.090000000000168612e+00 1.381191770505040273e-01
7.110000000000168185e+00 1.294449548950411810e-01
7.130000000000167759e+00 1.154076171316336941e-01
7.150000000000167333e+00 1.082227157327521477e-01
7.170000000000166906e+00 1.013713447207929552e-01
7.190000000000166480e+00 9.480964604273374452e-02
7.210000000000166054e+00 9.294909869749866382e-02
7.230000000000165628e+00 8.640370127319442484e-02
7.250000000000165201e+00 7.991905779955556233e-02
7.270000000000164775e+00 7.436096509868815596e-02
7.290000000000164349e+00 7.160622751619781512e-02
7.310000000000163922e+00 6.034056928873198639e-02
7.330000000000163496e+00 6.371585120126825597e-02
7.350000000000163070e+00 5.350521117445808383e-02
7.370000000000162643e+00 5.367902508467635447e-02
7.390000000000162217e+00 4.486736693047343322e-02
7.410000000000161791e+00 4.303946481412054825e-02
7.430000000000161364e+00 3.579870762484455710e-02
7.450000000000160938e+00 3.288151148586070105e-02
7.470000000000160512e+00 3.307646996094430747e-02
7.490000000000160085e+00 2.736190282225811968e-02
7.510000000000159659e+00 2.502366886646371219e-02
7.530000000000159233e+00 2.285296767201254117e-02
7.550000000000158806e+00 2.185663448491752953e-02
7.570000000000158380e+00 1.980692679076430027e-02
7.590000000000157954e+00 1.707945721460745955e-02
7.610000000000157527e+00 1.550648480323310596e-02
7.630000000000157101e+00 1.405795974984777423e-02
7.650000000000156675e+00 1.272634946003367400e-02
7.670000000000156248e+00 1.201106343113945811e-02
7.690000000000155822e+00 1.084048537295515154e-02
7.710000000000155396e+00 1.053884599705410575e-02
7.730000000000154969e+00 8.191712753699703642e-03
7.750000000000154543e+00 8.724489244672952240e-03
7.770000000000154117e+00 6.449808964586367828e-03
7.790000000000153690e+00 6.836717759229564602e-03
7.810000000000153264e+00 5.279354987839495091e-03
7.830000000000152838e+00 4.894951731290328456e-03
7.850000000000152411e+00 3.935234723687177152e-03
7.870000000000151985e+00 3.499825646199448363e-03
7.890000000000151559e+00 3.404707638507347561e-03
7.910000000000151132e+00 2.719860100194842166e-03
7.930000000000150706e+00 2.407275387667427626e-03
7.950000000000150280e+00 2.127275588655374097e-03
7.970000000000149853e+00 1.876885366142930223e-03
7.990000000000149427e+00 1.733182601039091972e-03
8.010000000000149001e+00 1.514220300610993278e-03
8.030000000000148574e+00 1.258931942006493452e-03
8.050000000000148148e+00 1.150484448029087800e-03
8.070000000000147722e+00 9.595317272645463406e-04
8.090000000000147296e+00 8.740984209531881249e-04
8.110000000000146869e+00 7.575585727492929527e-04
8.130000000000146443e+00 6.596234598273685882e-04
8.150000000000146017e+00 6.396462835023821684e-04
8.170000000000145590e+00 5.178081452855823113e-04
8.190000000000145164e+00 4.250745275386077441e-04
8.210000000000144738e+00 3.443773461283499804e-04
8.230000000000144311e+00 3.080771682983048424e-04
8.250000000000143885e+00 2.389867099794119366e-04
8.270000000000143459e+00 2.054795188883981258e-04
8.290000000000143032e+00 1.930102102676409693e-04
8.310000000000142606e+00 1.486590110623652852e-04
8.330000000000142180e+00 1.271510222148668982e-04
8.350000000000141753e+00 1.085709913011053828e-04
8.370000000000141327e+00 9.254878921698815760e-05
8.390000000000140901e+00 8.252334864339546717e-05
8.410000000000140474e+00 7.221238891071615090e-05
8.430000000000140048e+00 5.530344819224936829e-05
8.450000000000139622e+00 4.680868702193679372e-05
8.470000000000139195e+00 4.280170394712693436e-05
8.490000000000138769e+00 3.282861529974232776e-05
8.510000000000138343e+00 3.108846447772223911e-05
8.530000000000137916e+00 2.265431701766795948e-05
8.550000000000137490e+00 2.336556257555298698e-05
8.570000000000137064e+00 1.652586148576289587e-05
8.590000000000136637e+00 1.357480993826360711e-05
8.610000000000136211e+00 1.075187871711099108e-05
8.630000000000135785e+00 8.378992256712435621e-06
8.650000000000135358e+00 6.960002787412808612e-06
8.670000000000134932e+00 6.308094150676947845e-06
8.690000000000134506e+00 4.681049841008043859e-06
8.710000000000134079e+00 3.866827323497609927e-06
8.730000000000133653e+00 3.188507329787437252e-06
8.750000000000133227e+00 2.726030890489710681e-06
8.770000000000132800e+00 2.239556070844395931e-06
8.790000000000132374e+00 1.817641631559789996e-06
8.810000000000131948e+00 1.459258059673537047e-06
8.830000000000131521e+00 1.181465486863947336e-06
8.850000000000131095e+00 9.546054300347922376e-07
8.870000000000130669e+00 7.997110894348087317e-07
8.890000000000130242e+00 6.621717353266767320e-07
8.910000000000129816e+00 4.830836242228401532e-07
8.930000000000129390e+00 4.264586769608962346e-07
8.950000000000128964e+00 3.142455585766605913e-07
8.970000000000128537e+00 2.273973307518580363e-07
8.990000000000128111e+00 1.931976308757233181e-07
9.010000000000127685e+00 1.579230596407340558e-07
9.030000000000127258e+00 1.131228989910719724e-07
9.050000000000126832e+00 9.041394406788517780e-08
9.070000000000126406e+00 7.212823367811460007e-08
9.090000000000125979e+00 5.956235297416019878e-08
9.110000000000125553e+00 4.519309893101047824e-08
9.130000000000125127e+00 3.888043336023700833e-08
9.150000000000124700e+00 3.012863728914728765e-08
9.170000000000124274e+00 2.139138630332652519e-08
9.190000000000123848e+00 1.882896204254127738e-08
9.210000000000123421e+00 1.284020623489959117e-08
9.230000000000122995e+00 1.129123063360062975e-08
9.250000000000122569e+00 8.263273611608673038e-09
9.270000000000122142e+00 6.320124096761675947e-09
9.290000000000121716e+00 4.931666163185701716e-09
9.310000000000121290e+00 3.343824253415972050e-09
9.330000000000120863e+00 2.598184385156150409e-09
9.350000000000120437e+00 2.310665983126803228e-09
9.370000000000120011e+00 1.491209919927031418e-09
9.390000000000119584e+00 1.192546357929622038e-09
9.410000000000119158e+00 8.777711687011533509e-10
9.430000000000118732e+00 6.751239092497531677e-10
9.450000000000118305e+00 5.610941118402002539e-10
9.470000000000117879e+00 4.009252095210428245e-10
9.490000000000117453e+00 3.172722162462087259e-10
9.510000000000117026e+00 2.333212207371328345e-10
9.530000000000116600e+00 1.673136969597528780e-10
9.550000000000116174e+00 1.350181674046351952e-10
9.570000000000115747e+00 9.164071201314709590e-11
9.590000000000115321e+00 7.112090330306435227e-11
9.610000000000114895e+00 4.823761506404457458e-11
9.630000000000114468e+00 3.837876205661860359e-11
9.650000000000114042e+00 2.833032026058211485e-11
9.670000000000113616e+00 2.142538006983458037e-11
9.690000000000113189e+00 1.477846822647052025e-11
9.710000000000112763e+00 1.120074842356571790e-11
9.730000000000112337e+00 7.695959647048838139e-12
9.750000000000111910e+00 6.114753949320726217e-12
9.770000000000111484e+00 4.141529942242133948e-12
9.790000000000111058e+00 3.319721695582854001e-12
9.810000000000110632e+00 2.464126894059031473e-12
9.830000000000110205e+00 1.607128210975891264e-12
9.850000000000109779e+00 1.251642922844811184e-12
9.870000000000109353e+00 8.209623039372485326e-13
9.890000000000108926e+00 6.154153966258074838e-13
9.910000000000108500e+00 4.036404077620822388e-13
9.930000000000108074e+00 2.942725086408156139e-13
9.950000000000107647e+00 2.262900276160635260e-13
9.970000000000107221e+00 1.783205494821194608e-13
9.990000000000106795e+00 1.027583997955433145e-13
1.001000000000010637e+01 7.424639708806854289e-14
1.003000000000010594e+01 5.861315643118732117e-14
1.005000000000010552e+01 3.829965645875443307e-14
1.007000000000010509e+01 2.625494302956729407e-14
1.009000000000010466e+01 2.159482288471859872e-14
1.011000000000010424e+01 1.262558859836142031e-14
1.013000000000010381e+01 1.041874887872491456e-14
1.015000000000010338e+01 6.446377501896239485e-15
1.017000000000010296e+01 4.109770365608286360e-15
1.019000000000010253e+01 3.142416535144068212e-15
1.021000000000010210e+01 1.989432449531519192e-15
1.023000000000010168e+01 1.402593792734389001e-15
1.025000000000010125e+01 1.013341925483613212e-15
1.027000000000010083e+01 7.795396518204272982e-16
1.029000000000010040e+01 4.729383550297501632e-16
1.031000000000009997e+01 3.193351241324885467e-16
1.033000000000009955e+01 2.056522137156766814e-16
1.035000000000009912e+01 1.582527701877750038e-16
1.037000000000009869e+01 1.064608444979878689e-16
1.039000000000009827e+01 7.152891122201550404e-17
1.041000000000009784e+01 5.159925213745563974e-17
1.043000000000009742e+01 3.018798927350441820e-17
1.045000000000009699e+01 2.090028684345946022e-17
1.047000000000009656e+01 8.175763227113383189e-18
1.049000000000009614e+01 2.727684917860959240e-18
1.051000000000009571e+01 0.000000000000000000e+00
1.053000000000009528e+01 0.000000000000000000e+00
1.055000000000009486e+01 0.000000000000000000e+00
1.057000000000009443e+01 0.000000000000000000e+00
1.059000000000009400e+01 0.000000000000000000e+00
1.061000000000009358e+01 0.000000000000000000e+00
1.063000000000009315e+01 0.000000000000000000e+00
1.065000000000009273e+01 0.000000000000000000e+00
1.067000000000009230e+01 0.000000000000000000e+00
1.069000000000009187e+01 0.000000000000000000e+00
1.071000000000009145e+01 0.000000000000000000e+00
1.073000000000009102e+01 0.000000000000000000e+00
1.075000000000009059e+01 0.000000000000000000e+00
1.077000000000009017e+01 0.000000000000000000e+00
1.079000000000008974e+01 0.000000000000000000e+00
1.081000000000008932e+01 0.000000000000000000e+00
1.083000000000008889e+01 0.000000000000000000e+00
1.085000000000008846e+01 0.000000000000000000e+00
1.087000000000008804e+01 0.000000000000000000e+00
1.089000000000008761e+01 0.000000000000000000e+00
1.091000000000008718e+01 0.000000000000000000e+00
1.093000000000008676e+01 0.000000000000000000e+00
1.095000000000008633e+01 0.000000000000000000e+00
1.097000000000008590e+01 0.000000000000000000e+00
1.099000000000008548e+01 0.000000000000000000e+00
1.101000000000008505e+01 0.000000000000000000e+00
1.103000000000008463e+01 0.000000000000000000e+00
1.105000000000008420e+01 0.000000000000000000e+00
1.107000000000008377e+01 0.000000000000000000e+00
1.109000000000008335e+01 0.000000000000000000e+00
1.111000000000008292e+01 0.000000000000000000e+00
1.113000000000008249e+01 0.000000000000000000e+00
1.115000000000008207e+01 0.000000000000000000e+00
1.117000000000008164e+01 0.000000000000000000e+00
1.119000000000008122e+01 0.000000000000000000e+00
1.121000000000008079e+01 0.000000000000000000e+00
1.123000000000008036e+01 0.000000000000000000e+00
1.125000000000007994e+01 0.000000000000000000e+00
1.127000000000007951e+01 0.000000000000000000e+00
1.129000000000007908e+01 0.000000000000000000e+00
1.131000000000007866e+01 0.000000000000000000e+00
1.133000000000007823e+01 0.000000000000000000e+00
1.135000000000007780e+01 0.000000000000000000e+00
1.137000000000007738e+01 0.000000000000000000e+00
1.139000000000007695e+01 0.000000000000000000e+00
1.141000000000007653e+01 0.000000000000000000e+00
1.143000000000007610e+01 0.000000000000000000e+00
1.145000000000007567e+01 0.000000000000000000e+00
1.147000000000007525e+01 0.000000000000000000e+00
1.149000000000007482e+01 0.000000000000000000e+00
1.151000000000007439e+01 0.000000000000000000e+00
1.153000000000007397e+01 0.000000000000000000e+00
1.155000000000007354e+01 0.000000000000000000e+00
1.157000000000007311e+01 0.000000000000000000e+00
1.159000000000007269e+01 0.000000000000000000e+00
1.161000000000007226e+01 0.000000000000000000e+00
1.163000000000007184e+01 0.000000000000000000e+00
1.165000000000007141e+01 0.000000000000000000e+00
1.167000000000007098e+01 0.000000000000000000e+00
1.169000000000007056e+01 0.000000000000000000e+00
1.171000000000007013e+01 0.000000000000000000e+00
1.173000000000006970e+01 0.000000000000000000e+00
1.175000000000006928e+01 0.000000000000000000e+00
1.177000000000006885e+01 0.000000000000000000e+00
1.179000000000006843e+01 0.000000000000000000e+00
1.181000000000006800e+01 0.000000000000000000e+00
1.183000000000006757e+01 0.000000000000000000e+00
1.185000000000006715e+01 0.000000000000000000e+00
1.187000000000006672e+01 0.000000000000000000e+00
1.189000000000006629e+01 0.000000000000000000e+00
1.191000000000006587e+01 0.000000000000000000e+00
1.193000000000006544e+01 0.000000000000000000e+00
1.195000000000006501e+01 0.000000000000000000e+00
1.197000000000006459e+01 0.000000000000000000e+00
1.199000000000006416e+01 0.000000000000000000e+00
1.201000000000006374e+01 0.000000000000000000e+00
1.203000000000006331e+01 0.000000000000000000e+00
1.205000000000006288e+01 0.000000000000000000e+00
1.207000000000006246e+01 0.000000000000000000e+00
1.209000000000006203e+01 0.000000000000000000e+00
1.211000000000006160e+01 0.000000000000000000e+00
1.213000000000006118e+01 0.000000000000000000e+00
1.215000000000006075e+01 0.000000000000000000e+00
1.217000000000006033e+01 0.000000000000000000e+00
1.219000000000005990e+01 0.000000000000000000e+00
1.221000000000005947e+01 0.000000000000000000e+00
1.223000000000005905e+01 0.000000000000000000e+00
1.225000000000005862e+01 0.000000000000000000e+00
1.227000000000005819e+01 0.000000000000000000e+00
1.229000000000005777e+01 0.000000000000000000e+00
1.231000000000005734e+01 0.000000000000000000e+00
1.233000000000005691e+01 0.000000000000000000e+00
1.235000000000005649e+01 0.000000000000000000e+00
1.237000000000005606e+01 0.000000000000000000e+00
1.239000000000005564e+01 0.000000000000000000e+00
1.241000000000005521e+01 0.000000000000000000e+00
1.243000000000005478e+01 0.000000000000000000e+00
1.245000000000005436e+01 0.000000000000000000e+00
1.247000000000005393e+01 0.000000000000000000e+00
1.249000000000005350e+01 0.000000000000000000e+00
1.251000000000005308e+01 0.000000000000000000e+00
1.253000000000005265e+01 0.000000000000000000e+00
1.255000000000005222e+01 0.000000000000000000e+00
1.257000000000005180e+01 0.000000000000000000e+00
1.259000000000005137e+01 0.000000000000000000e+00
1.261000000000005095e+01 0.000000000000000000e+00
1.263000000000005052e+01 0.000000000000000000e+00
1.265000000000005009e+01 0.000000000000000000e+00
1.267000000000004967e+01 0.000000000000000000e+00
1.269000000000004924e+01 0.000000000000000000e+00
1.271000000000004881e+01 0.000000000000000000e+00
1.273000000000004839e+01 0.000000000000000000e+00
1.275000000000004796e+01 0.000000000000000000e+00
1.277000000000004754e+01 0.000000000000000000e+00
1.279000000000004711e+01 0.000000000000000000e+00
1.281000000000004668e+01 0.000000000000000000e+00
1.283000000000004626e+01 0.000000000000000000e+00
1.285000000000004583e+01 0.000000000000000000e+00
1.287000000000004540e+01 0.000000000000000000e+00
1.289000000000004498e+01 0.000000000000000000e+00
1.291000000000004455e+01 0.000000000000000000e+00
1.293000000000004412e+01 0.000000000000000000e+00
1.295000000000004370e+01 0.000000000000000000e+00
1.297000000000004327e+01 0.000000000000000000e+00
1.299000000000004285e+01 0.000000000000000000e+00
1.301000000000004242e+01 0.000000000000000000e+00
1.303000000000004199e+01 0.000000000000000000e+00
1.305000000000004157e+01 0.000000000000000000e+00
1.307000000000004114e+01 0.000000000000000000e+00
1.309000000000004071e+01 0.000000000000000000e+00
1.311000000000004029e+01 0.000000000000000000e+00
1.313000000000003986e+01 0.000000000000000000e+00
1.315000000000003944e+01 0.000000000000000000e+00
1.317000000000003901e+01 0.000000000000000000e+00
1.319000000000003858e+01 0.000000000000000000e+00
1.321000000000003816e+01 0.000000000000000000e+00
1.323000000000003773e+01 0.000000000000000000e+00
1.325000000000003730e+01 0.000000000000000000e+00
1.327000000000003688e+01 0.000000000000000000e+00
1.329000000000003645e+01 0.000000000000000000e+00
1.331000000000003602e+01 0.000000000000000000e+00
1.333000000000003560e+01 0.000000000000000000e+00
1.335000000000003517e+01 0.000000000000000000e+00
1.337000000000003475e+01 0.000000000000000000e+00
1.339000000000003432e+01 0.000000000000000000e+00
1.341000000000003389e+01 0.000000000000000000e+00
1.343000000000003347e+01 0.000000000000000000e+00
1.345000000000003304e+01 0.000000000000000000e+00
1.347000000000003261e+01 0.000000000000000000e+00
1.349000000000003219e+01 0.000000000000000000e+00
1.351000000000003176e+01 0.000000000000000000e+00
1.353000000000003133e+01 0.000000000000000000e+00
1.355000000000003091e+01 0.000000000000000000e+00
1.357000000000003048e+01 0.000000000000000000e+00
1.359000000000003006e+01 0.000000000000000000e+00
1.361000000000002963e+01 0.000000000000000000e+00
1.363000000000002920e+01 0.000000000000000000e+00
1.365000000000002878e+01 0.000000000000000000e+00
1.367000000000002835e+01 0.000000000000000000e+00
1.369000000000002792e+01 0.000000000000000000e+00
1.371000000000002750e+01 0.000000000000000000e+00
1.373000000000002707e+01 0.000000000000000000e+00
1.375000000000002665e+01 0.000000000000000000e+00
1.377000000000002622e+01 0.000000000000000000e+00
1.379000000000002579e+01 0.000000000000000000e+00
1.381000000000002537e+01 0.000000000000000000e+00
1.383000000000002494e+01 0.000000000000000000e+00
1.385000000000002451e+01 0.000000000000000000e+00
1.387000000000002409e+01 0.000000000000000000e+00
1.389000000000002366e+01 0.000000000000000000e+00
1.391000000000002323e+01 0.000000000000000000e+00
1.393000000000002281e+01 0.000000000000000000e+00
1.395000000000002238e+01 0.000000000000000000e+00
1.397000000000002196e+01 0.000000000000000000e+00
1.399000000000002153e+01 0.000000000000000000e+00
1.401000000000002110e+01 0.000000000000000000e+00
1.403000000000002068e+01 0.000000000000000000e+00
1.405000000000002025e+01 0.000000000000000000e+00
1.407000000000001982e+01 0.000000000000000000e+00
1.409000000000001940e+01 0.000000000000000000e+00
1.411000000000001897e+01 0.000000000000000000e+00
1.413000000000001855e+01 0.000000000000000000e+00
1.415000000000001812e+01 0.000000000000000000e+00
1.417000000000001769e+01 0.000000000000000000e+00
1.419000000000001727e+01 0.000000000000000000e+00
1.421000000000001684e+01 0.000000000000000000e+00
1.423000000000001641e+01 0.000000000000000000e+00
1.425000000000001599e+01 0.000000000000000000e+00
1.427000000000001556e+01 0.000000000000000000e+00
1.429000000000001513e+01 0.000000000000000000e+00
1.431000000000001471e+01 0.000000000000000000e+00
1.433000000000001428e+01 0.000000000000000000e+00
1.435000000000001386e+01 0.000000000000000000e+00
1.437000000000001343e+01 0.000000000000000000e+00
1.439000000000001300e+01 0.000000000000000000e+00
1.441000000000001258e+01 0.000000000000000000e+00
1.443000000000001215e+01 0.000000000000000000e+00
1.445000000000001172e+01 0.000000000000000000e+00
1.447000000000001130e+01 0.000000000000000000e+00
1.449000000000001087e+01 0.000000000000000000e+00
1.451000000000001044e+01 0.000000000000000000e+00
1.453000000000001002e+01 0.000000000000000000e+00
1.455000000000000959e+01 0.000000000000000000e+00
1.457000000000000917e+01 0.000000000000000000e+00
1.459000000000000874e+01 0.000000000000000000e+00
1.461000000000000831e+01 0.000000000000000000e+00
1.463000000000000789e+01 0.000000000000000000e+00
1.465000000000000746e+01 0.000000000000000000e+00
1.467000000000000703e+01 0.000000000000000000e+00
1.469000000000000661e+01 0.000000000000000000e+00
1.471000000000000618e+01 0.000000000000000000e+00
1.473000000000000576e+01 0.000000000000000000e+00
1.475000000000000533e+01 0.000000000000000000e+00
1.477000000000000490e+01 0.000000000000000000e+00
1.479000000000000448e+01 0.000000000000000000e+00
1.481000000000000405e+01 0.000000000000000000e+00
1.483000000000000362e+01 0.000000000000000000e+00
1.485000000000000320e+01 0.000000000000000000e+00
1.487000000000000277e+01 0.000000000000000000e+00
1.489000000000000234e+01 0.000000000000000000e+00
1.491000000000000192e+01 0.000000000000000000e+00
1.493000000000000149e+01 0.000000000000000000e+00
1.495000000000000107e+01 0.000000000000000000e+00
1.497000000000000064e+01 0.000000000000000000e+00
1.499000000000000021e+01 0.000000000000000000e+00
