# Redshift		Merger Rate Density [Gpc^-3yr^-1]
1.000000000031931770e-02 4.214872781941835456e+01
3.000000000031888964e-02 4.285992614441225612e+01
5.000000000031846331e-02 4.425127602185629883e+01
7.000000000031804392e-02 4.591574526606109430e+01
9.000000000031761760e-02 4.649370859351141405e+01
1.100000000003171913e-01 4.831129822873914748e+01
1.300000000003167511e-01 4.985897740606165485e+01
1.500000000003163247e-01 5.141350701066021145e+01
1.700000000003158984e-01 5.340253624724235237e+01
1.900000000003154721e-01 5.467905600567063829e+01
2.100000000003150458e-01 5.676175954328865458e+01
2.300000000003146194e-01 5.783722978141823035e+01
2.500000000003141931e-01 6.101210804251055464e+01
2.700000000003137668e-01 6.071621870065171578e+01
2.900000000003133405e-01 6.404255007573601688e+01
3.100000000003129141e-01 6.550425633393638236e+01
3.300000000003124878e-01 6.777295917948811166e+01
3.500000000003120615e-01 6.892464229409986842e+01
3.700000000003116352e-01 7.115808334943645264e+01
3.900000000003112088e-01 7.434357169267896381e+01
4.100000000003107825e-01 7.512528261733227453e+01
4.300000000003103562e-01 7.817836496456570217e+01
4.500000000003099299e-01 8.120172428205985682e+01
4.700000000003095035e-01 8.108321388862266588e+01
4.900000000003090772e-01 8.567613052058257495e+01
5.100000000003086509e-01 8.642593017661978649e+01
5.300000000003082246e-01 8.759548131952765004e+01
5.500000000003077982e-01 9.058118068668407830e+01
5.700000000003073719e-01 9.186968354881986443e+01
5.900000000003069456e-01 9.271367507074263870e+01
6.100000000003065193e-01 9.654188104764180878e+01
6.300000000003060929e-01 9.735980282567500410e+01
6.500000000003056666e-01 9.906699023543430371e+01
6.700000000003052403e-01 1.010015699748385316e+02
6.900000000003048140e-01 1.024988969186681373e+02
7.100000000003043876e-01 1.053712130126809967e+02
7.300000000003039613e-01 1.059960699809796125e+02
7.500000000003035350e-01 1.088655347398010775e+02
7.700000000003031086e-01 1.120077279844371247e+02
7.900000000003026823e-01 1.128449235266770785e+02
8.100000000003022560e-01 1.166679956215500198e+02
8.300000000003018297e-01 1.176737910183497320e+02
8.500000000003014033e-01 1.204778551640732758e+02
8.700000000003009770e-01 1.220906261845853891e+02
8.900000000003005507e-01 1.235331539195813377e+02
9.100000000003001244e-01 1.255678697395076995e+02
9.300000000002996980e-01 1.297231211868168543e+02
9.500000000002992717e-01 1.294857375071007652e+02
9.700000000002988454e-01 1.326989011620606504e+02
9.900000000002984191e-01 1.340669955118446524e+02
1.010000000000297993e+00 1.362479507734501567e+02
1.030000000000297566e+00 1.377714841471296552e+02
1.050000000000297140e+00 1.405524601837478258e+02
1.070000000000296714e+00 1.416395906711897510e+02
1.090000000000296287e+00 1.432849073154768575e+02
1.110000000000295861e+00 1.459906647647589182e+02
1.130000000000295435e+00 1.473514638397863621e+02
1.150000000000295008e+00 1.509774486222448218e+02
1.170000000000294582e+00 1.498846628384617645e+02
1.190000000000294156e+00 1.527345971541498670e+02
1.210000000000293729e+00 1.526840186618664461e+02
1.230000000000293303e+00 1.558218684510290188e+02
1.250000000000292877e+00 1.573173740743829967e+02
1.270000000000292451e+00 1.584435817243665667e+02
1.290000000000292024e+00 1.601757719894506238e+02
1.310000000000291598e+00 1.612913382110880605e+02
1.330000000000291172e+00 1.621123087336644346e+02
1.350000000000290745e+00 1.652673631694651135e+02
1.370000000000290319e+00 1.648861235791177364e+02
1.390000000000289893e+00 1.657993346320455714e+02
1.410000000000289466e+00 1.666256136884192358e+02
1.430000000000289040e+00 1.674637984259663313e+02
1.450000000000288614e+00 1.687791303517591359e+02
1.470000000000288187e+00 1.689289076765194011e+02
1.490000000000287761e+00 1.706587344363113345e+02
1.510000000000287335e+00 1.721867512761390913e+02
1.530000000000286908e+00 1.743642958125758753e+02
1.550000000000286482e+00 1.710241961815846139e+02
1.570000000000286056e+00 1.711108596296312498e+02
1.590000000000285629e+00 1.746024560055355153e+02
1.610000000000285203e+00 1.749297059773887497e+02
1.630000000000284777e+00 1.763996333110410717e+02
1.650000000000284350e+00 1.763942876651018423e+02
1.670000000000283924e+00 1.772190322608262818e+02
1.690000000000283498e+00 1.749184799535159414e+02
1.710000000000283071e+00 1.754771232113425299e+02
1.730000000000282645e+00 1.747436934362141869e+02
1.750000000000282219e+00 1.752170369677802739e+02
1.770000000000281792e+00 1.753487719353801708e+02
1.790000000000281366e+00 1.757373196768342893e+02
1.810000000000280940e+00 1.749083225839360978e+02
1.830000000000280513e+00 1.733044268464963977e+02
1.850000000000280087e+00 1.768771660337930314e+02
1.870000000000279661e+00 1.741425686687699113e+02
1.890000000000279234e+00 1.739726211938284450e+02
1.910000000000278808e+00 1.719539861256599806e+02
1.930000000000278382e+00 1.711678368039796112e+02
1.950000000000277955e+00 1.721129091978846759e+02
1.970000000000277529e+00 1.705580311666512330e+02
1.990000000000277103e+00 1.680124981776183972e+02
2.010000000000276899e+00 1.691121607892611678e+02
2.030000000000276472e+00 1.662073979078219281e+02
2.050000000000276046e+00 1.671997482354023248e+02
2.070000000000275620e+00 1.659217250552672169e+02
2.090000000000275193e+00 1.626568882668148035e+02
2.110000000000274767e+00 1.630025797812174062e+02
2.130000000000274341e+00 1.610355590711200477e+02
2.150000000000273914e+00 1.580656264039214136e+02
2.170000000000273488e+00 1.574637356095156520e+02
2.190000000000273062e+00 1.561717933417339168e+02
2.210000000000272635e+00 1.543800467416930928e+02
2.230000000000272209e+00 1.521037913615803632e+02
2.250000000000271783e+00 1.539548440966761120e+02
2.270000000000271356e+00 1.488879844589180550e+02
2.290000000000270930e+00 1.488277660648297456e+02
2.310000000000270504e+00 1.461811789421007006e+02
2.330000000000270077e+00 1.456704099884207153e+02
2.350000000000269651e+00 1.438381501098119486e+02
2.370000000000269225e+00 1.401830470065978602e+02
2.390000000000268798e+00 1.401385797725376392e+02
2.410000000000268372e+00 1.377844769054326264e+02
2.430000000000267946e+00 1.368746756911296245e+02
2.450000000000267519e+00 1.332888873323156815e+02
2.470000000000267093e+00 1.333383788898820228e+02
2.490000000000266667e+00 1.306756092949300694e+02
2.510000000000266240e+00 1.293866786736541599e+02
2.530000000000265814e+00 1.293940065669308410e+02
2.550000000000265388e+00 1.260269236787625999e+02
2.570000000000264961e+00 1.260083199691124634e+02
2.590000000000264535e+00 1.232156128167416256e+02
2.610000000000264109e+00 1.219758101720538122e+02
2.630000000000263682e+00 1.188538865709877967e+02
2.650000000000263256e+00 1.189908655788282772e+02
2.670000000000262830e+00 1.166806442129093710e+02
2.690000000000262403e+00 1.170498088042836997e+02
2.710000000000261977e+00 1.137533963209460666e+02
2.730000000000261551e+00 1.131572159103676967e+02
2.750000000000261124e+00 1.103563078076257256e+02
2.770000000000260698e+00 1.098373654780012885e+02
2.790000000000260272e+00 1.076287203625971358e+02
2.810000000000259845e+00 1.058198770190492013e+02
2.830000000000259419e+00 1.059238968601210473e+02
2.850000000000258993e+00 1.028086967518842982e+02
2.870000000000258567e+00 1.023106436573871036e+02
2.890000000000258140e+00 1.010975300808332804e+02
2.910000000000257714e+00 9.958206795718781734e+01
2.930000000000257288e+00 9.693750175234966093e+01
2.950000000000256861e+00 9.629113479175784107e+01
2.970000000000256435e+00 9.500700013655188059e+01
2.990000000000256009e+00 9.372128213504507244e+01
3.010000000000255582e+00 9.276752654612675997e+01
3.030000000000255156e+00 9.189032281008822167e+01
3.050000000000254730e+00 8.959035642283221534e+01
3.070000000000254303e+00 8.767994889783945212e+01
3.090000000000253877e+00 8.662006941679101146e+01
3.110000000000253451e+00 8.589175163320838635e+01
3.130000000000253024e+00 8.587713862481052729e+01
3.150000000000252598e+00 8.213258931923175510e+01
3.170000000000252172e+00 8.137163165014199251e+01
3.190000000000251745e+00 8.033048705011992752e+01
3.210000000000251319e+00 7.956716466490377115e+01
3.230000000000250893e+00 7.847981187158539740e+01
3.250000000000250466e+00 7.604119292805384589e+01
3.270000000000250040e+00 7.646600961996931289e+01
3.290000000000249614e+00 7.400341291162573043e+01
3.310000000000249187e+00 7.292241873979416766e+01
3.330000000000248761e+00 7.183347547901828989e+01
3.350000000000248335e+00 6.989716168186699008e+01
3.370000000000247908e+00 6.990403639373869282e+01
3.390000000000247482e+00 6.812533242564772706e+01
3.410000000000247056e+00 6.734443249961984179e+01
3.430000000000246629e+00 6.637777180486594375e+01
3.450000000000246203e+00 6.549103273181829366e+01
3.470000000000245777e+00 6.361910637800507118e+01
3.490000000000245350e+00 6.358959340921979475e+01
3.510000000000244924e+00 6.185851966409925495e+01
3.530000000000244498e+00 6.121737649203588916e+01
3.550000000000244071e+00 6.075833565387976876e+01
3.570000000000243645e+00 5.996163381930237080e+01
3.590000000000243219e+00 5.856763159542718000e+01
3.610000000000242792e+00 5.732142752949729925e+01
3.630000000000242366e+00 5.702187215199051451e+01
3.650000000000241940e+00 5.582914645638125961e+01
3.670000000000241513e+00 5.567177571153926152e+01
3.690000000000241087e+00 5.439183985437338720e+01
3.710000000000240661e+00 5.255919908720986200e+01
3.730000000000240234e+00 5.224733424085165723e+01
3.750000000000239808e+00 5.155824578231645461e+01
3.770000000000239382e+00 5.146145491789314974e+01
3.790000000000238956e+00 4.981332081425122027e+01
3.810000000000238529e+00 4.958923462460121812e+01
3.830000000000238103e+00 4.842378168199360999e+01
3.850000000000237677e+00 4.733405406787689884e+01
3.870000000000237250e+00 4.738967227399969318e+01
3.890000000000236824e+00 4.674800465035578867e+01
3.910000000000236398e+00 4.482337487591904335e+01
3.930000000000235971e+00 4.504529422629428126e+01
3.950000000000235545e+00 4.406330426932888855e+01
3.970000000000235119e+00 4.273283661128851207e+01
3.990000000000234692e+00 4.244532212388425307e+01
4.010000000000234266e+00 4.259285212365167439e+01
4.030000000000233840e+00 4.132565924968086080e+01
4.050000000000233413e+00 4.082340006161284407e+01
4.070000000000232987e+00 4.067208628245094815e+01
4.090000000000232561e+00 3.940009818550417009e+01
4.110000000000232134e+00 3.880007718515975768e+01
4.130000000000231708e+00 3.878828045067166386e+01
4.150000000000231282e+00 3.724934392929890237e+01
4.170000000000230855e+00 3.748400149512739432e+01
4.190000000000230429e+00 3.684999868870497153e+01
4.210000000000230003e+00 3.637911370854759951e+01
4.230000000000229576e+00 3.589802416752298342e+01
4.250000000000229150e+00 3.542935443170225795e+01
4.270000000000228724e+00 3.488646823292391730e+01
4.290000000000228297e+00 3.442973323141212205e+01
4.310000000000227871e+00 3.399761996587307777e+01
4.330000000000227445e+00 3.307239359637945597e+01
4.350000000000227018e+00 3.277754883915952888e+01
4.370000000000226592e+00 3.230091236968001311e+01
4.390000000000226166e+00 3.154151603196332232e+01
4.410000000000225739e+00 3.172873025502313027e+01
4.430000000000225313e+00 3.121794482254890113e+01
4.450000000000224887e+00 3.057605801292358549e+01
4.470000000000224460e+00 3.038225338253646157e+01
4.490000000000224034e+00 2.962352296131228258e+01
4.510000000000223608e+00 2.962971164802339885e+01
4.530000000000223181e+00 2.933020970434413499e+01
4.550000000000222755e+00 2.909749793328891343e+01
4.570000000000222329e+00 2.896824488463283487e+01
4.590000000000221902e+00 2.806144862236156357e+01
4.610000000000221476e+00 2.788657886424611121e+01
4.630000000000221050e+00 2.765907570501600432e+01
4.650000000000220624e+00 2.739197284546369815e+01
4.670000000000220197e+00 2.650012279404588256e+01
4.690000000000219771e+00 2.618462654010247448e+01
4.710000000000219345e+00 2.619096030657246033e+01
4.730000000000218918e+00 2.601378427628807088e+01
4.750000000000218492e+00 2.560672793259012892e+01
4.770000000000218066e+00 2.523977977333351319e+01
4.790000000000217639e+00 2.529361328172179668e+01
4.810000000000217213e+00 2.461152548207920887e+01
4.830000000000216787e+00 2.488387650465515577e+01
4.850000000000216360e+00 2.420084807197890697e+01
4.870000000000215934e+00 2.392366532580470206e+01
4.890000000000215508e+00 2.377104436687752198e+01
4.910000000000215081e+00 2.344792086088248340e+01
4.930000000000214655e+00 2.310891305535960072e+01
4.950000000000214229e+00 2.278960969297711614e+01
4.970000000000213802e+00 2.278411786723996002e+01
4.990000000000213376e+00 2.218763473734915692e+01
5.010000000000212950e+00 2.203902437929260927e+01
5.030000000000212523e+00 2.190126246666599741e+01
5.050000000000212097e+00 2.195883961141415597e+01
5.070000000000211671e+00 2.132849914669148816e+01
5.090000000000211244e+00 2.084443804794099364e+01
5.110000000000210818e+00 2.083141757444798969e+01
5.130000000000210392e+00 2.083537538154594415e+01
5.150000000000209965e+00 2.027285535708362119e+01
5.170000000000209539e+00 2.038151594426283353e+01
5.190000000000209113e+00 1.950777310180490076e+01
5.210000000000208686e+00 1.963500823834133158e+01
5.230000000000208260e+00 1.946123438295402508e+01
5.250000000000207834e+00 1.873517168122072363e+01
5.270000000000207407e+00 1.896930213602995607e+01
5.290000000000206981e+00 1.890446620405581513e+01
5.310000000000206555e+00 1.838498890040278866e+01
5.330000000000206128e+00 1.868312435407088046e+01
5.350000000000205702e+00 1.830219304249153822e+01
5.370000000000205276e+00 1.819672772138183348e+01
5.390000000000204849e+00 1.809757096910006524e+01
5.410000000000204423e+00 1.788387191881751548e+01
5.430000000000203997e+00 1.763055094416265334e+01
5.450000000000203570e+00 1.729519119206133837e+01
5.470000000000203144e+00 1.721072096058875189e+01
5.490000000000202718e+00 1.725102448153882762e+01
5.510000000000202292e+00 1.705507378488331938e+01
5.530000000000201865e+00 1.673591385780294871e+01
5.550000000000201439e+00 1.683059174311981110e+01
5.570000000000201013e+00 1.655128337515272463e+01
5.590000000000200586e+00 1.694053827752308905e+01
5.610000000000200160e+00 1.669117330257227039e+01
5.630000000000199734e+00 1.654603352221258206e+01
5.650000000000199307e+00 1.622404539110895882e+01
5.670000000000198881e+00 1.642460699464753304e+01
5.690000000000198455e+00 1.620992470775127003e+01
5.710000000000198028e+00 1.611936113126098036e+01
5.730000000000197602e+00 1.628687446106239989e+01
5.750000000000197176e+00 1.631909585955261477e+01
5.770000000000196749e+00 1.615164395038539169e+01
5.790000000000196323e+00 1.620271819250658751e+01
5.810000000000195897e+00 1.648736983470018913e+01
5.830000000000195470e+00 1.582370059597529632e+01
5.850000000000195044e+00 1.637029448048649982e+01
5.870000000000194618e+00 1.630640336836576765e+01
5.890000000000194191e+00 1.635899868956176206e+01
5.910000000000193765e+00 1.634358495287738577e+01
5.930000000000193339e+00 1.668726516175921049e+01
5.950000000000192912e+00 1.650683594495294670e+01
5.970000000000192486e+00 1.658758090686996312e+01
5.990000000000192060e+00 1.671921455695228431e+01
6.010000000000191633e+00 1.687690947371381966e+01
6.030000000000191207e+00 1.740201213317762452e+01
6.050000000000190781e+00 1.707594485892911251e+01
6.070000000000190354e+00 1.752097910377056422e+01
6.090000000000189928e+00 1.743538519163250200e+01
6.110000000000189502e+00 1.748427378778282559e+01
6.130000000000189075e+00 1.777837129671765481e+01
6.150000000000188649e+00 1.797169860097994842e+01
6.170000000000188223e+00 1.801554050212934754e+01
6.190000000000187796e+00 1.819455097712880587e+01
6.210000000000187370e+00 1.857536324642673264e+01
6.230000000000186944e+00 1.897089876191880364e+01
6.250000000000186517e+00 1.905607797125729164e+01
6.270000000000186091e+00 1.896343760513579824e+01
6.290000000000185665e+00 1.938448830414012392e+01
6.310000000000185238e+00 1.953366639344145739e+01
6.330000000000184812e+00 1.999576846817883080e+01
6.350000000000184386e+00 1.986027600558312045e+01
6.370000000000183960e+00 2.039464560554527850e+01
6.390000000000183533e+00 2.047693924834701207e+01
6.410000000000183107e+00 2.080754436300777499e+01
6.430000000000182681e+00 2.116393678529177791e+01
6.450000000000182254e+00 2.097001206504596738e+01
6.470000000000181828e+00 2.139430195228222331e+01
6.490000000000181402e+00 2.209149214981026077e+01
6.510000000000180975e+00 2.221542021430190061e+01
6.530000000000180549e+00 2.228146032571501323e+01
6.550000000000180123e+00 2.224120920831265735e+01
6.570000000000179696e+00 2.304056744117761468e+01
6.590000000000179270e+00 2.300178841668319052e+01
6.610000000000178844e+00 2.329685392338007333e+01
6.630000000000178417e+00 2.368670236251961825e+01
6.650000000000177991e+00 2.392378653630778373e+01
6.670000000000177565e+00 2.381933142995065822e+01
6.690000000000177138e+00 2.428882059913843960e+01
6.710000000000176712e+00 2.442745881119067874e+01
6.730000000000176286e+00 2.458230143886679997e+01
6.750000000000175859e+00 2.495517356931474495e+01
6.770000000000175433e+00 2.521535153465569223e+01
6.790000000000175007e+00 2.551981903651265782e+01
6.810000000000174580e+00 2.560807883581830069e+01
6.830000000000174154e+00 2.556663829648027075e+01
6.850000000000173728e+00 2.581232108525956903e+01
6.870000000000173301e+00 2.589311321426211165e+01
6.890000000000172875e+00 2.606086225516858690e+01
6.910000000000172449e+00 2.625878284518449846e+01
6.930000000000172022e+00 2.630084181518915543e+01
6.950000000000171596e+00 2.644400893378519868e+01
6.970000000000171170e+00 2.644613388446381563e+01
6.990000000000170743e+00 2.618134450065111096e+01
7.010000000000170317e+00 2.660477033659669033e+01
7.030000000000169891e+00 2.657802093796854237e+01
7.050000000000169464e+00 2.727783863944291909e+01
7.070000000000169038e+00 2.689307042428110250e+01
7.090000000000168612e+00 2.692744193960944088e+01
7.110000000000168185e+00 2.679581783489328117e+01
7.130000000000167759e+00 2.703915821956793408e+01
7.150000000000167333e+00 2.727958228498500759e+01
7.170000000000166906e+00 2.696820706796024680e+01
7.190000000000166480e+00 2.673791043289390856e+01
7.210000000000166054e+00 2.726273837646143150e+01
7.230000000000165628e+00 2.711324082503192656e+01
7.250000000000165201e+00 2.707474463748931015e+01
7.270000000000164775e+00 2.673964598342975307e+01
7.290000000000164349e+00 2.692463270907668971e+01
7.310000000000163922e+00 2.656103042816708637e+01
7.330000000000163496e+00 2.653887678110708137e+01
7.350000000000163070e+00 2.679387930610515411e+01
7.370000000000162643e+00 2.659138991280922681e+01
7.390000000000162217e+00 2.660619968746895836e+01
7.410000000000161791e+00 2.639645169029114413e+01
7.430000000000161364e+00 2.656745561354806284e+01
7.450000000000160938e+00 2.669027154549691616e+01
7.470000000000160512e+00 2.639279739968518612e+01
7.490000000000160085e+00 2.629278554339325069e+01
7.510000000000159659e+00 2.635187400090732623e+01
7.530000000000159233e+00 2.623527092751886869e+01
7.550000000000158806e+00 2.599260927490036011e+01
7.570000000000158380e+00 2.585813276412489969e+01
7.590000000000157954e+00 2.576936510145370463e+01
7.610000000000157527e+00 2.596284165427605117e+01
7.630000000000157101e+00 2.586868077456356829e+01
7.650000000000156675e+00 2.547046247081673087e+01
7.670000000000156248e+00 2.551908242681967209e+01
7.690000000000155822e+00 2.577376118087518364e+01
7.710000000000155396e+00 2.591219035231513601e+01
7.730000000000154969e+00 2.572195785711458882e+01
7.750000000000154543e+00 2.545546820202692473e+01
7.770000000000154117e+00 2.542011334972328740e+01
7.790000000000153690e+00 2.572767942409021558e+01
7.810000000000153264e+00 2.516115623439548088e+01
7.830000000000152838e+00 2.537405696433182456e+01
7.850000000000152411e+00 2.545831237701675676e+01
7.870000000000151985e+00 2.518909439920386362e+01
7.890000000000151559e+00 2.507820532754842091e+01
7.910000000000151132e+00 2.531977855145499134e+01
7.930000000000150706e+00 2.522164926526625095e+01
7.950000000000150280e+00 2.523432459253655225e+01
7.970000000000149853e+00 2.511984748991577021e+01
7.990000000000149427e+00 2.521930670202046798e+01
8.010000000000149001e+00 2.499140939095489600e+01
8.030000000000148574e+00 2.509468687612157112e+01
8.050000000000148148e+00 2.506782331913317918e+01
8.070000000000147722e+00 2.531134332148473476e+01
8.090000000000147296e+00 2.511148899611396956e+01
8.110000000000146869e+00 2.517149280422889746e+01
8.130000000000146443e+00 2.526714082208628298e+01
8.150000000000146017e+00 2.519183829804244112e+01
8.170000000000145590e+00 2.515503357365428272e+01
8.190000000000145164e+00 2.508944757300427497e+01
8.210000000000144738e+00 2.490361740669752066e+01
8.230000000000144311e+00 2.511016382313321671e+01
8.250000000000143885e+00 2.506227894908111864e+01
8.270000000000143459e+00 2.509639856758839471e+01
8.290000000000143032e+00 2.520446661332497840e+01
8.310000000000142606e+00 2.510529872857710032e+01
8.330000000000142180e+00 2.520499316605618390e+01
8.350000000000141753e+00 2.519379726327914426e+01
8.370000000000141327e+00 2.510703799881471099e+01
8.390000000000140901e+00 2.528050364464564836e+01
8.410000000000140474e+00 2.505236815434540532e+01
8.430000000000140048e+00 2.507162467963263452e+01
8.450000000000139622e+00 2.531975658286787123e+01
8.470000000000139195e+00 2.519742868904657485e+01
8.490000000000138769e+00 2.520239578101363875e+01
8.510000000000138343e+00 2.516139998581542514e+01
8.530000000000137916e+00 2.525568619435356155e+01
8.550000000000137490e+00 2.515643563967692486e+01
8.570000000000137064e+00 2.521729008454692789e+01
8.590000000000136637e+00 2.505782213062724040e+01
8.610000000000136211e+00 2.517245702477779190e+01
8.630000000000135785e+00 2.514593375710929735e+01
8.650000000000135358e+00 2.525619737291845013e+01
8.670000000000134932e+00 2.488722897024614156e+01
8.690000000000134506e+00 2.505797761358289222e+01
8.710000000000134079e+00 2.518170404655835171e+01
8.730000000000133653e+00 2.514231134523688382e+01
8.750000000000133227e+00 2.516924462112008953e+01
8.770000000000132800e+00 2.528561713171224667e+01
8.790000000000132374e+00 2.518259542727515310e+01
8.810000000000131948e+00 2.486733634764765810e+01
8.830000000000131521e+00 2.505509241709848922e+01
8.850000000000131095e+00 2.540163755274680923e+01
8.870000000000130669e+00 2.523576883560949824e+01
8.890000000000130242e+00 2.506361897019762353e+01
8.910000000000129816e+00 2.495899839888147298e+01
8.930000000000129390e+00 2.523734819475001956e+01
8.950000000000128964e+00 2.514721177906947602e+01
8.970000000000128537e+00 2.523397091961415484e+01
8.990000000000128111e+00 2.513407167892430394e+01
9.010000000000127685e+00 2.502651922748032476e+01
9.030000000000127258e+00 2.511721843514109764e+01
9.050000000000126832e+00 2.501493204250285629e+01
9.070000000000126406e+00 2.522366552219914482e+01
9.090000000000125979e+00 2.508949247750815914e+01
9.110000000000125553e+00 2.533785846057479318e+01
9.130000000000125127e+00 2.514641248915528848e+01
9.150000000000124700e+00 2.531531993453156915e+01
9.170000000000124274e+00 2.517319374736267434e+01
9.190000000000123848e+00 2.528130803493382217e+01
9.210000000000123421e+00 2.524857595333935834e+01
9.230000000000122995e+00 2.537224992913377264e+01
9.250000000000122569e+00 2.527330173452230611e+01
9.270000000000122142e+00 2.525568205307359193e+01
9.290000000000121716e+00 2.533208599046996312e+01
9.310000000000121290e+00 2.530014999604514614e+01
9.330000000000120863e+00 2.542635693950727926e+01
9.350000000000120437e+00 2.541347102062427865e+01
9.370000000000120011e+00 2.536212382811099530e+01
9.390000000000119584e+00 2.538536568517439207e+01
9.410000000000119158e+00 2.557413090495926866e+01
9.430000000000118732e+00 2.539708819126200368e+01
9.450000000000118305e+00 2.555536921148360108e+01
9.470000000000117879e+00 2.568869880590758115e+01
9.490000000000117453e+00 2.566184478649459422e+01
9.510000000000117026e+00 2.579782193403181623e+01
9.530000000000116600e+00 2.564027686911130033e+01
9.550000000000116174e+00 2.570460955731880404e+01
9.570000000000115747e+00 2.583102795545011432e+01
9.590000000000115321e+00 2.574071115720333225e+01
9.610000000000114895e+00 2.590898974368408503e+01
9.630000000000114468e+00 2.590741149685011280e+01
9.650000000000114042e+00 2.599843006629088293e+01
9.670000000000113616e+00 2.597240489163905863e+01
9.690000000000113189e+00 2.592967179942928979e+01
9.710000000000112763e+00 2.602107234861711049e+01
9.730000000000112337e+00 2.633563824333051784e+01
9.750000000000111910e+00 2.622311838164531395e+01
9.770000000000111484e+00 2.632440625939921119e+01
9.790000000000111058e+00 2.644410119472958343e+01
9.810000000000110632e+00 2.632380066577826128e+01
9.830000000000110205e+00 2.655883750432133539e+01
9.850000000000109779e+00 2.643581069100493153e+01
9.870000000000109353e+00 2.654607261872095947e+01
9.890000000000108926e+00 2.660429154539718866e+01
9.910000000000108500e+00 2.673079023466430826e+01
9.930000000000108074e+00 2.666528239945638390e+01
9.950000000000107647e+00 2.679313711227708339e+01
9.970000000000107221e+00 2.693776090786968069e+01
9.990000000000106795e+00 2.690377918768954046e+01
1.001000000000010637e+01 2.705007294334481216e+01
1.003000000000010594e+01 2.706189145239724425e+01
1.005000000000010552e+01 2.699858846132072543e+01
1.007000000000010509e+01 2.717875763241452347e+01
1.009000000000010466e+01 2.719782379535415018e+01
1.011000000000010424e+01 2.731052200505102689e+01
1.013000000000010381e+01 2.716222787178412545e+01
1.015000000000010338e+01 2.722405640370340052e+01
1.017000000000010296e+01 2.732342334992835120e+01
1.019000000000010253e+01 2.719794377367928817e+01
1.021000000000010210e+01 2.750930465256706725e+01
1.023000000000010168e+01 2.760967971104046015e+01
1.025000000000010125e+01 2.737431536068649862e+01
1.027000000000010083e+01 2.738392010986585845e+01
1.029000000000010040e+01 2.748376870570915642e+01
1.031000000000009997e+01 2.750902153282494211e+01
1.033000000000009955e+01 2.743037259327672928e+01
1.035000000000009912e+01 2.750184542793132181e+01
1.037000000000009869e+01 2.730747684229732997e+01
1.039000000000009827e+01 2.740497113872457291e+01
1.041000000000009784e+01 2.751564107817142002e+01
1.043000000000009742e+01 2.730230517432282156e+01
1.045000000000009699e+01 2.735114867232171676e+01
1.047000000000009656e+01 2.708216318941954626e+01
1.049000000000009614e+01 2.720503918968125134e+01
1.051000000000009571e+01 2.721322881753882683e+01
1.053000000000009528e+01 2.718623184636793866e+01
1.055000000000009486e+01 2.725159236975347810e+01
1.057000000000009443e+01 2.704773282602360140e+01
1.059000000000009400e+01 2.686790924602766140e+01
1.061000000000009358e+01 2.669727144915608008e+01
1.063000000000009315e+01 2.700122195691611182e+01
1.065000000000009273e+01 2.679269209863770129e+01
1.067000000000009230e+01 2.665994298612069713e+01
1.069000000000009187e+01 2.666651641117705651e+01
1.071000000000009145e+01 2.606122903585312045e+01
1.073000000000009102e+01 2.659836669288414868e+01
1.075000000000009059e+01 2.632900350678195522e+01
1.077000000000009017e+01 2.606538484433362513e+01
1.079000000000008974e+01 2.614806582209687136e+01
1.081000000000008932e+01 2.603668819796873635e+01
1.083000000000008889e+01 2.586735693911402123e+01
1.085000000000008846e+01 2.580420571748917524e+01
1.087000000000008804e+01 2.572948695064773972e+01
1.089000000000008761e+01 2.552631330983476587e+01
1.091000000000008718e+01 2.548083453167593504e+01
1.093000000000008676e+01 2.520688567417862558e+01
1.095000000000008633e+01 2.507522836298315383e+01
1.097000000000008590e+01 2.517737723997266741e+01
1.099000000000008548e+01 2.509371310945316935e+01
1.101000000000008505e+01 2.492327368668278709e+01
1.103000000000008463e+01 2.487900023319346232e+01
1.105000000000008420e+01 2.473123619367871129e+01
1.107000000000008377e+01 2.449257459837082962e+01
1.109000000000008335e+01 2.432637538108124886e+01
1.111000000000008292e+01 2.434322588319508185e+01
1.113000000000008249e+01 2.427741640531981204e+01
1.115000000000008207e+01 2.434548007072114473e+01
1.117000000000008164e+01 2.389680426435145222e+01
1.119000000000008122e+01 2.376934490966012348e+01
1.121000000000008079e+01 2.386975584163574027e+01
1.123000000000008036e+01 2.369921705252172117e+01
1.125000000000007994e+01 2.368601909016374663e+01
1.127000000000007951e+01 2.355916617866135354e+01
1.129000000000007908e+01 2.358481026394301594e+01
1.131000000000007866e+01 2.311001209807679402e+01
1.133000000000007823e+01 2.323548222210936842e+01
1.135000000000007780e+01 2.333745528868513830e+01
1.137000000000007738e+01 2.319987929123400860e+01
1.139000000000007695e+01 2.295431116260088800e+01
1.141000000000007653e+01 2.310001884681863871e+01
1.143000000000007610e+01 2.273971604208563591e+01
1.145000000000007567e+01 2.281148072759780732e+01
1.147000000000007525e+01 2.284086104526374328e+01
1.149000000000007482e+01 2.266591596791817409e+01
1.151000000000007439e+01 2.299200213580336793e+01
1.153000000000007397e+01 2.262961844457857907e+01
1.155000000000007354e+01 2.266125776047809381e+01
1.157000000000007311e+01 2.266951255665553333e+01
1.159000000000007269e+01 2.246674428519504829e+01
1.161000000000007226e+01 2.254021218789391767e+01
1.163000000000007184e+01 2.257226028603412971e+01
1.165000000000007141e+01 2.256913456943242835e+01
1.167000000000007098e+01 2.266091114772738635e+01
1.169000000000007056e+01 2.254447775789772379e+01
1.171000000000007013e+01 2.260553255447188192e+01
1.173000000000006970e+01 2.251927889047108522e+01
1.175000000000006928e+01 2.264706409169874135e+01
1.177000000000006885e+01 2.261979118212203943e+01
1.179000000000006843e+01 2.261701496867254235e+01
1.181000000000006800e+01 2.264898049658562229e+01
1.183000000000006757e+01 2.275223189974538585e+01
1.185000000000006715e+01 2.286233915061091437e+01
1.187000000000006672e+01 2.293839217259809971e+01
1.189000000000006629e+01 2.278593180974155885e+01
1.191000000000006587e+01 2.300794608031629451e+01
1.193000000000006544e+01 2.290656277034351618e+01
1.195000000000006501e+01 2.313327783724139053e+01
1.197000000000006459e+01 2.298062238684423164e+01
1.199000000000006416e+01 2.312071543937279472e+01
1.201000000000006374e+01 2.326084766609302434e+01
1.203000000000006331e+01 2.328833644497670718e+01
1.205000000000006288e+01 2.336028177649501103e+01
1.207000000000006246e+01 2.328684758872045535e+01
1.209000000000006203e+01 2.337110699137267744e+01
1.211000000000006160e+01 2.347674183487145072e+01
1.213000000000006118e+01 2.347465934183760083e+01
1.215000000000006075e+01 2.368933900699927619e+01
1.217000000000006033e+01 2.356596153536614580e+01
1.219000000000005990e+01 2.369372313371084715e+01
1.221000000000005947e+01 2.374626709689992055e+01
1.223000000000005905e+01 2.373429475330862459e+01
1.225000000000005862e+01 2.371702949693631268e+01
1.227000000000005819e+01 2.379735962946032757e+01
1.229000000000005777e+01 2.380773819201873565e+01
1.231000000000005734e+01 2.386475378332817243e+01
1.233000000000005691e+01 2.382746754030932479e+01
1.235000000000005649e+01 2.369297423928714608e+01
1.237000000000005606e+01 2.386668116365593661e+01
1.239000000000005564e+01 2.390374640781048043e+01
1.241000000000005521e+01 2.389533744336894827e+01
1.243000000000005478e+01 2.383345368187348967e+01
1.245000000000005436e+01 2.380944636925465829e+01
1.247000000000005393e+01 2.367298234448747607e+01
1.249000000000005350e+01 2.356938068605516889e+01
1.251000000000005308e+01 2.360319887313432830e+01
1.253000000000005265e+01 2.377136038342823099e+01
1.255000000000005222e+01 2.355122572247543289e+01
1.257000000000005180e+01 2.360490211485401346e+01
1.259000000000005137e+01 2.341155010344120413e+01
1.261000000000005095e+01 2.343876631285649381e+01
1.263000000000005052e+01 2.335700801128519899e+01
1.265000000000005009e+01 2.336286901129409088e+01
1.267000000000004967e+01 2.320007158119965851e+01
1.269000000000004924e+01 2.310605139480858483e+01
1.271000000000004881e+01 2.303854334440216078e+01
1.273000000000004839e+01 2.270661970501407367e+01
1.275000000000004796e+01 2.290120703451724893e+01
1.277000000000004754e+01 2.258735306261325704e+01
1.279000000000004711e+01 2.263758476658794194e+01
1.281000000000004668e+01 2.267837480687803264e+01
1.283000000000004626e+01 2.240307527376522856e+01
1.285000000000004583e+01 2.222923463363557062e+01
1.287000000000004540e+01 2.205139493407478568e+01
1.289000000000004498e+01 2.210614535156323868e+01
1.291000000000004455e+01 2.184594808756930817e+01
1.293000000000004412e+01 2.171291376167656395e+01
1.295000000000004370e+01 2.177804726293804904e+01
1.297000000000004327e+01 2.155105867279549514e+01
1.299000000000004285e+01 2.117336032850086980e+01
1.301000000000004242e+01 2.130839571532857235e+01
1.303000000000004199e+01 2.110899691377051823e+01
1.305000000000004157e+01 2.076194854827877023e+01
1.307000000000004114e+01 2.092745877886473593e+01
1.309000000000004071e+01 2.068560641105409914e+01
1.311000000000004029e+01 2.054155291290648222e+01
1.313000000000003986e+01 2.050369101457471643e+01
1.315000000000003944e+01 2.016278601202272469e+01
1.317000000000003901e+01 2.007105237068937598e+01
1.319000000000003858e+01 1.992760669061648926e+01
1.321000000000003816e+01 1.976776206937851654e+01
1.323000000000003773e+01 1.979760956940557648e+01
1.325000000000003730e+01 1.938107157686903292e+01
1.327000000000003688e+01 1.937931561203095399e+01
1.329000000000003645e+01 1.933002454406642556e+01
1.331000000000003602e+01 1.896889534400551725e+01
1.333000000000003560e+01 1.875576333077936653e+01
1.335000000000003517e+01 1.874574143351568267e+01
1.337000000000003475e+01 1.845084553531047078e+01
1.339000000000003432e+01 1.831160679127166802e+01
1.341000000000003389e+01 1.819709008419701846e+01
1.343000000000003347e+01 1.797803205847614549e+01
1.345000000000003304e+01 1.793125063333338076e+01
1.347000000000003261e+01 1.750522026948686971e+01
1.349000000000003219e+01 1.732768761599725593e+01
1.351000000000003176e+01 1.720092859653432171e+01
1.353000000000003133e+01 1.706515690430840593e+01
1.355000000000003091e+01 1.680022213662813257e+01
1.357000000000003048e+01 1.668969056944125029e+01
1.359000000000003006e+01 1.636018596006628201e+01
1.361000000000002963e+01 1.616762560173015828e+01
1.363000000000002920e+01 1.598742323897449324e+01
1.365000000000002878e+01 1.569140862319798835e+01
1.367000000000002835e+01 1.530182277454917816e+01
1.369000000000002792e+01 1.528360210309461209e+01
1.371000000000002750e+01 1.493024131794198617e+01
1.373000000000002707e+01 1.471670608029954508e+01
1.375000000000002665e+01 1.432559206385429995e+01
1.377000000000002622e+01 1.405319607129939818e+01
1.379000000000002579e+01 1.375344542189387020e+01
1.381000000000002537e+01 1.356452606427069085e+01
1.383000000000002494e+01 1.327672553150795487e+01
1.385000000000002451e+01 1.288813437054012567e+01
1.387000000000002409e+01 1.255367839595298740e+01
1.389000000000002366e+01 1.222889966712047283e+01
1.391000000000002323e+01 1.187346873241707534e+01
1.393000000000002281e+01 1.155225004607294714e+01
1.395000000000002238e+01 1.108993046326237852e+01
1.397000000000002196e+01 1.067776876681598175e+01
1.399000000000002153e+01 1.023125482842307221e+01
1.401000000000002110e+01 9.771202032798766979e+00
1.403000000000002068e+01 9.312836225951585334e+00
1.405000000000002025e+01 8.812485687865816431e+00
1.407000000000001982e+01 8.283162041199515713e+00
1.409000000000001940e+01 7.883934185487975199e+00
1.411000000000001897e+01 7.304346223022072593e+00
1.413000000000001855e+01 6.847884033884351851e+00
1.415000000000001812e+01 6.186525143988206743e+00
1.417000000000001769e+01 5.721832884705162492e+00
1.419000000000001727e+01 5.139831490793095981e+00
1.421000000000001684e+01 4.578016543874344535e+00
1.423000000000001641e+01 4.068356368352318952e+00
1.425000000000001599e+01 3.479631990647364503e+00
1.427000000000001556e+01 2.891881754707392282e+00
1.429000000000001513e+01 2.460587109856008148e+00
1.431000000000001471e+01 2.059961526023851963e+00
1.433000000000001428e+01 1.732773959176541201e+00
1.435000000000001386e+01 1.359532808361992640e+00
1.437000000000001343e+01 1.024614003893655534e+00
1.439000000000001300e+01 7.560888954197741985e-01
1.441000000000001258e+01 5.655749104507572511e-01
1.443000000000001215e+01 4.141718378436500259e-01
1.445000000000001172e+01 2.527724238401185541e-01
1.447000000000001130e+01 1.820759670825680410e-01
1.449000000000001087e+01 1.117771887638315531e-01
1.451000000000001044e+01 7.362737277617049936e-02
1.453000000000001002e+01 4.098931126294087790e-02
1.455000000000000959e+01 2.191024735019323627e-02
1.457000000000000917e+01 1.097975201865232162e-02
1.459000000000000874e+01 5.496943792819812200e-03
1.461000000000000831e+01 2.746772330712048214e-03
1.463000000000000789e+01 0.000000000000000000e+00
1.465000000000000746e+01 0.000000000000000000e+00
1.467000000000000703e+01 0.000000000000000000e+00
1.469000000000000661e+01 0.000000000000000000e+00
1.471000000000000618e+01 0.000000000000000000e+00
1.473000000000000576e+01 0.000000000000000000e+00
1.475000000000000533e+01 0.000000000000000000e+00
1.477000000000000490e+01 0.000000000000000000e+00
1.479000000000000448e+01 0.000000000000000000e+00
1.481000000000000405e+01 0.000000000000000000e+00
1.483000000000000362e+01 0.000000000000000000e+00
1.485000000000000320e+01 0.000000000000000000e+00
1.487000000000000277e+01 0.000000000000000000e+00
1.489000000000000234e+01 0.000000000000000000e+00
1.491000000000000192e+01 0.000000000000000000e+00
1.493000000000000149e+01 0.000000000000000000e+00
1.495000000000000107e+01 0.000000000000000000e+00
1.497000000000000064e+01 0.000000000000000000e+00
1.499000000000000021e+01 0.000000000000000000e+00
