# Redshift		Merger Rate Density [Gpc^-3yr^-1]
1.000000000031931770e-02 3.331400905875488405e+01
3.000000000031888964e-02 3.481836876512767986e+01
5.000000000031846331e-02 3.548586197399222897e+01
7.000000000031804392e-02 3.719707789096910489e+01
9.000000000031761760e-02 3.724017808412854436e+01
1.100000000003171913e-01 3.829119869280289379e+01
1.300000000003167511e-01 3.927660821531954127e+01
1.500000000003163247e-01 3.957580994356172255e+01
1.700000000003158984e-01 4.031012993872831629e+01
1.900000000003154721e-01 4.129676945243505770e+01
2.100000000003150458e-01 4.275599155203581603e+01
2.300000000003146194e-01 4.384617617900740072e+01
2.500000000003141931e-01 4.425555555205827574e+01
2.700000000003137668e-01 4.505561318229696610e+01
2.900000000003133405e-01 4.741825912801570553e+01
3.100000000003129141e-01 4.684829914859298583e+01
3.300000000003124878e-01 4.855195095880712586e+01
3.500000000003120615e-01 5.003492190342024770e+01
3.700000000003116352e-01 5.008718435838388672e+01
3.900000000003112088e-01 5.113956023376218951e+01
4.100000000003107825e-01 5.287987100564826903e+01
4.300000000003103562e-01 5.383268330954534520e+01
4.500000000003099299e-01 5.466243659502246288e+01
4.700000000003095035e-01 5.654331283069303993e+01
4.900000000003090772e-01 5.680991352549442297e+01
5.100000000003086509e-01 5.758289568157773886e+01
5.300000000003082246e-01 5.896899820727245611e+01
5.500000000003077982e-01 5.931230634236786869e+01
5.700000000003073719e-01 6.092036293100031230e+01
5.900000000003069456e-01 6.241944631244386699e+01
6.100000000003065193e-01 6.330031691210697886e+01
6.300000000003060929e-01 6.381102121004467165e+01
6.500000000003056666e-01 6.518768060171120737e+01
6.700000000003052403e-01 6.677980473552248952e+01
6.900000000003048140e-01 6.690316126350306547e+01
7.100000000003043876e-01 6.813364781503176459e+01
7.300000000003039613e-01 6.936744673526213489e+01
7.500000000003035350e-01 7.000151239327394137e+01
7.700000000003031086e-01 7.212109098205847602e+01
7.900000000003026823e-01 7.129987000758119109e+01
8.100000000003022560e-01 7.247104778743353393e+01
8.300000000003018297e-01 7.214095697952265596e+01
8.500000000003014033e-01 7.446427773382461623e+01
8.700000000003009770e-01 7.478250848318027977e+01
8.900000000003005507e-01 7.656596253511933980e+01
9.100000000003001244e-01 7.760698883148006644e+01
9.300000000002996980e-01 7.805944142544966269e+01
9.500000000002992717e-01 7.882003055869500940e+01
9.700000000002988454e-01 8.080651190503407122e+01
9.900000000002984191e-01 8.123661387675853973e+01
1.010000000000297993e+00 8.323324972420851964e+01
1.030000000000297566e+00 8.447206617102946780e+01
1.050000000000297140e+00 8.483383272647448337e+01
1.070000000000296714e+00 8.506981081163068836e+01
1.090000000000296287e+00 8.795324124249611941e+01
1.110000000000295861e+00 8.599676047634085307e+01
1.130000000000295435e+00 8.814813945535496487e+01
1.150000000000295008e+00 9.141515600700473954e+01
1.170000000000294582e+00 9.000906752637271779e+01
1.190000000000294156e+00 9.024667992703766117e+01
1.210000000000293729e+00 9.112971668110495216e+01
1.230000000000293303e+00 9.318159670370133085e+01
1.250000000000292877e+00 9.285465504435467210e+01
1.270000000000292451e+00 9.362632957918059162e+01
1.290000000000292024e+00 9.471223516275072996e+01
1.310000000000291598e+00 9.518783312943747887e+01
1.330000000000291172e+00 9.456887568877134242e+01
1.350000000000290745e+00 9.762344637768423183e+01
1.370000000000290319e+00 9.781513825474856105e+01
1.390000000000289893e+00 9.640072032571012528e+01
1.410000000000289466e+00 9.823841852363005955e+01
1.430000000000289040e+00 9.906882214963124511e+01
1.450000000000288614e+00 9.852921929774385035e+01
1.470000000000288187e+00 1.002262543397780092e+02
1.490000000000287761e+00 1.001759512088875823e+02
1.510000000000287335e+00 1.018054453076059502e+02
1.530000000000286908e+00 1.015090652607889439e+02
1.550000000000286482e+00 1.001438645411451347e+02
1.570000000000286056e+00 1.019312924032181513e+02
1.590000000000285629e+00 1.018046017566853010e+02
1.610000000000285203e+00 1.009271884821599627e+02
1.630000000000284777e+00 1.026594345395808858e+02
1.650000000000284350e+00 1.009288777702658848e+02
1.670000000000283924e+00 1.020875808880618507e+02
1.690000000000283498e+00 1.022848989773539614e+02
1.710000000000283071e+00 1.001815354816140200e+02
1.730000000000282645e+00 9.961685595895450263e+01
1.750000000000282219e+00 1.009370414414310630e+02
1.770000000000281792e+00 1.002992995338748727e+02
1.790000000000281366e+00 9.965128143590084164e+01
1.810000000000280940e+00 9.871796837091777377e+01
1.830000000000280513e+00 1.000158730987868267e+02
1.850000000000280087e+00 9.940509020561994191e+01
1.870000000000279661e+00 9.852894299427531166e+01
1.890000000000279234e+00 9.872873537653546805e+01
1.910000000000278808e+00 9.613872049619365612e+01
1.930000000000278382e+00 9.665874774119299673e+01
1.950000000000277955e+00 9.536704618961553592e+01
1.970000000000277529e+00 9.506850208277451486e+01
1.990000000000277103e+00 9.397209949254565231e+01
2.010000000000276899e+00 9.415327999160909656e+01
2.030000000000276472e+00 9.350820191521155778e+01
2.050000000000276046e+00 9.269253481837471043e+01
2.070000000000275620e+00 9.239821283232578253e+01
2.090000000000275193e+00 9.002492653028242842e+01
2.110000000000274767e+00 8.943618187324514679e+01
2.130000000000274341e+00 8.819140352929241544e+01
2.150000000000273914e+00 8.895481837749146337e+01
2.170000000000273488e+00 8.806665013462256297e+01
2.190000000000273062e+00 8.715851355895796360e+01
2.210000000000272635e+00 8.562465850580242943e+01
2.230000000000272209e+00 8.461809424725129247e+01
2.250000000000271783e+00 8.437722477671590582e+01
2.270000000000271356e+00 8.331171074652426967e+01
2.290000000000270930e+00 8.278884243600997195e+01
2.310000000000270504e+00 8.037292031616186705e+01
2.330000000000270077e+00 7.963364782085992033e+01
2.350000000000269651e+00 7.847227304672250625e+01
2.370000000000269225e+00 7.971099670163533801e+01
2.390000000000268798e+00 7.639803826274108189e+01
2.410000000000268372e+00 7.675790361416687801e+01
2.430000000000267946e+00 7.552508279905039501e+01
2.450000000000267519e+00 7.473352829413418874e+01
2.470000000000267093e+00 7.373443478765909731e+01
2.490000000000266667e+00 7.245100674738966973e+01
2.510000000000266240e+00 7.118947211448409007e+01
2.530000000000265814e+00 7.100267539554374707e+01
2.550000000000265388e+00 6.990026030897409726e+01
2.570000000000264961e+00 6.829026718682966646e+01
2.590000000000264535e+00 6.745948939167043079e+01
2.610000000000264109e+00 6.818667238392396257e+01
2.630000000000263682e+00 6.511358837178494241e+01
2.650000000000263256e+00 6.553596964881614895e+01
2.670000000000262830e+00 6.322766761179482131e+01
2.690000000000262403e+00 6.233532351103876579e+01
2.710000000000261977e+00 6.212453530600082274e+01
2.730000000000261551e+00 6.173456939575895319e+01
2.750000000000261124e+00 5.988497255718618817e+01
2.770000000000260698e+00 5.876005846053358539e+01
2.790000000000260272e+00 5.715201601059879977e+01
2.810000000000259845e+00 5.719450599558183512e+01
2.830000000000259419e+00 5.700782494356396057e+01
2.850000000000258993e+00 5.475178774066461784e+01
2.870000000000258567e+00 5.507470125448410414e+01
2.890000000000258140e+00 5.365054811911812038e+01
2.910000000000257714e+00 5.331921018426199765e+01
2.930000000000257288e+00 5.288759301965340853e+01
2.950000000000256861e+00 5.136806474039058656e+01
2.970000000000256435e+00 5.047213751981495733e+01
2.990000000000256009e+00 5.046966156035522744e+01
3.010000000000255582e+00 4.897104471046446150e+01
3.030000000000255156e+00 4.850268791659845391e+01
3.050000000000254730e+00 4.780221827551003599e+01
3.070000000000254303e+00 4.649814991359891536e+01
3.090000000000253877e+00 4.523232861738205202e+01
3.110000000000253451e+00 4.549651392388730642e+01
3.130000000000253024e+00 4.556368381246834787e+01
3.150000000000252598e+00 4.315756872093938767e+01
3.170000000000252172e+00 4.323200807124751321e+01
3.190000000000251745e+00 4.172277727608398123e+01
3.210000000000251319e+00 4.214303495454085891e+01
3.230000000000250893e+00 4.169246275868885476e+01
3.250000000000250466e+00 4.101522393664617283e+01
3.270000000000250040e+00 3.998315846053427691e+01
3.290000000000249614e+00 3.878138938253492540e+01
3.310000000000249187e+00 3.853274473022877800e+01
3.330000000000248761e+00 3.847059220437989779e+01
3.350000000000248335e+00 3.720142227304562965e+01
3.370000000000247908e+00 3.658934985881585789e+01
3.390000000000247482e+00 3.688222800914825683e+01
3.410000000000247056e+00 3.580528676699771751e+01
3.430000000000246629e+00 3.551402440154308948e+01
3.450000000000246203e+00 3.434346703063031470e+01
3.470000000000245777e+00 3.382675102049722682e+01
3.490000000000245350e+00 3.400883117825714663e+01
3.510000000000244924e+00 3.302819696611535960e+01
3.530000000000244498e+00 3.269118733948093336e+01
3.550000000000244071e+00 3.250716429472513624e+01
3.570000000000243645e+00 3.269833252402077051e+01
3.590000000000243219e+00 3.130836873912750917e+01
3.610000000000242792e+00 3.119658552334255219e+01
3.630000000000242366e+00 3.061304761345687808e+01
3.650000000000241940e+00 3.024242129448689909e+01
3.670000000000241513e+00 2.979428537952305334e+01
3.690000000000241087e+00 2.964461744973950985e+01
3.710000000000240661e+00 2.934905155841819990e+01
3.730000000000240234e+00 2.891622969766538276e+01
3.750000000000239808e+00 2.843660200612590572e+01
3.770000000000239382e+00 2.813587890184507145e+01
3.790000000000238956e+00 2.772784119614307841e+01
3.810000000000238529e+00 2.750399830335594942e+01
3.830000000000238103e+00 2.713965678330327691e+01
3.850000000000237677e+00 2.669663484189205604e+01
3.870000000000237250e+00 2.669098874551740863e+01
3.890000000000236824e+00 2.635039416038023319e+01
3.910000000000236398e+00 2.584662247226682652e+01
3.930000000000235971e+00 2.570711864527833157e+01
3.950000000000235545e+00 2.587459553998711215e+01
3.970000000000235119e+00 2.460075496475647583e+01
3.990000000000234692e+00 2.488422869582008090e+01
4.010000000000234266e+00 2.438095089875902843e+01
4.030000000000233840e+00 2.413421913385895934e+01
4.050000000000233413e+00 2.419991973770160598e+01
4.070000000000232987e+00 2.393437573880475711e+01
4.090000000000232561e+00 2.359135855208829113e+01
4.110000000000232134e+00 2.348965930771733568e+01
4.130000000000231708e+00 2.296081345319209177e+01
4.150000000000231282e+00 2.272710541994566924e+01
4.170000000000230855e+00 2.248805328171642515e+01
4.190000000000230429e+00 2.242090314448035571e+01
4.210000000000230003e+00 2.180858713716483521e+01
4.230000000000229576e+00 2.220544586484206206e+01
4.250000000000229150e+00 2.153759027257795822e+01
4.270000000000228724e+00 2.124597009032241601e+01
4.290000000000228297e+00 2.126934267845050286e+01
4.310000000000227871e+00 2.113354211789734904e+01
4.330000000000227445e+00 2.103180412422355872e+01
4.350000000000227018e+00 2.081205942058066682e+01
4.370000000000226592e+00 2.049826262434594426e+01
4.390000000000226166e+00 2.008292828682390407e+01
4.410000000000225739e+00 2.005074852783197770e+01
4.430000000000225313e+00 1.974909267805010415e+01
4.450000000000224887e+00 1.923941759361482795e+01
4.470000000000224460e+00 1.935099084468509645e+01
4.490000000000224034e+00 1.925541787299042795e+01
4.510000000000223608e+00 1.863058431397055870e+01
4.530000000000223181e+00 1.855859402459140028e+01
4.550000000000222755e+00 1.855741822564449706e+01
4.570000000000222329e+00 1.825598936455378407e+01
4.590000000000221902e+00 1.799464465113321410e+01
4.610000000000221476e+00 1.788500466962985058e+01
4.630000000000221050e+00 1.757361795914955849e+01
4.650000000000220624e+00 1.710172301775175896e+01
4.670000000000220197e+00 1.755506264864490262e+01
4.690000000000219771e+00 1.722086699215536854e+01
4.710000000000219345e+00 1.684873522317694494e+01
4.730000000000218918e+00 1.668135260175838042e+01
4.750000000000218492e+00 1.656188047163038490e+01
4.770000000000218066e+00 1.667127959148334426e+01
4.790000000000217639e+00 1.633674157652874470e+01
4.810000000000217213e+00 1.598836247214985384e+01
4.830000000000216787e+00 1.613098752654935808e+01
4.850000000000216360e+00 1.592796009662938594e+01
4.870000000000215934e+00 1.587894325765309667e+01
4.890000000000215508e+00 1.603459820704443572e+01
4.910000000000215081e+00 1.553320462766766852e+01
4.930000000000214655e+00 1.566916125450708464e+01
4.950000000000214229e+00 1.505977466150133282e+01
4.970000000000213802e+00 1.503775663655327399e+01
4.990000000000213376e+00 1.491389707294389133e+01
5.010000000000212950e+00 1.466592253322695250e+01
5.030000000000212523e+00 1.444214157203573734e+01
5.050000000000212097e+00 1.459965832867158397e+01
5.070000000000211671e+00 1.426435516619881305e+01
5.090000000000211244e+00 1.417598098672112172e+01
5.110000000000210818e+00 1.417357154981764999e+01
5.130000000000210392e+00 1.391667376166992298e+01
5.150000000000209965e+00 1.380195556332123097e+01
5.170000000000209539e+00 1.390679772191982089e+01
5.190000000000209113e+00 1.341840023982752506e+01
5.210000000000208686e+00 1.378127139235696319e+01
5.230000000000208260e+00 1.332946482696172019e+01
5.250000000000207834e+00 1.334226872185380763e+01
5.270000000000207407e+00 1.312874871908546481e+01
5.290000000000206981e+00 1.294752797195896399e+01
5.310000000000206555e+00 1.316914882119183972e+01
5.330000000000206128e+00 1.288933120717964265e+01
5.350000000000205702e+00 1.272959983812993023e+01
5.370000000000205276e+00 1.256064469573272113e+01
5.390000000000204849e+00 1.246082301506922008e+01
5.410000000000204423e+00 1.253723132109029592e+01
5.430000000000203997e+00 1.249534526200784157e+01
5.450000000000203570e+00 1.233121111702441475e+01
5.470000000000203144e+00 1.213153430130975430e+01
5.490000000000202718e+00 1.219989172994369930e+01
5.510000000000202292e+00 1.175728396965703304e+01
5.530000000000201865e+00 1.175441929190787960e+01
5.550000000000201439e+00 1.187810898515685132e+01
5.570000000000201013e+00 1.159095805571573479e+01
5.590000000000200586e+00 1.159313721657518670e+01
5.610000000000200160e+00 1.151789289086739387e+01
5.630000000000199734e+00 1.119783818678254761e+01
5.650000000000199307e+00 1.107791140676016362e+01
5.670000000000198881e+00 1.117776848309638993e+01
5.690000000000198455e+00 1.105243196852288357e+01
5.710000000000198028e+00 1.085232200361927291e+01
5.730000000000197602e+00 1.075088369771149033e+01
5.750000000000197176e+00 1.062482264288760270e+01
5.770000000000196749e+00 1.058188196148357108e+01
5.790000000000196323e+00 1.058741599529229305e+01
5.810000000000195897e+00 1.026921663532377949e+01
5.830000000000195470e+00 1.008301353117228416e+01
5.850000000000195044e+00 1.008664830366850218e+01
5.870000000000194618e+00 1.017838721942904812e+01
5.890000000000194191e+00 1.016155821098253043e+01
5.910000000000193765e+00 9.937640691744803689e+00
5.930000000000193339e+00 9.884653295360111613e+00
5.950000000000192912e+00 9.834300768534154358e+00
5.970000000000192486e+00 9.660216573842605570e+00
5.990000000000192060e+00 9.526848724754440667e+00
6.010000000000191633e+00 9.534406249942300349e+00
6.030000000000191207e+00 9.710399887703783151e+00
6.050000000000190781e+00 9.275154889310908146e+00
6.070000000000190354e+00 9.248408472189066032e+00
6.090000000000189928e+00 9.330562347389397715e+00
6.110000000000189502e+00 8.983548401782652348e+00
6.130000000000189075e+00 9.037421653487420770e+00
6.150000000000188649e+00 9.150913495087118932e+00
6.170000000000188223e+00 8.925459435061569025e+00
6.190000000000187796e+00 9.012185192080956142e+00
6.210000000000187370e+00 8.768151607392272950e+00
6.230000000000186944e+00 8.726967471629466289e+00
6.250000000000186517e+00 8.690946571122832864e+00
6.270000000000186091e+00 8.575773463347220016e+00
6.290000000000185665e+00 8.645120652257427096e+00
6.310000000000185238e+00 8.501992024152423610e+00
6.330000000000184812e+00 8.711053706792746709e+00
6.350000000000184386e+00 8.457861602843260940e+00
6.370000000000183960e+00 8.552134341846887367e+00
6.390000000000183533e+00 8.498096841365260445e+00
6.410000000000183107e+00 8.289647095028533030e+00
6.430000000000182681e+00 8.333321126178079297e+00
6.450000000000182254e+00 8.202051100564473174e+00
6.470000000000181828e+00 8.233263251614266309e+00
6.490000000000181402e+00 8.272960835333110552e+00
6.510000000000180975e+00 8.205238197443177839e+00
6.530000000000180549e+00 7.930994217974871141e+00
6.550000000000180123e+00 8.045626783668685889e+00
6.570000000000179696e+00 8.084300062486130756e+00
6.590000000000179270e+00 8.072365973050681376e+00
6.610000000000178844e+00 8.138998399182296950e+00
6.630000000000178417e+00 7.861823467262510690e+00
6.650000000000177991e+00 7.945681571841329394e+00
6.670000000000177565e+00 8.119365344275694341e+00
6.690000000000177138e+00 7.628949085294195243e+00
6.710000000000176712e+00 7.839671731387285014e+00
6.730000000000176286e+00 7.639215240065113655e+00
6.750000000000175859e+00 7.631165420747038297e+00
6.770000000000175433e+00 7.631880560558603754e+00
6.790000000000175007e+00 7.801004765555939358e+00
6.810000000000174580e+00 7.627987283448986133e+00
6.830000000000174154e+00 7.596904950663469158e+00
6.850000000000173728e+00 7.619595769187639256e+00
6.870000000000173301e+00 7.543820938947483512e+00
6.890000000000172875e+00 7.540501443584340713e+00
6.910000000000172449e+00 7.519608756488416645e+00
6.930000000000172022e+00 7.617885649556138006e+00
6.950000000000171596e+00 7.372603949861328942e+00
6.970000000000171170e+00 7.550911861397868741e+00
6.990000000000170743e+00 7.529365630429914802e+00
7.010000000000170317e+00 7.443074884554628845e+00
7.030000000000169891e+00 7.551452570642379847e+00
7.050000000000169464e+00 7.488870936932668698e+00
7.070000000000169038e+00 7.413991722539670093e+00
7.090000000000168612e+00 7.380881581415217774e+00
7.110000000000168185e+00 7.434880798167872840e+00
7.130000000000167759e+00 7.434555007195978504e+00
7.150000000000167333e+00 7.420473457072610302e+00
7.170000000000166906e+00 7.373671563429659237e+00
7.190000000000166480e+00 7.374705053039375180e+00
7.210000000000166054e+00 7.321921995259359051e+00
7.230000000000165628e+00 7.372549800644636164e+00
7.250000000000165201e+00 7.455180458712827196e+00
7.270000000000164775e+00 7.298397913281199578e+00
7.290000000000164349e+00 7.410121987842817504e+00
7.310000000000163922e+00 7.288538094426661118e+00
7.330000000000163496e+00 7.337550433045687548e+00
7.350000000000163070e+00 7.262395505215808456e+00
7.370000000000162643e+00 7.364246846389512768e+00
7.390000000000162217e+00 7.373696485490691899e+00
7.410000000000161791e+00 7.417247535500684386e+00
7.430000000000161364e+00 7.337755296085407331e+00
7.450000000000160938e+00 7.277905013666073231e+00
7.470000000000160512e+00 7.367959033007959846e+00
7.490000000000160085e+00 7.388329995691051977e+00
7.510000000000159659e+00 7.299384374612278847e+00
7.530000000000159233e+00 7.414272020681391240e+00
7.550000000000158806e+00 7.435832487863391904e+00
7.570000000000158380e+00 7.433769255029241130e+00
7.590000000000157954e+00 7.426870995550530985e+00
7.610000000000157527e+00 7.587267934467436525e+00
7.630000000000157101e+00 7.490581476264144278e+00
7.650000000000156675e+00 7.420996564137336549e+00
7.670000000000156248e+00 7.498654395032700037e+00
7.690000000000155822e+00 7.568008810165376410e+00
7.710000000000155396e+00 7.473351889217242139e+00
7.730000000000154969e+00 7.613115749869448834e+00
7.750000000000154543e+00 7.608017132520710213e+00
7.770000000000154117e+00 7.579225523118941155e+00
7.790000000000153690e+00 7.561688406450688404e+00
7.810000000000153264e+00 7.639738430446882056e+00
7.830000000000152838e+00 7.578318509469961661e+00
7.850000000000152411e+00 7.854839134255606758e+00
7.870000000000151985e+00 7.685711169622120309e+00
7.890000000000151559e+00 7.761226429919804382e+00
7.910000000000151132e+00 7.647846607213709014e+00
7.930000000000150706e+00 7.890537198339190539e+00
7.950000000000150280e+00 7.859774552914201351e+00
7.970000000000149853e+00 7.773133626208144520e+00
7.990000000000149427e+00 7.820387774789293367e+00
8.010000000000149001e+00 7.897044644251077550e+00
8.030000000000148574e+00 8.055569468345870732e+00
8.050000000000148148e+00 7.926828433988099221e+00
8.070000000000147722e+00 7.980395019069854712e+00
8.090000000000147296e+00 8.226743721473146920e+00
8.110000000000146869e+00 8.030613617339191990e+00
8.130000000000146443e+00 8.162083539723337111e+00
8.150000000000146017e+00 8.211066120087503251e+00
8.170000000000145590e+00 8.271925213478164451e+00
8.190000000000145164e+00 8.344542774152035491e+00
8.210000000000144738e+00 8.488239447450968811e+00
8.230000000000144311e+00 8.532892553713519845e+00
8.250000000000143885e+00 8.484651961510177642e+00
8.270000000000143459e+00 8.614762556923551529e+00
8.290000000000143032e+00 8.581688955818243869e+00
8.310000000000142606e+00 8.678964195776115886e+00
8.330000000000142180e+00 8.775922261053869633e+00
8.350000000000141753e+00 8.917318820763950882e+00
8.370000000000141327e+00 8.917768372478345640e+00
8.390000000000140901e+00 8.940410014118210569e+00
8.410000000000140474e+00 9.157426598618657820e+00
8.430000000000140048e+00 9.054000205075551477e+00
8.450000000000139622e+00 9.178041409367160952e+00
8.470000000000139195e+00 9.332659900414313370e+00
8.490000000000138769e+00 9.326131873169726916e+00
8.510000000000138343e+00 9.370244125526408396e+00
8.530000000000137916e+00 9.545715536686415703e+00
8.550000000000137490e+00 9.619048645715482238e+00
8.570000000000137064e+00 9.703074784703630939e+00
8.590000000000136637e+00 9.761611611755874662e+00
8.610000000000136211e+00 9.921092792526861714e+00
8.630000000000135785e+00 9.963045477171952768e+00
8.650000000000135358e+00 1.016200229800097077e+01
8.670000000000134932e+00 1.013285017617256223e+01
8.690000000000134506e+00 1.019632131286068777e+01
8.710000000000134079e+00 1.045593784888538558e+01
8.730000000000133653e+00 1.054449067330206802e+01
8.750000000000133227e+00 1.052791108020155875e+01
8.770000000000132800e+00 1.070023139821343960e+01
8.790000000000132374e+00 1.091418469422251825e+01
8.810000000000131948e+00 1.092202385121104768e+01
8.830000000000131521e+00 1.106809093704826807e+01
8.850000000000131095e+00 1.129095311236319255e+01
8.870000000000130669e+00 1.130509215578465287e+01
8.890000000000130242e+00 1.149179470396492064e+01
8.910000000000129816e+00 1.146246132378064786e+01
8.930000000000129390e+00 1.180961287049592023e+01
8.950000000000128964e+00 1.182106322259205200e+01
8.970000000000128537e+00 1.197929568644884846e+01
8.990000000000128111e+00 1.220069201106193724e+01
9.010000000000127685e+00 1.227630728134535332e+01
9.030000000000127258e+00 1.246003695247873289e+01
9.050000000000126832e+00 1.258713481872529805e+01
9.070000000000126406e+00 1.284489489664007600e+01
9.090000000000125979e+00 1.275752311132403349e+01
9.110000000000125553e+00 1.308567387560079531e+01
9.130000000000125127e+00 1.326700630097258937e+01
9.150000000000124700e+00 1.344027288481224680e+01
9.170000000000124274e+00 1.364289344388479819e+01
9.190000000000123848e+00 1.365207683201372824e+01
9.210000000000123421e+00 1.402946533857113742e+01
9.230000000000122995e+00 1.420217611272750524e+01
9.250000000000122569e+00 1.426217306361308523e+01
9.270000000000122142e+00 1.461623115692920472e+01
9.290000000000121716e+00 1.478924576347040976e+01
9.310000000000121290e+00 1.500663048392511811e+01
9.330000000000120863e+00 1.514237058349000087e+01
9.350000000000120437e+00 1.548241393632570251e+01
9.370000000000120011e+00 1.570959283286420849e+01
9.390000000000119584e+00 1.594823972096989984e+01
9.410000000000119158e+00 1.610572011102021150e+01
9.430000000000118732e+00 1.659053236703073608e+01
9.450000000000118305e+00 1.663348567144986134e+01
9.470000000000117879e+00 1.693302277410160528e+01
9.490000000000117453e+00 1.721919350065654086e+01
9.510000000000117026e+00 1.756188047739506786e+01
9.530000000000116600e+00 1.769085346049950047e+01
9.550000000000116174e+00 1.815038602886484398e+01
9.570000000000115747e+00 1.852638230560506472e+01
9.590000000000115321e+00 1.863357124152217992e+01
9.610000000000114895e+00 1.902228849555293877e+01
9.630000000000114468e+00 1.924404016097655656e+01
9.650000000000114042e+00 1.969039956692885340e+01
9.670000000000113616e+00 2.003834551419660315e+01
9.690000000000113189e+00 2.023119975742822874e+01
9.710000000000112763e+00 2.056512923569206919e+01
9.730000000000112337e+00 2.090293902647139745e+01
9.750000000000111910e+00 2.141891603191352189e+01
9.770000000000111484e+00 2.146879356208958356e+01
9.790000000000111058e+00 2.199913972593289913e+01
9.810000000000110632e+00 2.239919052322946058e+01
9.830000000000110205e+00 2.254344400601814513e+01
9.850000000000109779e+00 2.279059882754443223e+01
9.870000000000109353e+00 2.328995546196925304e+01
9.890000000000108926e+00 2.369503628872755741e+01
9.910000000000108500e+00 2.394856477939761774e+01
9.930000000000108074e+00 2.406625661426960860e+01
9.950000000000107647e+00 2.453724038764623572e+01
9.970000000000107221e+00 2.475251879792838494e+01
9.990000000000106795e+00 2.536196791002608819e+01
1.001000000000010637e+01 2.537966605673111431e+01
1.003000000000010594e+01 2.569546940172642380e+01
1.005000000000010552e+01 2.579824254131099792e+01
1.007000000000010509e+01 2.619508940178780776e+01
1.009000000000010466e+01 2.670223233909761262e+01
1.011000000000010424e+01 2.673373322744380687e+01
1.013000000000010381e+01 2.703692134516382595e+01
1.015000000000010338e+01 2.715891398813909419e+01
1.017000000000010296e+01 2.730715587829312341e+01
1.019000000000010253e+01 2.769038009772625841e+01
1.021000000000010210e+01 2.809251295572273222e+01
1.023000000000010168e+01 2.792738544635704301e+01
1.025000000000010125e+01 2.830829866131008643e+01
1.027000000000010083e+01 2.810580236176918234e+01
1.029000000000010040e+01 2.850667006456617614e+01
1.031000000000009997e+01 2.863579222743409147e+01
1.033000000000009955e+01 2.900735786225439128e+01
1.035000000000009912e+01 2.889223884609175741e+01
1.037000000000009869e+01 2.908853709231484430e+01
1.039000000000009827e+01 2.914245964998012184e+01
1.041000000000009784e+01 2.910303660096208489e+01
1.043000000000009742e+01 2.932831873177216764e+01
1.045000000000009699e+01 2.938981106054342263e+01
1.047000000000009656e+01 2.947744497142221221e+01
1.049000000000009614e+01 2.939696483279851691e+01
1.051000000000009571e+01 2.972003246214763195e+01
1.053000000000009528e+01 2.959197117928531640e+01
1.055000000000009486e+01 2.944977132227925409e+01
1.057000000000009443e+01 2.959985040869217698e+01
1.059000000000009400e+01 2.963188495427370128e+01
1.061000000000009358e+01 2.961765129207936909e+01
1.063000000000009315e+01 2.951854323865791230e+01
1.065000000000009273e+01 2.975251599422592008e+01
1.067000000000009230e+01 2.967345800130064504e+01
1.069000000000009187e+01 2.932363409226837803e+01
1.071000000000009145e+01 2.972774409600530277e+01
1.073000000000009102e+01 2.954794798482104667e+01
1.075000000000009059e+01 2.957615996297048966e+01
1.077000000000009017e+01 2.936105503374924908e+01
1.079000000000008974e+01 2.926596522377595733e+01
1.081000000000008932e+01 2.920217775601187427e+01
1.083000000000008889e+01 2.930300359775492325e+01
1.085000000000008846e+01 2.926984069389780529e+01
1.087000000000008804e+01 2.907951779419882499e+01
1.089000000000008761e+01 2.911738185769637255e+01
1.091000000000008718e+01 2.885097522349850863e+01
1.093000000000008676e+01 2.872988036190395889e+01
1.095000000000008633e+01 2.860285671639413252e+01
1.097000000000008590e+01 2.897646166460636863e+01
1.099000000000008548e+01 2.837529654542970192e+01
1.101000000000008505e+01 2.843818113932740843e+01
1.103000000000008463e+01 2.844937846008771132e+01
1.105000000000008420e+01 2.811636629072036087e+01
1.107000000000008377e+01 2.822733166951103811e+01
1.109000000000008335e+01 2.785315669125682092e+01
1.111000000000008292e+01 2.775376599850744697e+01
1.113000000000008249e+01 2.768997169009646342e+01
1.115000000000008207e+01 2.755049717771516882e+01
1.117000000000008164e+01 2.725799377815389946e+01
1.119000000000008122e+01 2.706828885190313017e+01
1.121000000000008079e+01 2.715575071406388474e+01
1.123000000000008036e+01 2.675507269245197506e+01
1.125000000000007994e+01 2.669741886657464747e+01
1.127000000000007951e+01 2.654594530454600232e+01
1.129000000000007908e+01 2.642579930043944714e+01
1.131000000000007866e+01 2.605771802323123509e+01
1.133000000000007823e+01 2.583972170053269934e+01
1.135000000000007780e+01 2.567337054730841928e+01
1.137000000000007738e+01 2.553716493397216070e+01
1.139000000000007695e+01 2.523520135171267142e+01
1.141000000000007653e+01 2.502317634434828619e+01
1.143000000000007610e+01 2.504510830199564353e+01
1.145000000000007567e+01 2.465201311611806645e+01
1.147000000000007525e+01 2.425354180459522979e+01
1.149000000000007482e+01 2.409606190299269457e+01
1.151000000000007439e+01 2.387132728094490730e+01
1.153000000000007397e+01 2.377247126304030900e+01
1.155000000000007354e+01 2.339058506882241062e+01
1.157000000000007311e+01 2.325577655209333017e+01
1.159000000000007269e+01 2.320331846165932532e+01
1.161000000000007226e+01 2.253684973360949684e+01
1.163000000000007184e+01 2.236801882428846255e+01
1.165000000000007141e+01 2.223803011039010258e+01
1.167000000000007098e+01 2.179203427293595041e+01
1.169000000000007056e+01 2.167454312872984090e+01
1.171000000000007013e+01 2.159506486643651257e+01
1.173000000000006970e+01 2.108260563155647560e+01
1.175000000000006928e+01 2.094153306217825516e+01
1.177000000000006885e+01 2.056770667713282208e+01
1.179000000000006843e+01 2.040403131596232100e+01
1.181000000000006800e+01 2.001529237644771442e+01
1.183000000000006757e+01 1.974742387181866121e+01
1.185000000000006715e+01 1.947797261997133944e+01
1.187000000000006672e+01 1.927273488823306735e+01
1.189000000000006629e+01 1.910157032403416721e+01
1.191000000000006587e+01 1.876421415918429858e+01
1.193000000000006544e+01 1.843585038418133948e+01
1.195000000000006501e+01 1.817538948450096825e+01
1.197000000000006459e+01 1.780975234766298954e+01
1.199000000000006416e+01 1.769082178189512433e+01
1.201000000000006374e+01 1.727266875508169619e+01
1.203000000000006331e+01 1.702818749852791669e+01
1.205000000000006288e+01 1.671427868070281875e+01
1.207000000000006246e+01 1.655760509708077066e+01
1.209000000000006203e+01 1.631407500737664762e+01
1.211000000000006160e+01 1.596496005715275501e+01
1.213000000000006118e+01 1.570952299199421809e+01
1.215000000000006075e+01 1.533374555546105000e+01
1.217000000000006033e+01 1.516168125495728525e+01
1.219000000000005990e+01 1.493735783362162373e+01
1.221000000000005947e+01 1.456188210939142458e+01
1.223000000000005905e+01 1.436139257263788949e+01
1.225000000000005862e+01 1.409979278616426335e+01
1.227000000000005819e+01 1.395837554682197634e+01
1.229000000000005777e+01 1.367125156579233547e+01
1.231000000000005734e+01 1.331464828115060683e+01
1.233000000000005691e+01 1.317765062935499465e+01
1.235000000000005649e+01 1.290209216130632974e+01
1.237000000000005606e+01 1.267434277324500158e+01
1.239000000000005564e+01 1.251951696188984364e+01
1.241000000000005521e+01 1.229169297593905696e+01
1.243000000000005478e+01 1.211749709639858530e+01
1.245000000000005436e+01 1.177155787675438603e+01
1.247000000000005393e+01 1.165457791151090916e+01
1.249000000000005350e+01 1.150015168275399269e+01
1.251000000000005308e+01 1.136996425680971612e+01
1.253000000000005265e+01 1.105337840954683415e+01
1.255000000000005222e+01 1.091648059854904496e+01
1.257000000000005180e+01 1.080651239563332844e+01
1.259000000000005137e+01 1.060664226603185512e+01
1.261000000000005095e+01 1.049465943829757464e+01
1.263000000000005052e+01 1.030929962093074614e+01
1.265000000000005009e+01 1.017208542321535880e+01
1.267000000000004967e+01 1.007070832882978806e+01
1.269000000000004924e+01 1.000979019844258566e+01
1.271000000000004881e+01 9.643555372150997229e+00
1.273000000000004839e+01 9.581296509129469285e+00
1.275000000000004796e+01 9.692888322429149994e+00
1.277000000000004754e+01 9.507050664558137854e+00
1.279000000000004711e+01 9.309617369620655225e+00
1.281000000000004668e+01 9.286029759555402663e+00
1.283000000000004626e+01 8.936917442578499404e+00
1.285000000000004583e+01 9.116164983278492784e+00
1.287000000000004540e+01 9.001605067371569291e+00
1.289000000000004498e+01 8.831088806282737735e+00
1.291000000000004455e+01 8.724152619259553987e+00
1.293000000000004412e+01 8.596637412856447114e+00
1.295000000000004370e+01 8.656477948991236460e+00
1.297000000000004327e+01 8.551575444773767742e+00
1.299000000000004285e+01 8.357767846632714992e+00
1.301000000000004242e+01 8.318465702255640082e+00
1.303000000000004199e+01 8.270821341503136637e+00
1.305000000000004157e+01 8.159591825613711435e+00
1.307000000000004114e+01 8.110456014973545180e+00
1.309000000000004071e+01 7.982081839900446063e+00
1.311000000000004029e+01 7.953037013588015292e+00
1.313000000000003986e+01 7.781445273905180038e+00
1.315000000000003944e+01 7.731515202155986977e+00
1.317000000000003901e+01 7.647135054853436031e+00
1.319000000000003858e+01 7.632560705204273432e+00
1.321000000000003816e+01 7.543842164726545896e+00
1.323000000000003773e+01 7.443578073543470452e+00
1.325000000000003730e+01 7.344343155915587396e+00
1.327000000000003688e+01 7.295582047056899277e+00
1.329000000000003645e+01 7.150949521564685440e+00
1.331000000000003602e+01 7.175046836148538887e+00
1.333000000000003560e+01 7.021511945299314661e+00
1.335000000000003517e+01 6.878052750180006392e+00
1.337000000000003475e+01 6.908952713057102457e+00
1.339000000000003432e+01 6.765140833836396084e+00
1.341000000000003389e+01 6.595694802654994859e+00
1.343000000000003347e+01 6.536368207685986143e+00
1.345000000000003304e+01 6.446750165480613859e+00
1.347000000000003261e+01 6.307090500918627995e+00
1.349000000000003219e+01 6.249083254138867005e+00
1.351000000000003176e+01 6.112333463273395218e+00
1.353000000000003133e+01 5.950598666386524016e+00
1.355000000000003091e+01 5.854919405719927639e+00
1.357000000000003048e+01 5.697082922339787636e+00
1.359000000000003006e+01 5.499228576993729689e+00
1.361000000000002963e+01 5.475360266852016267e+00
1.363000000000002920e+01 5.327464759744453993e+00
1.365000000000002878e+01 5.064527659295229967e+00
1.367000000000002835e+01 4.911754978080876022e+00
1.369000000000002792e+01 4.627092152149565152e+00
1.371000000000002750e+01 4.382486886415559724e+00
1.373000000000002707e+01 4.248523095836112873e+00
1.375000000000002665e+01 3.947508405575457680e+00
1.377000000000002622e+01 3.746244007927197028e+00
1.379000000000002579e+01 3.513440326234864131e+00
1.381000000000002537e+01 3.295953755041991950e+00
1.383000000000002494e+01 3.103973096062280668e+00
1.385000000000002451e+01 2.794265907569724039e+00
1.387000000000002409e+01 2.536228646897359162e+00
1.389000000000002366e+01 2.330011832558762652e+00
1.391000000000002323e+01 2.101361678180787784e+00
1.393000000000002281e+01 1.862731014070470925e+00
1.395000000000002238e+01 1.679228576506704540e+00
1.397000000000002196e+01 1.476236265244306400e+00
1.399000000000002153e+01 1.237252698012877294e+00
1.401000000000002110e+01 1.121390695011983407e+00
1.403000000000002068e+01 9.216774945959568255e-01
1.405000000000002025e+01 7.984861301515658871e-01
1.407000000000001982e+01 7.353930556608230251e-01
1.409000000000001940e+01 6.181731497192688440e-01
1.411000000000001897e+01 5.633267357892169924e-01
1.413000000000001855e+01 4.532707767262621479e-01
1.415000000000001812e+01 3.851500149123300853e-01
1.417000000000001769e+01 3.323094127456087676e-01
1.419000000000001727e+01 3.082870872969852849e-01
1.421000000000001684e+01 2.498450796000012686e-01
1.423000000000001641e+01 2.309222648130419275e-01
1.425000000000001599e+01 2.014728714990132730e-01
1.427000000000001556e+01 1.694338950842546043e-01
1.429000000000001513e+01 1.586774056428969237e-01
1.431000000000001471e+01 1.236825914122671038e-01
1.433000000000001428e+01 8.656727383419789146e-02
1.435000000000001386e+01 7.821839903486449419e-02
1.437000000000001343e+01 4.905155248861453599e-02
1.439000000000001300e+01 4.349080394839023589e-02
1.441000000000001258e+01 4.327906349194286101e-02
1.443000000000001215e+01 2.989015355417407038e-02
1.445000000000001172e+01 2.440430683285320715e-02
1.447000000000001130e+01 1.628108728842586617e-02
1.449000000000001087e+01 5.514300512633582042e-03
1.451000000000001044e+01 5.489937136381608553e-03
1.453000000000001002e+01 2.774613534790370400e-03
1.455000000000000959e+01 2.762332721048352691e-03
1.457000000000000917e+01 2.750121270835890076e-03
1.459000000000000874e+01 2.737978705830232656e-03
1.461000000000000831e+01 3.548868026171696953e-10
1.463000000000000789e+01 0.000000000000000000e+00
1.465000000000000746e+01 0.000000000000000000e+00
1.467000000000000703e+01 0.000000000000000000e+00
1.469000000000000661e+01 0.000000000000000000e+00
1.471000000000000618e+01 0.000000000000000000e+00
1.473000000000000576e+01 0.000000000000000000e+00
1.475000000000000533e+01 0.000000000000000000e+00
1.477000000000000490e+01 0.000000000000000000e+00
1.479000000000000448e+01 0.000000000000000000e+00
1.481000000000000405e+01 0.000000000000000000e+00
1.483000000000000362e+01 0.000000000000000000e+00
1.485000000000000320e+01 0.000000000000000000e+00
1.487000000000000277e+01 0.000000000000000000e+00
1.489000000000000234e+01 0.000000000000000000e+00
1.491000000000000192e+01 0.000000000000000000e+00
1.493000000000000149e+01 0.000000000000000000e+00
1.495000000000000107e+01 0.000000000000000000e+00
1.497000000000000064e+01 0.000000000000000000e+00
1.499000000000000021e+01 0.000000000000000000e+00
