# Redshift		Merger Rate Density [Gpc^-3yr^-1]
1.000000000031931770e-02 2.657745453525399171e+02
3.000000000031888964e-02 2.772474927379032010e+02
5.000000000031846331e-02 2.906436892297550685e+02
7.000000000031804392e-02 3.035208217047474477e+02
9.000000000031761760e-02 3.159573361207966400e+02
1.100000000003171913e-01 3.315486046911909739e+02
1.300000000003167511e-01 3.442856363426629969e+02
1.500000000003163247e-01 3.603083976080569641e+02
1.700000000003158984e-01 3.759444379819979645e+02
1.900000000003154721e-01 3.898163067992070978e+02
2.100000000003150458e-01 4.047294688436520005e+02
2.300000000003146194e-01 4.227619140491589746e+02
2.500000000003141931e-01 4.377021155556838607e+02
2.700000000003137668e-01 4.556676136079552180e+02
2.900000000003133405e-01 4.711064728449554195e+02
3.100000000003129141e-01 4.888024465540709116e+02
3.300000000003124878e-01 5.050538281893769295e+02
3.500000000003120615e-01 5.247134740551148298e+02
3.700000000003116352e-01 5.428149070268481182e+02
3.900000000003112088e-01 5.607536773465636770e+02
4.100000000003107825e-01 5.786021357298344583e+02
4.300000000003103562e-01 5.982948227997118238e+02
4.500000000003099299e-01 6.187910250128667258e+02
4.700000000003095035e-01 6.380093559280122690e+02
4.900000000003090772e-01 6.575246392577772667e+02
5.100000000003086509e-01 6.795079295576778122e+02
5.300000000003082246e-01 7.018225912598675222e+02
5.500000000003077982e-01 7.212179720079471963e+02
5.700000000003073719e-01 7.436410736931369456e+02
5.900000000003069456e-01 7.675800123051245691e+02
6.100000000003065193e-01 7.861718036831579184e+02
6.300000000003060929e-01 8.129402672651726789e+02
6.500000000003056666e-01 8.332778895975433215e+02
6.700000000003052403e-01 8.554964311942998165e+02
6.900000000003048140e-01 8.828961978596100835e+02
7.100000000003043876e-01 9.040575490415609465e+02
7.300000000003039613e-01 9.274935708669345331e+02
7.500000000003035350e-01 9.520366890649197558e+02
7.700000000003031086e-01 9.751399710032094390e+02
7.900000000003026823e-01 1.000511511854753621e+03
8.100000000003022560e-01 1.024972634218099074e+03
8.300000000003018297e-01 1.046384723265223101e+03
8.500000000003014033e-01 1.076894174614977373e+03
8.700000000003009770e-01 1.100744905763891893e+03
8.900000000003005507e-01 1.124333301139161222e+03
9.100000000003001244e-01 1.150915557688659419e+03
9.300000000002996980e-01 1.176217053046296314e+03
9.500000000002992717e-01 1.200246540403056315e+03
9.700000000002988454e-01 1.223209674854596642e+03
9.900000000002984191e-01 1.252518436081611299e+03
1.010000000000297993e+00 1.273606459345627627e+03
1.030000000000297566e+00 1.300079211007275944e+03
1.050000000000297140e+00 1.325305308469703732e+03
1.070000000000296714e+00 1.351674569082748803e+03
1.090000000000296287e+00 1.374132442464042697e+03
1.110000000000295861e+00 1.396616549863699447e+03
1.130000000000295435e+00 1.422411778988336209e+03
1.150000000000295008e+00 1.443817937629886728e+03
1.170000000000294582e+00 1.472048126366277984e+03
1.190000000000294156e+00 1.492738842303809633e+03
1.210000000000293729e+00 1.520287512030156904e+03
1.230000000000293303e+00 1.539131347299054369e+03
1.250000000000292877e+00 1.563978168854088835e+03
1.270000000000292451e+00 1.581450150474784550e+03
1.290000000000292024e+00 1.600739900715548856e+03
1.310000000000291598e+00 1.633484260857423806e+03
1.330000000000291172e+00 1.645533387743869753e+03
1.350000000000290745e+00 1.667852224141168790e+03
1.370000000000290319e+00 1.689471987796532858e+03
1.390000000000289893e+00 1.713195559586753006e+03
1.410000000000289466e+00 1.725903511047353277e+03
1.430000000000289040e+00 1.745078557591127947e+03
1.450000000000288614e+00 1.763900089343919262e+03
1.470000000000288187e+00 1.783432664866856612e+03
1.490000000000287761e+00 1.799231137308822326e+03
1.510000000000287335e+00 1.816199766858647081e+03
1.530000000000286908e+00 1.825725404664038706e+03
1.550000000000286482e+00 1.843978102409668281e+03
1.570000000000286056e+00 1.857174388764093010e+03
1.590000000000285629e+00 1.872587224449205678e+03
1.610000000000285203e+00 1.892735041268257646e+03
1.630000000000284777e+00 1.901623381317894655e+03
1.650000000000284350e+00 1.915906012104662750e+03
1.670000000000283924e+00 1.932843347199294840e+03
1.690000000000283498e+00 1.942212417545827066e+03
1.710000000000283071e+00 1.947713691751039732e+03
1.730000000000282645e+00 1.956821208350278539e+03
1.750000000000282219e+00 1.957783394500300574e+03
1.770000000000281792e+00 1.962410909292037559e+03
1.790000000000281366e+00 1.971364831926749730e+03
1.810000000000280940e+00 1.970887269929865397e+03
1.830000000000280513e+00 1.966228137257193794e+03
1.850000000000280087e+00 1.966869361045561391e+03
1.870000000000279661e+00 1.964890041005256990e+03
1.890000000000279234e+00 1.968968479163929487e+03
1.910000000000278808e+00 1.958923479172439556e+03
1.930000000000278382e+00 1.962177648909704430e+03
1.950000000000277955e+00 1.956755014282638513e+03
1.970000000000277529e+00 1.951449191224481865e+03
1.990000000000277103e+00 1.946727012830909416e+03
2.010000000000276899e+00 1.944006175984480478e+03
2.030000000000276472e+00 1.931212767492701460e+03
2.050000000000276046e+00 1.925831625071608642e+03
2.070000000000275620e+00 1.921792382763382648e+03
2.090000000000275193e+00 1.907236270403829849e+03
2.110000000000274767e+00 1.901497493231023782e+03
2.130000000000274341e+00 1.875096558090087228e+03
2.150000000000273914e+00 1.861751018339207576e+03
2.170000000000273488e+00 1.853935811732675575e+03
2.190000000000273062e+00 1.835355866016747541e+03
2.210000000000272635e+00 1.819537179183558692e+03
2.230000000000272209e+00 1.801659017929783658e+03
2.250000000000271783e+00 1.788652064365990100e+03
2.270000000000271356e+00 1.770402485015331649e+03
2.290000000000270930e+00 1.754730522330514304e+03
2.310000000000270504e+00 1.736281800768128051e+03
2.330000000000270077e+00 1.725504341536025549e+03
2.350000000000269651e+00 1.702375996817801024e+03
2.370000000000269225e+00 1.687754339680494240e+03
2.390000000000268798e+00 1.675452540258384715e+03
2.410000000000268372e+00 1.654298278842553827e+03
2.430000000000267946e+00 1.638740882973346743e+03
2.450000000000267519e+00 1.624454584429451643e+03
2.470000000000267093e+00 1.603983411824972336e+03
2.490000000000266667e+00 1.587708948038851531e+03
2.510000000000266240e+00 1.571487710689896176e+03
2.530000000000265814e+00 1.550864160626939338e+03
2.550000000000265388e+00 1.541402507092331916e+03
2.570000000000264961e+00 1.516064125042767046e+03
2.590000000000264535e+00 1.502173141045602279e+03
2.610000000000264109e+00 1.487132613326675028e+03
2.630000000000263682e+00 1.463776120450933604e+03
2.650000000000263256e+00 1.449570149578391920e+03
2.670000000000262830e+00 1.429561231863809326e+03
2.690000000000262403e+00 1.416799710964155338e+03
2.710000000000261977e+00 1.396774991148400659e+03
2.730000000000261551e+00 1.376605450703021461e+03
2.750000000000261124e+00 1.363460669585114374e+03
2.770000000000260698e+00 1.345809218471104259e+03
2.790000000000260272e+00 1.326705967357420150e+03
2.810000000000259845e+00 1.312542569345234597e+03
2.830000000000259419e+00 1.289216567010838844e+03
2.850000000000258993e+00 1.278627154011766379e+03
2.870000000000258567e+00 1.260595786304003468e+03
2.890000000000258140e+00 1.243638521746430797e+03
2.910000000000257714e+00 1.224688090493405525e+03
2.930000000000257288e+00 1.212579732267712416e+03
2.950000000000256861e+00 1.193019433517424204e+03
2.970000000000256435e+00 1.179118195773464777e+03
2.990000000000256009e+00 1.164632695429421801e+03
3.010000000000255582e+00 1.147082240690345543e+03
3.030000000000255156e+00 1.134663697176608821e+03
3.050000000000254730e+00 1.118656045867795683e+03
3.070000000000254303e+00 1.102111022542012506e+03
3.090000000000253877e+00 1.087899207382704617e+03
3.110000000000253451e+00 1.079084640926143038e+03
3.130000000000253024e+00 1.065182265779175623e+03
3.150000000000252598e+00 1.048610137340955816e+03
3.170000000000252172e+00 1.035976646969177409e+03
3.190000000000251745e+00 1.023865790564022404e+03
3.210000000000251319e+00 1.008250957328175105e+03
3.230000000000250893e+00 9.966137986310113774e+02
3.250000000000250466e+00 9.805045577156436138e+02
3.270000000000250040e+00 9.682742991730291351e+02
3.290000000000249614e+00 9.534817503797509062e+02
3.310000000000249187e+00 9.411309213950543153e+02
3.330000000000248761e+00 9.266642558311610856e+02
3.350000000000248335e+00 9.150005483135728355e+02
3.370000000000247908e+00 9.030932533711984433e+02
3.390000000000247482e+00 8.888592124683391376e+02
3.410000000000247056e+00 8.767541264865089943e+02
3.430000000000246629e+00 8.637223280565622190e+02
3.450000000000246203e+00 8.494963724495340784e+02
3.470000000000245777e+00 8.369801057729956710e+02
3.490000000000245350e+00 8.276383811646164759e+02
3.510000000000244924e+00 8.184500276285160680e+02
3.530000000000244498e+00 8.054423117655323949e+02
3.550000000000244071e+00 7.956337696555920047e+02
3.570000000000243645e+00 7.852729228928311613e+02
3.590000000000243219e+00 7.739994564601885259e+02
3.610000000000242792e+00 7.650791460093116712e+02
3.630000000000242366e+00 7.564541863724195991e+02
3.650000000000241940e+00 7.465183104236639338e+02
3.670000000000241513e+00 7.322961815201892932e+02
3.690000000000241087e+00 7.240105471027125077e+02
3.710000000000240661e+00 7.149490956681709122e+02
3.730000000000240234e+00 7.031497595035114045e+02
3.750000000000239808e+00 6.961060851205199924e+02
3.770000000000239382e+00 6.849483065627883889e+02
3.790000000000238956e+00 6.754118154259798530e+02
3.810000000000238529e+00 6.643672873964203518e+02
3.830000000000238103e+00 6.534128414512355221e+02
3.850000000000237677e+00 6.456643420572562491e+02
3.870000000000237250e+00 6.361533920243564353e+02
3.890000000000236824e+00 6.270267730899587377e+02
3.910000000000236398e+00 6.186346689227866591e+02
3.930000000000235971e+00 6.110362848662799706e+02
3.950000000000235545e+00 6.039601275452962454e+02
3.970000000000235119e+00 5.955282205805904141e+02
3.990000000000234692e+00 5.881147302217337938e+02
4.010000000000234266e+00 5.802396735967961376e+02
4.030000000000233840e+00 5.725348818647366897e+02
4.050000000000233413e+00 5.647582309087312069e+02
4.070000000000232987e+00 5.596128324507106981e+02
4.090000000000232561e+00 5.507566396954688344e+02
4.110000000000232134e+00 5.429024858022174840e+02
4.130000000000231708e+00 5.388129260759249064e+02
4.150000000000231282e+00 5.299761355340480122e+02
4.170000000000230855e+00 5.230592918096399444e+02
4.190000000000230429e+00 5.164727292739535187e+02
4.210000000000230003e+00 5.115095684490372605e+02
4.230000000000229576e+00 5.025361064762099090e+02
4.250000000000229150e+00 4.959375324145374861e+02
4.270000000000228724e+00 4.886333455015711138e+02
4.290000000000228297e+00 4.822756453061577986e+02
4.310000000000227871e+00 4.762280896508365799e+02
4.330000000000227445e+00 4.699521856406468601e+02
4.350000000000227018e+00 4.632632155340049849e+02
4.370000000000226592e+00 4.571044855141605581e+02
4.390000000000226166e+00 4.526870610872770726e+02
4.410000000000225739e+00 4.452268712670671107e+02
4.430000000000225313e+00 4.404814715704998775e+02
4.450000000000224887e+00 4.339657615760303315e+02
4.470000000000224460e+00 4.279082373686759979e+02
4.490000000000224034e+00 4.237702082725279524e+02
4.510000000000223608e+00 4.167411106613043899e+02
4.530000000000223181e+00 4.135517209535294114e+02
4.550000000000222755e+00 4.074261970757132758e+02
4.570000000000222329e+00 4.024658549068499838e+02
4.590000000000221902e+00 3.965721098395738409e+02
4.610000000000221476e+00 3.927483553932745508e+02
4.630000000000221050e+00 3.892485100457668636e+02
4.650000000000220624e+00 3.837858510022670657e+02
4.670000000000220197e+00 3.795964742989050933e+02
4.690000000000219771e+00 3.739990339046883605e+02
4.710000000000219345e+00 3.688710546384632494e+02
4.730000000000218918e+00 3.649173406037256200e+02
4.750000000000218492e+00 3.606956834813556725e+02
4.770000000000218066e+00 3.556885425359348005e+02
4.790000000000217639e+00 3.511671062054170420e+02
4.810000000000217213e+00 3.468496659772205248e+02
4.830000000000216787e+00 3.415622399750918703e+02
4.850000000000216360e+00 3.383698556307625154e+02
4.870000000000215934e+00 3.334878977203729278e+02
4.890000000000215508e+00 3.282031528798536328e+02
4.910000000000215081e+00 3.245390368347465824e+02
4.930000000000214655e+00 3.189254219405951289e+02
4.950000000000214229e+00 3.158890339379904049e+02
4.970000000000213802e+00 3.112227984939773933e+02
4.990000000000213376e+00 3.062033660494845435e+02
5.010000000000212950e+00 3.034831245470966792e+02
5.030000000000212523e+00 2.999680047479884593e+02
5.050000000000212097e+00 2.949847402195910036e+02
5.070000000000211671e+00 2.923382155308913184e+02
5.090000000000211244e+00 2.881742046489843574e+02
5.110000000000210818e+00 2.835366142189557195e+02
5.130000000000210392e+00 2.819493896927937158e+02
5.150000000000209965e+00 2.782272079442698214e+02
5.170000000000209539e+00 2.753443911600252250e+02
5.190000000000209113e+00 2.712849869776100604e+02
5.210000000000208686e+00 2.696951653630201236e+02
5.230000000000208260e+00 2.650139184164985409e+02
5.250000000000207834e+00 2.627323815228908188e+02
5.270000000000207407e+00 2.599685257337281428e+02
5.290000000000206981e+00 2.560566017769363611e+02
5.310000000000206555e+00 2.539648486399718195e+02
5.330000000000206128e+00 2.509006112028067434e+02
5.350000000000205702e+00 2.475590497478323186e+02
5.370000000000205276e+00 2.457604408758342345e+02
5.390000000000204849e+00 2.429501144375293507e+02
5.410000000000204423e+00 2.403156625887391442e+02
5.430000000000203997e+00 2.370104390384407509e+02
5.450000000000203570e+00 2.344026547638223974e+02
5.470000000000203144e+00 2.315451325731808367e+02
5.490000000000202718e+00 2.302437971565192640e+02
5.510000000000202292e+00 2.274779691498215470e+02
5.530000000000201865e+00 2.247941959537694743e+02
5.550000000000201439e+00 2.218566883479293494e+02
5.570000000000201013e+00 2.195742786115590377e+02
5.590000000000200586e+00 2.158189471233391146e+02
5.610000000000200160e+00 2.144969385695533788e+02
5.630000000000199734e+00 2.116758669274096860e+02
5.650000000000199307e+00 2.100871691635530283e+02
5.670000000000198881e+00 2.061021027869221314e+02
5.690000000000198455e+00 2.040996160362093690e+02
5.710000000000198028e+00 2.023215447287635413e+02
5.730000000000197602e+00 1.995944112542856033e+02
5.750000000000197176e+00 1.975712776126252095e+02
5.770000000000196749e+00 1.958959801228899096e+02
5.790000000000196323e+00 1.935244842693858516e+02
5.810000000000195897e+00 1.918958347827943669e+02
5.830000000000195470e+00 1.884574708545986539e+02
5.850000000000195044e+00 1.861973892079886639e+02
5.870000000000194618e+00 1.857047175535383019e+02
5.890000000000194191e+00 1.827439013145341278e+02
5.910000000000193765e+00 1.818064015237706030e+02
5.930000000000193339e+00 1.788704831459951663e+02
5.950000000000192912e+00 1.778618569031095262e+02
5.970000000000192486e+00 1.754472082810583231e+02
5.990000000000192060e+00 1.749490168207791498e+02
6.010000000000191633e+00 1.720450799315770212e+02
6.030000000000191207e+00 1.702769036262306201e+02
6.050000000000190781e+00 1.694826482643310044e+02
6.070000000000190354e+00 1.668194361016889218e+02
6.090000000000189928e+00 1.664223613102549280e+02
6.110000000000189502e+00 1.633033762548543280e+02
6.130000000000189075e+00 1.629836849405876364e+02
6.150000000000188649e+00 1.606084341408316334e+02
6.170000000000188223e+00 1.590921344253484904e+02
6.190000000000187796e+00 1.581555160428203521e+02
6.210000000000187370e+00 1.564811113322094798e+02
6.230000000000186944e+00 1.540493538941236693e+02
6.250000000000186517e+00 1.524978745526464934e+02
6.270000000000186091e+00 1.513332431218870511e+02
6.290000000000185665e+00 1.490828286570800287e+02
6.310000000000185238e+00 1.481049110115644112e+02
6.330000000000184812e+00 1.458024210500360596e+02
6.350000000000184386e+00 1.451521603775667302e+02
6.370000000000183960e+00 1.432881999286345831e+02
6.390000000000183533e+00 1.421493183871782833e+02
6.410000000000183107e+00 1.398579439602098660e+02
6.430000000000182681e+00 1.389573025935786177e+02
6.450000000000182254e+00 1.370420038237624567e+02
6.470000000000181828e+00 1.364750241000005531e+02
6.490000000000181402e+00 1.352928639695675770e+02
6.510000000000180975e+00 1.334927559393341880e+02
6.530000000000180549e+00 1.320581770450604608e+02
6.550000000000180123e+00 1.314123925911227388e+02
6.570000000000179696e+00 1.297944175806990188e+02
6.590000000000179270e+00 1.281752854565149278e+02
6.610000000000178844e+00 1.271573983251610969e+02
6.630000000000178417e+00 1.258189006268870571e+02
6.650000000000177991e+00 1.247596159871768720e+02
6.670000000000177565e+00 1.239072319340480988e+02
6.690000000000177138e+00 1.226368546432346847e+02
6.710000000000176712e+00 1.207250027492238047e+02
6.730000000000176286e+00 1.200237686025261894e+02
6.750000000000175859e+00 1.185188637307813906e+02
6.770000000000175433e+00 1.181442658563080528e+02
6.790000000000175007e+00 1.169453445029138834e+02
6.810000000000174580e+00 1.154077441830032740e+02
6.830000000000174154e+00 1.142387842044626609e+02
6.850000000000173728e+00 1.132940564598058160e+02
6.870000000000173301e+00 1.121587190749511791e+02
6.890000000000172875e+00 1.107677262326875365e+02
6.910000000000172449e+00 1.100451465849458117e+02
6.930000000000172022e+00 1.092192541323443749e+02
6.950000000000171596e+00 1.076431807662581264e+02
6.970000000000171170e+00 1.066267805175207855e+02
6.990000000000170743e+00 1.064226834680739557e+02
7.010000000000170317e+00 1.051155933237913871e+02
7.030000000000169891e+00 1.038514556093113583e+02
7.050000000000169464e+00 1.031348693584903771e+02
7.070000000000169038e+00 1.021984726596672601e+02
7.090000000000168612e+00 1.010877401299989486e+02
7.110000000000168185e+00 1.002280919114408988e+02
7.130000000000167759e+00 9.924316117883019217e+01
7.150000000000167333e+00 9.842068882788348105e+01
7.170000000000166906e+00 9.757231364789294048e+01
7.190000000000166480e+00 9.694606545999521074e+01
7.210000000000166054e+00 9.644626611062183486e+01
7.230000000000165628e+00 9.598246971200052258e+01
7.250000000000165201e+00 9.479687610956379729e+01
7.270000000000164775e+00 9.334216302586511915e+01
7.290000000000164349e+00 9.317755860943746882e+01
7.310000000000163922e+00 9.251559460330746276e+01
7.330000000000163496e+00 9.197719323880461673e+01
7.350000000000163070e+00 9.092937904840455587e+01
7.370000000000162643e+00 9.080664585340048234e+01
7.390000000000162217e+00 9.027248759398062816e+01
7.410000000000161791e+00 8.909132924348686799e+01
7.430000000000161364e+00 8.780066203608353703e+01
7.450000000000160938e+00 8.791088795462384553e+01
7.470000000000160512e+00 8.745237661731296441e+01
7.490000000000160085e+00 8.673007304716566068e+01
7.510000000000159659e+00 8.586400166448616744e+01
7.530000000000159233e+00 8.516980613004324141e+01
7.550000000000158806e+00 8.514394160699184511e+01
7.570000000000158380e+00 8.381356391167922482e+01
7.590000000000157954e+00 8.384713248810960806e+01
7.610000000000157527e+00 8.342244632727368980e+01
7.630000000000157101e+00 8.267252435664677535e+01
7.650000000000156675e+00 8.217640398685604453e+01
7.670000000000156248e+00 8.116572049373691300e+01
7.690000000000155822e+00 8.105188936266540622e+01
7.710000000000155396e+00 8.135378360854886637e+01
7.730000000000154969e+00 8.081881424171702122e+01
7.750000000000154543e+00 8.021800627521562888e+01
7.770000000000154117e+00 7.979893374348525015e+01
7.790000000000153690e+00 7.960506658255472701e+01
7.810000000000153264e+00 7.888755967925429502e+01
7.830000000000152838e+00 7.891186059137147879e+01
7.850000000000152411e+00 7.801662865574492400e+01
7.870000000000151985e+00 7.786867776865274493e+01
7.890000000000151559e+00 7.780850942665111347e+01
7.910000000000151132e+00 7.721229335879162647e+01
7.930000000000150706e+00 7.669161888854934261e+01
7.950000000000150280e+00 7.670139311902326540e+01
7.970000000000149853e+00 7.596663383756506960e+01
7.990000000000149427e+00 7.540662518241084911e+01
8.010000000000149001e+00 7.559750938751801641e+01
8.030000000000148574e+00 7.547108363486529470e+01
8.050000000000148148e+00 7.529463623794931948e+01
8.070000000000147722e+00 7.429487699341557061e+01
8.090000000000147296e+00 7.449786258536934724e+01
8.110000000000146869e+00 7.438746651477590888e+01
8.130000000000146443e+00 7.404246310998706804e+01
8.150000000000146017e+00 7.385096843601711214e+01
8.170000000000145590e+00 7.367977934740235924e+01
8.190000000000145164e+00 7.337832405841268724e+01
8.210000000000144738e+00 7.340005904085964517e+01
8.230000000000144311e+00 7.299618704433308380e+01
8.250000000000143885e+00 7.277380536905565123e+01
8.270000000000143459e+00 7.225627811060348904e+01
8.290000000000143032e+00 7.224095435620070305e+01
8.310000000000142606e+00 7.159755671418751888e+01
8.330000000000142180e+00 7.176139055882336493e+01
8.350000000000141753e+00 7.169771045066369197e+01
8.370000000000141327e+00 7.134074290104460658e+01
8.390000000000140901e+00 7.093369467255699590e+01
8.410000000000140474e+00 7.070441056742612318e+01
8.430000000000140048e+00 7.086416590459796794e+01
8.450000000000139622e+00 7.043950956190214185e+01
8.470000000000139195e+00 7.043548271297071039e+01
8.490000000000138769e+00 7.027870882144053155e+01
8.510000000000138343e+00 6.999828290991666790e+01
8.530000000000137916e+00 6.982395645538376527e+01
8.550000000000137490e+00 6.975412191914021776e+01
8.570000000000137064e+00 6.965501133655610033e+01
8.590000000000136637e+00 6.920888473114715111e+01
8.610000000000136211e+00 6.916098979786346490e+01
8.630000000000135785e+00 6.890100426565712155e+01
8.650000000000135358e+00 6.859567264047927893e+01
8.670000000000134932e+00 6.844608119859326223e+01
8.690000000000134506e+00 6.838124227436631486e+01
8.710000000000134079e+00 6.847952505541448431e+01
8.730000000000133653e+00 6.829802989060974028e+01
8.750000000000133227e+00 6.814830570066571624e+01
8.770000000000132800e+00 6.759476696237636872e+01
8.790000000000132374e+00 6.781956378644822792e+01
8.810000000000131948e+00 6.743898222062229308e+01
8.830000000000131521e+00 6.775566478478049248e+01
8.850000000000131095e+00 6.730706970893814400e+01
8.870000000000130669e+00 6.699571644206028509e+01
8.890000000000130242e+00 6.725590208008991056e+01
8.910000000000129816e+00 6.715890303945688800e+01
8.930000000000129390e+00 6.689715688130279148e+01
8.950000000000128964e+00 6.656998302895068775e+01
8.970000000000128537e+00 6.662815937766968943e+01
8.990000000000128111e+00 6.645898635313217540e+01
9.010000000000127685e+00 6.652126474446022542e+01
9.030000000000127258e+00 6.630625050177766866e+01
9.050000000000126832e+00 6.634034651857160725e+01
9.070000000000126406e+00 6.571933325314894603e+01
9.090000000000125979e+00 6.615282189666716306e+01
9.110000000000125553e+00 6.601362593121164934e+01
9.130000000000125127e+00 6.620112450876533217e+01
9.150000000000124700e+00 6.549863745934976578e+01
9.170000000000124274e+00 6.571340680527643485e+01
9.190000000000123848e+00 6.557199858754617594e+01
9.210000000000123421e+00 6.547802142891676169e+01
9.230000000000122995e+00 6.538722070551574461e+01
9.250000000000122569e+00 6.563191328406310276e+01
9.270000000000122142e+00 6.552268623801666081e+01
9.290000000000121716e+00 6.514914899033428242e+01
9.310000000000121290e+00 6.482005184842593337e+01
9.330000000000120863e+00 6.489722986456693832e+01
9.350000000000120437e+00 6.505607747483507808e+01
9.370000000000120011e+00 6.476578758050007423e+01
9.390000000000119584e+00 6.490254612108348908e+01
9.410000000000119158e+00 6.486889528229980328e+01
9.430000000000118732e+00 6.459333875033897243e+01
9.450000000000118305e+00 6.467235694198356555e+01
9.470000000000117879e+00 6.447764453525778094e+01
9.490000000000117453e+00 6.436818099882626143e+01
9.510000000000117026e+00 6.430201870291608657e+01
9.530000000000116600e+00 6.434695129885757581e+01
9.550000000000116174e+00 6.393770607230909064e+01
9.570000000000115747e+00 6.398150717088328321e+01
9.590000000000115321e+00 6.417057108756576156e+01
9.610000000000114895e+00 6.390762958137466399e+01
9.630000000000114468e+00 6.382824784476958513e+01
9.650000000000114042e+00 6.349305870159127352e+01
9.670000000000113616e+00 6.340184359267987446e+01
9.690000000000113189e+00 6.348221492834665014e+01
9.710000000000112763e+00 6.342992351343712443e+01
9.730000000000112337e+00 6.329348499385334037e+01
9.750000000000111910e+00 6.329141002223389734e+01
9.770000000000111484e+00 6.280949739841965851e+01
9.790000000000111058e+00 6.255402519374536752e+01
9.810000000000110632e+00 6.282204113283199121e+01
9.830000000000110205e+00 6.248914003904391024e+01
9.850000000000109779e+00 6.263983586603558251e+01
9.870000000000109353e+00 6.209303261555588449e+01
9.890000000000108926e+00 6.214781913485425235e+01
9.910000000000108500e+00 6.214293586005599224e+01
9.930000000000108074e+00 6.179986224305463338e+01
9.950000000000107647e+00 6.203520787386056412e+01
9.970000000000107221e+00 6.127904004699289686e+01
9.990000000000106795e+00 6.139750977643426921e+01
1.001000000000010637e+01 6.111236091642717128e+01
1.003000000000010594e+01 6.088878407785547608e+01
1.005000000000010552e+01 6.107891528852761098e+01
1.007000000000010509e+01 6.052305607086204731e+01
1.009000000000010466e+01 6.027049056641098446e+01
1.011000000000010424e+01 6.027878097540713043e+01
1.013000000000010381e+01 6.023948635269550778e+01
1.015000000000010338e+01 5.986051175835867610e+01
1.017000000000010296e+01 5.992120274510354250e+01
1.019000000000010253e+01 5.956312472539382696e+01
1.021000000000010210e+01 5.929794663432360835e+01
1.023000000000010168e+01 5.921077257939261074e+01
1.025000000000010125e+01 5.850927421035098064e+01
1.027000000000010083e+01 5.887216439061734263e+01
1.029000000000010040e+01 5.829616223480516624e+01
1.031000000000009997e+01 5.835798986227032259e+01
1.033000000000009955e+01 5.824653389616964461e+01
1.035000000000009912e+01 5.760151634135917931e+01
1.037000000000009869e+01 5.787704375136994628e+01
1.039000000000009827e+01 5.753419177770942383e+01
1.041000000000009784e+01 5.718545745147269344e+01
1.043000000000009742e+01 5.685121181915869926e+01
1.045000000000009699e+01 5.701514300403302116e+01
1.047000000000009656e+01 5.644863993462941920e+01
1.049000000000009614e+01 5.614937126296548797e+01
1.051000000000009571e+01 5.606250261651418043e+01
1.053000000000009528e+01 5.581049962221176486e+01
1.055000000000009486e+01 5.595220128604904630e+01
1.057000000000009443e+01 5.566063204061195080e+01
1.059000000000009400e+01 5.537983344782632855e+01
1.061000000000009358e+01 5.513963290322985245e+01
1.063000000000009315e+01 5.483021275238384362e+01
1.065000000000009273e+01 5.463928987608471033e+01
1.067000000000009230e+01 5.443827902285067211e+01
1.069000000000009187e+01 5.410647391509723292e+01
1.071000000000009145e+01 5.425691629233439528e+01
1.073000000000009102e+01 5.384162575125373706e+01
1.075000000000009059e+01 5.389669944476592889e+01
1.077000000000009017e+01 5.359260704454091240e+01
1.079000000000008974e+01 5.359369314855334210e+01
1.081000000000008932e+01 5.315190157590370035e+01
1.083000000000008889e+01 5.287599118688375910e+01
1.085000000000008846e+01 5.297821839774302077e+01
1.087000000000008804e+01 5.260413358693025998e+01
1.089000000000008761e+01 5.244232581601904997e+01
1.091000000000008718e+01 5.262421286208962101e+01
1.093000000000008676e+01 5.226804630062939339e+01
1.095000000000008633e+01 5.219944911147093336e+01
1.097000000000008590e+01 5.219923540772031600e+01
1.099000000000008548e+01 5.170248055614740679e+01
1.101000000000008505e+01 5.178970785800903798e+01
1.103000000000008463e+01 5.157544650104794215e+01
1.105000000000008420e+01 5.146705715769529377e+01
1.107000000000008377e+01 5.130481339450108180e+01
1.109000000000008335e+01 5.136073195857486695e+01
1.111000000000008292e+01 5.134440508214714782e+01
1.113000000000008249e+01 5.112494805597582115e+01
1.115000000000008207e+01 5.126656067334996436e+01
1.117000000000008164e+01 5.104374915471740337e+01
1.119000000000008122e+01 5.097280028772107130e+01
1.121000000000008079e+01 5.084004945184383217e+01
1.123000000000008036e+01 5.081648439836838804e+01
1.125000000000007994e+01 5.097522208462076065e+01
1.127000000000007951e+01 5.088428541946066730e+01
1.129000000000007908e+01 5.077930613498053702e+01
1.131000000000007866e+01 5.071888039921673652e+01
1.133000000000007823e+01 5.088585513295330287e+01
1.135000000000007780e+01 5.097394275260596430e+01
1.137000000000007738e+01 5.121769336019573160e+01
1.139000000000007695e+01 5.094586336377123814e+01
1.141000000000007653e+01 5.119940807435374097e+01
1.143000000000007610e+01 5.122446721017207949e+01
1.145000000000007567e+01 5.143440553074393762e+01
1.147000000000007525e+01 5.146182264309591403e+01
1.149000000000007482e+01 5.167512591845291325e+01
1.151000000000007439e+01 5.194586918309240531e+01
1.153000000000007397e+01 5.201274241069089044e+01
1.155000000000007354e+01 5.208697653253224047e+01
1.157000000000007311e+01 5.249581356902016438e+01
1.159000000000007269e+01 5.292237621369191913e+01
1.161000000000007226e+01 5.318235604662584848e+01
1.163000000000007184e+01 5.336732448046478794e+01
1.165000000000007141e+01 5.390339773574719118e+01
1.167000000000007098e+01 5.387827167701669140e+01
1.169000000000007056e+01 5.433956257155612946e+01
1.171000000000007013e+01 5.476756895788653168e+01
1.173000000000006970e+01 5.504225892303988843e+01
1.175000000000006928e+01 5.553075992865247201e+01
1.177000000000006885e+01 5.603654477925358179e+01
1.179000000000006843e+01 5.630839414413267718e+01
1.181000000000006800e+01 5.694581122865193379e+01
1.183000000000006757e+01 5.728510876842386068e+01
1.185000000000006715e+01 5.769783841646376032e+01
1.187000000000006672e+01 5.795649650520171292e+01
1.189000000000006629e+01 5.864939940131354490e+01
1.191000000000006587e+01 5.920884105612020676e+01
1.193000000000006544e+01 5.968372148482833239e+01
1.195000000000006501e+01 5.993684877397454613e+01
1.197000000000006459e+01 6.049788476040506424e+01
1.199000000000006416e+01 6.117720459217806450e+01
1.201000000000006374e+01 6.161786939221463655e+01
1.203000000000006331e+01 6.208680835198857295e+01
1.205000000000006288e+01 6.230076570924885715e+01
1.207000000000006246e+01 6.275356483866177371e+01
1.209000000000006203e+01 6.318221474891627309e+01
1.211000000000006160e+01 6.369098974006573144e+01
1.213000000000006118e+01 6.434204625793030630e+01
1.215000000000006075e+01 6.437042090478647083e+01
1.217000000000006033e+01 6.475374242492885912e+01
1.219000000000005990e+01 6.515801052506749613e+01
1.221000000000005947e+01 6.580509632230743478e+01
1.223000000000005905e+01 6.592250089120312850e+01
1.225000000000005862e+01 6.602659425230825718e+01
1.227000000000005819e+01 6.604706268885112763e+01
1.229000000000005777e+01 6.660937420275080001e+01
1.231000000000005734e+01 6.708117460353865624e+01
1.233000000000005691e+01 6.704332960970293698e+01
1.235000000000005649e+01 6.730965070599899036e+01
1.237000000000005606e+01 6.730639543413782633e+01
1.239000000000005564e+01 6.724028063666767707e+01
1.241000000000005521e+01 6.735614934573973756e+01
1.243000000000005478e+01 6.769272400053617389e+01
1.245000000000005436e+01 6.766514039179902795e+01
1.247000000000005393e+01 6.776321106046371767e+01
1.249000000000005350e+01 6.764140951576881378e+01
1.251000000000005308e+01 6.747169185693653048e+01
1.253000000000005265e+01 6.742390348723046145e+01
1.255000000000005222e+01 6.753151790009364674e+01
1.257000000000005180e+01 6.719273081738027997e+01
1.259000000000005137e+01 6.740039979723133001e+01
1.261000000000005095e+01 6.704426568417748911e+01
1.263000000000005052e+01 6.687593856818162408e+01
1.265000000000005009e+01 6.678589318811302178e+01
1.267000000000004967e+01 6.664508521029169685e+01
1.269000000000004924e+01 6.632267595041629704e+01
1.271000000000004881e+01 6.605905097491803701e+01
1.273000000000004839e+01 6.595515383796664821e+01
1.275000000000004796e+01 6.546634419609348754e+01
1.277000000000004754e+01 6.499848620698396928e+01
1.279000000000004711e+01 6.522921191347845138e+01
1.281000000000004668e+01 6.476133870246711410e+01
1.283000000000004626e+01 6.445714671334953039e+01
1.285000000000004583e+01 6.415419458884011306e+01
1.287000000000004540e+01 6.351951460075093081e+01
1.289000000000004498e+01 6.332820146399105710e+01
1.291000000000004455e+01 6.286764898761955322e+01
1.293000000000004412e+01 6.254104856024989800e+01
1.295000000000004370e+01 6.247981754936679977e+01
1.297000000000004327e+01 6.185966376555088431e+01
1.299000000000004285e+01 6.151444912066443749e+01
1.301000000000004242e+01 6.104576755042791092e+01
1.303000000000004199e+01 6.060984922661474883e+01
1.305000000000004157e+01 6.026562082012041088e+01
1.307000000000004114e+01 5.982706129579341336e+01
1.309000000000004071e+01 5.950504979678688500e+01
1.311000000000004029e+01 5.885365378630605449e+01
1.313000000000003986e+01 5.881837150824669180e+01
1.315000000000003944e+01 5.797485204603424336e+01
1.317000000000003901e+01 5.767622190817258598e+01
1.319000000000003858e+01 5.714332859799698383e+01
1.321000000000003816e+01 5.646771130881842282e+01
1.323000000000003773e+01 5.646669043509893982e+01
1.325000000000003730e+01 5.554982739369856404e+01
1.327000000000003688e+01 5.501602019219473050e+01
1.329000000000003645e+01 5.477741195175807576e+01
1.331000000000003602e+01 5.396925389043853016e+01
1.333000000000003560e+01 5.353834700174692074e+01
1.335000000000003517e+01 5.298444175928193545e+01
1.337000000000003475e+01 5.224905653987750043e+01
1.339000000000003432e+01 5.154863932119997116e+01
1.341000000000003389e+01 5.093194686275205640e+01
1.343000000000003347e+01 5.036780377441364465e+01
1.345000000000003304e+01 4.983038377386206008e+01
1.347000000000003261e+01 4.914440556292220919e+01
1.349000000000003219e+01 4.813762410042954087e+01
1.351000000000003176e+01 4.716713499672083998e+01
1.353000000000003133e+01 4.673703399169189510e+01
1.355000000000003091e+01 4.582426813420455858e+01
1.357000000000003048e+01 4.465052303170880776e+01
1.359000000000003006e+01 4.403691003626435219e+01
1.361000000000002963e+01 4.299184202920135078e+01
1.363000000000002920e+01 4.192333845495301858e+01
1.365000000000002878e+01 4.092050363692358417e+01
1.367000000000002835e+01 4.009782192162357717e+01
1.369000000000002792e+01 3.916250087799841850e+01
1.371000000000002750e+01 3.818028979764648767e+01
1.373000000000002707e+01 3.719935126126409841e+01
1.375000000000002665e+01 3.628111207956857953e+01
1.377000000000002622e+01 3.526344462301630500e+01
1.379000000000002579e+01 3.404066649092084162e+01
1.381000000000002537e+01 3.290271482140533976e+01
1.383000000000002494e+01 3.191669498688408524e+01
1.385000000000002451e+01 3.063372790661585654e+01
1.387000000000002409e+01 2.960223471740808066e+01
1.389000000000002366e+01 2.825981019610175693e+01
1.391000000000002323e+01 2.706306070883584169e+01
1.393000000000002281e+01 2.575534593071910550e+01
1.395000000000002238e+01 2.439108937537382005e+01
1.397000000000002196e+01 2.299381156320803399e+01
1.399000000000002153e+01 2.174501309692759676e+01
1.401000000000002110e+01 2.038316827039864165e+01
1.403000000000002068e+01 1.897879995604626302e+01
1.405000000000002025e+01 1.762415258781181748e+01
1.407000000000001982e+01 1.621079873796134407e+01
1.409000000000001940e+01 1.470577694519385759e+01
1.411000000000001897e+01 1.339844651035275191e+01
1.413000000000001855e+01 1.181521506824805989e+01
1.415000000000001812e+01 1.041948035043812659e+01
1.417000000000001769e+01 9.107629321186578863e+00
1.419000000000001727e+01 7.870996912123715106e+00
1.421000000000001684e+01 6.525161174195302394e+00
1.423000000000001641e+01 5.356482864450812009e+00
1.425000000000001599e+01 4.212192766637008035e+00
1.427000000000001556e+01 3.223833959198675547e+00
1.429000000000001513e+01 2.359184535161769958e+00
1.431000000000001471e+01 1.778438733786580572e+00
1.433000000000001428e+01 1.340139147322936486e+00
1.435000000000001386e+01 9.512757531277542533e-01
1.437000000000001343e+01 7.292554169544719356e-01
1.439000000000001300e+01 5.094934298287142616e-01
1.441000000000001258e+01 3.115372336070408865e-01
1.443000000000001215e+01 1.910333260155429036e-01
1.445000000000001172e+01 1.051649797213935894e-01
1.447000000000001130e+01 5.142068696275843565e-02
1.449000000000001087e+01 1.898561959531942095e-02
1.451000000000001044e+01 5.489937136381612889e-03
1.453000000000001002e+01 2.774613534790372135e-03
1.455000000000000959e+01 2.762332721048353125e-03
1.457000000000000917e+01 2.750121270835890509e-03
1.459000000000000874e+01 2.737978705830233523e-03
1.461000000000000831e+01 3.548868026171696436e-10
1.463000000000000789e+01 0.000000000000000000e+00
1.465000000000000746e+01 0.000000000000000000e+00
1.467000000000000703e+01 0.000000000000000000e+00
1.469000000000000661e+01 0.000000000000000000e+00
1.471000000000000618e+01 0.000000000000000000e+00
1.473000000000000576e+01 0.000000000000000000e+00
1.475000000000000533e+01 0.000000000000000000e+00
1.477000000000000490e+01 0.000000000000000000e+00
1.479000000000000448e+01 0.000000000000000000e+00
1.481000000000000405e+01 0.000000000000000000e+00
1.483000000000000362e+01 0.000000000000000000e+00
1.485000000000000320e+01 0.000000000000000000e+00
1.487000000000000277e+01 0.000000000000000000e+00
1.489000000000000234e+01 0.000000000000000000e+00
1.491000000000000192e+01 0.000000000000000000e+00
1.493000000000000149e+01 0.000000000000000000e+00
1.495000000000000107e+01 0.000000000000000000e+00
1.497000000000000064e+01 0.000000000000000000e+00
1.499000000000000021e+01 0.000000000000000000e+00
