# Redshift		Merger Rate Density [Gpc^-3yr^-1]
1.000000000031931770e-02 7.353981220999628476e+01
3.000000000031888964e-02 7.744903017197928818e+01
5.000000000031846331e-02 8.128318930687466093e+01
7.000000000031804392e-02 8.515093819557131383e+01
9.000000000031761760e-02 8.953902143528543434e+01
1.100000000003171913e-01 9.330796110080763128e+01
1.300000000003167511e-01 9.755557582925025883e+01
1.500000000003163247e-01 1.015489731379581571e+02
1.700000000003158984e-01 1.063545645736376173e+02
1.900000000003154721e-01 1.106986513929373785e+02
2.100000000003150458e-01 1.154124423016672836e+02
2.300000000003146194e-01 1.201009424546114559e+02
2.500000000003141931e-01 1.249368520506196063e+02
2.700000000003137668e-01 1.300854824941197592e+02
2.900000000003133405e-01 1.356197918918790037e+02
3.100000000003129141e-01 1.408739676751517891e+02
3.300000000003124878e-01 1.464867384729282662e+02
3.500000000003120615e-01 1.521387044609527663e+02
3.700000000003116352e-01 1.577386235056137025e+02
3.900000000003112088e-01 1.636429658116057624e+02
4.100000000003107825e-01 1.694616034717398918e+02
4.300000000003103562e-01 1.755092175453104915e+02
4.500000000003099299e-01 1.817699134330803759e+02
4.700000000003095035e-01 1.880645417017756245e+02
4.900000000003090772e-01 1.945146943201872034e+02
5.100000000003086509e-01 2.006522429600457826e+02
5.300000000003082246e-01 2.076974909530458149e+02
5.500000000003077982e-01 2.143199430169772484e+02
5.700000000003073719e-01 2.215918909669617278e+02
5.900000000003069456e-01 2.280541390422050085e+02
6.100000000003065193e-01 2.353211030256792640e+02
6.300000000003060929e-01 2.424730170491958461e+02
6.500000000003056666e-01 2.502403610811146564e+02
6.700000000003052403e-01 2.572231510764210611e+02
6.900000000003048140e-01 2.649241635143865778e+02
7.100000000003043876e-01 2.718521220861035772e+02
7.300000000003039613e-01 2.801730499161660646e+02
7.500000000003035350e-01 2.873935697622872567e+02
7.700000000003031086e-01 2.957559322228108840e+02
7.900000000003026823e-01 3.033305024654554813e+02
8.100000000003022560e-01 3.119835780274469244e+02
8.300000000003018297e-01 3.198946583161780381e+02
8.500000000003014033e-01 3.278594393333046355e+02
8.700000000003009770e-01 3.364155750796346069e+02
8.900000000003005507e-01 3.445034302254699696e+02
9.100000000003001244e-01 3.529140777885178863e+02
9.300000000002996980e-01 3.614341970031589995e+02
9.500000000002992717e-01 3.698202929583867444e+02
9.700000000002988454e-01 3.784405345205734648e+02
9.900000000002984191e-01 3.871923645149286131e+02
1.010000000000297993e+00 3.956940658018278896e+02
1.030000000000297566e+00 4.039770195504711978e+02
1.050000000000297140e+00 4.130267279905474993e+02
1.070000000000296714e+00 4.211862911275792953e+02
1.090000000000296287e+00 4.309758320370952447e+02
1.110000000000295861e+00 4.387683911152255973e+02
1.130000000000295435e+00 4.474820826304015213e+02
1.150000000000295008e+00 4.566092072971569564e+02
1.170000000000294582e+00 4.646754043904510922e+02
1.190000000000294156e+00 4.731206879075143092e+02
1.210000000000293729e+00 4.811216722585861021e+02
1.230000000000293303e+00 4.904639017136570374e+02
1.250000000000292877e+00 4.982681093461103501e+02
1.270000000000292451e+00 5.064001482985710254e+02
1.290000000000292024e+00 5.147372037332174841e+02
1.310000000000291598e+00 5.220358472679683928e+02
1.330000000000291172e+00 5.312656341830884230e+02
1.350000000000290745e+00 5.376472570592999318e+02
1.370000000000290319e+00 5.459203127157466042e+02
1.390000000000289893e+00 5.533433025431974102e+02
1.410000000000289466e+00 5.610253160707331972e+02
1.430000000000289040e+00 5.681680125581686980e+02
1.450000000000288614e+00 5.748220988896125618e+02
1.470000000000288187e+00 5.814392823284741780e+02
1.490000000000287761e+00 5.884641270439907430e+02
1.510000000000287335e+00 5.959034993134274600e+02
1.530000000000286908e+00 6.013727944148911320e+02
1.550000000000286482e+00 6.070227365306193406e+02
1.570000000000286056e+00 6.151099502878078056e+02
1.590000000000285629e+00 6.224915235464130774e+02
1.610000000000285203e+00 6.299976454892491802e+02
1.630000000000284777e+00 6.355475954612753640e+02
1.650000000000284350e+00 6.484694073649061465e+02
1.670000000000283924e+00 6.594481814269732922e+02
1.690000000000283498e+00 6.739913473482680502e+02
1.710000000000283071e+00 6.741444342836389296e+02
1.730000000000282645e+00 6.701844510262436643e+02
1.750000000000282219e+00 6.661535069622945002e+02
1.770000000000281792e+00 6.671484718948704540e+02
1.790000000000281366e+00 6.659759129911487889e+02
1.810000000000280940e+00 6.676804785867784631e+02
1.830000000000280513e+00 6.663588333150499921e+02
1.850000000000280087e+00 6.659562077281084385e+02
1.870000000000279661e+00 6.693961497284947200e+02
1.890000000000279234e+00 6.686626035107356074e+02
1.910000000000278808e+00 6.685563567373285423e+02
1.930000000000278382e+00 6.702374184051802786e+02
1.950000000000277955e+00 6.691861063705941888e+02
1.970000000000277529e+00 6.698320889482434950e+02
1.990000000000277103e+00 6.750887891107620362e+02
2.010000000000276899e+00 6.760424762949138540e+02
2.030000000000276472e+00 6.796632321129243337e+02
2.050000000000276046e+00 6.780288547825045953e+02
2.070000000000275620e+00 6.826923260524848729e+02
2.090000000000275193e+00 6.832599660862571227e+02
2.110000000000274767e+00 6.861369604935755433e+02
2.130000000000274341e+00 6.935882433122804969e+02
2.150000000000273914e+00 6.908587081843243141e+02
2.170000000000273488e+00 6.805099813696076581e+02
2.190000000000273062e+00 6.650558739621483255e+02
2.210000000000272635e+00 6.507228766440437084e+02
2.230000000000272209e+00 6.417315751634160961e+02
2.250000000000271783e+00 6.364237543811351543e+02
2.270000000000271356e+00 6.301841081809591287e+02
2.290000000000270930e+00 6.262974485862793017e+02
2.310000000000270504e+00 6.206840717707275417e+02
2.330000000000270077e+00 6.160416440108155030e+02
2.350000000000269651e+00 6.118742744151398938e+02
2.370000000000269225e+00 6.064123316174316187e+02
2.390000000000268798e+00 6.014858687742332677e+02
2.410000000000268372e+00 5.967520955111992862e+02
2.430000000000267946e+00 5.904576972828696171e+02
2.450000000000267519e+00 5.859051126847883779e+02
2.470000000000267093e+00 5.796348417546923883e+02
2.490000000000266667e+00 5.747804908859235411e+02
2.510000000000266240e+00 5.691214425860786150e+02
2.530000000000265814e+00 5.639583582149701897e+02
2.550000000000265388e+00 5.575753622219448289e+02
2.570000000000264961e+00 5.518687870928160919e+02
2.590000000000264535e+00 5.460700527665519530e+02
2.610000000000264109e+00 5.399428702422391098e+02
2.630000000000263682e+00 5.341855334428255446e+02
2.650000000000263256e+00 5.284216113197359164e+02
2.670000000000262830e+00 5.219785883964435698e+02
2.690000000000262403e+00 5.162891295185868330e+02
2.710000000000261977e+00 5.104095307406767006e+02
2.730000000000261551e+00 5.043351729557227259e+02
2.750000000000261124e+00 4.981943838145041354e+02
2.770000000000260698e+00 4.922549110255416167e+02
2.790000000000260272e+00 4.861797112106061718e+02
2.810000000000259845e+00 4.802073245747083092e+02
2.830000000000259419e+00 4.744435291351407500e+02
2.850000000000258993e+00 4.678535226451230074e+02
2.870000000000258567e+00 4.619918706823687558e+02
2.890000000000258140e+00 4.560545394383303233e+02
2.910000000000257714e+00 4.501897575508214686e+02
2.930000000000257288e+00 4.442977099129648195e+02
2.950000000000256861e+00 4.392676374757074313e+02
2.970000000000256435e+00 4.335604886973929979e+02
2.990000000000256009e+00 4.279436639134175380e+02
3.010000000000255582e+00 4.214910016599120013e+02
3.030000000000255156e+00 4.159746718242205930e+02
3.050000000000254730e+00 4.097381803910193980e+02
3.070000000000254303e+00 4.039948745192008346e+02
3.090000000000253877e+00 3.999529239374314784e+02
3.110000000000253451e+00 3.945836241007004901e+02
3.130000000000253024e+00 3.900310704457332918e+02
3.150000000000252598e+00 3.859580392549817702e+02
3.170000000000252172e+00 3.835900150568436402e+02
3.190000000000251745e+00 3.792518465425759473e+02
3.210000000000251319e+00 3.753345829240490730e+02
3.230000000000250893e+00 3.688740094256518205e+02
3.250000000000250466e+00 3.634071476902168456e+02
3.270000000000250040e+00 3.530659242154221147e+02
3.290000000000249614e+00 3.454927343749903343e+02
3.310000000000249187e+00 3.407917714943617966e+02
3.330000000000248761e+00 3.340108159921198876e+02
3.350000000000248335e+00 3.290371380976910132e+02
3.370000000000247908e+00 3.235430055004600263e+02
3.390000000000247482e+00 3.176551159247524083e+02
3.410000000000247056e+00 3.122221299690905880e+02
3.430000000000246629e+00 3.078627988315995481e+02
3.450000000000246203e+00 3.027197292107348972e+02
3.470000000000245777e+00 2.983839725143372448e+02
3.490000000000245350e+00 2.957195044333639089e+02
3.510000000000244924e+00 2.923776609522319632e+02
3.530000000000244498e+00 2.890121205461409772e+02
3.550000000000244071e+00 2.845783599046155814e+02
3.570000000000243645e+00 2.783630295182804844e+02
3.590000000000243219e+00 2.734058135855003115e+02
3.610000000000242792e+00 2.685644495462623240e+02
3.630000000000242366e+00 2.654352653193272431e+02
3.650000000000241940e+00 2.609646378950441203e+02
3.670000000000241513e+00 2.590139321356475648e+02
3.690000000000241087e+00 2.555774747369993065e+02
3.710000000000240661e+00 2.522842821872252443e+02
3.730000000000240234e+00 2.463945794718895286e+02
3.750000000000239808e+00 2.426995243119577310e+02
3.770000000000239382e+00 2.383740594240316000e+02
3.790000000000238956e+00 2.359088759085774143e+02
3.810000000000238529e+00 2.321682048673446559e+02
3.830000000000238103e+00 2.286948724622087354e+02
3.850000000000237677e+00 2.259022642621084458e+02
3.870000000000237250e+00 2.231081742844056919e+02
3.890000000000236824e+00 2.211275453531374353e+02
3.910000000000236398e+00 2.151293345969360189e+02
3.930000000000235971e+00 2.093521853389410694e+02
3.950000000000235545e+00 2.050912267800211737e+02
3.970000000000235119e+00 2.012319207281680065e+02
3.990000000000234692e+00 1.984446775898706505e+02
4.010000000000234266e+00 1.955530700075053971e+02
4.030000000000233840e+00 1.926863149313049632e+02
4.050000000000233413e+00 1.899848238443699699e+02
4.070000000000232987e+00 1.871328834728051334e+02
4.090000000000232561e+00 1.849357051658280398e+02
4.110000000000232134e+00 1.823698715769239982e+02
4.130000000000231708e+00 1.801647068604022479e+02
4.150000000000231282e+00 1.777474350627416300e+02
4.170000000000230855e+00 1.747404450878479736e+02
4.190000000000230429e+00 1.727909565118567343e+02
4.210000000000230003e+00 1.698087171071811667e+02
4.230000000000229576e+00 1.672637841670139665e+02
4.250000000000229150e+00 1.641216874366652974e+02
4.270000000000228724e+00 1.618987908863464327e+02
4.290000000000228297e+00 1.592110467362170425e+02
4.310000000000227871e+00 1.568735338309250551e+02
4.330000000000227445e+00 1.549166159464459440e+02
4.350000000000227018e+00 1.532178584678723894e+02
4.370000000000226592e+00 1.505839876345567632e+02
4.390000000000226166e+00 1.487778729418157866e+02
4.410000000000225739e+00 1.469163276895227170e+02
4.430000000000225313e+00 1.456186322724513786e+02
4.450000000000224887e+00 1.440572375665025788e+02
4.470000000000224460e+00 1.421026021431242725e+02
4.490000000000224034e+00 1.410027770491789738e+02
4.510000000000223608e+00 1.428829290129453113e+02
4.530000000000223181e+00 1.419163489873808999e+02
4.550000000000222755e+00 1.403014582254268987e+02
4.570000000000222329e+00 1.386324664363764896e+02
4.590000000000221902e+00 1.377036535048960388e+02
4.610000000000221476e+00 1.333124884447243517e+02
4.630000000000221050e+00 1.305670493402700458e+02
4.650000000000220624e+00 1.272522543166783606e+02
4.670000000000220197e+00 1.259111008191394205e+02
4.690000000000219771e+00 1.241039092136638970e+02
4.710000000000219345e+00 1.222723832118320502e+02
4.730000000000218918e+00 1.214490118546678161e+02
4.750000000000218492e+00 1.199703220007563118e+02
4.770000000000218066e+00 1.191665659820981205e+02
4.790000000000217639e+00 1.171857010807703574e+02
4.810000000000217213e+00 1.159312159106341369e+02
4.830000000000216787e+00 1.144092469154069391e+02
4.850000000000216360e+00 1.130345766701524894e+02
4.870000000000215934e+00 1.119860714795173351e+02
4.890000000000215508e+00 1.112568861973121130e+02
4.910000000000215081e+00 1.101959970735355085e+02
4.930000000000214655e+00 1.093555760983467025e+02
4.950000000000214229e+00 1.082429406558887308e+02
4.970000000000213802e+00 1.067356078276385176e+02
4.990000000000213376e+00 1.060774348593388794e+02
5.010000000000212950e+00 1.051753872398595320e+02
5.030000000000212523e+00 1.041009380921823464e+02
5.050000000000212097e+00 1.030496685489188309e+02
5.070000000000211671e+00 1.013911444800273358e+02
5.090000000000211244e+00 1.009205811991439532e+02
5.110000000000210818e+00 9.981967549391045225e+01
5.130000000000210392e+00 9.829279535649322952e+01
5.150000000000209965e+00 9.773481767397021258e+01
5.170000000000209539e+00 9.633086452006801892e+01
5.190000000000209113e+00 9.552981247218534122e+01
5.210000000000208686e+00 9.469121513706261339e+01
5.230000000000208260e+00 9.368762085021164410e+01
5.250000000000207834e+00 9.283782706763693682e+01
5.270000000000207407e+00 9.240195426374681631e+01
5.290000000000206981e+00 9.291583689873144181e+01
5.310000000000206555e+00 9.334321444168509174e+01
5.330000000000206128e+00 9.216352391773081365e+01
5.350000000000205702e+00 9.110393943148119433e+01
5.370000000000205276e+00 9.048384675534779831e+01
5.390000000000204849e+00 8.959052626470763414e+01
5.410000000000204423e+00 8.718766133322851886e+01
5.430000000000203997e+00 8.606630489741127121e+01
5.450000000000203570e+00 8.450238903655348111e+01
5.470000000000203144e+00 8.350908951895752352e+01
5.490000000000202718e+00 8.251460691882594745e+01
5.510000000000202292e+00 8.214365255307114921e+01
5.530000000000201865e+00 8.117488812894588079e+01
5.550000000000201439e+00 8.016756227102020205e+01
5.570000000000201013e+00 7.992043804342780788e+01
5.590000000000200586e+00 7.883937232310543664e+01
5.610000000000200160e+00 7.819851361698172809e+01
5.630000000000199734e+00 7.732576585654578594e+01
5.650000000000199307e+00 7.638646911093265146e+01
5.670000000000198881e+00 7.597717770728216635e+01
5.690000000000198455e+00 7.508535097875584086e+01
5.710000000000198028e+00 7.420677505940872720e+01
5.730000000000197602e+00 7.367477807805411771e+01
5.750000000000197176e+00 7.305216855566457923e+01
5.770000000000196749e+00 7.209338399295259592e+01
5.790000000000196323e+00 7.107276413609709209e+01
5.810000000000195897e+00 7.041556297656057950e+01
5.830000000000195470e+00 6.991468929827635748e+01
5.850000000000195044e+00 6.927603071154635472e+01
5.870000000000194618e+00 6.886550916925715171e+01
5.890000000000194191e+00 6.866216451061301029e+01
5.910000000000193765e+00 6.796463639855345207e+01
5.930000000000193339e+00 6.787914649925563992e+01
5.950000000000192912e+00 6.859384118970223199e+01
5.970000000000192486e+00 6.817087945359932633e+01
5.990000000000192060e+00 6.748322145501967384e+01
6.010000000000191633e+00 6.632424193209746477e+01
6.030000000000191207e+00 6.659630657479119975e+01
6.050000000000190781e+00 6.456731950418129884e+01
6.070000000000190354e+00 6.440232896265753482e+01
6.090000000000189928e+00 6.228182732789494480e+01
6.110000000000189502e+00 6.176323628899863394e+01
6.130000000000189075e+00 6.036046184832271422e+01
6.150000000000188649e+00 6.010555761335040614e+01
6.170000000000188223e+00 5.925550995350870664e+01
6.190000000000187796e+00 5.821310030219729725e+01
6.210000000000187370e+00 5.786088335158329699e+01
6.230000000000186944e+00 5.707616187826026533e+01
6.250000000000186517e+00 5.653881343874113696e+01
6.270000000000186091e+00 5.555812165536104175e+01
6.290000000000185665e+00 5.517236554949963789e+01
6.310000000000185238e+00 5.446019508622483585e+01
6.330000000000184812e+00 5.428463743943304110e+01
6.350000000000184386e+00 5.367972293779607185e+01
6.370000000000183960e+00 5.303864806116472153e+01
6.390000000000183533e+00 5.286188970380014496e+01
6.410000000000183107e+00 5.159340908635756051e+01
6.430000000000182681e+00 5.135825834163219383e+01
6.450000000000182254e+00 5.086393550689090404e+01
6.470000000000181828e+00 5.045138757274868624e+01
6.490000000000181402e+00 4.980372107774169876e+01
6.510000000000180975e+00 4.950154949225780143e+01
6.530000000000180549e+00 4.985009270858074615e+01
6.550000000000180123e+00 4.913638170219648060e+01
6.570000000000179696e+00 4.844374325412043447e+01
6.590000000000179270e+00 4.763995320786461463e+01
6.610000000000178844e+00 4.754978047371517391e+01
6.630000000000178417e+00 4.640485444868685505e+01
6.650000000000177991e+00 4.582007732588731841e+01
6.670000000000177565e+00 4.493258962324144079e+01
6.690000000000177138e+00 4.465385695580982883e+01
6.710000000000176712e+00 4.363325141349493208e+01
6.730000000000176286e+00 4.361340413896584067e+01
6.750000000000175859e+00 4.287977199825748897e+01
6.770000000000175433e+00 4.232218700169358527e+01
6.790000000000175007e+00 4.171138891780353930e+01
6.810000000000174580e+00 4.156427419488117891e+01
6.830000000000174154e+00 4.124045815844166185e+01
6.850000000000173728e+00 4.071608875898930791e+01
6.870000000000173301e+00 4.019004986741609287e+01
6.890000000000172875e+00 3.963895499236404873e+01
6.910000000000172449e+00 3.950390633092937520e+01
6.930000000000172022e+00 3.847929445520715319e+01
6.950000000000171596e+00 3.846529457141723896e+01
6.970000000000171170e+00 3.782950890705321001e+01
6.990000000000170743e+00 3.748625704853427010e+01
7.010000000000170317e+00 3.709455122857138321e+01
7.030000000000169891e+00 3.645183658473540333e+01
7.050000000000169464e+00 3.646751867904442435e+01
7.070000000000169038e+00 3.609993298128058825e+01
7.090000000000168612e+00 3.547728215025456677e+01
7.110000000000168185e+00 3.521856376869023819e+01
7.130000000000167759e+00 3.496578757504617840e+01
7.150000000000167333e+00 3.446596923555043190e+01
7.170000000000166906e+00 3.424415351347277436e+01
7.190000000000166480e+00 3.349304330656212869e+01
7.210000000000166054e+00 3.344172808562794330e+01
7.230000000000165628e+00 3.289784797473310363e+01
7.250000000000165201e+00 3.258131042022755963e+01
7.270000000000164775e+00 3.217089728176974717e+01
7.290000000000164349e+00 3.177622832728661351e+01
7.310000000000163922e+00 3.143788953041811496e+01
7.330000000000163496e+00 3.126174978851584285e+01
7.350000000000163070e+00 3.096826940267549944e+01
7.370000000000162643e+00 3.035678190513857189e+01
7.390000000000162217e+00 3.010932622442571471e+01
7.410000000000161791e+00 2.994747303274789374e+01
7.430000000000161364e+00 2.968990908546648200e+01
7.450000000000160938e+00 2.948204033102943100e+01
7.470000000000160512e+00 2.908454928299937947e+01
7.490000000000160085e+00 2.892697150440146103e+01
7.510000000000159659e+00 2.888041897686768067e+01
7.530000000000159233e+00 2.857332057265852043e+01
7.550000000000158806e+00 2.814006039981523699e+01
7.570000000000158380e+00 2.788750551299666114e+01
7.590000000000157954e+00 2.787021405205777569e+01
7.610000000000157527e+00 2.740109033490714197e+01
7.630000000000157101e+00 2.683745088379662747e+01
7.650000000000156675e+00 2.676783271738804260e+01
7.670000000000156248e+00 2.637202001668803319e+01
7.690000000000155822e+00 2.613992449314094557e+01
7.710000000000155396e+00 2.600177425574790391e+01
7.730000000000154969e+00 2.564642138907723279e+01
7.750000000000154543e+00 2.546337252440735810e+01
7.770000000000154117e+00 2.512479956190592745e+01
7.790000000000153690e+00 2.493183470805818658e+01
7.810000000000153264e+00 2.464526587762410514e+01
7.830000000000152838e+00 2.457398089382713735e+01
7.850000000000152411e+00 2.459916223831206139e+01
7.870000000000151985e+00 2.415801676303470202e+01
7.890000000000151559e+00 2.383980552359567895e+01
7.910000000000151132e+00 2.393469518052038225e+01
7.930000000000150706e+00 2.361148562426862441e+01
7.950000000000150280e+00 2.343074206569367490e+01
7.970000000000149853e+00 2.323754357977503560e+01
7.990000000000149427e+00 2.297158295806157824e+01
8.010000000000149001e+00 2.268088791379131663e+01
8.030000000000148574e+00 2.239182905732803519e+01
8.050000000000148148e+00 2.238243470484796305e+01
8.070000000000147722e+00 2.202380297524025110e+01
8.090000000000147296e+00 2.194338447412172144e+01
8.110000000000146869e+00 2.174894757581023086e+01
8.130000000000146443e+00 2.140947664029783226e+01
8.150000000000146017e+00 2.148024888551023537e+01
8.170000000000145590e+00 2.096522987292506812e+01
8.190000000000145164e+00 2.104887949695549310e+01
8.210000000000144738e+00 2.076782079963388128e+01
8.230000000000144311e+00 2.061829947262851093e+01
8.250000000000143885e+00 2.054117802874615251e+01
8.270000000000143459e+00 2.028995243435212714e+01
8.290000000000143032e+00 2.024549073721352954e+01
8.310000000000142606e+00 2.002253656218945466e+01
8.330000000000142180e+00 1.982160258804194086e+01
8.350000000000141753e+00 1.966211406393035332e+01
8.370000000000141327e+00 1.935094805280521513e+01
8.390000000000140901e+00 1.931305428498680854e+01
8.410000000000140474e+00 1.926701945741572786e+01
8.430000000000140048e+00 1.911911099502049183e+01
8.450000000000139622e+00 1.895688217967054712e+01
8.470000000000139195e+00 1.881025123127550458e+01
8.490000000000138769e+00 1.883997626423621696e+01
8.510000000000138343e+00 1.861701815147485206e+01
8.530000000000137916e+00 1.856562572176246917e+01
8.550000000000137490e+00 1.855755889029625294e+01
8.570000000000137064e+00 1.829046152096657707e+01
8.590000000000136637e+00 1.823532701975410575e+01
8.610000000000136211e+00 1.791580766726298535e+01
8.630000000000135785e+00 1.783630364041017913e+01
8.650000000000135358e+00 1.802387227595595220e+01
8.670000000000134932e+00 1.776736834063544279e+01
8.690000000000134506e+00 1.766972199144973388e+01
8.710000000000134079e+00 1.775469599911080110e+01
8.730000000000133653e+00 1.764834517695163640e+01
8.750000000000133227e+00 1.745806216107920505e+01
8.770000000000132800e+00 1.750153634777063516e+01
8.790000000000132374e+00 1.764428418819283806e+01
8.810000000000131948e+00 1.754919070497774314e+01
8.830000000000131521e+00 1.756783745598259472e+01
8.850000000000131095e+00 1.756603176807158917e+01
8.870000000000130669e+00 1.736619939374507737e+01
8.890000000000130242e+00 1.726454315257063499e+01
8.910000000000129816e+00 1.730828859306272349e+01
8.930000000000129390e+00 1.721139782698781318e+01
8.950000000000128964e+00 1.732274871323662069e+01
8.970000000000128537e+00 1.724532593729793106e+01
8.990000000000128111e+00 1.746000398665613673e+01
9.010000000000127685e+00 1.749972136507855325e+01
9.030000000000127258e+00 1.742273620874079754e+01
9.050000000000126832e+00 1.744955131051523978e+01
9.070000000000126406e+00 1.737934261876626252e+01
9.090000000000125979e+00 1.754281978683921395e+01
9.110000000000125553e+00 1.762709346730249749e+01
9.130000000000125127e+00 1.760749141834079978e+01
9.150000000000124700e+00 1.781220259955560081e+01
9.170000000000124274e+00 1.781527178472441264e+01
9.190000000000123848e+00 1.767062634976068480e+01
9.210000000000123421e+00 1.782410159064767541e+01
9.230000000000122995e+00 1.796350243981499517e+01
9.250000000000122569e+00 1.796133609804274300e+01
9.270000000000122142e+00 1.809939602847805418e+01
9.290000000000121716e+00 1.819426553237137512e+01
9.310000000000121290e+00 1.822699414374043059e+01
9.330000000000120863e+00 1.833780859317789336e+01
9.350000000000120437e+00 1.833053273585452914e+01
9.370000000000120011e+00 1.847562542960897858e+01
9.390000000000119584e+00 1.867899850497894221e+01
9.410000000000119158e+00 1.878073087549865150e+01
9.430000000000118732e+00 1.882536117469364001e+01
9.450000000000118305e+00 1.887278194539723586e+01
9.470000000000117879e+00 1.898450476710473112e+01
9.490000000000117453e+00 1.929871650516140136e+01
9.510000000000117026e+00 1.923119075834599201e+01
9.530000000000116600e+00 1.924090672001149116e+01
9.550000000000116174e+00 1.950317972094845587e+01
9.570000000000115747e+00 1.958298594156077144e+01
9.590000000000115321e+00 1.960694772110046813e+01
9.610000000000114895e+00 1.967845971152173945e+01
9.630000000000114468e+00 1.978910690669949091e+01
9.650000000000114042e+00 1.990524061123182875e+01
9.670000000000113616e+00 2.010071489064251438e+01
9.690000000000113189e+00 2.020168784861909828e+01
9.710000000000112763e+00 2.030649910958079118e+01
9.730000000000112337e+00 2.053257972167224210e+01
9.750000000000111910e+00 2.048876573507177667e+01
9.770000000000111484e+00 2.061451044176698133e+01
9.790000000000111058e+00 2.076597623696359918e+01
9.810000000000110632e+00 2.073097832695328435e+01
9.830000000000110205e+00 2.090786921818774857e+01
9.850000000000109779e+00 2.090691732181500839e+01
9.870000000000109353e+00 2.105409921852186628e+01
9.890000000000108926e+00 2.109222783139341217e+01
9.910000000000108500e+00 2.111953075634708554e+01
9.930000000000108074e+00 2.131144612381705983e+01
9.950000000000107647e+00 2.146918796237502036e+01
9.970000000000107221e+00 2.152599567958820970e+01
9.990000000000106795e+00 2.160835892875932629e+01
1.001000000000010637e+01 2.164037183731532110e+01
1.003000000000010594e+01 2.167051012935597143e+01
1.005000000000010552e+01 2.171316261976594930e+01
1.007000000000010509e+01 2.205888324484600105e+01
1.009000000000010466e+01 2.184955267045700822e+01
1.011000000000010424e+01 2.177662840326340543e+01
1.013000000000010381e+01 2.177540408467627486e+01
1.015000000000010338e+01 2.203400214377947464e+01
1.017000000000010296e+01 2.205763610386853202e+01
1.019000000000010253e+01 2.235099481366260221e+01
1.021000000000010210e+01 2.209917243445375590e+01
1.023000000000010168e+01 2.218403998902193663e+01
1.025000000000010125e+01 2.226738262678577485e+01
1.027000000000010083e+01 2.216675305564962883e+01
1.029000000000010040e+01 2.233747290973336419e+01
1.031000000000009997e+01 2.245699896253712424e+01
1.033000000000009955e+01 2.240454350415212659e+01
1.035000000000009912e+01 2.223831072971825051e+01
1.037000000000009869e+01 2.225782107828113254e+01
1.039000000000009827e+01 2.243348500803374534e+01
1.041000000000009784e+01 2.222524560462114707e+01
1.043000000000009742e+01 2.262203689972419340e+01
1.045000000000009699e+01 2.245942023906314233e+01
1.047000000000009656e+01 2.230639355862679096e+01
1.049000000000009614e+01 2.263959147744348144e+01
1.051000000000009571e+01 2.232105319590136361e+01
1.053000000000009528e+01 2.248403451477104298e+01
1.055000000000009486e+01 2.248248227771035346e+01
1.057000000000009443e+01 2.242737549830174615e+01
1.059000000000009400e+01 2.241408621381914656e+01
1.061000000000009358e+01 2.234252132584832395e+01
1.063000000000009315e+01 2.247936269435732726e+01
1.065000000000009273e+01 2.242275213182162119e+01
1.067000000000009230e+01 2.239218884159370049e+01
1.069000000000009187e+01 2.232700853275908770e+01
1.071000000000009145e+01 2.244497245613193215e+01
1.073000000000009102e+01 2.252491865123411330e+01
1.075000000000009059e+01 2.224324099254926423e+01
1.077000000000009017e+01 2.222878424223085503e+01
1.079000000000008974e+01 2.230761713196662299e+01
1.081000000000008932e+01 2.229631502975251323e+01
1.083000000000008889e+01 2.218257510293470602e+01
1.085000000000008846e+01 2.222629805188007523e+01
1.087000000000008804e+01 2.218391748203977443e+01
1.089000000000008761e+01 2.193173003015288813e+01
1.091000000000008718e+01 2.204808533910415491e+01
1.093000000000008676e+01 2.206327506208872435e+01
1.095000000000008633e+01 2.211441362764897178e+01
1.097000000000008590e+01 2.194777080160080018e+01
1.099000000000008548e+01 2.200451737858954004e+01
1.101000000000008505e+01 2.169313605238508913e+01
1.103000000000008463e+01 2.180312155456323353e+01
1.105000000000008420e+01 2.179443455774352500e+01
1.107000000000008377e+01 2.157718995470777656e+01
1.109000000000008335e+01 2.155435548865116147e+01
1.111000000000008292e+01 2.155244644060434922e+01
1.113000000000008249e+01 2.137189237047100221e+01
1.115000000000008207e+01 2.137364101504112313e+01
1.117000000000008164e+01 2.140334431878723009e+01
1.119000000000008122e+01 2.136649237089386588e+01
1.121000000000008079e+01 2.124329876433694153e+01
1.123000000000008036e+01 2.119976803657143449e+01
1.125000000000007994e+01 2.112008998964503803e+01
1.127000000000007951e+01 2.101281369679743705e+01
1.129000000000007908e+01 2.103725562266242122e+01
1.131000000000007866e+01 2.092672234569005596e+01
1.133000000000007823e+01 2.079998074506175954e+01
1.135000000000007780e+01 2.084437807607791271e+01
1.137000000000007738e+01 2.084251543340435475e+01
1.139000000000007695e+01 2.088700818390508473e+01
1.141000000000007653e+01 2.078475712874471881e+01
1.143000000000007610e+01 2.077092908302516605e+01
1.145000000000007567e+01 2.077379506264748699e+01
1.147000000000007525e+01 2.079740469759193999e+01
1.149000000000007482e+01 2.085415061038046147e+01
1.151000000000007439e+01 2.086315708703779137e+01
1.153000000000007397e+01 2.071478001006267888e+01
1.155000000000007354e+01 2.074931585291652425e+01
1.157000000000007311e+01 2.095241790424901751e+01
1.159000000000007269e+01 2.103361001165214006e+01
1.161000000000007226e+01 2.119883087591766113e+01
1.163000000000007184e+01 2.098087747139824089e+01
1.165000000000007141e+01 2.126299677977625535e+01
1.167000000000007098e+01 2.131565067942312552e+01
1.169000000000007056e+01 2.153204343805007426e+01
1.171000000000007013e+01 2.154451558142307377e+01
1.173000000000006970e+01 2.162974619901114082e+01
1.175000000000006928e+01 2.177428101244560565e+01
1.177000000000006885e+01 2.191279296028834978e+01
1.179000000000006843e+01 2.213976005960567051e+01
1.181000000000006800e+01 2.227300531926424298e+01
1.183000000000006757e+01 2.241102238311019690e+01
1.185000000000006715e+01 2.255517953748910998e+01
1.187000000000006672e+01 2.282919585211904945e+01
1.189000000000006629e+01 2.292537337545347143e+01
1.191000000000006587e+01 2.310670277248157944e+01
1.193000000000006544e+01 2.318821221506843244e+01
1.195000000000006501e+01 2.348946496365689995e+01
1.197000000000006459e+01 2.359944857306231825e+01
1.199000000000006416e+01 2.375863776970005148e+01
1.201000000000006374e+01 2.389543319665676080e+01
1.203000000000006331e+01 2.416013340206541216e+01
1.205000000000006288e+01 2.440314989910872256e+01
1.207000000000006246e+01 2.448348878226202885e+01
1.209000000000006203e+01 2.451599416173139190e+01
1.211000000000006160e+01 2.459829562177467821e+01
1.213000000000006118e+01 2.485979098380813923e+01
1.215000000000006075e+01 2.499662156765835164e+01
1.217000000000006033e+01 2.501642841979901632e+01
1.219000000000005990e+01 2.535214928216956309e+01
1.221000000000005947e+01 2.517532588058850251e+01
1.223000000000005905e+01 2.545592062146129209e+01
1.225000000000005862e+01 2.536817883099789128e+01
1.227000000000005819e+01 2.549436713090209494e+01
1.229000000000005777e+01 2.561206555326022638e+01
1.231000000000005734e+01 2.555929277219262730e+01
1.233000000000005691e+01 2.549541531873671829e+01
1.235000000000005649e+01 2.557254710623064042e+01
1.237000000000005606e+01 2.556128562538311400e+01
1.239000000000005564e+01 2.579573464053013865e+01
1.241000000000005521e+01 2.565111014348946838e+01
1.243000000000005478e+01 2.555121179607056092e+01
1.245000000000005436e+01 2.550172064092888746e+01
1.247000000000005393e+01 2.532061924214433901e+01
1.249000000000005350e+01 2.548825778440392398e+01
1.251000000000005308e+01 2.523104236737851380e+01
1.253000000000005265e+01 2.532495000420105313e+01
1.255000000000005222e+01 2.516514522151110356e+01
1.257000000000005180e+01 2.526623570449373091e+01
1.259000000000005137e+01 2.494921833723918070e+01
1.261000000000005095e+01 2.488372655044543080e+01
1.263000000000005052e+01 2.478493394055380961e+01
1.265000000000005009e+01 2.475555977090471416e+01
1.267000000000004967e+01 2.457669772023310628e+01
1.269000000000004924e+01 2.453279714682330948e+01
1.271000000000004881e+01 2.424822706229748803e+01
1.273000000000004839e+01 2.429079972793138253e+01
1.275000000000004796e+01 2.384230758438305742e+01
1.277000000000004754e+01 2.408167468532685973e+01
1.279000000000004711e+01 2.411667515884671431e+01
1.281000000000004668e+01 2.371326316695128611e+01
1.283000000000004626e+01 2.344501027386099778e+01
1.285000000000004583e+01 2.327560391641833348e+01
1.287000000000004540e+01 2.336263790395531004e+01
1.289000000000004498e+01 2.317327663613615485e+01
1.291000000000004455e+01 2.313040363337169580e+01
1.293000000000004412e+01 2.290549077848868009e+01
1.295000000000004370e+01 2.275186013778069238e+01
1.297000000000004327e+01 2.264068567011631927e+01
1.299000000000004285e+01 2.255983666056170733e+01
1.301000000000004242e+01 2.225610104598793626e+01
1.303000000000004199e+01 2.224847971287878678e+01
1.305000000000004157e+01 2.222211281871295441e+01
1.307000000000004114e+01 2.206680446996299949e+01
1.309000000000004071e+01 2.184035059228219922e+01
1.311000000000004029e+01 2.155945977482283027e+01
1.313000000000003986e+01 2.156350534207451020e+01
1.315000000000003944e+01 2.168346779249693057e+01
1.317000000000003901e+01 2.137097675334717550e+01
1.319000000000003858e+01 2.127266889661747129e+01
1.321000000000003816e+01 2.100733683299445431e+01
1.323000000000003773e+01 2.106238727056109994e+01
1.325000000000003730e+01 2.082947666864349756e+01
1.327000000000003688e+01 2.082549467060193393e+01
1.329000000000003645e+01 2.065739376771329461e+01
1.331000000000003602e+01 2.037940341772453223e+01
1.333000000000003560e+01 2.051692009174207243e+01
1.335000000000003517e+01 2.037406896566559311e+01
1.337000000000003475e+01 2.014167173066401517e+01
1.339000000000003432e+01 1.998949191418358495e+01
1.341000000000003389e+01 2.014675962502712281e+01
1.343000000000003347e+01 1.978018603683476329e+01
1.345000000000003304e+01 1.976687877856547715e+01
1.347000000000003261e+01 1.951835292003882572e+01
1.349000000000003219e+01 1.940841657804539366e+01
1.351000000000003176e+01 1.912352735083412369e+01
1.353000000000003133e+01 1.886064652429019617e+01
1.355000000000003091e+01 1.840507232305787610e+01
1.357000000000003048e+01 1.800022527172437137e+01
1.359000000000003006e+01 1.769534411450091227e+01
1.361000000000002963e+01 1.711692820138336657e+01
1.363000000000002920e+01 1.667173356930213046e+01
1.365000000000002878e+01 1.614280561335355912e+01
1.367000000000002835e+01 1.567491159192110040e+01
1.369000000000002792e+01 1.516780429708130207e+01
1.371000000000002750e+01 1.452062088834580855e+01
1.373000000000002707e+01 1.376847551264388869e+01
1.375000000000002665e+01 1.313344397472066838e+01
1.377000000000002622e+01 1.258119365353237384e+01
1.379000000000002579e+01 1.198045346798629396e+01
1.381000000000002537e+01 1.135412075753423800e+01
1.383000000000002494e+01 1.060391703792755536e+01
1.385000000000002451e+01 9.987275046549637381e+00
1.387000000000002409e+01 9.462035789340855985e+00
1.389000000000002366e+01 8.887028812003091360e+00
1.391000000000002323e+01 8.343362520332172849e+00
1.393000000000002281e+01 7.635120418784126173e+00
1.395000000000002238e+01 7.038505487270966476e+00
1.397000000000002196e+01 6.531322707633868241e+00
1.399000000000002153e+01 5.802608588976804427e+00
1.401000000000002110e+01 5.224639071569965765e+00
1.403000000000002068e+01 4.751488274450936800e+00
1.405000000000002025e+01 4.218306777656575690e+00
1.407000000000001982e+01 3.692679275169367337e+00
1.409000000000001940e+01 3.232036690371150822e+00
1.411000000000001897e+01 2.816287850544598736e+00
1.413000000000001855e+01 2.473830322408363092e+00
1.415000000000001812e+01 2.060243256664670231e+00
1.417000000000001769e+01 1.737445608045353085e+00
1.419000000000001727e+01 1.550554941806503439e+00
1.421000000000001684e+01 1.272383045086126874e+00
1.423000000000001641e+01 1.067960024895329818e+00
1.425000000000001599e+01 8.328335885094836355e-01
1.427000000000001556e+01 6.220789148518159895e-01
1.429000000000001513e+01 4.819988116281028745e-01
1.431000000000001471e+01 3.101121659156635957e-01
1.433000000000001428e+01 1.967966349872431187e-01
1.435000000000001386e+01 1.279955992049004176e-01
1.437000000000001343e+01 7.230706191657508553e-02
1.439000000000001300e+01 3.762598306243006979e-02
1.441000000000001258e+01 3.218218250281784654e-02
1.443000000000001215e+01 1.615332273463422272e-02
1.445000000000001172e+01 1.076932211194924979e-02
1.447000000000001130e+01 5.391727512982180844e-03
1.449000000000001087e+01 2.694263446680082372e-03
1.451000000000001044e+01 4.950642366219240480e-18
1.453000000000001002e+01 3.080439566602838064e-18
1.455000000000000959e+01 3.062133715846640887e-18
1.457000000000000917e+01 1.822658630029251653e-18
1.459000000000000874e+01 0.000000000000000000e+00
1.461000000000000831e+01 0.000000000000000000e+00
1.463000000000000789e+01 0.000000000000000000e+00
1.465000000000000746e+01 0.000000000000000000e+00
1.467000000000000703e+01 0.000000000000000000e+00
1.469000000000000661e+01 0.000000000000000000e+00
1.471000000000000618e+01 0.000000000000000000e+00
1.473000000000000576e+01 0.000000000000000000e+00
1.475000000000000533e+01 0.000000000000000000e+00
1.477000000000000490e+01 0.000000000000000000e+00
1.479000000000000448e+01 0.000000000000000000e+00
1.481000000000000405e+01 0.000000000000000000e+00
1.483000000000000362e+01 0.000000000000000000e+00
1.485000000000000320e+01 0.000000000000000000e+00
1.487000000000000277e+01 0.000000000000000000e+00
1.489000000000000234e+01 0.000000000000000000e+00
1.491000000000000192e+01 0.000000000000000000e+00
1.493000000000000149e+01 0.000000000000000000e+00
1.495000000000000107e+01 0.000000000000000000e+00
1.497000000000000064e+01 0.000000000000000000e+00
1.499000000000000021e+01 0.000000000000000000e+00
