# Redshift		Merger Rate Density [Gpc^-3yr^-1]
1.000000000031931770e-02 1.888192538941737837e+02
3.000000000031888964e-02 1.992196421068979930e+02
5.000000000031846331e-02 2.057744978372648745e+02
7.000000000031804392e-02 2.170671741151615493e+02
9.000000000031761760e-02 2.238647632302647423e+02
1.100000000003171913e-01 2.327374527311512509e+02
1.300000000003167511e-01 2.442770858087579882e+02
1.500000000003163247e-01 2.540973513685337082e+02
1.700000000003158984e-01 2.613241133208726978e+02
1.900000000003154721e-01 2.730373870661125011e+02
2.100000000003150458e-01 2.842217870032803830e+02
2.300000000003146194e-01 2.938433960836960637e+02
2.500000000003141931e-01 3.067352261865058267e+02
2.700000000003137668e-01 3.180839703322406535e+02
2.900000000003133405e-01 3.278671010807086645e+02
3.100000000003129141e-01 3.417813326958254834e+02
3.300000000003124878e-01 3.515874421136194883e+02
3.500000000003120615e-01 3.635822086159127480e+02
3.700000000003116352e-01 3.766043808175719505e+02
3.900000000003112088e-01 3.886875323666620261e+02
4.100000000003107825e-01 4.012039002427077889e+02
4.300000000003103562e-01 4.129844588674135935e+02
4.500000000003099299e-01 4.266043738050512957e+02
4.700000000003095035e-01 4.430886782942257582e+02
4.900000000003090772e-01 4.491425243845191630e+02
5.100000000003086509e-01 4.686521002674946317e+02
5.300000000003082246e-01 4.820789313424662623e+02
5.500000000003077982e-01 4.946753373755001917e+02
5.700000000003073719e-01 5.092367057394232006e+02
5.900000000003069456e-01 5.204800500914708437e+02
6.100000000003065193e-01 5.374544406925971316e+02
6.300000000003060929e-01 5.468549889376411102e+02
6.500000000003056666e-01 5.639949520340403524e+02
6.700000000003052403e-01 5.771752494750245432e+02
6.900000000003048140e-01 5.926472350845056098e+02
7.100000000003043876e-01 6.060409299676507544e+02
7.300000000003039613e-01 6.205385716099107185e+02
7.500000000003035350e-01 6.346236328633249286e+02
7.700000000003031086e-01 6.488638313558667505e+02
7.900000000003026823e-01 6.606314728205909432e+02
8.100000000003022560e-01 6.744563341911417638e+02
8.300000000003018297e-01 6.885170673758634621e+02
8.500000000003014033e-01 7.071565713515869902e+02
8.700000000003009770e-01 7.160475929594214222e+02
8.900000000003005507e-01 7.331420449936287014e+02
9.100000000003001244e-01 7.429389561382797638e+02
9.300000000002996980e-01 7.538365799267498915e+02
9.500000000002992717e-01 7.705558105519769470e+02
9.700000000002988454e-01 7.799225411907585794e+02
9.900000000002984191e-01 7.929788305060797029e+02
1.010000000000297993e+00 7.984462833465140648e+02
1.030000000000297566e+00 8.150206526885697258e+02
1.050000000000297140e+00 8.217757790222466383e+02
1.070000000000296714e+00 8.371647903844470875e+02
1.090000000000296287e+00 8.461217412963128481e+02
1.110000000000295861e+00 8.537136175395270357e+02
1.130000000000295435e+00 8.554792354857615919e+02
1.150000000000295008e+00 8.684348905022985718e+02
1.170000000000294582e+00 8.754818143037040272e+02
1.190000000000294156e+00 8.838114501709561637e+02
1.210000000000293729e+00 8.912959212985422255e+02
1.230000000000293303e+00 8.982705458026790666e+02
1.250000000000292877e+00 9.036821211533747373e+02
1.270000000000292451e+00 9.104127168684304934e+02
1.290000000000292024e+00 9.085555230433913039e+02
1.310000000000291598e+00 9.166332162926205456e+02
1.330000000000291172e+00 9.258605954916616838e+02
1.350000000000290745e+00 9.223634621324256386e+02
1.370000000000290319e+00 9.320433585579635292e+02
1.390000000000289893e+00 9.281988663769176355e+02
1.410000000000289466e+00 9.330989535575329228e+02
1.430000000000289040e+00 9.321159641786141492e+02
1.450000000000288614e+00 9.347143592993735410e+02
1.470000000000288187e+00 9.370958260180693742e+02
1.490000000000287761e+00 9.337710579156953372e+02
1.510000000000287335e+00 9.412618635776045721e+02
1.530000000000286908e+00 9.325833120813931600e+02
1.550000000000286482e+00 9.395176481500453747e+02
1.570000000000286056e+00 9.304749193095226474e+02
1.590000000000285629e+00 9.274328834969787749e+02
1.610000000000285203e+00 9.334103099414360258e+02
1.630000000000284777e+00 9.209089226098295740e+02
1.650000000000284350e+00 9.302636239626729093e+02
1.670000000000283924e+00 9.178315849314546995e+02
1.690000000000283498e+00 9.165333853362288892e+02
1.710000000000283071e+00 9.195336286005789361e+02
1.730000000000282645e+00 9.116157893019925496e+02
1.750000000000282219e+00 9.033556145464547171e+02
1.770000000000281792e+00 9.003907732314019086e+02
1.790000000000281366e+00 8.956884865273856349e+02
1.810000000000280940e+00 8.910737971410874252e+02
1.830000000000280513e+00 8.788935029376209513e+02
1.850000000000280087e+00 8.824773025795740296e+02
1.870000000000279661e+00 8.721060375129292197e+02
1.890000000000279234e+00 8.623026235545124791e+02
1.910000000000278808e+00 8.531876499861816683e+02
1.930000000000278382e+00 8.516327767488459131e+02
1.950000000000277955e+00 8.486948749237842549e+02
1.970000000000277529e+00 8.298076300124849922e+02
1.990000000000277103e+00 8.293740893254622506e+02
2.010000000000276899e+00 8.219552929715788423e+02
2.030000000000276472e+00 8.130973195874536259e+02
2.050000000000276046e+00 8.036941682240229738e+02
2.070000000000275620e+00 7.948200888925387062e+02
2.090000000000275193e+00 7.862762800359928406e+02
2.110000000000274767e+00 7.789943852904365258e+02
2.130000000000274341e+00 7.748486550757752411e+02
2.150000000000273914e+00 7.566777525165762199e+02
2.170000000000273488e+00 7.509719498710327343e+02
2.190000000000273062e+00 7.444245232262571790e+02
2.210000000000272635e+00 7.344512540955857958e+02
2.230000000000272209e+00 7.226502757645662314e+02
2.250000000000271783e+00 7.182639418932336639e+02
2.270000000000271356e+00 7.060923420380626112e+02
2.290000000000270930e+00 7.000800363532886195e+02
2.310000000000270504e+00 6.890334457334738545e+02
2.330000000000270077e+00 6.811269552908155447e+02
2.350000000000269651e+00 6.712120330464593962e+02
2.370000000000269225e+00 6.621556999847585985e+02
2.390000000000268798e+00 6.547805767122591760e+02
2.410000000000268372e+00 6.411539809960414686e+02
2.430000000000267946e+00 6.363710772917635268e+02
2.450000000000267519e+00 6.249251066457084107e+02
2.470000000000267093e+00 6.148532070846571287e+02
2.490000000000266667e+00 6.087308040427285505e+02
2.510000000000266240e+00 6.004815236225447279e+02
2.530000000000265814e+00 5.893661749098115479e+02
2.550000000000265388e+00 5.825083908023414097e+02
2.570000000000264961e+00 5.730309347111589204e+02
2.590000000000264535e+00 5.637055860210107312e+02
2.610000000000264109e+00 5.536029615809230791e+02
2.630000000000263682e+00 5.502625482665497429e+02
2.650000000000263256e+00 5.376218905017346970e+02
2.670000000000262830e+00 5.289524602650647012e+02
2.690000000000262403e+00 5.213611914446905757e+02
2.710000000000261977e+00 5.115244703108995736e+02
2.730000000000261551e+00 5.050371408741817163e+02
2.750000000000261124e+00 4.959541384887829736e+02
2.770000000000260698e+00 4.880164598537926963e+02
2.790000000000260272e+00 4.807404838501166751e+02
2.810000000000259845e+00 4.724799037905355021e+02
2.830000000000259419e+00 4.663726815871287386e+02
2.850000000000258993e+00 4.586590110828527145e+02
2.870000000000258567e+00 4.496414265404351340e+02
2.890000000000258140e+00 4.447567050873082621e+02
2.910000000000257714e+00 4.359746692532974635e+02
2.930000000000257288e+00 4.284984696015508234e+02
2.950000000000256861e+00 4.204294384047583435e+02
2.970000000000256435e+00 4.125851391752297559e+02
2.990000000000256009e+00 4.032191856922315765e+02
3.010000000000255582e+00 3.996579590413725214e+02
3.030000000000255156e+00 3.963287670139272905e+02
3.050000000000254730e+00 3.870339461962919358e+02
3.070000000000254303e+00 3.798624970704274801e+02
3.090000000000253877e+00 3.743519580503942734e+02
3.110000000000253451e+00 3.651679132889547645e+02
3.130000000000253024e+00 3.574839231668225921e+02
3.150000000000252598e+00 3.538326250626951150e+02
3.170000000000252172e+00 3.463639838397912172e+02
3.190000000000251745e+00 3.417537516136756039e+02
3.210000000000251319e+00 3.346938048335669009e+02
3.230000000000250893e+00 3.298005874280835883e+02
3.250000000000250466e+00 3.213172716331176275e+02
3.270000000000250040e+00 3.166031873967136789e+02
3.290000000000249614e+00 3.105233346074881524e+02
3.310000000000249187e+00 3.038743447067330976e+02
3.330000000000248761e+00 3.016244862530611499e+02
3.350000000000248335e+00 2.941106445135130230e+02
3.370000000000247908e+00 2.918700850949815617e+02
3.390000000000247482e+00 2.817799867794898319e+02
3.410000000000247056e+00 2.771238614180933837e+02
3.430000000000246629e+00 2.727803179925548420e+02
3.450000000000246203e+00 2.688187034479214503e+02
3.470000000000245777e+00 2.629807101613055806e+02
3.490000000000245350e+00 2.572278288688566477e+02
3.510000000000244924e+00 2.530713387455922430e+02
3.530000000000244498e+00 2.497003141033231373e+02
3.550000000000244071e+00 2.453888553818618732e+02
3.570000000000243645e+00 2.383051567777984587e+02
3.590000000000243219e+00 2.349443407751475092e+02
3.610000000000242792e+00 2.312649661055659749e+02
3.630000000000242366e+00 2.263577188848096000e+02
3.650000000000241940e+00 2.229990592683391242e+02
3.670000000000241513e+00 2.180188357991818009e+02
3.690000000000241087e+00 2.151153645157855294e+02
3.710000000000240661e+00 2.110934265481025420e+02
3.730000000000240234e+00 2.068708737589806219e+02
3.750000000000239808e+00 2.045486290897219703e+02
3.770000000000239382e+00 1.997377292412858765e+02
3.790000000000238956e+00 1.952940029625733587e+02
3.810000000000238529e+00 1.923850639269949738e+02
3.830000000000238103e+00 1.889298820079853840e+02
3.850000000000237677e+00 1.859816118234375892e+02
3.870000000000237250e+00 1.829316720683862343e+02
3.890000000000236824e+00 1.794030935980368895e+02
3.910000000000236398e+00 1.773206946428258846e+02
3.930000000000235971e+00 1.731656485119821411e+02
3.950000000000235545e+00 1.707191486908014042e+02
3.970000000000235119e+00 1.665685072522483665e+02
3.990000000000234692e+00 1.655855271084778906e+02
4.010000000000234266e+00 1.601772260404860617e+02
4.030000000000233840e+00 1.589806179416119676e+02
4.050000000000233413e+00 1.570765678534729943e+02
4.070000000000232987e+00 1.538093421678842674e+02
4.090000000000232561e+00 1.519207874379098939e+02
4.110000000000232134e+00 1.481340513335065054e+02
4.130000000000231708e+00 1.477519419654070987e+02
4.150000000000231282e+00 1.441627102477386018e+02
4.170000000000230855e+00 1.417452184478576953e+02
4.190000000000230429e+00 1.398267460433523297e+02
4.210000000000230003e+00 1.369192258170955085e+02
4.230000000000229576e+00 1.353138268893586655e+02
4.250000000000229150e+00 1.324126051035489127e+02
4.270000000000228724e+00 1.307226186591117312e+02
4.290000000000228297e+00 1.284965653874833436e+02
4.310000000000227871e+00 1.268684549658238438e+02
4.330000000000227445e+00 1.242703638765822802e+02
4.350000000000227018e+00 1.224884441505431454e+02
4.370000000000226592e+00 1.213037861582888866e+02
4.390000000000226166e+00 1.196149353077412059e+02
4.410000000000225739e+00 1.174010435014695588e+02
4.430000000000225313e+00 1.156958453286096216e+02
4.450000000000224887e+00 1.139456390978174483e+02
4.470000000000224460e+00 1.121030833046847874e+02
4.490000000000224034e+00 1.107883141246366705e+02
4.510000000000223608e+00 1.092997684908843752e+02
4.530000000000223181e+00 1.070069090891561103e+02
4.550000000000222755e+00 1.057879338977892019e+02
4.570000000000222329e+00 1.044670006637738169e+02
4.590000000000221902e+00 1.036387867197558563e+02
4.610000000000221476e+00 1.019093898896078230e+02
4.630000000000221050e+00 1.007760677632296762e+02
4.650000000000220624e+00 9.912007190629226727e+01
4.670000000000220197e+00 9.750860388386689692e+01
4.690000000000219771e+00 9.721646089706814564e+01
4.710000000000219345e+00 9.469669458638352921e+01
4.730000000000218918e+00 9.394635256611628904e+01
4.750000000000218492e+00 9.336494659029182230e+01
4.770000000000218066e+00 9.265585833536505334e+01
4.790000000000217639e+00 9.106669486696266347e+01
4.810000000000217213e+00 9.027732577729770469e+01
4.830000000000216787e+00 8.925375335170809876e+01
4.850000000000216360e+00 8.844009570682635513e+01
4.870000000000215934e+00 8.812171391494668171e+01
4.890000000000215508e+00 8.627268589823717093e+01
4.910000000000215081e+00 8.604663766318269325e+01
4.930000000000214655e+00 8.540577941127426698e+01
4.950000000000214229e+00 8.357733858190246679e+01
4.970000000000213802e+00 8.377268556536874655e+01
4.990000000000213376e+00 8.322827077547184160e+01
5.010000000000212950e+00 8.201448585249417533e+01
5.030000000000212523e+00 8.152727704405764086e+01
5.050000000000212097e+00 8.155772244067247811e+01
5.070000000000211671e+00 7.991614677080946194e+01
5.090000000000211244e+00 8.003103958965016318e+01
5.110000000000210818e+00 7.905010695965835055e+01
5.130000000000210392e+00 7.860130490219960109e+01
5.150000000000209965e+00 7.793168422106384696e+01
5.170000000000209539e+00 7.785895007703128101e+01
5.190000000000209113e+00 7.689391483221689327e+01
5.210000000000208686e+00 7.633572188925698754e+01
5.230000000000208260e+00 7.642182894535442017e+01
5.250000000000207834e+00 7.551449404382528030e+01
5.270000000000207407e+00 7.478725713412424625e+01
5.290000000000206981e+00 7.410311212889249077e+01
5.310000000000206555e+00 7.379721132278861262e+01
5.330000000000206128e+00 7.427029478842437982e+01
5.350000000000205702e+00 7.371871264394540901e+01
5.370000000000205276e+00 7.207829352154767832e+01
5.390000000000204849e+00 7.262778285092008446e+01
5.410000000000204423e+00 7.177147110802216901e+01
5.430000000000203997e+00 7.190427628200615118e+01
5.450000000000203570e+00 7.121643352447080133e+01
5.470000000000203144e+00 7.123584239851514610e+01
5.490000000000202718e+00 7.036365218552887768e+01
5.510000000000202292e+00 7.013920123596786027e+01
5.530000000000201865e+00 6.988849524845787187e+01
5.550000000000201439e+00 6.934178598164000107e+01
5.570000000000201013e+00 6.824373592387553344e+01
5.590000000000200586e+00 6.853822204650963101e+01
5.610000000000200160e+00 6.844383141858747877e+01
5.630000000000199734e+00 6.744193273093884500e+01
5.650000000000199307e+00 6.664433822629094095e+01
5.670000000000198881e+00 6.740778847072166968e+01
5.690000000000198455e+00 6.569792717630939194e+01
5.710000000000198028e+00 6.570529039781509084e+01
5.730000000000197602e+00 6.495873140203323715e+01
5.750000000000197176e+00 6.487435103228864364e+01
5.770000000000196749e+00 6.438837268874974029e+01
5.790000000000196323e+00 6.341053959183773969e+01
5.810000000000195897e+00 6.287464760140578335e+01
5.830000000000195470e+00 6.254714684174723516e+01
5.850000000000195044e+00 6.209034598893898504e+01
5.870000000000194618e+00 6.197202699705140816e+01
5.890000000000194191e+00 6.087041068948318667e+01
5.910000000000193765e+00 6.078619622956184543e+01
5.930000000000193339e+00 6.065967313582263643e+01
5.950000000000192912e+00 5.965868553801399088e+01
5.970000000000192486e+00 5.960958928716816985e+01
5.990000000000192060e+00 5.880941812108164157e+01
6.010000000000191633e+00 5.852695100263288452e+01
6.030000000000191207e+00 5.765117280737118932e+01
6.050000000000190781e+00 5.742255248396608636e+01
6.070000000000190354e+00 5.695384055287375702e+01
6.090000000000189928e+00 5.577676313957243082e+01
6.110000000000189502e+00 5.521758634728043091e+01
6.130000000000189075e+00 5.531251166667018282e+01
6.150000000000188649e+00 5.482536967868966116e+01
6.170000000000188223e+00 5.406594849743277109e+01
6.190000000000187796e+00 5.342444289348513564e+01
6.210000000000187370e+00 5.274792521548517499e+01
6.230000000000186944e+00 5.223364957411077114e+01
6.250000000000186517e+00 5.207459853440549580e+01
6.270000000000186091e+00 5.109966832138537285e+01
6.290000000000185665e+00 5.039675919911837099e+01
6.310000000000185238e+00 5.000571135785463639e+01
6.330000000000184812e+00 4.951576171148960981e+01
6.350000000000184386e+00 4.955265056760323716e+01
6.370000000000183960e+00 4.877702110175473393e+01
6.390000000000183533e+00 4.816559791362125509e+01
6.410000000000183107e+00 4.748269898747029316e+01
6.430000000000182681e+00 4.706358598295102524e+01
6.450000000000182254e+00 4.701572805961129831e+01
6.470000000000181828e+00 4.593009954944317741e+01
6.490000000000181402e+00 4.563174187792016312e+01
6.510000000000180975e+00 4.517004674711140666e+01
6.530000000000180549e+00 4.539472199187871837e+01
6.550000000000180123e+00 4.443144314241993698e+01
6.570000000000179696e+00 4.400308314881945648e+01
6.590000000000179270e+00 4.335334987676551322e+01
6.610000000000178844e+00 4.305992398831503465e+01
6.630000000000178417e+00 4.274799038525981132e+01
6.650000000000177991e+00 4.267755738128203546e+01
6.670000000000177565e+00 4.179192461309276041e+01
6.690000000000177138e+00 4.183563983307183065e+01
6.710000000000176712e+00 4.148264256829180141e+01
6.730000000000176286e+00 4.115337951423674667e+01
6.750000000000175859e+00 4.072529555484653940e+01
6.770000000000175433e+00 4.007853306323988107e+01
6.790000000000175007e+00 3.953542520531241422e+01
6.810000000000174580e+00 3.966664427301051177e+01
6.830000000000174154e+00 3.882894556853519674e+01
6.850000000000173728e+00 3.891727873262433945e+01
6.870000000000173301e+00 3.845624869861092066e+01
6.890000000000172875e+00 3.826653214083697208e+01
6.910000000000172449e+00 3.787582272686041307e+01
6.930000000000172022e+00 3.750456247727542802e+01
6.950000000000171596e+00 3.716231243761266967e+01
6.970000000000171170e+00 3.688176531885032006e+01
6.990000000000170743e+00 3.671049818433479572e+01
7.010000000000170317e+00 3.644392526623704498e+01
7.030000000000169891e+00 3.604732393749245745e+01
7.050000000000169464e+00 3.570362486141479508e+01
7.070000000000169038e+00 3.546382950106471554e+01
7.090000000000168612e+00 3.542914714025182121e+01
7.110000000000168185e+00 3.518407951885244245e+01
7.130000000000167759e+00 3.521067403063108969e+01
7.150000000000167333e+00 3.508046066078720315e+01
7.170000000000166906e+00 3.479229778591123790e+01
7.190000000000166480e+00 3.460068481647359562e+01
7.210000000000166054e+00 3.482538666784777348e+01
7.230000000000165628e+00 3.443290395647273527e+01
7.250000000000165201e+00 3.422577192676344993e+01
7.270000000000164775e+00 3.416546493504930027e+01
7.290000000000164349e+00 3.392627222792910402e+01
7.310000000000163922e+00 3.376324219658162207e+01
7.330000000000163496e+00 3.366424899339754262e+01
7.350000000000163070e+00 3.376292402230849632e+01
7.370000000000162643e+00 3.345652100707955157e+01
7.390000000000162217e+00 3.362804655807821064e+01
7.410000000000161791e+00 3.314794428841337748e+01
7.430000000000161364e+00 3.327435354335671747e+01
7.450000000000160938e+00 3.313418546808865983e+01
7.470000000000160512e+00 3.330672621772072262e+01
7.490000000000160085e+00 3.312804982222687755e+01
7.510000000000159659e+00 3.315596375361423753e+01
7.530000000000159233e+00 3.341946205010378890e+01
7.550000000000158806e+00 3.336099258006046142e+01
7.570000000000158380e+00 3.341130025287312577e+01
7.590000000000157954e+00 3.343701318032226055e+01
7.610000000000157527e+00 3.350677125873784234e+01
7.630000000000157101e+00 3.367295829477968994e+01
7.650000000000156675e+00 3.374768044728528338e+01
7.670000000000156248e+00 3.380327075197561015e+01
7.690000000000155822e+00 3.429524768353383024e+01
7.710000000000155396e+00 3.414946265776728751e+01
7.730000000000154969e+00 3.438394650520287144e+01
7.750000000000154543e+00 3.441833776570931036e+01
7.770000000000154117e+00 3.466439879591239759e+01
7.790000000000153690e+00 3.442365441326845144e+01
7.810000000000153264e+00 3.485052326030040604e+01
7.830000000000152838e+00 3.529646588458293621e+01
7.850000000000152411e+00 3.537381040120317266e+01
7.870000000000151985e+00 3.542980922097622454e+01
7.890000000000151559e+00 3.549115735974937280e+01
7.910000000000151132e+00 3.604012355696619352e+01
7.930000000000150706e+00 3.591505615017111097e+01
7.950000000000150280e+00 3.638130017901305280e+01
7.970000000000149853e+00 3.651858730226792460e+01
7.990000000000149427e+00 3.672294228626463308e+01
8.010000000000149001e+00 3.715868849368752080e+01
8.030000000000148574e+00 3.722909921173386749e+01
8.050000000000148148e+00 3.765282324034001959e+01
8.070000000000147722e+00 3.772899299165874254e+01
8.090000000000147296e+00 3.816177236724447397e+01
8.110000000000146869e+00 3.848493855607906511e+01
8.130000000000146443e+00 3.890513731038712564e+01
8.150000000000146017e+00 3.876397595232904081e+01
8.170000000000145590e+00 3.937354665850809710e+01
8.190000000000145164e+00 3.971325868708960627e+01
8.210000000000144738e+00 3.983742835624973821e+01
8.230000000000144311e+00 4.010145813973793594e+01
8.250000000000143885e+00 4.025396822993124601e+01
8.270000000000143459e+00 4.061625499606646628e+01
8.290000000000143032e+00 4.086075153679176708e+01
8.310000000000142606e+00 4.082345204845242392e+01
8.330000000000142180e+00 4.151565538304298997e+01
8.350000000000141753e+00 4.137105759929360715e+01
8.370000000000141327e+00 4.201406710359010077e+01
8.390000000000140901e+00 4.209091336690647722e+01
8.410000000000140474e+00 4.241208984323910158e+01
8.430000000000140048e+00 4.295966203015392182e+01
8.450000000000139622e+00 4.296017360817783981e+01
8.470000000000139195e+00 4.313691221717714086e+01
8.490000000000138769e+00 4.347647073245270377e+01
8.510000000000138343e+00 4.407384398695535310e+01
8.530000000000137916e+00 4.431791144077569555e+01
8.550000000000137490e+00 4.419422946365818206e+01
8.570000000000137064e+00 4.478143700747074263e+01
8.590000000000136637e+00 4.491042162363685009e+01
8.610000000000136211e+00 4.510150648812768281e+01
8.630000000000135785e+00 4.531078944805947373e+01
8.650000000000135358e+00 4.547210303398268394e+01
8.670000000000134932e+00 4.618343481699784547e+01
8.690000000000134506e+00 4.625318525193988251e+01
8.710000000000134079e+00 4.639295961707176730e+01
8.730000000000133653e+00 4.659505525623537636e+01
8.750000000000133227e+00 4.713706725308635725e+01
8.770000000000132800e+00 4.755783850241193278e+01
8.790000000000132374e+00 4.765592179113252769e+01
8.810000000000131948e+00 4.771797187962023656e+01
8.830000000000131521e+00 4.836317697813819194e+01
8.850000000000131095e+00 4.870329960003514458e+01
8.870000000000130669e+00 4.846762350085167270e+01
8.890000000000130242e+00 4.895623942844649434e+01
8.910000000000129816e+00 4.937421321334745983e+01
8.930000000000129390e+00 4.958455200851644662e+01
8.950000000000128964e+00 4.965307052146572175e+01
8.970000000000128537e+00 5.004756207626895304e+01
8.990000000000128111e+00 5.018751642308054528e+01
9.010000000000127685e+00 5.053967979770784780e+01
9.030000000000127258e+00 5.088845955426810974e+01
9.050000000000126832e+00 5.112434851269465952e+01
9.070000000000126406e+00 5.130680213383928390e+01
9.090000000000125979e+00 5.140670030234082333e+01
9.110000000000125553e+00 5.170711171135054940e+01
9.130000000000125127e+00 5.184090539340084547e+01
9.150000000000124700e+00 5.235061547146409566e+01
9.170000000000124274e+00 5.218505549168909141e+01
9.190000000000123848e+00 5.220101054066810775e+01
9.210000000000123421e+00 5.274135128334393841e+01
9.230000000000122995e+00 5.252882086762190994e+01
9.250000000000122569e+00 5.286737846056799839e+01
9.270000000000122142e+00 5.305700352950259457e+01
9.290000000000121716e+00 5.305467295905079794e+01
9.310000000000121290e+00 5.304477737344578969e+01
9.330000000000120863e+00 5.307948803465070853e+01
9.350000000000120437e+00 5.318174539917689003e+01
9.370000000000120011e+00 5.325579992116837502e+01
9.390000000000119584e+00 5.318769282129061793e+01
9.410000000000119158e+00 5.314394882170135759e+01
9.430000000000118732e+00 5.315487709253591220e+01
9.450000000000118305e+00 5.286686929975902416e+01
9.470000000000117879e+00 5.266433477610468117e+01
9.490000000000117453e+00 5.266748070342500654e+01
9.510000000000117026e+00 5.279995389453931409e+01
9.530000000000116600e+00 5.249019218875546500e+01
9.550000000000116174e+00 5.218767606698924766e+01
9.570000000000115747e+00 5.183081030462496130e+01
9.590000000000115321e+00 5.186331812792478502e+01
9.610000000000114895e+00 5.132932901431823325e+01
9.630000000000114468e+00 5.126894753215235312e+01
9.650000000000114042e+00 5.096273111083620933e+01
9.670000000000113616e+00 5.051815069474356790e+01
9.690000000000113189e+00 4.987674679076003770e+01
9.710000000000112763e+00 4.993728240833521426e+01
9.730000000000112337e+00 4.946800975502256392e+01
9.750000000000111910e+00 4.894739470012306981e+01
9.770000000000111484e+00 4.850427445609023636e+01
9.790000000000111058e+00 4.824840236811889582e+01
9.810000000000110632e+00 4.743667106906538322e+01
9.830000000000110205e+00 4.710377062914196955e+01
9.850000000000109779e+00 4.649202512046998947e+01
9.870000000000109353e+00 4.614443989028753634e+01
9.890000000000108926e+00 4.542559705740324461e+01
9.910000000000108500e+00 4.507691303753313150e+01
9.930000000000108074e+00 4.429129642686363866e+01
9.950000000000107647e+00 4.394258873999345383e+01
9.970000000000107221e+00 4.330122597419161679e+01
9.990000000000106795e+00 4.278622820065692167e+01
1.001000000000010637e+01 4.217403738976942407e+01
1.003000000000010594e+01 4.161467503908306753e+01
1.005000000000010552e+01 4.095396224720736456e+01
1.007000000000010509e+01 4.050232593807199777e+01
1.009000000000010466e+01 3.985088370985516804e+01
1.011000000000010424e+01 3.922623140662584973e+01
1.013000000000010381e+01 3.879911193783153323e+01
1.015000000000010338e+01 3.801932958753800307e+01
1.017000000000010296e+01 3.754651990903843028e+01
1.019000000000010253e+01 3.683619127196953258e+01
1.021000000000010210e+01 3.645119999591531723e+01
1.023000000000010168e+01 3.564540208637413343e+01
1.025000000000010125e+01 3.519489830159695032e+01
1.027000000000010083e+01 3.493157749315303562e+01
1.029000000000010040e+01 3.428936891560991285e+01
1.031000000000009997e+01 3.372547676258312777e+01
1.033000000000009955e+01 3.341982073201020143e+01
1.035000000000009912e+01 3.259444046940344464e+01
1.037000000000009869e+01 3.221112066636503357e+01
1.039000000000009827e+01 3.184338326015973308e+01
1.041000000000009784e+01 3.113842614973102840e+01
1.043000000000009742e+01 3.075760911412307763e+01
1.045000000000009699e+01 3.048637789961866318e+01
1.047000000000009656e+01 2.983508880285431175e+01
1.049000000000009614e+01 2.960081681267052645e+01
1.051000000000009571e+01 2.900712601590597828e+01
1.053000000000009528e+01 2.867166916448601199e+01
1.055000000000009486e+01 2.842000026574574534e+01
1.057000000000009443e+01 2.800410871387870060e+01
1.059000000000009400e+01 2.760706423093804318e+01
1.061000000000009358e+01 2.727688639455861264e+01
1.063000000000009315e+01 2.689718009043986058e+01
1.065000000000009273e+01 2.648147933953097066e+01
1.067000000000009230e+01 2.611982716262028603e+01
1.069000000000009187e+01 2.585878113181927063e+01
1.071000000000009145e+01 2.562009419454982506e+01
1.073000000000009102e+01 2.550110509253180879e+01
1.075000000000009059e+01 2.495674366807528344e+01
1.077000000000009017e+01 2.478941559046087661e+01
1.079000000000008974e+01 2.442034970102870872e+01
1.081000000000008932e+01 2.419390102249899854e+01
1.083000000000008889e+01 2.395727540121211163e+01
1.085000000000008846e+01 2.376320022888918615e+01
1.087000000000008804e+01 2.334463092749186330e+01
1.089000000000008761e+01 2.327116517972187637e+01
1.091000000000008718e+01 2.295769606092696691e+01
1.093000000000008676e+01 2.270599163013470090e+01
1.095000000000008633e+01 2.277008058899762588e+01
1.097000000000008590e+01 2.234585368362129643e+01
1.099000000000008548e+01 2.205852001200450019e+01
1.101000000000008505e+01 2.171112177262756049e+01
1.103000000000008463e+01 2.190092313801021717e+01
1.105000000000008420e+01 2.158277942595987398e+01
1.107000000000008377e+01 2.129976701424629582e+01
1.109000000000008335e+01 2.109025195082881510e+01
1.111000000000008292e+01 2.103503977579902795e+01
1.113000000000008249e+01 2.076786188790724808e+01
1.115000000000008207e+01 2.074912187698064159e+01
1.117000000000008164e+01 2.051023681817652644e+01
1.119000000000008122e+01 2.038195941223753493e+01
1.121000000000008079e+01 2.022705686865068131e+01
1.123000000000008036e+01 2.026664632397102395e+01
1.125000000000007994e+01 2.004050037194071976e+01
1.127000000000007951e+01 1.971316858108425407e+01
1.129000000000007908e+01 1.963734340262816502e+01
1.131000000000007866e+01 1.953220185677682252e+01
1.133000000000007823e+01 1.955191417574355484e+01
1.135000000000007780e+01 1.937058066912517162e+01
1.137000000000007738e+01 1.956763973757839281e+01
1.139000000000007695e+01 1.925961849729742781e+01
1.141000000000007653e+01 1.914090769060574004e+01
1.143000000000007610e+01 1.921085302938458739e+01
1.145000000000007567e+01 1.918016946225135300e+01
1.147000000000007525e+01 1.898704771058207896e+01
1.149000000000007482e+01 1.900639874115710981e+01
1.151000000000007439e+01 1.911890902043608520e+01
1.153000000000007397e+01 1.908218582157309484e+01
1.155000000000007354e+01 1.902426571326331484e+01
1.157000000000007311e+01 1.914444359737261792e+01
1.159000000000007269e+01 1.921274919045647067e+01
1.161000000000007226e+01 1.915603426298808643e+01
1.163000000000007184e+01 1.924804507356390815e+01
1.165000000000007141e+01 1.921782234936375744e+01
1.167000000000007098e+01 1.932397299966476467e+01
1.169000000000007056e+01 1.942900904202609169e+01
1.171000000000007013e+01 1.959333786545240486e+01
1.173000000000006970e+01 1.981118086932079692e+01
1.175000000000006928e+01 1.997561263916700725e+01
1.177000000000006885e+01 1.993162511441884988e+01
1.179000000000006843e+01 2.019042674794989267e+01
1.181000000000006800e+01 2.020410175668877173e+01
1.183000000000006757e+01 2.049908139555324738e+01
1.185000000000006715e+01 2.069931916021143437e+01
1.187000000000006672e+01 2.081388020704222086e+01
1.189000000000006629e+01 2.111955735618040464e+01
1.191000000000006587e+01 2.113947495704907809e+01
1.193000000000006544e+01 2.142958925799103298e+01
1.195000000000006501e+01 2.165245820247702824e+01
1.197000000000006459e+01 2.189738853121595596e+01
1.199000000000006416e+01 2.199989284835659475e+01
1.201000000000006374e+01 2.222491179796761074e+01
1.203000000000006331e+01 2.256572064257060362e+01
1.205000000000006288e+01 2.284782673242068185e+01
1.207000000000006246e+01 2.301481546700378900e+01
1.209000000000006203e+01 2.317160222150699767e+01
1.211000000000006160e+01 2.328239034459187451e+01
1.213000000000006118e+01 2.364838581948876239e+01
1.215000000000006075e+01 2.371764622911997478e+01
1.217000000000006033e+01 2.396020195226398641e+01
1.219000000000005990e+01 2.427942741995182985e+01
1.221000000000005947e+01 2.443352357624099369e+01
1.223000000000005905e+01 2.470548534218084669e+01
1.225000000000005862e+01 2.458303963493968070e+01
1.227000000000005819e+01 2.496082264014758323e+01
1.229000000000005777e+01 2.511298162858168581e+01
1.231000000000005734e+01 2.509540469113985495e+01
1.233000000000005691e+01 2.551186664709978302e+01
1.235000000000005649e+01 2.541776883072443027e+01
1.237000000000005606e+01 2.565380230119393801e+01
1.239000000000005564e+01 2.568670276770467353e+01
1.241000000000005521e+01 2.590768042278803307e+01
1.243000000000005478e+01 2.589174401744175569e+01
1.245000000000005436e+01 2.585024884139271606e+01
1.247000000000005393e+01 2.608607671829958718e+01
1.249000000000005350e+01 2.612726143057797401e+01
1.251000000000005308e+01 2.607252284612163251e+01
1.253000000000005265e+01 2.612193027810141643e+01
1.255000000000005222e+01 2.632901267696595582e+01
1.257000000000005180e+01 2.623878316442643310e+01
1.259000000000005137e+01 2.612845333066845654e+01
1.261000000000005095e+01 2.615015833074832585e+01
1.263000000000005052e+01 2.616666024857356021e+01
1.265000000000005009e+01 2.616207909780453988e+01
1.267000000000004967e+01 2.619959003688026300e+01
1.269000000000004924e+01 2.614686401440037855e+01
1.271000000000004881e+01 2.602351160616102987e+01
1.273000000000004839e+01 2.591572178593322207e+01
1.275000000000004796e+01 2.581696128639649501e+01
1.277000000000004754e+01 2.583061470237304746e+01
1.279000000000004711e+01 2.586625260258252013e+01
1.281000000000004668e+01 2.565465934543890114e+01
1.283000000000004626e+01 2.574292305675804116e+01
1.285000000000004583e+01 2.543011418179434102e+01
1.287000000000004540e+01 2.546706866793015678e+01
1.289000000000004498e+01 2.534406770031070266e+01
1.291000000000004455e+01 2.510796015347003873e+01
1.293000000000004412e+01 2.501401679159940983e+01
1.295000000000004370e+01 2.498836912208260941e+01
1.297000000000004327e+01 2.498897352094644120e+01
1.299000000000004285e+01 2.486349471205702244e+01
1.301000000000004242e+01 2.467728463107892622e+01
1.303000000000004199e+01 2.443818580916014582e+01
1.305000000000004157e+01 2.429756659239285099e+01
1.307000000000004114e+01 2.430864873736080511e+01
1.309000000000004071e+01 2.415945150070546177e+01
1.311000000000004029e+01 2.420776166237967786e+01
1.313000000000003986e+01 2.394100127260108835e+01
1.315000000000003944e+01 2.376840711804723227e+01
1.317000000000003901e+01 2.363948998428471526e+01
1.319000000000003858e+01 2.353607675578591341e+01
1.321000000000003816e+01 2.340856621478715383e+01
1.323000000000003773e+01 2.337400033941256794e+01
1.325000000000003730e+01 2.307702290339102902e+01
1.327000000000003688e+01 2.306696518820634978e+01
1.329000000000003645e+01 2.282089191568731579e+01
1.331000000000003602e+01 2.268202935623661887e+01
1.333000000000003560e+01 2.280765574536569673e+01
1.335000000000003517e+01 2.260330516179830340e+01
1.337000000000003475e+01 2.224357079356619238e+01
1.339000000000003432e+01 2.208124124443743241e+01
1.341000000000003389e+01 2.223632772225523624e+01
1.343000000000003347e+01 2.209108803559284695e+01
1.345000000000003304e+01 2.164968184010868057e+01
1.347000000000003261e+01 2.172198040067198477e+01
1.349000000000003219e+01 2.164728659815774492e+01
1.351000000000003176e+01 2.148219280746264914e+01
1.353000000000003133e+01 2.124529363148690209e+01
1.355000000000003091e+01 2.105121281517076071e+01
1.357000000000003048e+01 2.085009837522412823e+01
1.359000000000003006e+01 2.062258832989795820e+01
1.361000000000002963e+01 2.031932465558547918e+01
1.363000000000002920e+01 1.977896670706476812e+01
1.365000000000002878e+01 1.941370854242333976e+01
1.367000000000002835e+01 1.885864998286622551e+01
1.369000000000002792e+01 1.843283070289466963e+01
1.371000000000002750e+01 1.812178879531076348e+01
1.373000000000002707e+01 1.735821051628037281e+01
1.375000000000002665e+01 1.673861624581703822e+01
1.377000000000002622e+01 1.627763289610721387e+01
1.379000000000002579e+01 1.561889549042370007e+01
1.381000000000002537e+01 1.521568067110064959e+01
1.383000000000002494e+01 1.468838777024662967e+01
1.385000000000002451e+01 1.416974784767350570e+01
1.387000000000002409e+01 1.376990788816172895e+01
1.389000000000002366e+01 1.333033899949662526e+01
1.391000000000002323e+01 1.299916731064166875e+01
1.393000000000002281e+01 1.235084652748383149e+01
1.395000000000002238e+01 1.196129002478427061e+01
1.397000000000002196e+01 1.150028631103779730e+01
1.399000000000002153e+01 1.103288451169092887e+01
1.401000000000002110e+01 1.028399279879382000e+01
1.403000000000002068e+01 9.579344166086386281e+00
1.405000000000002025e+01 8.734881011728578670e+00
1.407000000000001982e+01 7.974068219960461334e+00
1.409000000000001940e+01 7.137167759290426794e+00
1.411000000000001897e+01 6.463465452529628230e+00
1.413000000000001855e+01 5.716213635896144396e+00
1.415000000000001812e+01 4.996632962931452759e+00
1.417000000000001769e+01 4.435285168266076994e+00
1.419000000000001727e+01 3.894658901975936782e+00
1.421000000000001684e+01 3.491982988080057027e+00
1.423000000000001641e+01 3.044111762988191305e+00
1.425000000000001599e+01 2.714483648122782977e+00
1.427000000000001556e+01 2.253383439082515594e+00
1.429000000000001513e+01 1.884784113499529568e+00
1.431000000000001471e+01 1.639243800075717017e+00
1.433000000000001428e+01 1.449011832968429170e+00
1.435000000000001386e+01 1.245302148327318115e+00
1.437000000000001343e+01 9.480866604579497592e-01
1.439000000000001300e+01 6.924194463279632616e-01
1.441000000000001258e+01 5.202966976413980760e-01
1.443000000000001215e+01 3.829650678008126308e-01
1.445000000000001172e+01 2.641071760037930760e-01
1.447000000000001130e+01 1.455983355205466290e-01
1.449000000000001087e+01 5.396806400561204864e-02
1.451000000000001044e+01 1.083260889225942485e-02
1.453000000000001002e+01 1.820200092423938350e-18
1.455000000000000959e+01 1.812178362520048145e-18
1.457000000000000917e+01 0.000000000000000000e+00
1.459000000000000874e+01 0.000000000000000000e+00
1.461000000000000831e+01 0.000000000000000000e+00
1.463000000000000789e+01 0.000000000000000000e+00
1.465000000000000746e+01 0.000000000000000000e+00
1.467000000000000703e+01 0.000000000000000000e+00
1.469000000000000661e+01 0.000000000000000000e+00
1.471000000000000618e+01 0.000000000000000000e+00
1.473000000000000576e+01 0.000000000000000000e+00
1.475000000000000533e+01 0.000000000000000000e+00
1.477000000000000490e+01 0.000000000000000000e+00
1.479000000000000448e+01 0.000000000000000000e+00
1.481000000000000405e+01 0.000000000000000000e+00
1.483000000000000362e+01 0.000000000000000000e+00
1.485000000000000320e+01 0.000000000000000000e+00
1.487000000000000277e+01 0.000000000000000000e+00
1.489000000000000234e+01 0.000000000000000000e+00
1.491000000000000192e+01 0.000000000000000000e+00
1.493000000000000149e+01 0.000000000000000000e+00
1.495000000000000107e+01 0.000000000000000000e+00
1.497000000000000064e+01 0.000000000000000000e+00
1.499000000000000021e+01 0.000000000000000000e+00
