# Redshift		Merger Rate Density [Gpc^-3yr^-1]
1.000000000031931770e-02 1.443504193687012389e+02
3.000000000031888964e-02 1.468161849112888433e+02
5.000000000031846331e-02 1.500217683650355411e+02
7.000000000031804392e-02 1.524877727078364558e+02
9.000000000031761760e-02 1.556767881876767490e+02
1.100000000003171913e-01 1.566242756503320663e+02
1.300000000003167511e-01 1.591480389309065799e+02
1.500000000003163247e-01 1.614765445991729962e+02
1.700000000003158984e-01 1.616479282970620091e+02
1.900000000003154721e-01 1.630402266773031386e+02
2.100000000003150458e-01 1.650294931140488757e+02
2.300000000003146194e-01 1.655273947673010184e+02
2.500000000003141931e-01 1.678673704135757418e+02
2.700000000003137668e-01 1.702411839573691452e+02
2.900000000003133405e-01 1.715555758944827573e+02
3.100000000003129141e-01 1.726570881769063135e+02
3.300000000003124878e-01 1.768337234411594636e+02
3.500000000003120615e-01 1.791983172987219746e+02
3.700000000003116352e-01 1.817900106566856664e+02
3.900000000003112088e-01 1.839358027907521205e+02
4.100000000003107825e-01 1.860142282469675763e+02
4.300000000003103562e-01 1.872526616880430197e+02
4.500000000003099299e-01 1.901662672082556185e+02
4.700000000003095035e-01 1.906088748344067483e+02
4.900000000003090772e-01 1.939030813400662794e+02
5.100000000003086509e-01 1.959461412743309836e+02
5.300000000003082246e-01 1.984364809038515318e+02
5.500000000003077982e-01 1.990062992891102169e+02
5.700000000003073719e-01 2.012077276404515942e+02
5.900000000003069456e-01 2.014057679352125376e+02
6.100000000003065193e-01 2.057740604897452101e+02
6.300000000003060929e-01 2.042022535051556247e+02
6.500000000003056666e-01 2.062935586641597183e+02
6.700000000003052403e-01 2.082692042315472918e+02
6.900000000003048140e-01 2.095798864035990334e+02
7.100000000003043876e-01 2.116620119034342906e+02
7.300000000003039613e-01 2.108640362711820160e+02
7.500000000003035350e-01 2.131231054088075325e+02
7.700000000003031086e-01 2.114329976919490548e+02
7.900000000003026823e-01 2.143175595863455385e+02
8.100000000003022560e-01 2.179115556497551722e+02
8.300000000003018297e-01 2.165660196208638126e+02
8.500000000003014033e-01 2.180879513257871167e+02
8.700000000003009770e-01 2.191573706273910886e+02
8.900000000003005507e-01 2.195779432951173078e+02
9.100000000003001244e-01 2.220388440323576447e+02
9.300000000002996980e-01 2.225146855250266356e+02
9.500000000002992717e-01 2.252607242458743428e+02
9.700000000002988454e-01 2.254087140070648729e+02
9.900000000002984191e-01 2.304751512915434830e+02
1.010000000000297993e+00 2.255737143143831247e+02
1.030000000000297566e+00 2.311322526349188706e+02
1.050000000000297140e+00 2.302575323309195880e+02
1.070000000000296714e+00 2.314268324082590880e+02
1.090000000000296287e+00 2.311412764612147441e+02
1.110000000000295861e+00 2.344751620800280705e+02
1.130000000000295435e+00 2.338042411908718634e+02
1.150000000000295008e+00 2.360247590862375091e+02
1.170000000000294582e+00 2.347030153918415465e+02
1.190000000000294156e+00 2.366492275509497176e+02
1.210000000000293729e+00 2.371546031546240840e+02
1.230000000000293303e+00 2.379929936283552934e+02
1.250000000000292877e+00 2.390662540338902602e+02
1.270000000000292451e+00 2.401865609249678641e+02
1.290000000000292024e+00 2.376479267107780231e+02
1.310000000000291598e+00 2.420070632335701930e+02
1.330000000000291172e+00 2.380503010096327330e+02
1.350000000000290745e+00 2.417009067317836468e+02
1.370000000000290319e+00 2.408236241076939734e+02
1.390000000000289893e+00 2.417490407519095186e+02
1.410000000000289466e+00 2.385385659367310893e+02
1.430000000000289040e+00 2.398239397966958109e+02
1.450000000000288614e+00 2.407621466423232448e+02
1.470000000000288187e+00 2.409401320722461151e+02
1.490000000000287761e+00 2.397222916276974445e+02
1.510000000000287335e+00 2.406956955352841021e+02
1.530000000000286908e+00 2.389598561279653666e+02
1.550000000000286482e+00 2.391658149213027968e+02
1.570000000000286056e+00 2.391088428668038830e+02
1.590000000000285629e+00 2.390547990997303032e+02
1.610000000000285203e+00 2.372381747143299435e+02
1.630000000000284777e+00 2.360810255204153520e+02
1.650000000000284350e+00 2.353215736872297157e+02
1.670000000000283924e+00 2.357748377798816364e+02
1.690000000000283498e+00 2.339935258460778584e+02
1.710000000000283071e+00 2.323636936986821979e+02
1.730000000000282645e+00 2.322752804871515480e+02
1.750000000000282219e+00 2.323274483248903550e+02
1.770000000000281792e+00 2.273325700112925176e+02
1.790000000000281366e+00 2.308859786025229823e+02
1.810000000000280940e+00 2.266299386595638623e+02
1.830000000000280513e+00 2.258868359067157598e+02
1.850000000000280087e+00 2.239925709944280072e+02
1.870000000000279661e+00 2.245413547677253234e+02
1.890000000000279234e+00 2.194988138477311566e+02
1.910000000000278808e+00 2.204693010110082412e+02
1.930000000000278382e+00 2.189785927812121145e+02
1.950000000000277955e+00 2.178467836004177514e+02
1.970000000000277529e+00 2.151608005656025284e+02
1.990000000000277103e+00 2.129378829935521082e+02
2.010000000000276899e+00 2.119881040882153229e+02
2.030000000000276472e+00 2.098002775964203579e+02
2.050000000000276046e+00 2.076062476538084809e+02
2.070000000000275620e+00 2.046602823846998547e+02
2.090000000000275193e+00 2.031209014136482836e+02
2.110000000000274767e+00 2.017230271557036474e+02
2.130000000000274341e+00 1.984277960044547058e+02
2.150000000000273914e+00 1.989165626605066279e+02
2.170000000000273488e+00 1.944178477501261852e+02
2.190000000000273062e+00 1.940623318855025161e+02
2.210000000000272635e+00 1.905896428688466244e+02
2.230000000000272209e+00 1.886032279921302006e+02
2.250000000000271783e+00 1.879334882624738725e+02
2.270000000000271356e+00 1.838465823715791032e+02
2.290000000000270930e+00 1.846764116651480379e+02
2.310000000000270504e+00 1.796806433155505260e+02
2.330000000000270077e+00 1.795169808277571804e+02
2.350000000000269651e+00 1.760083801616705159e+02
2.370000000000269225e+00 1.743190098601923808e+02
2.390000000000268798e+00 1.728445877159012127e+02
2.410000000000268372e+00 1.694623036022928488e+02
2.430000000000267946e+00 1.661471461498026940e+02
2.450000000000267519e+00 1.656926715528816203e+02
2.470000000000267093e+00 1.620217648433561521e+02
2.490000000000266667e+00 1.603862205199195330e+02
2.510000000000266240e+00 1.598333749374181991e+02
2.530000000000265814e+00 1.568461206416401694e+02
2.550000000000265388e+00 1.543638695144043140e+02
2.570000000000264961e+00 1.519251281682381034e+02
2.590000000000264535e+00 1.500355686685329886e+02
2.610000000000264109e+00 1.475496524257433464e+02
2.630000000000263682e+00 1.459966754811150054e+02
2.650000000000263256e+00 1.436987296480348277e+02
2.670000000000262830e+00 1.431770594829758352e+02
2.690000000000262403e+00 1.399552254669246736e+02
2.710000000000261977e+00 1.369602356896786262e+02
2.730000000000261551e+00 1.357644109889811261e+02
2.750000000000261124e+00 1.337503380027066271e+02
2.770000000000260698e+00 1.318005839323589043e+02
2.790000000000260272e+00 1.291974860275922481e+02
2.810000000000259845e+00 1.264091129156327611e+02
2.830000000000259419e+00 1.255889868139481393e+02
2.850000000000258993e+00 1.218739550935666642e+02
2.870000000000258567e+00 1.214771687160938001e+02
2.890000000000258140e+00 1.198499505808244265e+02
2.910000000000257714e+00 1.162256117974832392e+02
2.930000000000257288e+00 1.152638755406067048e+02
2.950000000000256861e+00 1.126366542773110240e+02
2.970000000000256435e+00 1.114689007064367985e+02
2.990000000000256009e+00 1.088376150092150283e+02
3.010000000000255582e+00 1.087244530998459879e+02
3.030000000000255156e+00 1.062476050599864550e+02
3.050000000000254730e+00 1.033893840833470819e+02
3.070000000000254303e+00 1.021114881141665762e+02
3.090000000000253877e+00 1.006411635343743995e+02
3.110000000000253451e+00 9.928669447235573386e+01
3.130000000000253024e+00 9.782916240940969033e+01
3.150000000000252598e+00 9.504105871825721863e+01
3.170000000000252172e+00 9.524984860749775351e+01
3.190000000000251745e+00 9.230905391615245037e+01
3.210000000000251319e+00 9.017705562843819678e+01
3.230000000000250893e+00 8.943627711521426704e+01
3.250000000000250466e+00 8.715726304283857928e+01
3.270000000000250040e+00 8.650493107229738143e+01
3.290000000000249614e+00 8.449667820113603511e+01
3.310000000000249187e+00 8.268458222441179828e+01
3.330000000000248761e+00 8.056115073494555645e+01
3.350000000000248335e+00 7.919749359606942107e+01
3.370000000000247908e+00 7.699748391561828953e+01
3.390000000000247482e+00 7.735522264587042685e+01
3.410000000000247056e+00 7.462213435236084536e+01
3.430000000000246629e+00 7.337793682116374328e+01
3.450000000000246203e+00 7.171236814000940285e+01
3.470000000000245777e+00 7.130641723329392789e+01
3.490000000000245350e+00 6.855455980198955501e+01
3.510000000000244924e+00 6.859497669525812569e+01
3.530000000000244498e+00 6.626338078483077254e+01
3.550000000000244071e+00 6.466873062161317876e+01
3.570000000000243645e+00 6.326008877334109570e+01
3.590000000000243219e+00 6.342804929199427733e+01
3.610000000000242792e+00 6.072459766159764882e+01
3.630000000000242366e+00 5.848336093436385141e+01
3.650000000000241940e+00 5.806377545636043180e+01
3.670000000000241513e+00 5.728275496261633748e+01
3.690000000000241087e+00 5.554052437742313231e+01
3.710000000000240661e+00 5.384731831539903624e+01
3.730000000000240234e+00 5.401520911800273694e+01
3.750000000000239808e+00 5.245367170039786942e+01
3.770000000000239382e+00 5.123186763204907379e+01
3.790000000000238956e+00 5.004530326343468261e+01
3.810000000000238529e+00 4.795403466528052405e+01
3.830000000000238103e+00 4.684110511379390118e+01
3.850000000000237677e+00 4.706638383246788493e+01
3.870000000000237250e+00 4.572599920579729371e+01
3.890000000000236824e+00 4.459094725862303221e+01
3.910000000000236398e+00 4.291452215848316598e+01
3.930000000000235971e+00 4.225052488952851348e+01
3.950000000000235545e+00 4.135792060409483639e+01
3.970000000000235119e+00 4.047548523919415686e+01
3.990000000000234692e+00 4.040681766592933855e+01
4.010000000000234266e+00 3.930929653581783612e+01
4.030000000000233840e+00 3.841773054167858703e+01
4.050000000000233413e+00 3.703652840517318623e+01
4.070000000000232987e+00 3.626814661832926845e+01
4.090000000000232561e+00 3.581096501288656242e+01
4.110000000000232134e+00 3.562112013177836189e+01
4.130000000000231708e+00 3.398372395961805381e+01
4.150000000000231282e+00 3.346904487572050613e+01
4.170000000000230855e+00 3.338176204167670136e+01
4.190000000000230429e+00 3.238471147069139278e+01
4.210000000000230003e+00 3.187925040884961092e+01
4.230000000000229576e+00 3.099656300313467128e+01
4.250000000000229150e+00 3.035087743498035096e+01
4.270000000000228724e+00 3.007933337476278268e+01
4.290000000000228297e+00 2.931792835983613088e+01
4.310000000000227871e+00 2.909867719187977997e+01
4.330000000000227445e+00 2.820496991429334344e+01
4.350000000000227018e+00 2.775240154902470024e+01
4.370000000000226592e+00 2.739696866334162095e+01
4.390000000000226166e+00 2.709450843029558342e+01
4.410000000000225739e+00 2.661499680394381784e+01
4.430000000000225313e+00 2.564893315652043171e+01
4.450000000000224887e+00 2.506832179387138737e+01
4.470000000000224460e+00 2.464135469700827485e+01
4.490000000000224034e+00 2.414794188806740038e+01
4.510000000000223608e+00 2.371444817126017313e+01
4.530000000000223181e+00 2.388935947770042745e+01
4.550000000000222755e+00 2.336153483015684884e+01
4.570000000000222329e+00 2.282142066511779177e+01
4.590000000000221902e+00 2.211039439715435506e+01
4.610000000000221476e+00 2.188201902879496785e+01
4.630000000000221050e+00 2.140344762483403684e+01
4.650000000000220624e+00 2.120925042362768309e+01
4.670000000000220197e+00 2.099314209130727704e+01
4.690000000000219771e+00 2.055322586292261633e+01
4.710000000000219345e+00 2.057000495409309693e+01
4.730000000000218918e+00 1.998567250206330570e+01
4.750000000000218492e+00 1.952519590135162275e+01
4.770000000000218066e+00 1.963527573504901369e+01
4.790000000000217639e+00 1.936270907654487061e+01
4.810000000000217213e+00 1.908988065720746974e+01
4.830000000000216787e+00 1.871359689080829725e+01
4.850000000000216360e+00 1.867625049794160219e+01
4.870000000000215934e+00 1.801049639656542212e+01
4.890000000000215508e+00 1.816814920109380438e+01
4.910000000000215081e+00 1.731579665234211518e+01
4.930000000000214655e+00 1.789278721040340869e+01
4.950000000000214229e+00 1.737195107894650903e+01
4.970000000000213802e+00 1.723425653890609155e+01
4.990000000000213376e+00 1.684005146820857846e+01
5.010000000000212950e+00 1.680767757082882952e+01
5.030000000000212523e+00 1.639011564871305282e+01
5.050000000000212097e+00 1.673091884796437867e+01
5.070000000000211671e+00 1.607169669252687783e+01
5.090000000000211244e+00 1.617103619551929583e+01
5.110000000000210818e+00 1.587319747944910198e+01
5.130000000000210392e+00 1.567015484927596702e+01
5.150000000000209965e+00 1.555105295097989604e+01
5.170000000000209539e+00 1.564618290718262550e+01
5.190000000000209113e+00 1.519939458583905356e+01
5.210000000000208686e+00 1.540481441844630872e+01
5.230000000000208260e+00 1.500865930528893522e+01
5.250000000000207834e+00 1.493827292142820617e+01
5.270000000000207407e+00 1.504049732734215361e+01
5.290000000000206981e+00 1.461932894192800880e+01
5.310000000000206555e+00 1.457936840763837516e+01
5.330000000000206128e+00 1.434099412002503904e+01
5.350000000000205702e+00 1.456218559476990748e+01
5.370000000000205276e+00 1.439300957924537450e+01
5.390000000000204849e+00 1.432262314722785668e+01
5.410000000000204423e+00 1.425026888008440906e+01
5.430000000000203997e+00 1.393698398077873613e+01
5.450000000000203570e+00 1.393466043587175918e+01
5.470000000000203144e+00 1.358090083076239729e+01
5.490000000000202718e+00 1.377367201973799737e+01
5.510000000000202292e+00 1.388653145248177445e+01
5.530000000000201865e+00 1.408434171160010528e+01
5.550000000000201439e+00 1.389203650714168248e+01
5.570000000000201013e+00 1.370821039629097982e+01
5.590000000000200586e+00 1.354788382000282354e+01
5.610000000000200160e+00 1.345350417669361853e+01
5.630000000000199734e+00 1.324597814809147067e+01
5.650000000000199307e+00 1.347823656787608471e+01
5.670000000000198881e+00 1.313073921689046664e+01
5.690000000000198455e+00 1.308141189769798451e+01
5.710000000000198028e+00 1.289343311869102315e+01
5.730000000000197602e+00 1.309000446785373661e+01
5.750000000000197176e+00 1.288280030336161985e+01
5.770000000000196749e+00 1.275290254498969666e+01
5.790000000000196323e+00 1.264548035323101338e+01
5.810000000000195897e+00 1.247334831944270128e+01
5.830000000000195470e+00 1.228430876732731569e+01
5.850000000000195044e+00 1.248825464451479839e+01
5.870000000000194618e+00 1.237211440871554302e+01
5.890000000000194191e+00 1.232840503715040725e+01
5.910000000000193765e+00 1.225710619276328472e+01
5.930000000000193339e+00 1.203149327677248515e+01
5.950000000000192912e+00 1.192357555416720594e+01
5.970000000000192486e+00 1.199005178485773371e+01
5.990000000000192060e+00 1.184183623378500094e+01
6.010000000000191633e+00 1.179380510670685034e+01
6.030000000000191207e+00 1.201158038067436884e+01
6.050000000000190781e+00 1.158619184680270564e+01
6.070000000000190354e+00 1.173314645771661624e+01
6.090000000000189928e+00 1.175689779458019935e+01
6.110000000000189502e+00 1.142154067856733057e+01
6.130000000000189075e+00 1.130673371990779685e+01
6.150000000000188649e+00 1.116130962800258430e+01
6.170000000000188223e+00 1.146122782844646082e+01
6.190000000000187796e+00 1.139505033881094853e+01
6.210000000000187370e+00 1.093509262418706918e+01
6.230000000000186944e+00 1.126700215110124859e+01
6.250000000000186517e+00 1.098953958220663196e+01
6.270000000000186091e+00 1.137883602189369014e+01
6.290000000000185665e+00 1.091400496672761378e+01
6.310000000000185238e+00 1.095957792827733179e+01
6.330000000000184812e+00 1.061657827462339121e+01
6.350000000000184386e+00 1.071325279660891283e+01
6.370000000000183960e+00 1.019482576390056394e+01
6.390000000000183533e+00 1.037170407836442365e+01
6.410000000000183107e+00 1.027943030412949632e+01
6.430000000000182681e+00 1.033102397926134586e+01
6.450000000000182254e+00 1.011105701024336767e+01
6.470000000000181828e+00 1.002138658353422329e+01
6.490000000000181402e+00 9.931283479604044118e+00
6.510000000000180975e+00 9.960490656504497053e+00
6.530000000000180549e+00 9.785443459052759252e+00
6.550000000000180123e+00 9.743342787611542377e+00
6.570000000000179696e+00 9.661953646173195409e+00
6.590000000000179270e+00 9.619841254336227721e+00
6.610000000000178844e+00 9.619569919971397098e+00
6.630000000000178417e+00 9.254450640433361741e+00
6.650000000000177991e+00 9.319835658202904938e+00
6.670000000000177565e+00 9.238468615528443451e+00
6.690000000000177138e+00 9.239017663226947619e+00
6.710000000000176712e+00 9.128498875914607069e+00
6.730000000000176286e+00 9.055540928441324411e+00
6.750000000000175859e+00 9.049484015939826875e+00
6.770000000000175433e+00 9.018118371220557705e+00
6.790000000000175007e+00 8.910666802589581437e+00
6.810000000000174580e+00 8.666585672399902407e+00
6.830000000000174154e+00 8.644044858325766967e+00
6.850000000000173728e+00 8.618369809048312291e+00
6.870000000000173301e+00 8.664710676261906386e+00
6.890000000000172875e+00 8.408029511735787054e+00
6.910000000000172449e+00 8.473875828524862541e+00
6.930000000000172022e+00 8.342193661994571130e+00
6.950000000000171596e+00 8.389489901139683070e+00
6.970000000000171170e+00 8.213564941414249532e+00
6.990000000000170743e+00 8.218331002988474410e+00
7.010000000000170317e+00 8.051119681489215196e+00
7.030000000000169891e+00 7.919754226129802177e+00
7.050000000000169464e+00 8.157768845737789931e+00
7.070000000000169038e+00 8.071536505497405756e+00
7.090000000000168612e+00 7.832635628091193958e+00
7.110000000000168185e+00 7.928190111699243481e+00
7.130000000000167759e+00 7.734419753452644208e+00
7.150000000000167333e+00 7.804597118576362291e+00
7.170000000000166906e+00 7.756684231030168242e+00
7.190000000000166480e+00 7.803349801328160140e+00
7.210000000000166054e+00 7.766133620445770269e+00
7.230000000000165628e+00 7.673801576919885292e+00
7.250000000000165201e+00 7.612381040000910204e+00
7.270000000000164775e+00 7.738453882277918972e+00
7.290000000000164349e+00 7.830725101890019246e+00
7.310000000000163922e+00 7.598711577498972858e+00
7.330000000000163496e+00 7.712720909845122819e+00
7.350000000000163070e+00 7.775319335249393227e+00
7.370000000000162643e+00 7.619321725877922447e+00
7.390000000000162217e+00 7.677430506815625222e+00
7.410000000000161791e+00 7.645762351945471380e+00
7.430000000000161364e+00 7.603292848186831598e+00
7.450000000000160938e+00 7.794613537949492077e+00
7.470000000000160512e+00 7.695762516510399998e+00
7.490000000000160085e+00 7.750468552398550592e+00
7.510000000000159659e+00 7.689755289993774667e+00
7.530000000000159233e+00 7.856673122887426253e+00
7.550000000000158806e+00 7.706997882163458158e+00
7.570000000000158380e+00 7.642415068946695200e+00
7.590000000000157954e+00 7.675923253829961546e+00
7.610000000000157527e+00 7.995977698720255766e+00
7.630000000000157101e+00 7.870348536925392935e+00
7.650000000000156675e+00 7.724293762470693991e+00
7.670000000000156248e+00 7.800821356264740380e+00
7.690000000000155822e+00 7.840846057973733352e+00
7.710000000000155396e+00 7.857153604593244189e+00
7.730000000000154969e+00 8.014902816225896842e+00
7.750000000000154543e+00 7.906104090760422309e+00
7.770000000000154117e+00 7.935768202575807173e+00
7.790000000000153690e+00 8.086576254637396488e+00
7.810000000000153264e+00 7.974864049303245217e+00
7.830000000000152838e+00 7.997218631884926765e+00
7.850000000000152411e+00 8.261304679367222903e+00
7.870000000000151985e+00 7.996224468142129282e+00
7.890000000000151559e+00 8.329476812990620260e+00
7.910000000000151132e+00 8.156027277786407126e+00
7.930000000000150706e+00 8.213856793529549449e+00
7.950000000000150280e+00 8.280379381434290309e+00
7.970000000000149853e+00 8.376032739243123970e+00
7.990000000000149427e+00 8.319227262038442205e+00
8.010000000000149001e+00 8.350097865568793409e+00
8.030000000000148574e+00 8.317367668666308944e+00
8.050000000000148148e+00 8.599999923429077597e+00
8.070000000000147722e+00 8.473548091278402694e+00
8.090000000000147296e+00 8.483118668870188728e+00
8.110000000000146869e+00 8.569195526261614404e+00
8.130000000000146443e+00 8.591404034348714802e+00
8.150000000000146017e+00 8.774813153909828856e+00
8.170000000000145590e+00 8.543585480365127438e+00
8.190000000000145164e+00 8.739603386014973552e+00
8.210000000000144738e+00 8.797731655034963794e+00
8.230000000000144311e+00 8.857878002065442402e+00
8.250000000000143885e+00 8.841147314326693873e+00
8.270000000000143459e+00 8.733243026295888001e+00
8.290000000000143032e+00 8.808694784526078791e+00
8.310000000000142606e+00 8.816679888721630221e+00
8.330000000000142180e+00 8.837377541931878966e+00
8.350000000000141753e+00 8.988227238083760895e+00
8.370000000000141327e+00 8.762917673943887209e+00
8.390000000000140901e+00 9.000126154751603380e+00
8.410000000000140474e+00 9.004196668603627884e+00
8.430000000000140048e+00 8.929936191124410172e+00
8.450000000000139622e+00 9.015243548707568166e+00
8.470000000000139195e+00 9.097857494702235925e+00
8.490000000000138769e+00 9.007925567820956658e+00
8.510000000000138343e+00 9.079262598568572429e+00
8.530000000000137916e+00 8.951839483112861373e+00
8.550000000000137490e+00 9.188299815346292476e+00
8.570000000000137064e+00 9.045425331312516803e+00
8.590000000000136637e+00 9.048557355690970638e+00
8.610000000000136211e+00 9.137379672778292772e+00
8.630000000000135785e+00 9.187992540323172364e+00
8.650000000000135358e+00 9.040745650460262794e+00
8.670000000000134932e+00 9.200205153502043487e+00
8.690000000000134506e+00 9.212209903331673999e+00
8.710000000000134079e+00 9.321001083477350235e+00
8.730000000000133653e+00 9.340941258151170601e+00
8.750000000000133227e+00 9.332374079668882771e+00
8.770000000000132800e+00 9.334532135388961649e+00
8.790000000000132374e+00 9.415373003659279760e+00
8.810000000000131948e+00 9.479202197655697049e+00
8.830000000000131521e+00 9.445947317175265923e+00
8.850000000000131095e+00 9.549001867160065160e+00
8.870000000000130669e+00 9.576052465508549716e+00
8.890000000000130242e+00 9.705536611948724968e+00
8.910000000000129816e+00 9.723273390707005248e+00
8.930000000000129390e+00 9.793260842224507101e+00
8.950000000000128964e+00 9.891331951990595783e+00
8.970000000000128537e+00 9.797233183286472524e+00
8.990000000000128111e+00 9.989012337896227223e+00
9.010000000000127685e+00 1.003803375692724487e+01
9.030000000000127258e+00 1.015448506021543018e+01
9.050000000000126832e+00 1.012596108154915520e+01
9.070000000000126406e+00 1.030656717484051832e+01
9.090000000000125979e+00 1.035875851716186169e+01
9.110000000000125553e+00 1.044098785350099412e+01
9.130000000000125127e+00 1.044217257123171017e+01
9.150000000000124700e+00 1.061920106845344947e+01
9.170000000000124274e+00 1.061215156113612323e+01
9.190000000000123848e+00 1.072056216655460403e+01
9.210000000000123421e+00 1.089441795984454409e+01
9.230000000000122995e+00 1.080443266977239780e+01
9.250000000000122569e+00 1.095584480521931248e+01
9.270000000000122142e+00 1.104675064390815997e+01
9.290000000000121716e+00 1.114868072932454446e+01
9.310000000000121290e+00 1.124751434418148577e+01
9.330000000000120863e+00 1.121812474193133014e+01
9.350000000000120437e+00 1.133553887231904689e+01
9.370000000000120011e+00 1.130799383084782939e+01
9.390000000000119584e+00 1.155743325458414006e+01
9.410000000000119158e+00 1.131306205797385722e+01
9.430000000000118732e+00 1.157911580174575583e+01
9.450000000000118305e+00 1.157650125840672928e+01
9.470000000000117879e+00 1.146964423496371133e+01
9.490000000000117453e+00 1.160041066613860217e+01
9.510000000000117026e+00 1.173973883931030393e+01
9.530000000000116600e+00 1.155442116180222811e+01
9.550000000000116174e+00 1.163451023004826901e+01
9.570000000000115747e+00 1.162619265067511698e+01
9.590000000000115321e+00 1.158516795129116872e+01
9.610000000000114895e+00 1.155238215912578248e+01
9.630000000000114468e+00 1.157750678985165393e+01
9.650000000000114042e+00 1.146033788169650691e+01
9.670000000000113616e+00 1.147073173938546553e+01
9.690000000000113189e+00 1.149360555872299727e+01
9.710000000000112763e+00 1.147178288605065077e+01
9.730000000000112337e+00 1.132729897807985964e+01
9.750000000000111910e+00 1.120662823688208043e+01
9.770000000000111484e+00 1.122640992819922801e+01
9.790000000000111058e+00 1.100673845274764950e+01
9.810000000000110632e+00 1.094811679632856105e+01
9.830000000000110205e+00 1.086677851121211980e+01
9.850000000000109779e+00 1.073827237703675053e+01
9.870000000000109353e+00 1.070397188229727803e+01
9.890000000000108926e+00 1.055270260984471342e+01
9.910000000000108500e+00 1.038003088170087018e+01
9.930000000000108074e+00 1.028913427170177464e+01
9.950000000000107647e+00 1.025154423420034533e+01
9.970000000000107221e+00 1.003746778600375400e+01
9.990000000000106795e+00 9.914189360727387879e+00
1.001000000000010637e+01 9.710496998920557843e+00
1.003000000000010594e+01 9.776748173235279893e+00
1.005000000000010552e+01 9.455585406686042305e+00
1.007000000000010509e+01 9.363139684256347905e+00
1.009000000000010466e+01 9.261026182521318262e+00
1.011000000000010424e+01 9.065549502479807842e+00
1.013000000000010381e+01 8.953787763401663824e+00
1.015000000000010338e+01 8.845286501889312092e+00
1.017000000000010296e+01 8.693568744676909432e+00
1.019000000000010253e+01 8.560847566376370565e+00
1.021000000000010210e+01 8.439848400861050592e+00
1.023000000000010168e+01 8.281927163998261676e+00
1.025000000000010125e+01 8.101206916037787309e+00
1.027000000000010083e+01 8.065834782970586758e+00
1.029000000000010040e+01 7.879647879867721194e+00
1.031000000000009997e+01 7.862369798988180669e+00
1.033000000000009955e+01 7.673305124855804848e+00
1.035000000000009912e+01 7.510918868596594855e+00
1.037000000000009869e+01 7.512053321990520338e+00
1.039000000000009827e+01 7.396007488831665810e+00
1.041000000000009784e+01 7.357857525681685829e+00
1.043000000000009742e+01 7.176810645210826678e+00
1.045000000000009699e+01 7.092130461985333589e+00
1.047000000000009656e+01 6.992839527519670639e+00
1.049000000000009614e+01 6.828464620504191451e+00
1.051000000000009571e+01 6.886213629586622531e+00
1.053000000000009528e+01 6.779643020681378474e+00
1.055000000000009486e+01 6.632790686190059404e+00
1.057000000000009443e+01 6.740945371449229562e+00
1.059000000000009400e+01 6.541426156459254848e+00
1.061000000000009358e+01 6.547452596153890525e+00
1.063000000000009315e+01 6.458625977976603316e+00
1.065000000000009273e+01 6.373530879667407056e+00
1.067000000000009230e+01 6.392210021710844181e+00
1.069000000000009187e+01 6.211967839365731159e+00
1.071000000000009145e+01 6.156799615564873207e+00
1.073000000000009102e+01 6.265486216203962400e+00
1.075000000000009059e+01 6.212569840713610958e+00
1.077000000000009017e+01 6.157757197883945821e+00
1.079000000000008974e+01 6.064534439194685156e+00
1.081000000000008932e+01 6.024854104441510039e+00
1.083000000000008889e+01 6.043478918831326041e+00
1.085000000000008846e+01 6.012930981807145692e+00
1.087000000000008804e+01 5.926166280800557296e+00
1.089000000000008761e+01 5.928349549382041950e+00
1.091000000000008718e+01 5.893705289567007455e+00
1.093000000000008676e+01 5.821735143141537172e+00
1.095000000000008633e+01 5.899621889677398201e+00
1.097000000000008590e+01 5.761235532502477774e+00
1.099000000000008548e+01 5.801043853099696612e+00
1.101000000000008505e+01 5.795864058191050994e+00
1.103000000000008463e+01 5.653224949207467098e+00
1.105000000000008420e+01 5.709049614544112750e+00
1.107000000000008377e+01 5.758929221664421227e+00
1.109000000000008335e+01 5.619872753185049419e+00
1.111000000000008292e+01 5.573484416281847764e+00
1.113000000000008249e+01 5.585860575372235459e+00
1.115000000000008207e+01 5.511209676256236811e+00
1.117000000000008164e+01 5.546113496906725615e+00
1.119000000000008122e+01 5.510390482703183324e+00
1.121000000000008079e+01 5.508955932115121357e+00
1.123000000000008036e+01 5.414192568685408880e+00
1.125000000000007994e+01 5.387269112668971793e+00
1.127000000000007951e+01 5.341763165237063404e+00
1.129000000000007908e+01 5.345835106413626470e+00
1.131000000000007866e+01 5.376929642494978623e+00
1.133000000000007823e+01 5.187150172164244566e+00
1.135000000000007780e+01 5.299836560575785782e+00
1.137000000000007738e+01 5.228839061718196568e+00
1.139000000000007695e+01 5.158176443210245488e+00
1.141000000000007653e+01 5.068507794001250844e+00
1.143000000000007610e+01 5.206396746382859320e+00
1.145000000000007567e+01 5.071247091264395657e+00
1.147000000000007525e+01 5.038197144210333711e+00
1.149000000000007482e+01 4.997793180592561058e+00
1.151000000000007439e+01 5.007682105225993219e+00
1.153000000000007397e+01 4.987360889627391103e+00
1.155000000000007354e+01 4.898537033093711024e+00
1.157000000000007311e+01 4.819214968622411277e+00
1.159000000000007269e+01 4.877248408528489954e+00
1.161000000000007226e+01 4.846466220785908163e+00
1.163000000000007184e+01 4.805217025135940290e+00
1.165000000000007141e+01 4.776569490222106751e+00
1.167000000000007098e+01 4.731325653946934828e+00
1.169000000000007056e+01 4.781194006870448376e+00
1.171000000000007013e+01 4.679327462859940390e+00
1.173000000000006970e+01 4.754594186240745479e+00
1.175000000000006928e+01 4.629149462063194775e+00
1.177000000000006885e+01 4.599450262259299649e+00
1.179000000000006843e+01 4.558434104194061476e+00
1.181000000000006800e+01 4.520918370105459161e+00
1.183000000000006757e+01 4.625865186381952654e+00
1.185000000000006715e+01 4.522629415846891376e+00
1.187000000000006672e+01 4.584364753364084777e+00
1.189000000000006629e+01 4.494365022706769075e+00
1.191000000000006587e+01 4.514933364357121448e+00
1.193000000000006544e+01 4.449902549391623552e+00
1.195000000000006501e+01 4.384066899305200771e+00
1.197000000000006459e+01 4.421225361539161902e+00
1.199000000000006416e+01 4.479104881517288028e+00
1.201000000000006374e+01 4.333260223648686349e+00
1.203000000000006331e+01 4.317154011721042295e+00
1.205000000000006288e+01 4.331625811831734119e+00
1.207000000000006246e+01 4.322012099192140688e+00
1.209000000000006203e+01 4.341512218056157835e+00
1.211000000000006160e+01 4.265248353570001427e+00
1.213000000000006118e+01 4.230193681841297959e+00
1.215000000000006075e+01 4.255275960012635750e+00
1.217000000000006033e+01 4.171216929867762602e+00
1.219000000000005990e+01 4.199944346982518617e+00
1.221000000000005947e+01 4.214863444128236658e+00
1.223000000000005905e+01 4.165748139622989399e+00
1.225000000000005862e+01 4.124710998733754685e+00
1.227000000000005819e+01 4.070747667396348746e+00
1.229000000000005777e+01 4.053389133909111486e+00
1.231000000000005734e+01 4.107427278018037420e+00
1.233000000000005691e+01 3.981879836550907825e+00
1.235000000000005649e+01 3.957555815927705556e+00
1.237000000000005606e+01 4.001095029790030289e+00
1.239000000000005564e+01 3.921610527934721535e+00
1.241000000000005521e+01 3.901612606679532025e+00
1.243000000000005478e+01 3.899979791466659407e+00
1.245000000000005436e+01 3.845060200152169649e+00
1.247000000000005393e+01 3.873554802787579465e+00
1.249000000000005350e+01 3.793376954499199982e+00
1.251000000000005308e+01 3.745668412219675503e+00
1.253000000000005265e+01 3.732521230047721073e+00
1.255000000000005222e+01 3.737555836219920380e+00
1.257000000000005180e+01 3.697444418854539006e+00
1.259000000000005137e+01 3.650640679715679404e+00
1.261000000000005095e+01 3.592294337138959737e+00
1.263000000000005052e+01 3.549395077530066001e+00
1.265000000000005009e+01 3.580003454139830676e+00
1.267000000000004967e+01 3.621308049377837790e+00
1.269000000000004924e+01 3.524309415320875605e+00
1.271000000000004881e+01 3.475590166079499888e+00
1.273000000000004839e+01 3.425028448238473189e+00
1.275000000000004796e+01 3.372216265472674834e+00
1.277000000000004754e+01 3.474579087743274286e+00
1.279000000000004711e+01 3.338096669868900523e+00
1.281000000000004668e+01 3.376087280836992832e+00
1.283000000000004626e+01 3.349401557944156949e+00
1.285000000000004583e+01 3.270981433445889763e+00
1.287000000000004540e+01 3.325267185342503318e+00
1.289000000000004498e+01 3.205524789627608673e+00
1.291000000000004455e+01 3.233611881820884104e+00
1.293000000000004412e+01 3.235027137121532004e+00
1.295000000000004370e+01 3.159367279783560356e+00
1.297000000000004327e+01 3.174376291477377876e+00
1.299000000000004285e+01 3.106646379640637612e+00
1.301000000000004242e+01 3.156942945804135370e+00
1.303000000000004199e+01 3.072413107178909364e+00
1.305000000000004157e+01 3.033147759212704742e+00
1.307000000000004114e+01 3.097692206176697827e+00
1.309000000000004071e+01 3.075006150076898592e+00
1.311000000000004029e+01 2.998564798275107357e+00
1.313000000000003986e+01 2.965551661637900960e+00
1.315000000000003944e+01 3.015761009691563466e+00
1.317000000000003901e+01 2.905088197068358191e+00
1.319000000000003858e+01 2.899329270402724479e+00
1.321000000000003816e+01 2.896149176176883611e+00
1.323000000000003773e+01 2.883763560803270121e+00
1.325000000000003730e+01 2.930277105089468037e+00
1.327000000000003688e+01 2.802339012178474142e+00
1.329000000000003645e+01 2.789876767202575270e+00
1.331000000000003602e+01 2.790312657089269344e+00
1.333000000000003560e+01 2.735867408564842673e+00
1.335000000000003517e+01 2.714987554155732230e+00
1.337000000000003475e+01 2.748713504989158007e+00
1.339000000000003432e+01 2.701121963701669237e+00
1.341000000000003389e+01 2.648274124895012349e+00
1.343000000000003347e+01 2.559905605467243550e+00
1.345000000000003304e+01 2.557068761462805817e+00
1.347000000000003261e+01 2.523170212108909016e+00
1.349000000000003219e+01 2.483001408883938499e+00
1.351000000000003176e+01 2.402687093129804108e+00
1.353000000000003133e+01 2.388290004474338257e+00
1.355000000000003091e+01 2.287424593091974767e+00
1.357000000000003048e+01 2.291820869274384442e+00
1.359000000000003006e+01 2.202896884719991899e+00
1.361000000000002963e+01 2.154167165600121336e+00
1.363000000000002920e+01 2.041990626914538698e+00
1.365000000000002878e+01 1.997657947786222854e+00
1.367000000000002835e+01 1.912176670445239646e+00
1.369000000000002792e+01 1.816202957266614737e+00
1.371000000000002750e+01 1.739446021891441596e+00
1.373000000000002707e+01 1.678048118730051330e+00
1.375000000000002665e+01 1.565647708450814690e+00
1.377000000000002622e+01 1.540340906867915249e+00
1.379000000000002579e+01 1.395154139191413512e+00
1.381000000000002537e+01 1.284937030356042342e+00
1.383000000000002494e+01 1.224854057932501572e+00
1.385000000000002451e+01 1.182184541416930301e+00
1.387000000000002409e+01 1.142477888295696076e+00
1.389000000000002366e+01 1.070624536330538668e+00
1.391000000000002323e+01 9.963229110326713434e-01
1.393000000000002281e+01 8.955768127480769891e-01
1.395000000000002238e+01 8.606899824588820636e-01
1.397000000000002196e+01 8.175135032499211141e-01
1.399000000000002153e+01 7.760919159989456695e-01
1.401000000000002110e+01 6.644866900513627384e-01
1.403000000000002068e+01 6.114647958631581615e-01
1.405000000000002025e+01 5.361253221582490402e-01
1.407000000000001982e+01 4.875879255105553534e-01
1.409000000000001940e+01 4.052932958555870990e-01
1.411000000000001897e+01 3.769511881521682151e-01
1.413000000000001855e+01 3.519927007511623462e-01
1.415000000000001812e+01 2.961072257235199956e-01
1.417000000000001769e+01 2.561415805610857133e-01
1.419000000000001727e+01 2.221709037467193282e-01
1.421000000000001684e+01 1.954144134277450984e-01
1.423000000000001641e+01 1.712716606355983995e-01
1.425000000000001599e+01 1.629902494788921519e-01
1.427000000000001556e+01 1.256939995575912794e-01
1.429000000000001513e+01 9.938506238149343031e-02
1.431000000000001471e+01 1.044686632543284366e-01
1.433000000000001428e+01 7.492323169872482092e-02
1.435000000000001386e+01 5.642149159125676994e-02
1.437000000000001343e+01 2.179672429671948922e-02
1.439000000000001300e+01 2.435172785789068567e-02
1.441000000000001258e+01 2.160532717289902205e-02
1.443000000000001215e+01 1.619423061433461139e-02
1.445000000000001172e+01 1.612311587233054150e-02
1.447000000000001130e+01 5.391728900900467220e-03
1.449000000000001087e+01 2.694263446680075866e-03
1.451000000000001044e+01 0.000000000000000000e+00
1.453000000000001002e+01 0.000000000000000000e+00
1.455000000000000959e+01 0.000000000000000000e+00
1.457000000000000917e+01 0.000000000000000000e+00
1.459000000000000874e+01 0.000000000000000000e+00
1.461000000000000831e+01 0.000000000000000000e+00
1.463000000000000789e+01 0.000000000000000000e+00
1.465000000000000746e+01 0.000000000000000000e+00
1.467000000000000703e+01 0.000000000000000000e+00
1.469000000000000661e+01 0.000000000000000000e+00
1.471000000000000618e+01 0.000000000000000000e+00
1.473000000000000576e+01 0.000000000000000000e+00
1.475000000000000533e+01 0.000000000000000000e+00
1.477000000000000490e+01 0.000000000000000000e+00
1.479000000000000448e+01 0.000000000000000000e+00
1.481000000000000405e+01 0.000000000000000000e+00
1.483000000000000362e+01 0.000000000000000000e+00
1.485000000000000320e+01 0.000000000000000000e+00
1.487000000000000277e+01 0.000000000000000000e+00
1.489000000000000234e+01 0.000000000000000000e+00
1.491000000000000192e+01 0.000000000000000000e+00
1.493000000000000149e+01 0.000000000000000000e+00
1.495000000000000107e+01 0.000000000000000000e+00
1.497000000000000064e+01 0.000000000000000000e+00
1.499000000000000021e+01 0.000000000000000000e+00
