# Redshift		Merger Rate Density [Gpc^-3yr^-1]
1.000000000031931770e-02 9.949880304040151202e+01
3.000000000031888964e-02 9.982224517476464598e+01
5.000000000031846331e-02 1.025140341473130405e+02
7.000000000031804392e-02 1.041084197017705293e+02
9.000000000031761760e-02 1.065751107710517545e+02
1.100000000003171913e-01 1.076410697341325573e+02
1.300000000003167511e-01 1.095054473587837833e+02
1.500000000003163247e-01 1.100406449103852395e+02
1.700000000003158984e-01 1.125877319009704536e+02
1.900000000003154721e-01 1.137675490630143713e+02
2.100000000003150458e-01 1.144652022075525650e+02
2.300000000003146194e-01 1.171107364520673713e+02
2.500000000003141931e-01 1.193049348466970088e+02
2.700000000003137668e-01 1.207503386947734612e+02
2.900000000003133405e-01 1.222885875516432606e+02
3.100000000003129141e-01 1.249526044296535900e+02
3.300000000003124878e-01 1.261776903320235732e+02
3.500000000003120615e-01 1.283007402003521804e+02
3.700000000003116352e-01 1.311634145002714718e+02
3.900000000003112088e-01 1.319705947989041306e+02
4.100000000003107825e-01 1.351703724475264039e+02
4.300000000003103562e-01 1.363923194494411177e+02
4.500000000003099299e-01 1.385216290254325600e+02
4.700000000003095035e-01 1.391632167453833802e+02
4.900000000003090772e-01 1.426260001378962841e+02
5.100000000003086509e-01 1.430479751981796142e+02
5.300000000003082246e-01 1.458067307007510465e+02
5.500000000003077982e-01 1.459722005000694764e+02
5.700000000003073719e-01 1.502067134459887825e+02
5.900000000003069456e-01 1.513070697708511432e+02
6.100000000003065193e-01 1.517035358498196729e+02
6.300000000003060929e-01 1.557872480322335775e+02
6.500000000003056666e-01 1.574418401188292478e+02
6.700000000003052403e-01 1.580374927159164713e+02
6.900000000003048140e-01 1.609131817564579308e+02
7.100000000003043876e-01 1.633444523246602955e+02
7.300000000003039613e-01 1.651448395454335696e+02
7.500000000003035350e-01 1.663802688830429020e+02
7.700000000003031086e-01 1.673266712225578203e+02
7.900000000003026823e-01 1.695201970197788910e+02
8.100000000003022560e-01 1.716695731318984883e+02
8.300000000003018297e-01 1.730005148788306428e+02
8.500000000003014033e-01 1.760608342572308231e+02
8.700000000003009770e-01 1.760328413421318601e+02
8.900000000003005507e-01 1.789480896423063712e+02
9.100000000003001244e-01 1.785238696885832610e+02
9.300000000002996980e-01 1.821906759761913008e+02
9.500000000002992717e-01 1.836345371929111252e+02
9.700000000002988454e-01 1.825958163909048153e+02
9.900000000002984191e-01 1.854227240174331257e+02
1.010000000000297993e+00 1.864839623615376354e+02
1.030000000000297566e+00 1.888568647391203115e+02
1.050000000000297140e+00 1.887525038017986390e+02
1.070000000000296714e+00 1.888827650216420011e+02
1.090000000000296287e+00 1.899784153291028304e+02
1.110000000000295861e+00 1.926294080688951169e+02
1.130000000000295435e+00 1.922412073917494126e+02
1.150000000000295008e+00 1.931517914615919551e+02
1.170000000000294582e+00 1.958386603117316440e+02
1.190000000000294156e+00 1.958698028913324833e+02
1.210000000000293729e+00 1.935527304381686236e+02
1.230000000000293303e+00 1.980025346077036943e+02
1.250000000000292877e+00 1.956871145217546086e+02
1.270000000000292451e+00 1.972398683934966925e+02
1.290000000000292024e+00 1.981149493344787516e+02
1.310000000000291598e+00 1.989557676442417460e+02
1.330000000000291172e+00 1.999719431265315848e+02
1.350000000000290745e+00 1.981785695294994696e+02
1.370000000000290319e+00 1.997009718540190022e+02
1.390000000000289893e+00 2.020811100374660612e+02
1.410000000000289466e+00 2.022733903466575498e+02
1.430000000000289040e+00 2.021184745047222009e+02
1.450000000000288614e+00 1.999445634165579406e+02
1.470000000000288187e+00 2.030422123285273130e+02
1.490000000000287761e+00 2.018511052467279683e+02
1.510000000000287335e+00 2.029269753693421023e+02
1.530000000000286908e+00 2.009680240551488453e+02
1.550000000000286482e+00 2.032843684915535221e+02
1.570000000000286056e+00 1.988350023352913922e+02
1.590000000000285629e+00 2.035139081663735112e+02
1.610000000000285203e+00 2.018143321270198101e+02
1.630000000000284777e+00 2.007499916006688636e+02
1.650000000000284350e+00 2.019212138989234688e+02
1.670000000000283924e+00 2.015889018141756992e+02
1.690000000000283498e+00 1.983945255849244234e+02
1.710000000000283071e+00 1.992022171264089252e+02
1.730000000000282645e+00 1.982917680278411012e+02
1.750000000000282219e+00 1.989475666474596380e+02
1.770000000000281792e+00 1.959834283608795147e+02
1.790000000000281366e+00 1.969706223606949607e+02
1.810000000000280940e+00 1.953256074719387243e+02
1.830000000000280513e+00 1.971666406984326443e+02
1.850000000000280087e+00 1.944857934195297275e+02
1.870000000000279661e+00 1.920718322291972129e+02
1.890000000000279234e+00 1.916339736819568316e+02
1.910000000000278808e+00 1.888686213584796008e+02
1.930000000000278382e+00 1.893101553184176282e+02
1.950000000000277955e+00 1.895880611355643452e+02
1.970000000000277529e+00 1.879869973566825365e+02
1.990000000000277103e+00 1.846972715387481969e+02
2.010000000000276899e+00 1.861227186616720246e+02
2.030000000000276472e+00 1.841155563830901656e+02
2.050000000000276046e+00 1.798490376257823300e+02
2.070000000000275620e+00 1.778940359215940532e+02
2.090000000000275193e+00 1.773808409011298579e+02
2.110000000000274767e+00 1.767333143264348223e+02
2.130000000000274341e+00 1.721441341067536257e+02
2.150000000000273914e+00 1.753311199373688396e+02
2.170000000000273488e+00 1.691868563911948229e+02
2.190000000000273062e+00 1.690495493912548000e+02
2.210000000000272635e+00 1.668030547786947579e+02
2.230000000000272209e+00 1.652874336666391741e+02
2.250000000000271783e+00 1.620811506463056162e+02
2.270000000000271356e+00 1.611823046863103457e+02
2.290000000000270930e+00 1.585596885792815840e+02
2.310000000000270504e+00 1.552048039155347112e+02
2.330000000000270077e+00 1.542468445966391926e+02
2.350000000000269651e+00 1.511634889802724899e+02
2.370000000000269225e+00 1.517216333215639850e+02
2.390000000000268798e+00 1.487943435811700681e+02
2.410000000000268372e+00 1.470757201885012933e+02
2.430000000000267946e+00 1.463289325814582185e+02
2.450000000000267519e+00 1.432433972024157640e+02
2.470000000000267093e+00 1.406468055094442207e+02
2.490000000000266667e+00 1.374655746299191037e+02
2.510000000000266240e+00 1.377081995483089258e+02
2.530000000000265814e+00 1.341852508950193510e+02
2.550000000000265388e+00 1.320662457725758543e+02
2.570000000000264961e+00 1.317379602688864395e+02
2.590000000000264535e+00 1.295674424872200348e+02
2.610000000000264109e+00 1.292471416675710145e+02
2.630000000000263682e+00 1.243779036280658801e+02
2.650000000000263256e+00 1.236881304176601759e+02
2.670000000000262830e+00 1.207423163486270994e+02
2.690000000000262403e+00 1.199011320549086008e+02
2.710000000000261977e+00 1.204919249821201532e+02
2.730000000000261551e+00 1.159347664654015375e+02
2.750000000000261124e+00 1.146410406265353430e+02
2.770000000000260698e+00 1.129401105204259608e+02
2.790000000000260272e+00 1.115213877013614621e+02
2.810000000000259845e+00 1.105638843164114178e+02
2.830000000000259419e+00 1.081136302619756862e+02
2.850000000000258993e+00 1.047962691379440230e+02
2.870000000000258567e+00 1.040134052982895270e+02
2.890000000000258140e+00 1.034066003230780098e+02
2.910000000000257714e+00 1.018013795809382458e+02
2.930000000000257288e+00 9.913462881806145788e+01
2.950000000000256861e+00 9.834101562072476099e+01
2.970000000000256435e+00 9.644534440575336021e+01
2.990000000000256009e+00 9.466932764509067511e+01
3.010000000000255582e+00 9.383191518632091288e+01
3.030000000000255156e+00 9.090205282359804073e+01
3.050000000000254730e+00 9.006164256515670274e+01
3.070000000000254303e+00 8.938481549105273416e+01
3.090000000000253877e+00 8.692037285404487079e+01
3.110000000000253451e+00 8.651721790017928981e+01
3.130000000000253024e+00 8.395896492521102061e+01
3.150000000000252598e+00 8.373546473568579529e+01
3.170000000000252172e+00 8.167123867935659121e+01
3.190000000000251745e+00 7.969737422262942061e+01
3.210000000000251319e+00 7.908644121900685775e+01
3.230000000000250893e+00 7.826086038708180581e+01
3.250000000000250466e+00 7.587775477015645720e+01
3.270000000000250040e+00 7.517396594088154416e+01
3.290000000000249614e+00 7.445065632444065784e+01
3.310000000000249187e+00 7.300689500956869438e+01
3.330000000000248761e+00 7.091948651581094509e+01
3.350000000000248335e+00 6.996944662754664535e+01
3.370000000000247908e+00 7.018200674588915433e+01
3.390000000000247482e+00 6.661213145245871203e+01
3.410000000000247056e+00 6.845518225187882422e+01
3.430000000000246629e+00 6.432762539080603403e+01
3.450000000000246203e+00 6.490211085843384353e+01
3.470000000000245777e+00 6.395061104497585802e+01
3.490000000000245350e+00 6.230964767458532094e+01
3.510000000000244924e+00 6.148732421725055275e+01
3.530000000000244498e+00 6.059775616941470133e+01
3.550000000000244071e+00 5.974267365469221147e+01
3.570000000000243645e+00 5.791826643514427531e+01
3.590000000000243219e+00 5.710826274181661688e+01
3.610000000000242792e+00 5.679385884831462761e+01
3.630000000000242366e+00 5.681723121785652353e+01
3.650000000000241940e+00 5.403471090816072575e+01
3.670000000000241513e+00 5.388365606783731465e+01
3.690000000000241087e+00 5.353573329496467181e+01
3.710000000000240661e+00 5.215024633538213550e+01
3.730000000000240234e+00 5.144829029898851047e+01
3.750000000000239808e+00 5.102750878788905453e+01
3.770000000000239382e+00 4.906186863691086586e+01
3.790000000000238956e+00 4.939250941955278762e+01
3.810000000000238529e+00 4.815614313692331194e+01
3.830000000000238103e+00 4.812262851261640151e+01
3.850000000000237677e+00 4.664269656753534576e+01
3.870000000000237250e+00 4.585817314688301849e+01
3.890000000000236824e+00 4.569228481785926022e+01
3.910000000000236398e+00 4.480662598362651039e+01
3.930000000000235971e+00 4.393807582113750954e+01
3.950000000000235545e+00 4.339720984041653651e+01
3.970000000000235119e+00 4.281874341763180070e+01
3.990000000000234692e+00 4.194124591770125221e+01
4.010000000000234266e+00 4.120574993803796815e+01
4.030000000000233840e+00 4.082769394928175899e+01
4.050000000000233413e+00 4.069017146483791691e+01
4.070000000000232987e+00 3.975830035216102942e+01
4.090000000000232561e+00 3.882229733050873222e+01
4.110000000000232134e+00 3.882208408357659124e+01
4.130000000000231708e+00 3.839532565894752025e+01
4.150000000000231282e+00 3.706533281642234812e+01
4.170000000000230855e+00 3.659739914262915761e+01
4.190000000000230429e+00 3.627257523651857696e+01
4.210000000000230003e+00 3.589168529337321445e+01
4.230000000000229576e+00 3.570561328562588699e+01
4.250000000000229150e+00 3.533566617000836629e+01
4.270000000000228724e+00 3.410574094484157825e+01
4.290000000000228297e+00 3.385648712109237835e+01
4.310000000000227871e+00 3.318251516723236705e+01
4.330000000000227445e+00 3.357022175619718496e+01
4.350000000000227018e+00 3.259718046447274986e+01
4.370000000000226592e+00 3.247746445728050446e+01
4.390000000000226166e+00 3.190732489458565979e+01
4.410000000000225739e+00 3.127993706047253752e+01
4.430000000000225313e+00 3.138357510182290611e+01
4.450000000000224887e+00 3.065046235339994141e+01
4.470000000000224460e+00 3.057735188900583267e+01
4.490000000000224034e+00 3.013991530852790746e+01
4.510000000000223608e+00 2.972313391027678975e+01
4.530000000000223181e+00 2.961788958781331971e+01
4.550000000000222755e+00 2.921341728925647985e+01
4.570000000000222329e+00 2.861942369857172963e+01
4.590000000000221902e+00 2.825969944619147967e+01
4.610000000000221476e+00 2.851287873841107512e+01
4.630000000000221050e+00 2.789442786412101327e+01
4.650000000000220624e+00 2.776321496978803438e+01
4.670000000000220197e+00 2.725653113954759021e+01
4.690000000000219771e+00 2.738566657983865582e+01
4.710000000000219345e+00 2.652691358752112549e+01
4.730000000000218918e+00 2.641029371861139197e+01
4.750000000000218492e+00 2.662286100858074889e+01
4.770000000000218066e+00 2.570644793533253392e+01
4.790000000000217639e+00 2.599155719680895160e+01
4.810000000000217213e+00 2.562439034497759494e+01
4.830000000000216787e+00 2.499388278076144232e+01
4.850000000000216360e+00 2.543903869207802870e+01
4.870000000000215934e+00 2.498391766236107969e+01
4.890000000000215508e+00 2.447287378411202496e+01
4.910000000000215081e+00 2.384187923613975002e+01
4.930000000000214655e+00 2.436137389206721693e+01
4.950000000000214229e+00 2.417138706667181935e+01
4.970000000000213802e+00 2.321341428724581846e+01
4.990000000000213376e+00 2.321283339344559948e+01
5.010000000000212950e+00 2.334544839699976038e+01
5.030000000000212523e+00 2.329090981452207032e+01
5.050000000000212097e+00 2.279897409072343706e+01
5.070000000000211671e+00 2.311793181948747389e+01
5.090000000000211244e+00 2.272965940660147055e+01
5.110000000000210818e+00 2.246032938672671619e+01
5.130000000000210392e+00 2.192654046467780660e+01
5.150000000000209965e+00 2.240629389428234930e+01
5.170000000000209539e+00 2.213578664373373428e+01
5.190000000000209113e+00 2.153387589378046485e+01
5.210000000000208686e+00 2.184565768258591234e+01
5.230000000000208260e+00 2.160282493656603009e+01
5.250000000000207834e+00 2.137920689181845191e+01
5.270000000000207407e+00 2.137160569049412828e+01
5.290000000000206981e+00 2.130023180828032991e+01
5.310000000000206555e+00 2.104356847724769253e+01
5.330000000000206128e+00 2.066057909050659092e+01
5.350000000000205702e+00 2.118637686568485634e+01
5.370000000000205276e+00 2.101088961946590672e+01
5.390000000000204849e+00 2.045828756697367012e+01
5.410000000000204423e+00 2.062909783711404543e+01
5.430000000000203997e+00 2.036022736060353466e+01
5.450000000000203570e+00 2.089361801567482857e+01
5.470000000000203144e+00 2.083551329036322386e+01
5.490000000000202718e+00 2.062030006318880027e+01
5.510000000000202292e+00 2.075754167501209579e+01
5.530000000000201865e+00 2.088139555076199727e+01
5.550000000000201439e+00 2.040680655481929051e+01
5.570000000000201013e+00 2.098186813491983926e+01
5.590000000000200586e+00 2.071533791702503180e+01
5.610000000000200160e+00 2.084336499715855595e+01
5.630000000000199734e+00 2.066487024865193334e+01
5.650000000000199307e+00 2.169341209298208639e+01
5.670000000000198881e+00 2.145806798579244301e+01
5.690000000000198455e+00 2.133776605424831985e+01
5.710000000000198028e+00 2.172153572623161111e+01
5.730000000000197602e+00 2.187421245121338842e+01
5.750000000000197176e+00 2.204368522600445246e+01
5.770000000000196749e+00 2.236387644062054392e+01
5.790000000000196323e+00 2.279202050968276438e+01
5.810000000000195897e+00 2.303147055623690065e+01
5.830000000000195470e+00 2.334050070515323938e+01
5.850000000000195044e+00 2.381076189914119112e+01
5.870000000000194618e+00 2.413425921078211900e+01
5.890000000000194191e+00 2.425823641708444001e+01
5.910000000000193765e+00 2.539581085342400613e+01
5.930000000000193339e+00 2.568712467374341202e+01
5.950000000000192912e+00 2.622477246996250955e+01
5.970000000000192486e+00 2.686396733669700865e+01
5.990000000000192060e+00 2.693781474570025125e+01
6.010000000000191633e+00 2.779420794820025264e+01
6.030000000000191207e+00 2.866883106509455459e+01
6.050000000000190781e+00 2.898655508175115969e+01
6.070000000000190354e+00 2.986241095576837168e+01
6.090000000000189928e+00 3.065054040883306996e+01
6.110000000000189502e+00 3.131033194839157474e+01
6.130000000000189075e+00 3.227020657235096479e+01
6.150000000000188649e+00 3.259980691610272885e+01
6.170000000000188223e+00 3.358985513409358248e+01
6.190000000000187796e+00 3.479618871083810205e+01
6.210000000000187370e+00 3.533555828878734673e+01
6.230000000000186944e+00 3.637053241986438223e+01
6.250000000000186517e+00 3.708548144863380003e+01
6.270000000000186091e+00 3.787899923679276526e+01
6.290000000000185665e+00 3.872082335169314860e+01
6.310000000000185238e+00 3.980409558647328083e+01
6.330000000000184812e+00 4.078521312517624864e+01
6.350000000000184386e+00 4.184192219111120181e+01
6.370000000000183960e+00 4.236360323148618079e+01
6.390000000000183533e+00 4.388198310636595068e+01
6.410000000000183107e+00 4.473477525463311366e+01
6.430000000000182681e+00 4.556125174499017305e+01
6.450000000000182254e+00 4.647043213109886040e+01
6.470000000000181828e+00 4.780444823920673514e+01
6.490000000000181402e+00 4.866663053649384096e+01
6.510000000000180975e+00 4.898682422210144694e+01
6.530000000000180549e+00 5.115642087307343644e+01
6.550000000000180123e+00 5.160819033726516381e+01
6.570000000000179696e+00 5.274321132199555251e+01
6.590000000000179270e+00 5.400720181131818265e+01
6.610000000000178844e+00 5.416766147260539555e+01
6.630000000000178417e+00 5.550630523159265550e+01
6.650000000000177991e+00 5.589467737954129234e+01
6.670000000000177565e+00 5.693242497848801520e+01
6.690000000000177138e+00 5.842636818155527578e+01
6.710000000000176712e+00 5.846844172064729150e+01
6.730000000000176286e+00 5.983842984031251433e+01
6.750000000000175859e+00 6.051903242951977546e+01
6.770000000000175433e+00 6.107730657659639206e+01
6.790000000000175007e+00 6.193985647935583927e+01
6.810000000000174580e+00 6.269650162650966507e+01
6.830000000000174154e+00 6.302241337091801654e+01
6.850000000000173728e+00 6.360948270311600083e+01
6.870000000000173301e+00 6.430335070668520814e+01
6.890000000000172875e+00 6.476443110927164071e+01
6.910000000000172449e+00 6.559463949024920737e+01
6.930000000000172022e+00 6.569815979426475394e+01
6.950000000000171596e+00 6.629400423729435943e+01
6.970000000000171170e+00 6.680254617678156137e+01
6.990000000000170743e+00 6.756717012604147499e+01
7.010000000000170317e+00 6.728536367579710031e+01
7.030000000000169891e+00 6.805807876744258067e+01
7.050000000000169464e+00 6.795759094472671791e+01
7.070000000000169038e+00 6.816416430733032428e+01
7.090000000000168612e+00 6.838578485770851501e+01
7.110000000000168185e+00 6.858684981119611734e+01
7.130000000000167759e+00 6.879897822964160525e+01
7.150000000000167333e+00 6.886476577753042250e+01
7.170000000000166906e+00 6.879393995895827629e+01
7.190000000000166480e+00 6.877638071009135956e+01
7.210000000000166054e+00 6.877164075915179353e+01
7.230000000000165628e+00 6.899878993335836697e+01
7.250000000000165201e+00 6.797427148862377067e+01
7.270000000000164775e+00 6.847237089708147550e+01
7.290000000000164349e+00 6.840160922698453305e+01
7.310000000000163922e+00 6.871638033062576767e+01
7.330000000000163496e+00 6.801246064096814337e+01
7.350000000000163070e+00 6.836788136551952277e+01
7.370000000000162643e+00 6.778555878299950166e+01
7.390000000000162217e+00 6.811486813431004350e+01
7.410000000000161791e+00 6.753328910081451397e+01
7.430000000000161364e+00 6.697836034942379513e+01
7.450000000000160938e+00 6.657741519090754423e+01
7.470000000000160512e+00 6.661510338737582515e+01
7.490000000000160085e+00 6.575507816993209076e+01
7.510000000000159659e+00 6.569755133100410660e+01
7.530000000000159233e+00 6.584728060750029499e+01
7.550000000000158806e+00 6.546502631657526194e+01
7.570000000000158380e+00 6.470520709343541910e+01
7.590000000000157954e+00 6.518204358246292429e+01
7.610000000000157527e+00 6.482982596032303491e+01
7.630000000000157101e+00 6.377413687697485045e+01
7.650000000000156675e+00 6.379946267240907787e+01
7.670000000000156248e+00 6.328994627265981165e+01
7.690000000000155822e+00 6.310323408169466575e+01
7.710000000000155396e+00 6.278862800249827814e+01
7.730000000000154969e+00 6.219505917826485586e+01
7.750000000000154543e+00 6.204370069046701275e+01
7.770000000000154117e+00 6.165048395265161929e+01
7.790000000000153690e+00 6.136139359939053151e+01
7.810000000000153264e+00 6.104144672455263532e+01
7.830000000000152838e+00 6.055272220861105836e+01
7.850000000000152411e+00 6.088803225896618443e+01
7.870000000000151985e+00 6.011053238825567746e+01
7.890000000000151559e+00 6.016155478300239423e+01
7.910000000000151132e+00 5.979356104543097672e+01
7.930000000000150706e+00 5.982620640071279894e+01
7.950000000000150280e+00 5.925843981674395167e+01
7.970000000000149853e+00 5.850019662394424103e+01
7.990000000000149427e+00 5.843466971571570667e+01
8.010000000000149001e+00 5.844285530875929169e+01
8.030000000000148574e+00 5.860981858836219516e+01
8.050000000000148148e+00 5.782076677196626946e+01
8.070000000000147722e+00 5.778998229897735683e+01
8.090000000000147296e+00 5.712293242443513464e+01
8.110000000000146869e+00 5.697776557242332274e+01
8.130000000000146443e+00 5.708537760459287824e+01
8.150000000000146017e+00 5.710653222951232522e+01
8.170000000000145590e+00 5.640744543818325951e+01
8.190000000000145164e+00 5.658074630457398513e+01
8.210000000000144738e+00 5.665685755727106709e+01
8.230000000000144311e+00 5.621731823674175388e+01
8.250000000000143885e+00 5.596350907863355673e+01
8.270000000000143459e+00 5.579181543678323862e+01
8.290000000000143032e+00 5.572020612790930016e+01
8.310000000000142606e+00 5.544285667982042298e+01
8.330000000000142180e+00 5.491606575564543391e+01
8.350000000000141753e+00 5.545818648642997317e+01
8.370000000000141327e+00 5.489540213265940594e+01
8.390000000000140901e+00 5.459806690984125055e+01
8.410000000000140474e+00 5.462327019458626864e+01
8.430000000000140048e+00 5.491500046537437640e+01
8.450000000000139622e+00 5.445077009843400617e+01
8.470000000000139195e+00 5.443154347582967745e+01
8.490000000000138769e+00 5.408975573862539221e+01
8.510000000000138343e+00 5.433023353106776199e+01
8.530000000000137916e+00 5.423011657461754709e+01
8.550000000000137490e+00 5.380032546776170932e+01
8.570000000000137064e+00 5.385162439434279236e+01
8.590000000000136637e+00 5.362434317323271671e+01
8.610000000000136211e+00 5.329003179939652313e+01
8.630000000000135785e+00 5.328524349900917656e+01
8.650000000000135358e+00 5.333926857413921141e+01
8.670000000000134932e+00 5.351514268051460732e+01
8.690000000000134506e+00 5.319113228832969753e+01
8.710000000000134079e+00 5.298802322328251080e+01
8.730000000000133653e+00 5.319614319515847711e+01
8.750000000000133227e+00 5.307141656711903011e+01
8.770000000000132800e+00 5.317342856554255803e+01
8.790000000000132374e+00 5.318647625228185660e+01
8.810000000000131948e+00 5.288284620836247996e+01
8.830000000000131521e+00 5.290105744190209691e+01
8.850000000000131095e+00 5.289804670211379545e+01
8.870000000000130669e+00 5.298251157719602844e+01
8.890000000000130242e+00 5.275409652300327679e+01
8.910000000000129816e+00 5.289518876752352838e+01
8.930000000000129390e+00 5.278949770666771002e+01
8.950000000000128964e+00 5.299736860852132025e+01
8.970000000000128537e+00 5.308523022934485880e+01
8.990000000000128111e+00 5.320742870852116368e+01
9.010000000000127685e+00 5.325453568136563831e+01
9.030000000000127258e+00 5.302060890240007751e+01
9.050000000000126832e+00 5.312964647422822395e+01
9.070000000000126406e+00 5.349600792456371323e+01
9.090000000000125979e+00 5.360441025031179407e+01
9.110000000000125553e+00 5.346525025531715869e+01
9.130000000000125127e+00 5.376932085036428077e+01
9.150000000000124700e+00 5.358344130633308566e+01
9.170000000000124274e+00 5.392704658086199743e+01
9.190000000000123848e+00 5.390746326103599273e+01
9.210000000000123421e+00 5.420823598870287441e+01
9.230000000000122995e+00 5.416441866082887913e+01
9.250000000000122569e+00 5.476757071292963985e+01
9.270000000000122142e+00 5.466148856342340423e+01
9.290000000000121716e+00 5.453893909471055679e+01
9.310000000000121290e+00 5.480850258200678837e+01
9.330000000000120863e+00 5.510117324907496084e+01
9.350000000000120437e+00 5.535631840279243221e+01
9.370000000000120011e+00 5.541299957762416994e+01
9.390000000000119584e+00 5.550951592979760818e+01
9.410000000000119158e+00 5.552242529610203547e+01
9.430000000000118732e+00 5.579806010156098495e+01
9.450000000000118305e+00 5.606689508265126420e+01
9.470000000000117879e+00 5.595091141014059843e+01
9.490000000000117453e+00 5.637235231069919905e+01
9.510000000000117026e+00 5.623164193319187376e+01
9.530000000000116600e+00 5.657151536298698602e+01
9.550000000000116174e+00 5.630044544236794479e+01
9.570000000000115747e+00 5.665569830707639909e+01
9.590000000000115321e+00 5.670063524465579974e+01
9.610000000000114895e+00 5.658132030743059460e+01
9.630000000000114468e+00 5.696438145359459071e+01
9.650000000000114042e+00 5.687096397259536218e+01
9.670000000000113616e+00 5.701836940008764998e+01
9.690000000000113189e+00 5.717843825334097119e+01
9.710000000000112763e+00 5.680215888010801706e+01
9.730000000000112337e+00 5.686127793762447880e+01
9.750000000000111910e+00 5.673904011233782541e+01
9.770000000000111484e+00 5.670093210700476050e+01
9.790000000000111058e+00 5.694315940751177152e+01
9.810000000000110632e+00 5.664472148875173474e+01
9.830000000000110205e+00 5.666382832443689210e+01
9.850000000000109779e+00 5.642467730613136467e+01
9.870000000000109353e+00 5.643985828907569413e+01
9.890000000000108926e+00 5.668356165165924665e+01
9.910000000000108500e+00 5.631953932741901525e+01
9.930000000000108074e+00 5.574910912892303827e+01
9.950000000000107647e+00 5.575268535172172335e+01
9.970000000000107221e+00 5.570288356546539887e+01
9.990000000000106795e+00 5.529664866056959482e+01
1.001000000000010637e+01 5.521146806924384975e+01
1.003000000000010594e+01 5.493835156713397083e+01
1.005000000000010552e+01 5.488099155061194523e+01
1.007000000000010509e+01 5.431488944239945482e+01
1.009000000000010466e+01 5.443310959201219390e+01
1.011000000000010424e+01 5.399922689186895752e+01
1.013000000000010381e+01 5.372117446603402158e+01
1.015000000000010338e+01 5.355537092009728184e+01
1.017000000000010296e+01 5.302078310632622049e+01
1.019000000000010253e+01 5.301607262900708406e+01
1.021000000000010210e+01 5.215370159438075603e+01
1.023000000000010168e+01 5.208919383688981952e+01
1.025000000000010125e+01 5.210719715252701434e+01
1.027000000000010083e+01 5.161972357938059730e+01
1.029000000000010040e+01 5.110223188447430687e+01
1.031000000000009997e+01 5.091480988003660002e+01
1.033000000000009955e+01 5.049919550001251167e+01
1.035000000000009912e+01 5.018518016455396946e+01
1.037000000000009869e+01 4.987266508788100339e+01
1.039000000000009827e+01 4.985484325323092492e+01
1.041000000000009784e+01 4.929764274117350453e+01
1.043000000000009742e+01 4.870586258609999675e+01
1.045000000000009699e+01 4.849122694414577239e+01
1.047000000000009656e+01 4.821414245338554139e+01
1.049000000000009614e+01 4.780292681503012631e+01
1.051000000000009571e+01 4.763731035848719131e+01
1.053000000000009528e+01 4.720998029106889504e+01
1.055000000000009486e+01 4.698629819889688264e+01
1.057000000000009443e+01 4.672580570780712605e+01
1.059000000000009400e+01 4.613757351350565017e+01
1.061000000000009358e+01 4.582474040805452375e+01
1.063000000000009315e+01 4.538713171521079914e+01
1.065000000000009273e+01 4.521757789081220835e+01
1.067000000000009230e+01 4.518142816249291371e+01
1.069000000000009187e+01 4.504666235411599473e+01
1.071000000000009145e+01 4.430747489565524688e+01
1.073000000000009102e+01 4.404303356811137604e+01
1.075000000000009059e+01 4.378509681037392909e+01
1.077000000000009017e+01 4.339072210054261092e+01
1.079000000000008974e+01 4.297560340916804478e+01
1.081000000000008932e+01 4.316319348049346161e+01
1.083000000000008889e+01 4.263949372760542644e+01
1.085000000000008846e+01 4.224891591048503869e+01
1.087000000000008804e+01 4.225041239528886905e+01
1.089000000000008761e+01 4.182840830266062682e+01
1.091000000000008718e+01 4.135792892183677338e+01
1.093000000000008676e+01 4.137538177164297792e+01
1.095000000000008633e+01 4.094238854656869364e+01
1.097000000000008590e+01 4.073324077690883627e+01
1.099000000000008548e+01 4.065358106127934690e+01
1.101000000000008505e+01 4.015112837512770483e+01
1.103000000000008463e+01 3.997310938123711566e+01
1.105000000000008420e+01 3.989356836993032829e+01
1.107000000000008377e+01 3.959623434317199298e+01
1.109000000000008335e+01 3.926443861967289450e+01
1.111000000000008292e+01 3.915628538574452477e+01
1.113000000000008249e+01 3.901928133422005374e+01
1.115000000000008207e+01 3.881022041477105233e+01
1.117000000000008164e+01 3.861587650812407446e+01
1.119000000000008122e+01 3.846951354271803325e+01
1.121000000000008079e+01 3.833660886711431459e+01
1.123000000000008036e+01 3.810040491614133629e+01
1.125000000000007994e+01 3.803160431820393939e+01
1.127000000000007951e+01 3.764037814664928305e+01
1.129000000000007908e+01 3.773321841162864132e+01
1.131000000000007866e+01 3.748510488614638803e+01
1.133000000000007823e+01 3.772921643417052451e+01
1.135000000000007780e+01 3.751048548483180411e+01
1.137000000000007738e+01 3.739714079746090647e+01
1.139000000000007695e+01 3.749073090427240373e+01
1.141000000000007653e+01 3.726458461369750097e+01
1.143000000000007610e+01 3.736482890739006280e+01
1.145000000000007567e+01 3.732705599771227156e+01
1.147000000000007525e+01 3.744760595782487655e+01
1.149000000000007482e+01 3.742845874503566961e+01
1.151000000000007439e+01 3.726598299029122785e+01
1.153000000000007397e+01 3.774887052012965682e+01
1.155000000000007354e+01 3.764797209272315115e+01
1.157000000000007311e+01 3.773708176389509816e+01
1.159000000000007269e+01 3.760436172675472477e+01
1.161000000000007226e+01 3.811360218353446072e+01
1.163000000000007184e+01 3.797892558262040552e+01
1.165000000000007141e+01 3.870006901530367571e+01
1.167000000000007098e+01 3.848832546771788543e+01
1.169000000000007056e+01 3.862422383122771663e+01
1.171000000000007013e+01 3.903623817917791428e+01
1.173000000000006970e+01 3.893514066223652037e+01
1.175000000000006928e+01 3.953743016177848801e+01
1.177000000000006885e+01 3.965256726662238407e+01
1.179000000000006843e+01 3.979881804642321441e+01
1.181000000000006800e+01 4.007885063346488153e+01
1.183000000000006757e+01 4.018441701313566483e+01
1.185000000000006715e+01 4.060933856905816697e+01
1.187000000000006672e+01 4.086964284587339336e+01
1.189000000000006629e+01 4.126699346935082247e+01
1.191000000000006587e+01 4.133782155599121921e+01
1.193000000000006544e+01 4.181068495521514450e+01
1.195000000000006501e+01 4.187832410269560057e+01
1.197000000000006459e+01 4.238417560404869988e+01
1.199000000000006416e+01 4.233722968066835080e+01
1.201000000000006374e+01 4.259198063900188203e+01
1.203000000000006331e+01 4.313193533970761706e+01
1.205000000000006288e+01 4.336233734893904312e+01
1.207000000000006246e+01 4.342398727206072095e+01
1.209000000000006203e+01 4.352883786202639982e+01
1.211000000000006160e+01 4.393517419420390979e+01
1.213000000000006118e+01 4.431221182775889389e+01
1.215000000000006075e+01 4.424670639936955752e+01
1.217000000000006033e+01 4.442497958882346865e+01
1.219000000000005990e+01 4.456844147034557579e+01
1.221000000000005947e+01 4.482584841175594903e+01
1.223000000000005905e+01 4.518444727967532515e+01
1.225000000000005862e+01 4.484305860060283777e+01
1.227000000000005819e+01 4.522422793609999303e+01
1.229000000000005777e+01 4.517524338195644162e+01
1.231000000000005734e+01 4.523323135569696518e+01
1.233000000000005691e+01 4.550112948783142031e+01
1.235000000000005649e+01 4.546477165535203113e+01
1.237000000000005606e+01 4.544149597488314640e+01
1.239000000000005564e+01 4.541914574368258428e+01
1.241000000000005521e+01 4.528740480686334280e+01
1.243000000000005478e+01 4.546738641328036579e+01
1.245000000000005436e+01 4.548617387083559294e+01
1.247000000000005393e+01 4.541809432139755387e+01
1.249000000000005350e+01 4.538277267043937258e+01
1.251000000000005308e+01 4.514133433081349267e+01
1.253000000000005265e+01 4.500323227439499618e+01
1.255000000000005222e+01 4.516520640568164424e+01
1.257000000000005180e+01 4.469075094085353328e+01
1.259000000000005137e+01 4.455999071022779390e+01
1.261000000000005095e+01 4.454860249571005681e+01
1.263000000000005052e+01 4.468036577174004265e+01
1.265000000000005009e+01 4.432682071060882834e+01
1.267000000000004967e+01 4.414470710264919262e+01
1.269000000000004924e+01 4.419327330638187590e+01
1.271000000000004881e+01 4.365950818699242575e+01
1.273000000000004839e+01 4.329068653444091552e+01
1.275000000000004796e+01 4.329236365855700086e+01
1.277000000000004754e+01 4.308315148563976749e+01
1.279000000000004711e+01 4.317901504432528270e+01
1.281000000000004668e+01 4.255759583846442951e+01
1.283000000000004626e+01 4.243264484537539971e+01
1.285000000000004583e+01 4.234875015480679394e+01
1.287000000000004540e+01 4.175703638140728202e+01
1.289000000000004498e+01 4.163287044286459349e+01
1.291000000000004455e+01 4.150622113711143868e+01
1.293000000000004412e+01 4.126137991992299447e+01
1.295000000000004370e+01 4.089180620936801347e+01
1.297000000000004327e+01 4.057285114044634611e+01
1.299000000000004285e+01 4.054874525188467516e+01
1.301000000000004242e+01 3.996246238354150648e+01
1.303000000000004199e+01 3.980498061635393015e+01
1.305000000000004157e+01 3.933444594311333731e+01
1.307000000000004114e+01 3.909100962199364204e+01
1.309000000000004071e+01 3.893027941409219039e+01
1.311000000000004029e+01 3.869512319071346695e+01
1.313000000000003986e+01 3.844192337635740131e+01
1.315000000000003944e+01 3.795345313960276457e+01
1.317000000000003901e+01 3.754926419816558081e+01
1.319000000000003858e+01 3.725852904130459819e+01
1.321000000000003816e+01 3.671733095755259058e+01
1.323000000000003773e+01 3.685128682791393828e+01
1.325000000000003730e+01 3.627102544542710660e+01
1.327000000000003688e+01 3.608245491001068217e+01
1.329000000000003645e+01 3.543295081403574187e+01
1.331000000000003602e+01 3.530400241762097124e+01
1.333000000000003560e+01 3.463866940238922609e+01
1.335000000000003517e+01 3.422309376300258776e+01
1.337000000000003475e+01 3.387954216458905421e+01
1.339000000000003432e+01 3.339851169388563079e+01
1.341000000000003389e+01 3.290937794554265849e+01
1.343000000000003347e+01 3.240656009954150818e+01
1.345000000000003304e+01 3.177951775344470420e+01
1.347000000000003261e+01 3.151240769924155316e+01
1.349000000000003219e+01 3.076363410619409322e+01
1.351000000000003176e+01 3.007632827609366899e+01
1.353000000000003133e+01 2.921823954014926272e+01
1.355000000000003091e+01 2.866074954230224492e+01
1.357000000000003048e+01 2.793446317172320548e+01
1.359000000000003006e+01 2.738881844183474712e+01
1.361000000000002963e+01 2.663496649368744329e+01
1.363000000000002920e+01 2.570139377032631245e+01
1.365000000000002878e+01 2.488605196489459104e+01
1.367000000000002835e+01 2.406706617802209891e+01
1.369000000000002792e+01 2.321355544104427437e+01
1.371000000000002750e+01 2.232333712074444421e+01
1.373000000000002707e+01 2.135982237340478207e+01
1.375000000000002665e+01 2.035227899442405075e+01
1.377000000000002622e+01 1.969409442006633526e+01
1.379000000000002579e+01 1.845888523524573444e+01
1.381000000000002537e+01 1.774868429202257758e+01
1.383000000000002494e+01 1.692104123259139570e+01
1.385000000000002451e+01 1.604405696877196164e+01
1.387000000000002409e+01 1.477174560417156179e+01
1.389000000000002366e+01 1.393311934300401056e+01
1.391000000000002323e+01 1.305210859931683487e+01
1.393000000000002281e+01 1.201140695108068357e+01
1.395000000000002238e+01 1.106804768066440658e+01
1.397000000000002196e+01 1.010440422866536814e+01
1.399000000000002153e+01 9.146571011464159184e+00
1.401000000000002110e+01 8.208234400362462324e+00
1.403000000000002068e+01 7.415092456993448877e+00
1.405000000000002025e+01 6.668354620432549673e+00
1.407000000000001982e+01 6.002679676928865504e+00
1.409000000000001940e+01 5.286436615568563369e+00
1.411000000000001897e+01 4.698933936922544241e+00
1.413000000000001855e+01 4.183646899199502833e+00
1.415000000000001812e+01 3.722956956127680517e+00
1.417000000000001769e+01 3.316418219223924879e+00
1.419000000000001727e+01 2.897420246265665078e+00
1.421000000000001684e+01 2.551399690668420206e+00
1.423000000000001641e+01 2.232554913164582544e+00
1.425000000000001599e+01 1.879035147166709496e+00
1.427000000000001556e+01 1.589787987321934271e+00
1.429000000000001513e+01 1.323050821308923819e+00
1.431000000000001471e+01 1.143117648095830718e+00
1.433000000000001428e+01 9.186172056741604974e-01
1.435000000000001386e+01 7.276841415650870948e-01
1.437000000000001343e+01 5.910636099032191559e-01
1.439000000000001300e+01 4.191398244674932050e-01
1.441000000000001258e+01 2.984669554061267771e-01
1.443000000000001215e+01 1.859020921502300971e-01
1.445000000000001172e+01 1.104357735911270511e-01
1.447000000000001130e+01 4.598723340250781416e-02
1.449000000000001087e+01 1.898561763726162865e-02
1.451000000000001044e+01 5.489936787153751850e-03
1.453000000000001002e+01 2.774613534790371702e-03
1.455000000000000959e+01 2.762332721048353125e-03
1.457000000000000917e+01 2.750121270835890509e-03
1.459000000000000874e+01 2.737978705830233523e-03
1.461000000000000831e+01 3.548868026171696953e-10
1.463000000000000789e+01 0.000000000000000000e+00
1.465000000000000746e+01 0.000000000000000000e+00
1.467000000000000703e+01 0.000000000000000000e+00
1.469000000000000661e+01 0.000000000000000000e+00
1.471000000000000618e+01 0.000000000000000000e+00
1.473000000000000576e+01 0.000000000000000000e+00
1.475000000000000533e+01 0.000000000000000000e+00
1.477000000000000490e+01 0.000000000000000000e+00
1.479000000000000448e+01 0.000000000000000000e+00
1.481000000000000405e+01 0.000000000000000000e+00
1.483000000000000362e+01 0.000000000000000000e+00
1.485000000000000320e+01 0.000000000000000000e+00
1.487000000000000277e+01 0.000000000000000000e+00
1.489000000000000234e+01 0.000000000000000000e+00
1.491000000000000192e+01 0.000000000000000000e+00
1.493000000000000149e+01 0.000000000000000000e+00
1.495000000000000107e+01 0.000000000000000000e+00
1.497000000000000064e+01 0.000000000000000000e+00
1.499000000000000021e+01 0.000000000000000000e+00
