# Redshift		Merger Rate Density [Gpc^-3yr^-1]
1.000000000031931770e-02 1.650686839023495338e+02
3.000000000031888964e-02 1.729184614063877348e+02
5.000000000031846331e-02 1.780347173385296173e+02
7.000000000031804392e-02 1.854623227750051342e+02
9.000000000031761760e-02 1.919855909619167846e+02
1.100000000003171913e-01 1.986179331822396250e+02
1.300000000003167511e-01 2.052837346851295308e+02
1.500000000003163247e-01 2.124682304647276680e+02
1.700000000003158984e-01 2.189810173293367939e+02
1.900000000003154721e-01 2.262091965303137329e+02
2.100000000003150458e-01 2.344729595977355814e+02
2.300000000003146194e-01 2.420866756987873316e+02
2.500000000003141931e-01 2.503083143877254599e+02
2.700000000003137668e-01 2.589139557887369278e+02
2.900000000003133405e-01 2.667260112251635178e+02
3.100000000003129141e-01 2.761736301777171434e+02
3.300000000003124878e-01 2.855978721830101676e+02
3.500000000003120615e-01 2.948949443445965244e+02
3.700000000003116352e-01 3.042796726712390409e+02
3.900000000003112088e-01 3.142626271559690849e+02
4.100000000003107825e-01 3.232671590616249091e+02
4.300000000003103562e-01 3.339995272953284484e+02
4.500000000003099299e-01 3.438318731758403715e+02
4.700000000003095035e-01 3.554892504050551452e+02
4.900000000003090772e-01 3.635051493108065301e+02
5.100000000003086509e-01 3.755297628490021111e+02
5.300000000003082246e-01 3.878526633015895300e+02
5.500000000003077982e-01 3.956543746274426212e+02
5.700000000003073719e-01 4.079871300884171887e+02
5.900000000003069456e-01 4.192007853131797219e+02
6.100000000003065193e-01 4.304000703256959923e+02
6.300000000003060929e-01 4.412182700406913227e+02
6.500000000003056666e-01 4.538408975307243622e+02
6.700000000003052403e-01 4.642712120247162488e+02
6.900000000003048140e-01 4.778237448117761232e+02
7.100000000003043876e-01 4.885345243932162589e+02
7.300000000003039613e-01 5.001053752522962554e+02
7.500000000003035350e-01 5.095790553580920914e+02
7.700000000003031086e-01 5.225055715354525319e+02
7.900000000003026823e-01 5.358156516951351023e+02
8.100000000003022560e-01 5.457091803634630196e+02
8.300000000003018297e-01 5.584724962091685256e+02
8.500000000003014033e-01 5.704225269116296886e+02
8.700000000003009770e-01 5.795368382956136202e+02
8.900000000003005507e-01 5.928800397906894659e+02
9.100000000003001244e-01 6.051948313649801321e+02
9.300000000002996980e-01 6.161207770020182579e+02
9.500000000002992717e-01 6.279112183592274050e+02
9.700000000002988454e-01 6.409104839475819517e+02
9.900000000002984191e-01 6.514385225028711375e+02
1.010000000000297993e+00 6.635033413109048297e+02
1.030000000000297566e+00 6.723301122286753753e+02
1.050000000000297140e+00 6.871386614066516358e+02
1.070000000000296714e+00 6.996007905041103641e+02
1.090000000000296287e+00 7.118076644422443451e+02
1.110000000000295861e+00 7.181597616749388635e+02
1.130000000000295435e+00 7.296676748170008295e+02
1.150000000000295008e+00 7.427117823273700878e+02
1.170000000000294582e+00 7.518479727710690668e+02
1.190000000000294156e+00 7.661828336609067946e+02
1.210000000000293729e+00 7.723138912882839122e+02
1.230000000000293303e+00 7.877665158071118867e+02
1.250000000000292877e+00 7.925679789555046000e+02
1.270000000000292451e+00 8.051800988464834745e+02
1.290000000000292024e+00 8.122919768776225737e+02
1.310000000000291598e+00 8.261426743440129030e+02
1.330000000000291172e+00 8.324176607345377761e+02
1.350000000000290745e+00 8.438002639140285055e+02
1.370000000000290319e+00 8.499102461456044466e+02
1.390000000000289893e+00 8.624064153552300240e+02
1.410000000000289466e+00 8.701858339130398008e+02
1.430000000000289040e+00 8.750779700080184966e+02
1.450000000000288614e+00 8.880177172862379393e+02
1.470000000000288187e+00 8.936527835587728532e+02
1.490000000000287761e+00 9.066980607188075965e+02
1.510000000000287335e+00 9.110819890795669380e+02
1.530000000000286908e+00 9.167188541073315946e+02
1.550000000000286482e+00 9.216965656642985323e+02
1.570000000000286056e+00 9.320005452455261548e+02
1.590000000000285629e+00 9.382687207029831598e+02
1.610000000000285203e+00 9.423085346050271482e+02
1.630000000000284777e+00 9.511591792516911710e+02
1.650000000000284350e+00 9.496659470102761134e+02
1.670000000000283924e+00 9.506605046437198325e+02
1.690000000000283498e+00 9.492284823445020265e+02
1.710000000000283071e+00 9.516558422516415021e+02
1.730000000000282645e+00 9.536212900300055253e+02
1.750000000000282219e+00 9.565456150173839660e+02
1.770000000000281792e+00 9.529209686959851524e+02
1.790000000000281366e+00 9.527373272784351457e+02
1.810000000000280940e+00 9.539991815960651138e+02
1.830000000000280513e+00 9.521782448329175850e+02
1.850000000000280087e+00 9.488181211583241748e+02
1.870000000000279661e+00 9.531571038319362970e+02
1.890000000000279234e+00 9.501703269077651157e+02
1.910000000000278808e+00 9.484343152698363610e+02
1.930000000000278382e+00 9.435458581347344307e+02
1.950000000000277955e+00 9.435650663866540526e+02
1.970000000000277529e+00 9.447370936438913986e+02
1.990000000000277103e+00 9.387750027009964242e+02
2.010000000000276899e+00 9.375038618472865437e+02
2.030000000000276472e+00 9.338278123280642831e+02
2.050000000000276046e+00 9.276777764754260716e+02
2.070000000000275620e+00 9.234538845830073797e+02
2.090000000000275193e+00 9.196741313358254502e+02
2.110000000000274767e+00 9.126023411562130150e+02
2.130000000000274341e+00 9.057655436937506011e+02
2.150000000000273914e+00 9.032168623041389992e+02
2.170000000000273488e+00 8.988321300149854096e+02
2.190000000000273062e+00 8.877944963811634125e+02
2.210000000000272635e+00 8.856358253564050074e+02
2.230000000000272209e+00 8.741788547990869347e+02
2.250000000000271783e+00 8.703793330294109865e+02
2.270000000000271356e+00 8.604724956330916257e+02
2.290000000000270930e+00 8.534033644061815949e+02
2.310000000000270504e+00 8.444700751100903062e+02
2.330000000000270077e+00 8.334229022972626808e+02
2.350000000000269651e+00 8.266404226689475081e+02
2.370000000000269225e+00 8.223377973707308684e+02
2.390000000000268798e+00 8.126051787545187608e+02
2.410000000000268372e+00 8.032258077033836798e+02
2.430000000000267946e+00 7.964724146591613589e+02
2.450000000000267519e+00 7.868797574988619772e+02
2.470000000000267093e+00 7.803608548616085727e+02
2.490000000000266667e+00 7.737712660377786733e+02
2.510000000000266240e+00 7.652648299892612158e+02
2.530000000000265814e+00 7.573034284436889720e+02
2.550000000000265388e+00 7.474136074365728746e+02
2.570000000000264961e+00 7.393582695801494538e+02
2.590000000000264535e+00 7.329333277164547553e+02
2.610000000000264109e+00 7.229022288380938335e+02
2.630000000000263682e+00 7.166838949973380295e+02
2.650000000000263256e+00 7.067984323285711525e+02
2.670000000000262830e+00 6.979577470673351627e+02
2.690000000000262403e+00 6.928487198989525950e+02
2.710000000000261977e+00 6.823199016053114292e+02
2.730000000000261551e+00 6.767617845824105416e+02
2.750000000000261124e+00 6.666234164346208217e+02
2.770000000000260698e+00 6.594718401382851880e+02
2.790000000000260272e+00 6.512349168015147143e+02
2.810000000000259845e+00 6.449137164537748959e+02
2.830000000000259419e+00 6.377563680886343036e+02
2.850000000000258993e+00 6.289374091726946290e+02
2.870000000000258567e+00 6.208799518622722644e+02
2.890000000000258140e+00 6.133478669739520228e+02
2.910000000000257714e+00 6.091347290424029097e+02
2.930000000000257288e+00 6.006198261773233753e+02
2.950000000000256861e+00 5.929593740587366710e+02
2.970000000000256435e+00 5.844306038748395622e+02
2.990000000000256009e+00 5.765192552558822854e+02
3.010000000000255582e+00 5.707626822949639518e+02
3.030000000000255156e+00 5.658293070667531310e+02
3.050000000000254730e+00 5.592014740190277280e+02
3.070000000000254303e+00 5.513380683200031172e+02
3.090000000000253877e+00 5.459577808765711779e+02
3.110000000000253451e+00 5.365763353047010469e+02
3.130000000000253024e+00 5.297889362926678132e+02
3.150000000000252598e+00 5.232249959918211744e+02
3.170000000000252172e+00 5.156894351860092911e+02
3.190000000000251745e+00 5.088831326438756264e+02
3.210000000000251319e+00 5.039910273704259680e+02
3.230000000000250893e+00 4.957905656256560860e+02
3.250000000000250466e+00 4.883083255236221589e+02
3.270000000000250040e+00 4.819079713243770016e+02
3.290000000000249614e+00 4.744232096571475950e+02
3.310000000000249187e+00 4.686823577089441528e+02
3.330000000000248761e+00 4.635316268644720026e+02
3.350000000000248335e+00 4.568127060578624423e+02
3.370000000000247908e+00 4.498810086627096325e+02
3.390000000000247482e+00 4.463866108103309784e+02
3.410000000000247056e+00 4.393650776923727790e+02
3.430000000000246629e+00 4.348875130275818606e+02
3.450000000000246203e+00 4.299141877337674487e+02
3.470000000000245777e+00 4.248173510867003984e+02
3.490000000000245350e+00 4.210079750786869681e+02
3.510000000000244924e+00 4.148582138818072735e+02
3.530000000000244498e+00 4.107302227229085929e+02
3.550000000000244071e+00 4.074148802959703630e+02
3.570000000000243645e+00 4.016530533025873524e+02
3.590000000000243219e+00 3.976963013043258570e+02
3.610000000000242792e+00 3.923258738934264898e+02
3.630000000000242366e+00 3.895519041412662773e+02
3.650000000000241940e+00 3.871862077630640329e+02
3.670000000000241513e+00 3.816603657890488535e+02
3.690000000000241087e+00 3.782531047837113647e+02
3.710000000000240661e+00 3.729796491381603687e+02
3.730000000000240234e+00 3.695102467509246935e+02
3.750000000000239808e+00 3.667571852405879440e+02
3.770000000000239382e+00 3.623982126125126229e+02
3.790000000000238956e+00 3.581407458893140756e+02
3.810000000000238529e+00 3.562568545602148902e+02
3.830000000000238103e+00 3.524920265917236293e+02
3.850000000000237677e+00 3.472463900809228790e+02
3.870000000000237250e+00 3.455454938348466953e+02
3.890000000000236824e+00 3.400427331431582161e+02
3.910000000000236398e+00 3.374704774831042187e+02
3.930000000000235971e+00 3.349347418020073519e+02
3.950000000000235545e+00 3.320814708430586961e+02
3.970000000000235119e+00 3.289252049409600431e+02
3.990000000000234692e+00 3.257266915324917704e+02
4.010000000000234266e+00 3.217491224830080796e+02
4.030000000000233840e+00 3.202255429394575117e+02
4.050000000000233413e+00 3.148500324114055502e+02
4.070000000000232987e+00 3.138977811772571727e+02
4.090000000000232561e+00 3.103723791642286756e+02
4.110000000000232134e+00 3.072091582135460044e+02
4.130000000000231708e+00 3.028819493205124331e+02
4.150000000000231282e+00 2.992981668660589207e+02
4.170000000000230855e+00 2.977691603852586013e+02
4.190000000000230429e+00 2.934983408060527381e+02
4.210000000000230003e+00 2.898046248825820044e+02
4.230000000000229576e+00 2.873619465431472690e+02
4.250000000000229150e+00 2.849920784273602408e+02
4.270000000000228724e+00 2.818066671952194042e+02
4.290000000000228297e+00 2.801467119063341329e+02
4.310000000000227871e+00 2.779365163145558313e+02
4.330000000000227445e+00 2.748950465428328016e+02
4.350000000000227018e+00 2.718584311794793393e+02
4.370000000000226592e+00 2.702865941669148242e+02
4.390000000000226166e+00 2.677962401902095166e+02
4.410000000000225739e+00 2.657388961489365897e+02
4.430000000000225313e+00 2.625713396453132304e+02
4.450000000000224887e+00 2.610571644370363060e+02
4.470000000000224460e+00 2.578857803496847509e+02
4.490000000000224034e+00 2.565655994011114558e+02
4.510000000000223608e+00 2.543679740291874225e+02
4.530000000000223181e+00 2.513471446414272350e+02
4.550000000000222755e+00 2.490594748358219022e+02
4.570000000000222329e+00 2.472626141582437640e+02
4.590000000000221902e+00 2.450838617681109781e+02
4.610000000000221476e+00 2.419613864043797093e+02
4.630000000000221050e+00 2.404247202497473950e+02
4.650000000000220624e+00 2.382711524465510706e+02
4.670000000000220197e+00 2.352845679706000510e+02
4.690000000000219771e+00 2.339155243928456969e+02
4.710000000000219345e+00 2.305021768145244891e+02
4.730000000000218918e+00 2.297878620149361382e+02
4.750000000000218492e+00 2.275498882033989219e+02
4.770000000000218066e+00 2.254850957522885437e+02
4.790000000000217639e+00 2.241038154107388323e+02
4.810000000000217213e+00 2.209652401133467947e+02
4.830000000000216787e+00 2.192181741679054028e+02
4.850000000000216360e+00 2.172271320417643494e+02
4.870000000000215934e+00 2.153119101998998701e+02
4.890000000000215508e+00 2.107049041813866097e+02
4.910000000000215081e+00 2.097629239361211546e+02
4.930000000000214655e+00 2.077175347581881226e+02
4.950000000000214229e+00 2.048252929710147612e+02
4.970000000000213802e+00 2.032503418463221578e+02
4.990000000000213376e+00 1.999198777732721339e+02
5.010000000000212950e+00 1.986790373624196491e+02
5.030000000000212523e+00 1.965561731458784323e+02
5.050000000000212097e+00 1.957948417004342048e+02
5.070000000000211671e+00 1.931096727298981364e+02
5.090000000000211244e+00 1.895829711805683644e+02
5.110000000000210818e+00 1.887641644953193065e+02
5.130000000000210392e+00 1.866354271134370322e+02
5.150000000000209965e+00 1.833177580849138906e+02
5.170000000000209539e+00 1.828752281816446157e+02
5.190000000000209113e+00 1.804329296400698013e+02
5.210000000000208686e+00 1.791921925290454567e+02
5.230000000000208260e+00 1.766294536913239313e+02
5.250000000000207834e+00 1.755902372673575940e+02
5.270000000000207407e+00 1.737455780241541845e+02
5.290000000000206981e+00 1.711774976392191547e+02
5.310000000000206555e+00 1.701557726714625289e+02
5.330000000000206128e+00 1.679873046196283610e+02
5.350000000000205702e+00 1.666674661414537013e+02
5.370000000000205276e+00 1.650458003579256854e+02
5.390000000000204849e+00 1.636723166723828058e+02
5.410000000000204423e+00 1.614081998031378475e+02
5.430000000000203997e+00 1.594567176052291870e+02
5.450000000000203570e+00 1.575102677180922228e+02
5.470000000000203144e+00 1.568603086713582684e+02
5.490000000000202718e+00 1.550887778931547700e+02
5.510000000000202292e+00 1.524929133517109960e+02
5.530000000000201865e+00 1.511125996653853463e+02
5.550000000000201439e+00 1.494185860210448311e+02
5.570000000000201013e+00 1.474232415334139716e+02
5.590000000000200586e+00 1.454878568578162970e+02
5.610000000000200160e+00 1.437861351579300049e+02
5.630000000000199734e+00 1.420590023753173341e+02
5.650000000000199307e+00 1.403627703263979924e+02
5.670000000000198881e+00 1.390714630177899380e+02
5.690000000000198455e+00 1.374592980793384243e+02
5.710000000000198028e+00 1.363266209917537992e+02
5.730000000000197602e+00 1.338401364429662408e+02
5.750000000000197176e+00 1.327017780295608986e+02
5.770000000000196749e+00 1.320047473918629919e+02
5.790000000000196323e+00 1.308955403709123004e+02
5.810000000000195897e+00 1.290085838217179344e+02
5.830000000000195470e+00 1.265627488192298671e+02
5.850000000000195044e+00 1.261056229326687230e+02
5.870000000000194618e+00 1.247899035683182518e+02
5.890000000000194191e+00 1.227225003593774630e+02
5.910000000000193765e+00 1.213290789228250901e+02
5.930000000000193339e+00 1.209647092763879925e+02
5.950000000000192912e+00 1.185491922731537642e+02
5.970000000000192486e+00 1.177237714781561380e+02
5.990000000000192060e+00 1.160902464839860784e+02
6.010000000000191633e+00 1.144672153296547634e+02
6.030000000000191207e+00 1.135285610575065505e+02
6.050000000000190781e+00 1.122971758829536384e+02
6.070000000000190354e+00 1.098854213483065507e+02
6.090000000000189928e+00 1.092838105819647723e+02
6.110000000000189502e+00 1.077533301904542782e+02
6.130000000000189075e+00 1.061318636021450459e+02
6.150000000000188649e+00 1.048756051543313959e+02
6.170000000000188223e+00 1.032391247930874982e+02
6.190000000000187796e+00 1.028200755547618996e+02
6.210000000000187370e+00 1.016741592990691458e+02
6.230000000000186944e+00 9.972907078109382439e+01
6.250000000000186517e+00 9.800934963623552676e+01
6.270000000000186091e+00 9.778154122889135635e+01
6.290000000000185665e+00 9.649887330567420918e+01
6.310000000000185238e+00 9.472673345682591162e+01
6.330000000000184812e+00 9.474138034267697606e+01
6.350000000000184386e+00 9.266476196599569448e+01
6.370000000000183960e+00 9.125654950946352528e+01
6.390000000000183533e+00 9.051756853211807652e+01
6.410000000000183107e+00 8.944887911927001767e+01
6.430000000000182681e+00 8.800439970260482880e+01
6.450000000000182254e+00 8.759709883045250933e+01
6.470000000000181828e+00 8.630256761804585608e+01
6.490000000000181402e+00 8.473943298583243688e+01
6.510000000000180975e+00 8.413164591061298836e+01
6.530000000000180549e+00 8.300094097300326723e+01
6.550000000000180123e+00 8.147080180885656375e+01
6.570000000000179696e+00 8.071101824517097612e+01
6.590000000000179270e+00 7.908667303400024196e+01
6.610000000000178844e+00 7.841870913767748164e+01
6.630000000000178417e+00 7.753525793373947295e+01
6.650000000000177991e+00 7.662347177964754508e+01
6.670000000000177565e+00 7.574262239381143047e+01
6.690000000000177138e+00 7.450994395602035070e+01
6.710000000000176712e+00 7.406798488966113325e+01
6.730000000000176286e+00 7.290265273278821212e+01
6.750000000000175859e+00 7.186029376835541882e+01
6.770000000000175433e+00 7.062211954796929092e+01
6.790000000000175007e+00 7.045957163730237482e+01
6.810000000000174580e+00 6.977079205471403611e+01
6.830000000000174154e+00 6.891303363787682201e+01
6.850000000000173728e+00 6.772380757481847979e+01
6.870000000000173301e+00 6.716784592169791779e+01
6.890000000000172875e+00 6.668784415408032373e+01
6.910000000000172449e+00 6.566210289843796488e+01
6.930000000000172022e+00 6.551046899033690352e+01
6.950000000000171596e+00 6.409428447557932884e+01
6.970000000000171170e+00 6.296207817636922499e+01
6.990000000000170743e+00 6.268327422477594979e+01
7.010000000000170317e+00 6.248312207261762552e+01
7.030000000000169891e+00 6.152990367052184695e+01
7.050000000000169464e+00 6.076612863446717228e+01
7.070000000000169038e+00 5.988199434960173306e+01
7.090000000000168612e+00 5.971368878163099936e+01
7.110000000000168185e+00 5.862833437599252306e+01
7.130000000000167759e+00 5.899947820038543256e+01
7.150000000000167333e+00 5.845665497285237677e+01
7.170000000000166906e+00 5.724568575988961783e+01
7.190000000000166480e+00 5.715492635310617686e+01
7.210000000000166054e+00 5.656528347172211113e+01
7.230000000000165628e+00 5.588249701407802661e+01
7.250000000000165201e+00 5.552765889561410262e+01
7.270000000000164775e+00 5.529077596147555340e+01
7.290000000000164349e+00 5.457962597505540714e+01
7.310000000000163922e+00 5.440904291610002019e+01
7.330000000000163496e+00 5.356107803714707671e+01
7.350000000000163070e+00 5.343217283458169220e+01
7.370000000000162643e+00 5.256918265878810104e+01
7.390000000000162217e+00 5.260754072142151472e+01
7.410000000000161791e+00 5.203609165076967713e+01
7.430000000000161364e+00 5.162998639884319374e+01
7.450000000000160938e+00 5.143279683529128476e+01
7.470000000000160512e+00 5.124682167216163009e+01
7.490000000000160085e+00 5.005495114980548976e+01
7.510000000000159659e+00 5.014489708200971307e+01
7.530000000000159233e+00 5.023543070240211961e+01
7.550000000000158806e+00 4.970385879824078756e+01
7.570000000000158380e+00 4.914850245603280143e+01
7.590000000000157954e+00 4.891848697087912257e+01
7.610000000000157527e+00 4.849210901783956729e+01
7.630000000000157101e+00 4.860330799128318802e+01
7.650000000000156675e+00 4.818931725018390466e+01
7.670000000000156248e+00 4.778641628130510810e+01
7.690000000000155822e+00 4.775407495780945055e+01
7.710000000000155396e+00 4.716978988113660165e+01
7.730000000000154969e+00 4.690739529957549792e+01
7.750000000000154543e+00 4.648455008974234914e+01
7.770000000000154117e+00 4.648247069691412747e+01
7.790000000000153690e+00 4.602300809552633609e+01
7.810000000000153264e+00 4.603708598715048339e+01
7.830000000000152838e+00 4.525256083383363404e+01
7.850000000000152411e+00 4.554111813327222791e+01
7.870000000000151985e+00 4.498106287435003026e+01
7.890000000000151559e+00 4.495931568650424737e+01
7.910000000000151132e+00 4.439068233413397735e+01
7.930000000000150706e+00 4.422787813285473391e+01
7.950000000000150280e+00 4.394745936255839069e+01
7.970000000000149853e+00 4.365221067651950193e+01
7.990000000000149427e+00 4.365631043956868496e+01
8.010000000000149001e+00 4.320846267644338212e+01
8.030000000000148574e+00 4.326074045988227823e+01
8.050000000000148148e+00 4.302625302489904868e+01
8.070000000000147722e+00 4.263961380489536879e+01
8.090000000000147296e+00 4.244395269614466315e+01
8.110000000000146869e+00 4.242589015310744571e+01
8.130000000000146443e+00 4.178161306126015262e+01
8.150000000000146017e+00 4.164836536265190858e+01
8.170000000000145590e+00 4.170044714500397021e+01
8.190000000000145164e+00 4.116113794307134555e+01
8.210000000000144738e+00 4.099451517495931085e+01
8.230000000000144311e+00 4.061105010426079076e+01
8.250000000000143885e+00 4.059131044727539006e+01
8.270000000000143459e+00 4.037110893344038232e+01
8.290000000000143032e+00 4.015501702798783157e+01
8.310000000000142606e+00 4.010943351491502540e+01
8.330000000000142180e+00 4.020292403173155549e+01
8.350000000000141753e+00 3.972886298057050425e+01
8.370000000000141327e+00 3.959836208413739911e+01
8.390000000000140901e+00 3.952017095763191890e+01
8.410000000000140474e+00 3.911761726337248746e+01
8.430000000000140048e+00 3.900584985781735270e+01
8.450000000000139622e+00 3.861685255803863015e+01
8.470000000000139195e+00 3.873058852113254602e+01
8.490000000000138769e+00 3.860354112445929786e+01
8.510000000000138343e+00 3.830120277456546063e+01
8.530000000000137916e+00 3.821973407931609756e+01
8.550000000000137490e+00 3.824460223732820907e+01
8.570000000000137064e+00 3.796151535383697961e+01
8.590000000000136637e+00 3.784199443322925305e+01
8.610000000000136211e+00 3.798021032233069150e+01
8.630000000000135785e+00 3.759697120032468121e+01
8.650000000000135358e+00 3.755224034713705805e+01
8.670000000000134932e+00 3.733636978986655208e+01
8.690000000000134506e+00 3.762756139648976728e+01
8.710000000000134079e+00 3.720909468737711023e+01
8.730000000000133653e+00 3.734592933452825037e+01
8.750000000000133227e+00 3.729302182930057796e+01
8.770000000000132800e+00 3.723205888598655378e+01
8.790000000000132374e+00 3.717852883497828742e+01
8.810000000000131948e+00 3.709250630580328334e+01
8.830000000000131521e+00 3.695178373653609327e+01
8.850000000000131095e+00 3.699012427824570892e+01
8.870000000000130669e+00 3.715946537018518825e+01
8.890000000000130242e+00 3.706417441969619375e+01
8.910000000000129816e+00 3.699107251023389864e+01
8.930000000000129390e+00 3.699203361905158260e+01
8.950000000000128964e+00 3.693534887174838843e+01
8.970000000000128537e+00 3.707865438515963774e+01
8.990000000000128111e+00 3.709786583654151570e+01
9.010000000000127685e+00 3.712527167698905828e+01
9.030000000000127258e+00 3.721996266662520725e+01
9.050000000000126832e+00 3.738410687695163404e+01
9.070000000000126406e+00 3.709805334031980806e+01
9.090000000000125979e+00 3.707320477955282456e+01
9.110000000000125553e+00 3.721620635797857091e+01
9.130000000000125127e+00 3.718067418370461752e+01
9.150000000000124700e+00 3.734966917209361981e+01
9.170000000000124274e+00 3.736630643863963286e+01
9.190000000000123848e+00 3.751823229456314834e+01
9.210000000000123421e+00 3.746267610013541116e+01
9.230000000000122995e+00 3.761190175230708377e+01
9.250000000000122569e+00 3.744472803103268888e+01
9.270000000000122142e+00 3.746451819156963126e+01
9.290000000000121716e+00 3.761516047596627033e+01
9.310000000000121290e+00 3.754392477604999812e+01
9.330000000000120863e+00 3.768181282619297434e+01
9.350000000000120437e+00 3.745669365069202428e+01
9.370000000000120011e+00 3.749625555175473579e+01
9.390000000000119584e+00 3.743620466056520257e+01
9.410000000000119158e+00 3.757503570872618326e+01
9.430000000000118732e+00 3.747044013290103237e+01
9.450000000000118305e+00 3.730095501531502578e+01
9.470000000000117879e+00 3.720478536692187532e+01
9.490000000000117453e+00 3.721914969825487418e+01
9.510000000000117026e+00 3.712528823421487090e+01
9.530000000000116600e+00 3.713146608870828658e+01
9.550000000000116174e+00 3.695342564419627962e+01
9.570000000000115747e+00 3.671214868147537658e+01
9.590000000000115321e+00 3.629241342466028897e+01
9.610000000000114895e+00 3.644978789000313668e+01
9.630000000000114468e+00 3.614598012561345541e+01
9.650000000000114042e+00 3.591483034986330125e+01
9.670000000000113616e+00 3.577489669555276208e+01
9.690000000000113189e+00 3.549526524558383755e+01
9.710000000000112763e+00 3.528915769269480762e+01
9.730000000000112337e+00 3.502124871448720000e+01
9.750000000000111910e+00 3.480128181459782866e+01
9.770000000000111484e+00 3.432022300212523191e+01
9.790000000000111058e+00 3.408405639843483925e+01
9.810000000000110632e+00 3.371521027252556735e+01
9.830000000000110205e+00 3.338159205597031587e+01
9.850000000000109779e+00 3.305252408642330408e+01
9.870000000000109353e+00 3.244301648665762627e+01
9.890000000000108926e+00 3.213133181083296819e+01
9.910000000000108500e+00 3.171624074721366426e+01
9.930000000000108074e+00 3.140940410544512318e+01
9.950000000000107647e+00 3.109200394748334872e+01
9.970000000000107221e+00 3.061960493393878480e+01
9.990000000000106795e+00 3.019127216152318383e+01
1.001000000000010637e+01 2.965602685527322180e+01
1.003000000000010594e+01 2.925948903943323742e+01
1.005000000000010552e+01 2.891023733026218423e+01
1.007000000000010509e+01 2.832507102934838628e+01
1.009000000000010466e+01 2.789851302336169070e+01
1.011000000000010424e+01 2.742564118579175059e+01
1.013000000000010381e+01 2.688371354421908421e+01
1.015000000000010338e+01 2.684540140249010776e+01
1.017000000000010296e+01 2.610272710660144213e+01
1.019000000000010253e+01 2.565272579455282553e+01
1.021000000000010210e+01 2.544743870385039841e+01
1.023000000000010168e+01 2.478758978151521930e+01
1.025000000000010125e+01 2.449370316859363328e+01
1.027000000000010083e+01 2.403659608701259387e+01
1.029000000000010040e+01 2.373418052139045997e+01
1.031000000000009997e+01 2.319362734741671872e+01
1.033000000000009955e+01 2.314148469437736111e+01
1.035000000000009912e+01 2.252914620626028963e+01
1.037000000000009869e+01 2.224737113824706825e+01
1.039000000000009827e+01 2.200286040996131831e+01
1.041000000000009784e+01 2.177748598923321666e+01
1.043000000000009742e+01 2.133804439279594334e+01
1.045000000000009699e+01 2.098736304904309335e+01
1.047000000000009656e+01 2.083405882917110219e+01
1.049000000000009614e+01 2.044917602931622724e+01
1.051000000000009571e+01 2.034000520110876309e+01
1.053000000000009528e+01 2.010143643126712121e+01
1.055000000000009486e+01 2.010691487849778625e+01
1.057000000000009443e+01 1.977533127307959404e+01
1.059000000000009400e+01 1.976070610054668464e+01
1.061000000000009358e+01 1.932845972471056939e+01
1.063000000000009315e+01 1.922996904830438325e+01
1.065000000000009273e+01 1.910093412680501146e+01
1.067000000000009230e+01 1.906730449465432997e+01
1.069000000000009187e+01 1.908502434509045287e+01
1.071000000000009145e+01 1.901926474564604774e+01
1.073000000000009102e+01 1.887096964382252651e+01
1.075000000000009059e+01 1.868953726187406161e+01
1.077000000000009017e+01 1.890445120026224757e+01
1.079000000000008974e+01 1.876966895440632399e+01
1.081000000000008932e+01 1.870036851004270773e+01
1.083000000000008889e+01 1.863873712740439359e+01
1.085000000000008846e+01 1.854342700194642291e+01
1.087000000000008804e+01 1.882310788000295787e+01
1.089000000000008761e+01 1.878279493299890746e+01
1.091000000000008718e+01 1.891689110442294464e+01
1.093000000000008676e+01 1.875377564410152686e+01
1.095000000000008633e+01 1.880322123172976134e+01
1.097000000000008590e+01 1.895759400654316806e+01
1.099000000000008548e+01 1.871265643064688078e+01
1.101000000000008505e+01 1.896091533188257827e+01
1.103000000000008463e+01 1.913388118996933684e+01
1.105000000000008420e+01 1.901419738461901687e+01
1.107000000000008377e+01 1.899890997183516816e+01
1.109000000000008335e+01 1.927817556477242178e+01
1.111000000000008292e+01 1.921488078269200983e+01
1.113000000000008249e+01 1.935415021693541604e+01
1.115000000000008207e+01 1.931654423201970516e+01
1.117000000000008164e+01 1.937118513651588003e+01
1.119000000000008122e+01 1.947860578853339675e+01
1.121000000000008079e+01 1.950463258112608145e+01
1.123000000000008036e+01 1.957225981748267785e+01
1.125000000000007994e+01 1.964178398556324012e+01
1.127000000000007951e+01 1.968995678930660276e+01
1.129000000000007908e+01 1.987231615667878870e+01
1.131000000000007866e+01 1.975571289803044550e+01
1.133000000000007823e+01 1.972818554559529858e+01
1.135000000000007780e+01 1.994893648073072967e+01
1.137000000000007738e+01 2.020287083327859179e+01
1.139000000000007695e+01 2.011356567421847075e+01
1.141000000000007653e+01 2.019426120165983818e+01
1.143000000000007610e+01 2.016869444516013132e+01
1.145000000000007567e+01 2.039131729962223361e+01
1.147000000000007525e+01 2.022369437095535361e+01
1.149000000000007482e+01 2.048464351134107275e+01
1.151000000000007439e+01 2.075810943484697191e+01
1.153000000000007397e+01 2.065591865260190829e+01
1.155000000000007354e+01 2.080765188360714291e+01
1.157000000000007311e+01 2.091141389614612933e+01
1.159000000000007269e+01 2.107176264309433478e+01
1.161000000000007226e+01 2.125037325440357350e+01
1.163000000000007184e+01 2.107599662027940113e+01
1.165000000000007141e+01 2.139530748890422629e+01
1.167000000000007098e+01 2.149359949875711706e+01
1.169000000000007056e+01 2.184627098684315527e+01
1.171000000000007013e+01 2.200876069467907215e+01
1.173000000000006970e+01 2.200466867874821020e+01
1.175000000000006928e+01 2.236444951195387532e+01
1.177000000000006885e+01 2.237089859486274435e+01
1.179000000000006843e+01 2.254922420513457482e+01
1.181000000000006800e+01 2.268694686775267755e+01
1.183000000000006757e+01 2.323133373915257494e+01
1.185000000000006715e+01 2.320656079526670013e+01
1.187000000000006672e+01 2.343186122356588541e+01
1.189000000000006629e+01 2.375095743020380823e+01
1.191000000000006587e+01 2.390448719969738178e+01
1.193000000000006544e+01 2.420057453727834229e+01
1.195000000000006501e+01 2.428819665840383735e+01
1.197000000000006459e+01 2.450816990224306835e+01
1.199000000000006416e+01 2.479924577020808840e+01
1.201000000000006374e+01 2.497930617849358370e+01
1.203000000000006331e+01 2.537484445153797097e+01
1.205000000000006288e+01 2.551102218874511962e+01
1.207000000000006246e+01 2.580815246655637551e+01
1.209000000000006203e+01 2.573355409610984523e+01
1.211000000000006160e+01 2.625483171271773486e+01
1.213000000000006118e+01 2.638798957999872741e+01
1.215000000000006075e+01 2.637569737595925190e+01
1.217000000000006033e+01 2.676397980334438387e+01
1.219000000000005990e+01 2.700610319536554016e+01
1.221000000000005947e+01 2.700845297142998902e+01
1.223000000000005905e+01 2.717683010345957584e+01
1.225000000000005862e+01 2.746368076186698204e+01
1.227000000000005819e+01 2.752822363609251610e+01
1.229000000000005777e+01 2.774643229564276581e+01
1.231000000000005734e+01 2.766435285427508362e+01
1.233000000000005691e+01 2.795512670292294644e+01
1.235000000000005649e+01 2.798830485967279458e+01
1.237000000000005606e+01 2.816336565875426245e+01
1.239000000000005564e+01 2.821285137458500358e+01
1.241000000000005521e+01 2.814205468870656901e+01
1.243000000000005478e+01 2.814093988945858626e+01
1.245000000000005436e+01 2.830717584782126650e+01
1.247000000000005393e+01 2.849418661243936057e+01
1.249000000000005350e+01 2.837292568185375430e+01
1.251000000000005308e+01 2.848182710364056547e+01
1.253000000000005265e+01 2.812540210846384170e+01
1.255000000000005222e+01 2.829216340156391141e+01
1.257000000000005180e+01 2.834105895305839695e+01
1.259000000000005137e+01 2.816268784873145492e+01
1.261000000000005095e+01 2.816062278894010973e+01
1.263000000000005052e+01 2.821862210561696571e+01
1.265000000000005009e+01 2.837245629908403544e+01
1.267000000000004967e+01 2.817808298120056421e+01
1.269000000000004924e+01 2.772095884001324961e+01
1.271000000000004881e+01 2.781561910361793011e+01
1.273000000000004839e+01 2.769736899569597455e+01
1.275000000000004796e+01 2.775008723571528435e+01
1.277000000000004754e+01 2.780240999154052162e+01
1.279000000000004711e+01 2.736717483235499060e+01
1.281000000000004668e+01 2.734207457690527576e+01
1.283000000000004626e+01 2.724011725783481808e+01
1.285000000000004583e+01 2.721777872198423864e+01
1.287000000000004540e+01 2.702776501876068593e+01
1.289000000000004498e+01 2.692976595453597710e+01
1.291000000000004455e+01 2.680472406945834507e+01
1.293000000000004412e+01 2.647670712809789606e+01
1.295000000000004370e+01 2.665357736682264544e+01
1.297000000000004327e+01 2.640522827587501808e+01
1.299000000000004285e+01 2.633382263709261650e+01
1.301000000000004242e+01 2.615871218270894616e+01
1.303000000000004199e+01 2.599477459500244692e+01
1.305000000000004157e+01 2.594893415830650341e+01
1.307000000000004114e+01 2.565475933045788892e+01
1.309000000000004071e+01 2.548101118467147330e+01
1.311000000000004029e+01 2.555465550576576916e+01
1.313000000000003986e+01 2.538348867052863511e+01
1.315000000000003944e+01 2.518958653547999305e+01
1.317000000000003901e+01 2.489336126236437963e+01
1.319000000000003858e+01 2.489079378401435960e+01
1.321000000000003816e+01 2.496078262376309098e+01
1.323000000000003773e+01 2.468179351103814057e+01
1.325000000000003730e+01 2.456651563365162971e+01
1.327000000000003688e+01 2.424144420554714685e+01
1.329000000000003645e+01 2.413004883620447671e+01
1.331000000000003602e+01 2.409214912598915959e+01
1.333000000000003560e+01 2.397983677852468531e+01
1.335000000000003517e+01 2.411604588081929990e+01
1.337000000000003475e+01 2.359931187450441570e+01
1.339000000000003432e+01 2.344629980328783248e+01
1.341000000000003389e+01 2.348650883430044800e+01
1.343000000000003347e+01 2.319910045226382422e+01
1.345000000000003304e+01 2.326456523262580944e+01
1.347000000000003261e+01 2.300788748783425319e+01
1.349000000000003219e+01 2.301124104676031834e+01
1.351000000000003176e+01 2.269049097318400499e+01
1.353000000000003133e+01 2.258158146937468302e+01
1.355000000000003091e+01 2.224583944922432366e+01
1.357000000000003048e+01 2.212823850803984271e+01
1.359000000000003006e+01 2.180164597700771978e+01
1.361000000000002963e+01 2.137952452762414168e+01
1.363000000000002920e+01 2.085544201847353207e+01
1.365000000000002878e+01 2.031255442864086547e+01
1.367000000000002835e+01 1.968191031105465783e+01
1.369000000000002792e+01 1.902958780493677082e+01
1.371000000000002750e+01 1.832072202067676869e+01
1.373000000000002707e+01 1.778906124865351046e+01
1.375000000000002665e+01 1.703829327370527125e+01
1.377000000000002622e+01 1.641191519286282485e+01
1.379000000000002579e+01 1.553534241870803534e+01
1.381000000000002537e+01 1.480011668565625449e+01
1.383000000000002494e+01 1.429789762380611862e+01
1.385000000000002451e+01 1.368078334046964883e+01
1.387000000000002409e+01 1.332408343049214849e+01
1.389000000000002366e+01 1.240230698042936908e+01
1.391000000000002323e+01 1.168196321325010700e+01
1.393000000000002281e+01 1.106325332112425031e+01
1.395000000000002238e+01 1.029701895311814397e+01
1.397000000000002196e+01 9.751491609739980859e+00
1.399000000000002153e+01 8.956451928142293184e+00
1.401000000000002110e+01 8.255918131519246472e+00
1.403000000000002068e+01 7.409777701717182197e+00
1.405000000000002025e+01 6.617588371917662471e+00
1.407000000000001982e+01 5.930180925525396773e+00
1.409000000000001940e+01 5.095817247471677192e+00
1.411000000000001897e+01 4.399468459157196421e+00
1.413000000000001855e+01 3.735471049985414904e+00
1.415000000000001812e+01 3.055065318330428603e+00
1.417000000000001769e+01 2.387898663843170066e+00
1.419000000000001727e+01 1.923355192587902440e+00
1.421000000000001684e+01 1.503663565957783055e+00
1.423000000000001641e+01 1.205611293834032871e+00
1.425000000000001599e+01 9.124278015580356005e-01
1.427000000000001556e+01 7.670831364903852867e-01
1.429000000000001513e+01 6.258272832330203927e-01
1.431000000000001471e+01 5.178363791914760705e-01
1.433000000000001428e+01 4.690319650695735088e-01
1.435000000000001386e+01 3.881771987636303822e-01
1.437000000000001343e+01 2.812017261305710947e-01
1.439000000000001300e+01 1.878492625786633563e-01
1.441000000000001258e+01 1.130622462422766206e-01
1.443000000000001215e+01 7.274255130680916392e-02
1.445000000000001172e+01 4.316028264843296131e-02
1.447000000000001130e+01 1.892287619483348435e-02
1.449000000000001087e+01 1.081835697397196157e-02
1.451000000000001044e+01 5.405945184106254221e-03
1.453000000000001002e+01 0.000000000000000000e+00
1.455000000000000959e+01 0.000000000000000000e+00
1.457000000000000917e+01 0.000000000000000000e+00
1.459000000000000874e+01 0.000000000000000000e+00
1.461000000000000831e+01 0.000000000000000000e+00
1.463000000000000789e+01 0.000000000000000000e+00
1.465000000000000746e+01 0.000000000000000000e+00
1.467000000000000703e+01 0.000000000000000000e+00
1.469000000000000661e+01 0.000000000000000000e+00
1.471000000000000618e+01 0.000000000000000000e+00
1.473000000000000576e+01 0.000000000000000000e+00
1.475000000000000533e+01 0.000000000000000000e+00
1.477000000000000490e+01 0.000000000000000000e+00
1.479000000000000448e+01 0.000000000000000000e+00
1.481000000000000405e+01 0.000000000000000000e+00
1.483000000000000362e+01 0.000000000000000000e+00
1.485000000000000320e+01 0.000000000000000000e+00
1.487000000000000277e+01 0.000000000000000000e+00
1.489000000000000234e+01 0.000000000000000000e+00
1.491000000000000192e+01 0.000000000000000000e+00
1.493000000000000149e+01 0.000000000000000000e+00
1.495000000000000107e+01 0.000000000000000000e+00
1.497000000000000064e+01 0.000000000000000000e+00
1.499000000000000021e+01 0.000000000000000000e+00
