# Redshift		Merger Rate Density [Gpc^-3yr^-1]
1.000000000031931770e-02 1.561713923340283827e+02
3.000000000031888964e-02 1.647291009800986217e+02
5.000000000031846331e-02 1.706292973848196937e+02
7.000000000031804392e-02 1.783817082132810299e+02
9.000000000031761760e-02 1.849055728148513538e+02
1.100000000003171913e-01 1.937084190871528051e+02
1.300000000003167511e-01 2.015181335199488615e+02
1.500000000003163247e-01 2.102302044441314308e+02
1.700000000003158984e-01 2.172234553541798050e+02
1.900000000003154721e-01 2.275882284534027917e+02
2.100000000003150458e-01 2.346118817669736529e+02
2.300000000003146194e-01 2.429921556675419083e+02
2.500000000003141931e-01 2.538202836667561826e+02
2.700000000003137668e-01 2.631989409442539909e+02
2.900000000003133405e-01 2.713484491031427410e+02
3.100000000003129141e-01 2.829078399148442031e+02
3.300000000003124878e-01 2.906426188478091035e+02
3.500000000003120615e-01 3.013669323708433581e+02
3.700000000003116352e-01 3.116359525250865090e+02
3.900000000003112088e-01 3.200237304479408635e+02
4.100000000003107825e-01 3.314685834337844881e+02
4.300000000003103562e-01 3.412879523860091240e+02
4.500000000003099299e-01 3.503094769885212258e+02
4.700000000003095035e-01 3.646988312850450029e+02
4.900000000003090772e-01 3.704512155592095155e+02
5.100000000003086509e-01 3.841916153154954827e+02
5.300000000003082246e-01 3.940053876473694459e+02
5.500000000003077982e-01 4.052120905631529695e+02
5.700000000003073719e-01 4.158855308615475224e+02
5.900000000003069456e-01 4.252083867876664272e+02
6.100000000003065193e-01 4.383876281681017986e+02
6.300000000003060929e-01 4.478153225327587847e+02
6.500000000003056666e-01 4.591912937611850225e+02
6.700000000003052403e-01 4.688838514265756885e+02
6.900000000003048140e-01 4.796447216363953885e+02
7.100000000003043876e-01 4.921997334777211677e+02
7.300000000003039613e-01 5.028689339014846951e+02
7.500000000003035350e-01 5.113476797032089962e+02
7.700000000003031086e-01 5.252315251528366389e+02
7.900000000003026823e-01 5.334720728703811119e+02
8.100000000003022560e-01 5.447065080150350695e+02
8.300000000003018297e-01 5.540901478446056672e+02
8.500000000003014033e-01 5.680014215065457392e+02
8.700000000003009770e-01 5.728320736603602654e+02
8.900000000003005507e-01 5.888777779774536612e+02
9.100000000003001244e-01 5.942274814898473778e+02
9.300000000002996980e-01 6.077224538435415297e+02
9.500000000002992717e-01 6.142198754185848202e+02
9.700000000002988454e-01 6.232309184152992430e+02
9.900000000002984191e-01 6.315203612412540224e+02
1.010000000000297993e+00 6.404348162547806851e+02
1.030000000000297566e+00 6.453745922837981652e+02
1.050000000000297140e+00 6.554535275629829130e+02
1.070000000000296714e+00 6.675630447752132568e+02
1.090000000000296287e+00 6.720252961933023244e+02
1.110000000000295861e+00 6.759311645868250480e+02
1.130000000000295435e+00 6.791360995059352490e+02
1.150000000000295008e+00 6.869534127729056081e+02
1.170000000000294582e+00 6.934333196263564787e+02
1.190000000000294156e+00 6.984719629839834170e+02
1.210000000000293729e+00 7.028491654585085371e+02
1.230000000000293303e+00 7.058934225779483995e+02
1.250000000000292877e+00 7.107610956878736488e+02
1.270000000000292451e+00 7.149647288528051376e+02
1.290000000000292024e+00 7.128748810179379234e+02
1.310000000000291598e+00 7.208206289864828022e+02
1.330000000000291172e+00 7.248659343484472402e+02
1.350000000000290745e+00 7.189930335091024745e+02
1.370000000000290319e+00 7.264620767138657129e+02
1.390000000000289893e+00 7.275982473988947277e+02
1.410000000000289466e+00 7.225789807431417557e+02
1.430000000000289040e+00 7.299090499672216765e+02
1.450000000000288614e+00 7.329544229065804757e+02
1.470000000000288187e+00 7.259673005329901798e+02
1.490000000000287761e+00 7.290495061492861169e+02
1.510000000000287335e+00 7.234978283334565958e+02
1.530000000000286908e+00 7.266924654562427577e+02
1.550000000000286482e+00 7.263872435244646795e+02
1.570000000000286056e+00 7.205501915590110684e+02
1.590000000000285629e+00 7.189500211406458448e+02
1.610000000000285203e+00 7.200634348653891266e+02
1.630000000000284777e+00 7.129643492944071568e+02
1.650000000000284350e+00 7.173928384464585406e+02
1.670000000000283924e+00 7.074838111613642013e+02
1.690000000000283498e+00 7.082339182425844228e+02
1.710000000000283071e+00 7.062558448611301856e+02
1.730000000000282645e+00 7.026825959850780237e+02
1.750000000000282219e+00 6.962955221910452792e+02
1.770000000000281792e+00 6.894918764588886688e+02
1.790000000000281366e+00 6.864131606469109101e+02
1.810000000000280940e+00 6.824691822090248934e+02
1.830000000000280513e+00 6.781622539883042009e+02
1.850000000000280087e+00 6.732349828378158918e+02
1.870000000000279661e+00 6.699154298897846047e+02
1.890000000000279234e+00 6.597701602580882536e+02
1.910000000000278808e+00 6.601606967240951462e+02
1.930000000000278382e+00 6.493042255600630597e+02
1.950000000000277955e+00 6.494620845552509536e+02
1.970000000000277529e+00 6.425708296947758527e+02
1.990000000000277103e+00 6.381498778373864980e+02
2.010000000000276899e+00 6.303430926231882268e+02
2.030000000000276472e+00 6.235113281866107400e+02
2.050000000000276046e+00 6.209377066605566142e+02
2.070000000000275620e+00 6.093784839993439846e+02
2.090000000000275193e+00 6.071273037879117283e+02
2.110000000000274767e+00 5.967020721210927832e+02
2.130000000000274341e+00 5.913197485330057361e+02
2.150000000000273914e+00 5.853910272969011430e+02
2.170000000000273488e+00 5.814679120661679690e+02
2.190000000000273062e+00 5.694899674689654603e+02
2.210000000000272635e+00 5.626823843786551151e+02
2.230000000000272209e+00 5.578861971905782866e+02
2.250000000000271783e+00 5.535712363193923693e+02
2.270000000000271356e+00 5.403939588309145847e+02
2.290000000000270930e+00 5.369231397651710722e+02
2.310000000000270504e+00 5.280474278792818268e+02
2.330000000000270077e+00 5.211989008667844701e+02
2.350000000000269651e+00 5.161687576930992236e+02
2.370000000000269225e+00 5.071332591610241707e+02
2.390000000000268798e+00 5.041704631372189738e+02
2.410000000000268372e+00 4.945949454593484802e+02
2.430000000000267946e+00 4.862875985681756106e+02
2.450000000000267519e+00 4.835270438670804651e+02
2.470000000000267093e+00 4.705024741763237444e+02
2.490000000000266667e+00 4.677667244229631933e+02
2.510000000000266240e+00 4.599116299295899921e+02
2.530000000000265814e+00 4.522359103593543068e+02
2.550000000000265388e+00 4.494328555947136579e+02
2.570000000000264961e+00 4.375752092534962117e+02
2.590000000000264535e+00 4.326291744288664631e+02
2.610000000000264109e+00 4.280899826689342831e+02
2.630000000000263682e+00 4.201833089770472611e+02
2.650000000000263256e+00 4.115774426231474763e+02
2.670000000000262830e+00 4.043572510960828481e+02
2.690000000000262403e+00 3.988744305753024264e+02
2.710000000000261977e+00 3.926351004782986251e+02
2.730000000000261551e+00 3.851794266000420066e+02
2.750000000000261124e+00 3.802006895815160306e+02
2.770000000000260698e+00 3.743173523898234976e+02
2.790000000000260272e+00 3.666306996011231263e+02
2.810000000000259845e+00 3.611091524501701429e+02
2.830000000000259419e+00 3.577770881259344264e+02
2.850000000000258993e+00 3.492183910119456982e+02
2.870000000000258567e+00 3.435425674896063128e+02
2.890000000000258140e+00 3.368981110595863129e+02
2.910000000000257714e+00 3.317601380400651010e+02
2.930000000000257288e+00 3.231142007482815188e+02
2.950000000000256861e+00 3.178043244237084082e+02
2.970000000000256435e+00 3.117607258111459601e+02
2.990000000000256009e+00 3.063712576403777916e+02
3.010000000000255582e+00 3.029850630518686785e+02
3.030000000000255156e+00 2.981607105091541143e+02
3.050000000000254730e+00 2.920125507059972847e+02
3.070000000000254303e+00 2.866177358662088182e+02
3.090000000000253877e+00 2.813311306851016980e+02
3.110000000000253451e+00 2.737868988436229074e+02
3.130000000000253024e+00 2.695843668095752150e+02
3.150000000000252598e+00 2.665077712416050986e+02
3.170000000000252172e+00 2.596656458263528293e+02
3.190000000000251745e+00 2.571937582596933680e+02
3.210000000000251319e+00 2.499658203236254792e+02
3.230000000000250893e+00 2.459555207589157533e+02
3.250000000000250466e+00 2.420074310898243937e+02
3.270000000000250040e+00 2.365919502571908026e+02
3.290000000000249614e+00 2.307943890522573440e+02
3.310000000000249187e+00 2.275247114043181114e+02
3.330000000000248761e+00 2.227117791003028344e+02
3.350000000000248335e+00 2.182008599635985036e+02
3.370000000000247908e+00 2.164996996910948042e+02
3.390000000000247482e+00 2.100022881814274172e+02
3.410000000000247056e+00 2.051555536504952215e+02
3.430000000000246629e+00 2.019021868508290254e+02
3.450000000000246203e+00 1.982905781409824897e+02
3.470000000000245777e+00 1.942536651105113492e+02
3.490000000000245350e+00 1.887878150629763638e+02
3.510000000000244924e+00 1.865048381520909970e+02
3.530000000000244498e+00 1.833934686308561197e+02
3.550000000000244071e+00 1.811302436036072550e+02
3.570000000000243645e+00 1.756519539689586793e+02
3.590000000000243219e+00 1.729399450660237392e+02
3.610000000000242792e+00 1.687456990145936118e+02
3.630000000000242366e+00 1.672149142259106043e+02
3.650000000000241940e+00 1.632810449806021893e+02
3.670000000000241513e+00 1.596101972743967963e+02
3.690000000000241087e+00 1.561511047610281366e+02
3.710000000000240661e+00 1.523497779767514544e+02
3.730000000000240234e+00 1.515307664726349515e+02
3.750000000000239808e+00 1.478052183508044095e+02
3.770000000000239382e+00 1.453293311248093289e+02
3.790000000000238956e+00 1.412653177088419909e+02
3.810000000000238529e+00 1.395149384079730055e+02
3.830000000000238103e+00 1.361813055421492606e+02
3.850000000000237677e+00 1.346974717035280094e+02
3.870000000000237250e+00 1.321391243616035922e+02
3.890000000000236824e+00 1.290114937161443152e+02
3.910000000000236398e+00 1.273821942045265132e+02
3.930000000000235971e+00 1.243796825302987088e+02
3.950000000000235545e+00 1.223589142224083162e+02
3.970000000000235119e+00 1.201488933225529081e+02
3.990000000000234692e+00 1.176581083764210547e+02
4.010000000000234266e+00 1.158572841706970848e+02
4.030000000000233840e+00 1.127836980545524597e+02
4.050000000000233413e+00 1.130479681415350086e+02
4.070000000000232987e+00 1.096597441375921989e+02
4.090000000000232561e+00 1.075146547495769909e+02
4.110000000000232134e+00 1.058769162517051541e+02
4.130000000000231708e+00 1.042525999265393892e+02
4.150000000000231282e+00 1.028457985041595464e+02
4.170000000000230855e+00 1.011463042543115591e+02
4.190000000000230429e+00 9.891885969976884496e+01
4.210000000000230003e+00 9.763227157604502793e+01
4.230000000000229576e+00 9.590775382788508807e+01
4.250000000000229150e+00 9.486904058943312634e+01
4.270000000000228724e+00 9.443225932753081509e+01
4.290000000000228297e+00 9.221163084200543381e+01
4.310000000000227871e+00 9.028968823482706796e+01
4.330000000000227445e+00 8.889777309397096872e+01
4.350000000000227018e+00 8.732857700837057280e+01
4.370000000000226592e+00 8.687830133389303455e+01
4.390000000000226166e+00 8.569868256696118181e+01
4.410000000000225739e+00 8.376876306131335070e+01
4.430000000000225313e+00 8.363672445168758429e+01
4.450000000000224887e+00 8.114044475969731707e+01
4.470000000000224460e+00 8.119928719566479458e+01
4.490000000000224034e+00 7.982323829105288837e+01
4.510000000000223608e+00 7.912689475320770782e+01
4.530000000000223181e+00 7.794740146764262079e+01
4.550000000000222755e+00 7.795669013115154655e+01
4.570000000000222329e+00 7.615780060372662774e+01
4.590000000000221902e+00 7.507826994543891885e+01
4.610000000000221476e+00 7.429060825239648125e+01
4.630000000000221050e+00 7.389018587500106605e+01
4.650000000000220624e+00 7.268050281162737747e+01
4.670000000000220197e+00 7.183925578291055558e+01
4.690000000000219771e+00 7.179857586925167823e+01
4.710000000000219345e+00 7.030386969420679577e+01
4.730000000000218918e+00 6.997473253862082743e+01
4.750000000000218492e+00 6.968863385907707197e+01
4.770000000000218066e+00 6.883576435292091844e+01
4.790000000000217639e+00 6.722423930480154297e+01
4.810000000000217213e+00 6.755434584748338978e+01
4.830000000000216787e+00 6.620754748428929304e+01
4.850000000000216360e+00 6.512282952120740731e+01
4.870000000000215934e+00 6.611285211915772209e+01
4.890000000000215508e+00 6.465357774816857273e+01
4.910000000000215081e+00 6.408367160329753176e+01
4.930000000000214655e+00 6.392145644839247609e+01
4.950000000000214229e+00 6.373597413906251319e+01
4.970000000000213802e+00 6.350513645789973793e+01
4.990000000000213376e+00 6.263848344487519171e+01
5.010000000000212950e+00 6.267197583247507708e+01
5.030000000000212523e+00 6.151278502017208183e+01
5.050000000000212097e+00 6.129399954643106696e+01
5.070000000000211671e+00 5.995994485610122382e+01
5.090000000000211244e+00 6.011027678875539237e+01
5.110000000000210818e+00 5.954122289560822168e+01
5.130000000000210392e+00 6.013540850442822716e+01
5.150000000000209965e+00 5.904744504246173165e+01
5.170000000000209539e+00 5.812896143580409358e+01
5.190000000000209113e+00 5.835014476326542621e+01
5.210000000000208686e+00 5.785875522772312252e+01
5.230000000000208260e+00 5.737722502786783707e+01
5.250000000000207834e+00 5.740585899026711303e+01
5.270000000000207407e+00 5.677996957638848130e+01
5.290000000000206981e+00 5.666947157363033938e+01
5.310000000000206555e+00 5.605808483438007528e+01
5.330000000000206128e+00 5.594636644646925561e+01
5.350000000000205702e+00 5.542143369237561501e+01
5.370000000000205276e+00 5.533286479385699863e+01
5.390000000000204849e+00 5.484168114234524438e+01
5.410000000000204423e+00 5.391741063242141507e+01
5.430000000000203997e+00 5.464560766235235434e+01
5.450000000000203570e+00 5.371738124937226644e+01
5.470000000000203144e+00 5.314730888074905835e+01
5.490000000000202718e+00 5.297774131489104121e+01
5.510000000000202292e+00 5.224800989135137996e+01
5.530000000000201865e+00 5.145932012993520743e+01
5.550000000000201439e+00 5.094892982830879902e+01
5.570000000000201013e+00 5.085735048063458663e+01
5.590000000000200586e+00 5.113283673039626365e+01
5.610000000000200160e+00 4.990925527379040005e+01
5.630000000000199734e+00 4.931200425910704155e+01
5.650000000000199307e+00 4.985006610478772870e+01
5.670000000000198881e+00 4.927890488302403327e+01
5.690000000000198455e+00 4.882999437647060148e+01
5.710000000000198028e+00 4.764683223600992079e+01
5.730000000000197602e+00 4.756977130468571602e+01
5.750000000000197176e+00 4.770706086719781780e+01
5.770000000000196749e+00 4.688361744262645203e+01
5.790000000000196323e+00 4.625356549073881496e+01
5.810000000000195897e+00 4.608070038958546633e+01
5.830000000000195470e+00 4.568856839312644524e+01
5.850000000000195044e+00 4.497956330710213990e+01
5.870000000000194618e+00 4.428671901739745920e+01
5.890000000000194191e+00 4.414088685685022995e+01
5.910000000000193765e+00 4.341955649808780748e+01
5.930000000000193339e+00 4.290575355547452574e+01
5.950000000000192912e+00 4.258364713652851208e+01
5.970000000000192486e+00 4.227577779573374528e+01
5.990000000000192060e+00 4.109565167389320806e+01
6.010000000000191633e+00 4.083884431672296245e+01
6.030000000000191207e+00 4.065897878134867227e+01
6.050000000000190781e+00 3.984118291835835635e+01
6.070000000000190354e+00 3.934482330145610973e+01
6.090000000000189928e+00 3.899228494002853296e+01
6.110000000000189502e+00 3.816933085693283800e+01
6.130000000000189075e+00 3.826318722375426518e+01
6.150000000000188649e+00 3.714006133785404273e+01
6.170000000000188223e+00 3.676186064059938730e+01
6.190000000000187796e+00 3.593114619719334257e+01
6.210000000000187370e+00 3.540441271243443566e+01
6.230000000000186944e+00 3.545887179270946632e+01
6.250000000000186517e+00 3.451940843071326981e+01
6.270000000000186091e+00 3.451566610511941491e+01
6.290000000000185665e+00 3.375945122230285023e+01
6.310000000000185238e+00 3.345595361775097842e+01
6.330000000000184812e+00 3.264879173288156267e+01
6.350000000000184386e+00 3.208943541037365321e+01
6.370000000000183960e+00 3.155238804472254088e+01
6.390000000000183533e+00 3.106426064164004686e+01
6.410000000000183107e+00 3.036671702206230705e+01
6.430000000000182681e+00 2.997888812109653145e+01
6.450000000000182254e+00 2.958292029041674809e+01
6.470000000000181828e+00 2.928058407116148842e+01
6.490000000000181402e+00 2.868814785431595027e+01
6.510000000000180975e+00 2.857661331845067920e+01
6.530000000000180549e+00 2.807524047110255339e+01
6.550000000000180123e+00 2.763743758988589505e+01
6.570000000000179696e+00 2.664589097401227846e+01
6.590000000000179270e+00 2.657531091769894260e+01
6.610000000000178844e+00 2.619238324402755325e+01
6.630000000000178417e+00 2.590680553698913258e+01
6.650000000000177991e+00 2.531840087350910551e+01
6.670000000000177565e+00 2.474844557048181670e+01
6.690000000000177138e+00 2.459473652459300297e+01
6.710000000000176712e+00 2.395181709577931883e+01
6.730000000000176286e+00 2.388414790861199322e+01
6.750000000000175859e+00 2.339368958648950070e+01
6.770000000000175433e+00 2.306204185822501174e+01
6.790000000000175007e+00 2.245690788582001574e+01
6.810000000000174580e+00 2.225221116368817320e+01
6.830000000000174154e+00 2.185714806188520498e+01
6.850000000000173728e+00 2.203105641701277051e+01
6.870000000000173301e+00 2.124651605674547739e+01
6.890000000000172875e+00 2.099910548889583595e+01
6.910000000000172449e+00 2.060786668584719905e+01
6.930000000000172022e+00 2.029736164899455630e+01
6.950000000000171596e+00 2.032744935942167785e+01
6.970000000000171170e+00 1.987061915777535503e+01
6.990000000000170743e+00 1.960070150367232245e+01
7.010000000000170317e+00 1.920222273653718403e+01
7.030000000000169891e+00 1.911814445993499945e+01
7.050000000000169464e+00 1.905158039288145844e+01
7.070000000000169038e+00 1.856138342852475986e+01
7.090000000000168612e+00 1.851929549647497097e+01
7.110000000000168185e+00 1.817786891712844621e+01
7.130000000000167759e+00 1.792663417375983315e+01
7.150000000000167333e+00 1.771408439245915645e+01
7.170000000000166906e+00 1.742723934523446516e+01
7.190000000000166480e+00 1.719101924733731224e+01
7.210000000000166054e+00 1.719663442022159572e+01
7.230000000000165628e+00 1.682187114046305254e+01
7.250000000000165201e+00 1.685045846952181137e+01
7.270000000000164775e+00 1.655056423202239557e+01
7.290000000000164349e+00 1.647666843657292191e+01
7.310000000000163922e+00 1.634273311766822090e+01
7.330000000000163496e+00 1.603874391012712408e+01
7.350000000000163070e+00 1.591467876522370339e+01
7.370000000000162643e+00 1.609857314911192461e+01
7.390000000000162217e+00 1.570368287248799533e+01
7.410000000000161791e+00 1.533299991633464110e+01
7.430000000000161364e+00 1.531863576456542120e+01
7.450000000000160938e+00 1.532686742345238606e+01
7.470000000000160512e+00 1.531409793171240707e+01
7.490000000000160085e+00 1.498937499022183140e+01
7.510000000000159659e+00 1.503097323499249072e+01
7.530000000000159233e+00 1.481209187457004717e+01
7.550000000000158806e+00 1.486345959035164022e+01
7.570000000000158380e+00 1.475892760562003048e+01
7.590000000000157954e+00 1.474543107667305541e+01
7.610000000000157527e+00 1.478030808804477481e+01
7.630000000000157101e+00 1.453961621976117868e+01
7.650000000000156675e+00 1.424740197531798636e+01
7.670000000000156248e+00 1.443274284280380826e+01
7.690000000000155822e+00 1.438900909648386950e+01
7.710000000000155396e+00 1.423076508190572298e+01
7.730000000000154969e+00 1.431442733936562561e+01
7.750000000000154543e+00 1.429508643172002635e+01
7.770000000000154117e+00 1.401790807510269410e+01
7.790000000000153690e+00 1.394823318948733970e+01
7.810000000000153264e+00 1.387951719366328618e+01
7.830000000000152838e+00 1.401918924829911006e+01
7.850000000000152411e+00 1.399885262311884837e+01
7.870000000000151985e+00 1.392626100813723333e+01
7.890000000000151559e+00 1.402458281399021267e+01
7.910000000000151132e+00 1.389960818689589139e+01
7.930000000000150706e+00 1.382368205429122199e+01
7.950000000000150280e+00 1.380276043349038595e+01
7.970000000000149853e+00 1.397434899205269687e+01
7.990000000000149427e+00 1.413551375064521842e+01
8.010000000000149001e+00 1.386185088038562263e+01
8.030000000000148574e+00 1.391473038714679156e+01
8.050000000000148148e+00 1.383529926455477010e+01
8.070000000000147722e+00 1.379062161427259348e+01
8.090000000000147296e+00 1.383937023376659425e+01
8.110000000000146869e+00 1.379847075480778074e+01
8.130000000000146443e+00 1.387813156700310202e+01
8.150000000000146017e+00 1.394876845843899460e+01
8.170000000000145590e+00 1.384597558472775347e+01
8.190000000000145164e+00 1.386273326296473840e+01
8.210000000000144738e+00 1.400720027354204689e+01
8.230000000000144311e+00 1.384907841963873665e+01
8.250000000000143885e+00 1.393432678570114369e+01
8.270000000000143459e+00 1.396924601579097747e+01
8.290000000000143032e+00 1.400149148784966613e+01
8.310000000000142606e+00 1.404081173388429704e+01
8.330000000000142180e+00 1.388582058408766606e+01
8.350000000000141753e+00 1.407232983352605160e+01
8.370000000000141327e+00 1.397801177798791983e+01
8.390000000000140901e+00 1.406848618548676910e+01
8.410000000000140474e+00 1.425304760160039130e+01
8.430000000000140048e+00 1.422561382384191830e+01
8.450000000000139622e+00 1.416208885431007936e+01
8.470000000000139195e+00 1.440843658694953611e+01
8.490000000000138769e+00 1.425032297073588694e+01
8.510000000000138343e+00 1.425871419853710798e+01
8.530000000000137916e+00 1.449834733252026808e+01
8.550000000000137490e+00 1.444183099943944981e+01
8.570000000000137064e+00 1.437626493076166412e+01
8.590000000000136637e+00 1.453501763643416211e+01
8.610000000000136211e+00 1.460161659282497659e+01
8.630000000000135785e+00 1.479643407969665958e+01
8.650000000000135358e+00 1.506521309902123740e+01
8.670000000000134932e+00 1.501937613705261931e+01
8.690000000000134506e+00 1.502512069455777421e+01
8.710000000000134079e+00 1.503920232082352726e+01
8.730000000000133653e+00 1.522426435025498570e+01
8.750000000000133227e+00 1.531144574258362034e+01
8.770000000000132800e+00 1.540427831614117693e+01
8.790000000000132374e+00 1.566215770921059303e+01
8.810000000000131948e+00 1.556185028855507291e+01
8.830000000000131521e+00 1.567255246464751295e+01
8.850000000000131095e+00 1.582653332984908801e+01
8.870000000000130669e+00 1.591110741025835118e+01
8.890000000000130242e+00 1.610226632446335415e+01
8.910000000000129816e+00 1.645012191810738500e+01
8.930000000000129390e+00 1.654748837988298860e+01
8.950000000000128964e+00 1.665133870810475614e+01
8.970000000000128537e+00 1.658747263135856898e+01
8.990000000000128111e+00 1.678980325419639996e+01
9.010000000000127685e+00 1.687453464203759168e+01
9.030000000000127258e+00 1.714149339297552999e+01
9.050000000000126832e+00 1.729377869309067606e+01
9.070000000000126406e+00 1.736129972304720326e+01
9.090000000000125979e+00 1.761257868637477486e+01
9.110000000000125553e+00 1.776305777370078332e+01
9.130000000000125127e+00 1.788080126750778120e+01
9.150000000000124700e+00 1.796750010167755107e+01
9.170000000000124274e+00 1.818473946056369428e+01
9.190000000000123848e+00 1.829328564205663099e+01
9.210000000000123421e+00 1.836493931134842583e+01
9.230000000000122995e+00 1.841829871789753525e+01
9.250000000000122569e+00 1.852186873566699177e+01
9.270000000000122142e+00 1.881479058938079874e+01
9.290000000000121716e+00 1.901732689960216405e+01
9.310000000000121290e+00 1.906398521899077991e+01
9.330000000000120863e+00 1.913532954398303687e+01
9.350000000000120437e+00 1.915965635863491912e+01
9.370000000000120011e+00 1.936109094582257839e+01
9.390000000000119584e+00 1.942114966781484497e+01
9.410000000000119158e+00 1.953663874699247671e+01
9.430000000000118732e+00 1.963504811570386721e+01
9.450000000000118305e+00 1.978517216191618289e+01
9.470000000000117879e+00 1.978579908406812748e+01
9.490000000000117453e+00 1.971142339882462835e+01
9.510000000000117026e+00 2.014251272064510445e+01
9.530000000000116600e+00 2.001007637002923190e+01
9.550000000000116174e+00 2.006396531230064539e+01
9.570000000000115747e+00 2.017869783420657015e+01
9.590000000000115321e+00 2.009189054696657450e+01
9.610000000000114895e+00 2.027246666676346720e+01
9.630000000000114468e+00 2.013235748789841040e+01
9.650000000000114042e+00 2.020108160839334133e+01
9.670000000000113616e+00 2.022755265699949234e+01
9.690000000000113189e+00 2.023517083773159086e+01
9.710000000000112763e+00 2.042192939178591260e+01
9.730000000000112337e+00 2.052682166408839493e+01
9.750000000000111910e+00 2.030569607248891373e+01
9.770000000000111484e+00 2.036764268328501259e+01
9.790000000000111058e+00 2.039336401553546452e+01
9.810000000000110632e+00 2.028003236954140576e+01
9.830000000000110205e+00 2.029926409860172853e+01
9.850000000000109779e+00 2.018829577960041277e+01
9.870000000000109353e+00 2.035648642727973368e+01
9.890000000000108926e+00 2.023743023645660344e+01
9.910000000000108500e+00 2.029681911486449408e+01
9.930000000000108074e+00 2.023533410985778147e+01
9.950000000000107647e+00 2.018398487207306147e+01
9.970000000000107221e+00 2.028349535771607748e+01
9.990000000000106795e+00 2.004748911965618419e+01
1.001000000000010637e+01 2.004987508348276393e+01
1.003000000000010594e+01 2.000356044256735188e+01
1.005000000000010552e+01 1.995900056947737866e+01
1.007000000000010509e+01 1.991499169202504760e+01
1.009000000000010466e+01 1.994671272370088033e+01
1.011000000000010424e+01 1.977306647867554545e+01
1.013000000000010381e+01 1.970810907835237558e+01
1.015000000000010338e+01 1.982310457190188302e+01
1.017000000000010296e+01 1.951285476874624081e+01
1.019000000000010253e+01 1.962479561398559724e+01
1.021000000000010210e+01 1.956860925320822631e+01
1.023000000000010168e+01 1.924949340060203085e+01
1.025000000000010125e+01 1.932546171848455430e+01
1.027000000000010083e+01 1.933015148862671140e+01
1.029000000000010040e+01 1.916547582861908339e+01
1.031000000000009997e+01 1.919316302805500385e+01
1.033000000000009955e+01 1.907514600778329950e+01
1.035000000000009912e+01 1.885818862595539258e+01
1.037000000000009869e+01 1.885854050364688206e+01
1.039000000000009827e+01 1.863157424362412229e+01
1.041000000000009784e+01 1.862388768504184711e+01
1.043000000000009742e+01 1.848970836611218616e+01
1.045000000000009699e+01 1.825408717504216227e+01
1.047000000000009656e+01 1.832889958236005867e+01
1.049000000000009614e+01 1.820963432726799169e+01
1.051000000000009571e+01 1.796016974805156607e+01
1.053000000000009528e+01 1.802544818009889838e+01
1.055000000000009486e+01 1.766808327466772965e+01
1.057000000000009443e+01 1.769399525365544790e+01
1.059000000000009400e+01 1.739514901521237178e+01
1.061000000000009358e+01 1.745006044515203669e+01
1.063000000000009315e+01 1.723994735497025843e+01
1.065000000000009273e+01 1.707072028301545075e+01
1.067000000000009230e+01 1.673186923184804442e+01
1.069000000000009187e+01 1.683381352780846996e+01
1.071000000000009145e+01 1.665506678295483667e+01
1.073000000000009102e+01 1.639900770155032106e+01
1.075000000000009059e+01 1.624694636903224421e+01
1.077000000000009017e+01 1.610795691187599132e+01
1.079000000000008974e+01 1.582812500941187039e+01
1.081000000000008932e+01 1.583907295809538418e+01
1.083000000000008889e+01 1.553138552672378836e+01
1.085000000000008846e+01 1.539280392152034160e+01
1.087000000000008804e+01 1.519110853210585077e+01
1.089000000000008761e+01 1.505602069545158983e+01
1.091000000000008718e+01 1.474394212637201385e+01
1.093000000000008676e+01 1.462518460423788191e+01
1.095000000000008633e+01 1.457011947247644024e+01
1.097000000000008590e+01 1.413058984272436014e+01
1.099000000000008548e+01 1.416105890151288804e+01
1.101000000000008505e+01 1.395835469725647116e+01
1.103000000000008463e+01 1.375103102469705973e+01
1.105000000000008420e+01 1.351559118678657967e+01
1.107000000000008377e+01 1.339063183475114371e+01
1.109000000000008335e+01 1.307950626278351258e+01
1.111000000000008292e+01 1.308331949851832121e+01
1.113000000000008249e+01 1.281851719173192627e+01
1.115000000000008207e+01 1.278601704761529056e+01
1.117000000000008164e+01 1.243976393154081173e+01
1.119000000000008122e+01 1.235640968496233505e+01
1.121000000000008079e+01 1.218374249223242245e+01
1.123000000000008036e+01 1.201042883142225115e+01
1.125000000000007994e+01 1.182513282724980463e+01
1.127000000000007951e+01 1.174822660432475807e+01
1.129000000000007908e+01 1.160690826348382032e+01
1.131000000000007866e+01 1.145109092575364329e+01
1.133000000000007823e+01 1.124331813099476740e+01
1.135000000000007780e+01 1.119791752994050960e+01
1.137000000000007738e+01 1.110949929191688490e+01
1.139000000000007695e+01 1.086255139593722951e+01
1.141000000000007653e+01 1.081124773945599671e+01
1.143000000000007610e+01 1.081875606103463383e+01
1.145000000000007567e+01 1.066637390608911495e+01
1.147000000000007525e+01 1.057030135662983916e+01
1.149000000000007482e+01 1.047008301429282717e+01
1.151000000000007439e+01 1.037763076060905121e+01
1.153000000000007397e+01 1.036946848558236667e+01
1.155000000000007354e+01 1.024154462403388344e+01
1.157000000000007311e+01 1.028847724010301157e+01
1.159000000000007269e+01 1.011769599014957244e+01
1.161000000000007226e+01 1.017769979057467289e+01
1.163000000000007184e+01 1.014462906462795466e+01
1.165000000000007141e+01 1.009097073882545104e+01
1.167000000000007098e+01 1.009089913652239545e+01
1.169000000000007056e+01 1.009917219993782389e+01
1.171000000000007013e+01 1.011407505120758543e+01
1.173000000000006970e+01 1.011292741004485762e+01
1.175000000000006928e+01 1.010139898360843347e+01
1.177000000000006885e+01 1.026245134865294695e+01
1.179000000000006843e+01 1.024100963531042119e+01
1.181000000000006800e+01 1.026271393158956791e+01
1.183000000000006757e+01 1.028045981739127157e+01
1.185000000000006715e+01 1.040952040826849689e+01
1.187000000000006672e+01 1.049492764291940183e+01
1.189000000000006629e+01 1.057737657603312442e+01
1.191000000000006587e+01 1.059386815675246218e+01
1.193000000000006544e+01 1.068000733550050718e+01
1.195000000000006501e+01 1.081071630260978544e+01
1.197000000000006459e+01 1.101670184247578632e+01
1.199000000000006416e+01 1.110561531812475522e+01
1.201000000000006374e+01 1.121930606005525988e+01
1.203000000000006331e+01 1.135997054500739445e+01
1.205000000000006288e+01 1.144382494731927657e+01
1.207000000000006246e+01 1.161482682765950969e+01
1.209000000000006203e+01 1.168652020007053949e+01
1.211000000000006160e+01 1.182530933980577181e+01
1.213000000000006118e+01 1.205913556087543093e+01
1.215000000000006075e+01 1.227483481730616965e+01
1.217000000000006033e+01 1.240001826927631434e+01
1.219000000000005990e+01 1.246501705735615850e+01
1.221000000000005947e+01 1.263241396485467760e+01
1.223000000000005905e+01 1.286541042976703153e+01
1.225000000000005862e+01 1.286036564900381052e+01
1.227000000000005819e+01 1.308217416479342177e+01
1.229000000000005777e+01 1.325986810869629906e+01
1.231000000000005734e+01 1.347507343089809062e+01
1.233000000000005691e+01 1.360192346161014321e+01
1.235000000000005649e+01 1.364000435424624769e+01
1.237000000000005606e+01 1.385300627321578304e+01
1.239000000000005564e+01 1.390891487352448230e+01
1.241000000000005521e+01 1.401604700928247027e+01
1.243000000000005478e+01 1.420222838749874938e+01
1.245000000000005436e+01 1.435358690551562688e+01
1.247000000000005393e+01 1.454298246314314369e+01
1.249000000000005350e+01 1.450710556119113726e+01
1.251000000000005308e+01 1.450593306184909181e+01
1.253000000000005265e+01 1.454390732092184990e+01
1.255000000000005222e+01 1.485639992970846102e+01
1.257000000000005180e+01 1.484460762025785208e+01
1.259000000000005137e+01 1.496168309976705046e+01
1.261000000000005095e+01 1.483832194968537799e+01
1.263000000000005052e+01 1.500458964024211816e+01
1.265000000000005009e+01 1.505126987340453049e+01
1.267000000000004967e+01 1.499827019239100956e+01
1.269000000000004924e+01 1.505176339807866981e+01
1.271000000000004881e+01 1.518724565913962365e+01
1.273000000000004839e+01 1.511710748165176632e+01
1.275000000000004796e+01 1.506046870161094020e+01
1.277000000000004754e+01 1.507563096141942260e+01
1.279000000000004711e+01 1.508723233772549932e+01
1.281000000000004668e+01 1.500805095682178170e+01
1.283000000000004626e+01 1.517919890417327444e+01
1.285000000000004583e+01 1.506250270197837793e+01
1.287000000000004540e+01 1.511732554779456095e+01
1.289000000000004498e+01 1.490956863890816386e+01
1.291000000000004455e+01 1.476784017856752484e+01
1.293000000000004412e+01 1.485074352337628056e+01
1.295000000000004370e+01 1.482215147848725856e+01
1.297000000000004327e+01 1.483142240117576804e+01
1.299000000000004285e+01 1.479480179662203199e+01
1.301000000000004242e+01 1.472929953643568268e+01
1.303000000000004199e+01 1.461613865779830768e+01
1.305000000000004157e+01 1.450002694591601404e+01
1.307000000000004114e+01 1.444626723743050434e+01
1.309000000000004071e+01 1.449198918916091294e+01
1.311000000000004029e+01 1.440120082793739620e+01
1.313000000000003986e+01 1.434815250349231164e+01
1.315000000000003944e+01 1.416773091790071071e+01
1.317000000000003901e+01 1.415702922365311167e+01
1.319000000000003858e+01 1.406765452005719119e+01
1.321000000000003816e+01 1.399698547772434587e+01
1.323000000000003773e+01 1.398499990795388648e+01
1.325000000000003730e+01 1.394970442326167337e+01
1.327000000000003688e+01 1.379795083365416630e+01
1.329000000000003645e+01 1.357176908568703588e+01
1.331000000000003602e+01 1.364874008423917040e+01
1.333000000000003560e+01 1.359955424126818002e+01
1.335000000000003517e+01 1.358364625900581757e+01
1.337000000000003475e+01 1.339487996549510562e+01
1.339000000000003432e+01 1.328466758410092474e+01
1.341000000000003389e+01 1.315528930177848643e+01
1.343000000000003347e+01 1.314069035944518582e+01
1.345000000000003304e+01 1.297536604110377745e+01
1.347000000000003261e+01 1.285740253870670813e+01
1.349000000000003219e+01 1.303535373416058007e+01
1.351000000000003176e+01 1.268171231263561438e+01
1.353000000000003133e+01 1.260996882788188955e+01
1.355000000000003091e+01 1.239004341739045145e+01
1.357000000000003048e+01 1.240726729676286411e+01
1.359000000000003006e+01 1.227395667975415705e+01
1.361000000000002963e+01 1.218796930560841751e+01
1.363000000000002920e+01 1.198171134573316898e+01
1.365000000000002878e+01 1.186006185489221743e+01
1.367000000000002835e+01 1.171323077158168147e+01
1.369000000000002792e+01 1.155060454966881878e+01
1.371000000000002750e+01 1.147016002083407216e+01
1.373000000000002707e+01 1.130277846144036502e+01
1.375000000000002665e+01 1.114843872179624285e+01
1.377000000000002622e+01 1.097756170019666655e+01
1.379000000000002579e+01 1.075190430231418759e+01
1.381000000000002537e+01 1.060096556308238469e+01
1.383000000000002494e+01 1.047095383500694155e+01
1.385000000000002451e+01 1.044685881996732668e+01
1.387000000000002409e+01 1.006592708635370492e+01
1.389000000000002366e+01 1.003384568348517725e+01
1.391000000000002323e+01 9.834780377880312230e+00
1.393000000000002281e+01 9.667869599945630554e+00
1.395000000000002238e+01 9.367985200592917394e+00
1.397000000000002196e+01 9.063218783065806861e+00
1.399000000000002153e+01 8.666395292820343599e+00
1.401000000000002110e+01 8.123451964811787107e+00
1.403000000000002068e+01 7.541491652419372471e+00
1.405000000000002025e+01 6.949195828776232986e+00
1.407000000000001982e+01 6.449334947747416003e+00
1.409000000000001940e+01 5.844344928809618089e+00
1.411000000000001897e+01 5.251102361249866846e+00
1.413000000000001855e+01 4.610931165968334966e+00
1.415000000000001812e+01 4.141751824221935330e+00
1.417000000000001769e+01 3.733986049104267124e+00
1.419000000000001727e+01 3.239685931425697163e+00
1.421000000000001684e+01 2.991577947818975680e+00
1.423000000000001641e+01 2.633997074202131028e+00
1.425000000000001599e+01 2.351240427614837536e+00
1.427000000000001556e+01 1.946651851628461660e+00
1.429000000000001513e+01 1.647082404353114926e+00
1.431000000000001471e+01 1.465053984734092207e+00
1.433000000000001428e+01 1.269991978751125128e+00
1.435000000000001386e+01 1.059218417283944724e+00
1.437000000000001343e+01 7.837403365181818682e-01
1.439000000000001300e+01 5.985477023443733779e-01
1.441000000000001258e+01 4.528580385934271590e-01
1.443000000000001215e+01 3.369868770749819831e-01
1.445000000000001172e+01 2.181873694834931821e-01
1.447000000000001130e+01 1.158712308418559100e-01
1.449000000000001087e+01 4.047590941816531229e-02
1.451000000000001044e+01 8.108918823842965751e-03
1.453000000000001002e+01 1.815584857774889776e-18
1.455000000000000959e+01 1.208118908346698699e-18
1.457000000000000917e+01 0.000000000000000000e+00
1.459000000000000874e+01 0.000000000000000000e+00
1.461000000000000831e+01 0.000000000000000000e+00
1.463000000000000789e+01 0.000000000000000000e+00
1.465000000000000746e+01 0.000000000000000000e+00
1.467000000000000703e+01 0.000000000000000000e+00
1.469000000000000661e+01 0.000000000000000000e+00
1.471000000000000618e+01 0.000000000000000000e+00
1.473000000000000576e+01 0.000000000000000000e+00
1.475000000000000533e+01 0.000000000000000000e+00
1.477000000000000490e+01 0.000000000000000000e+00
1.479000000000000448e+01 0.000000000000000000e+00
1.481000000000000405e+01 0.000000000000000000e+00
1.483000000000000362e+01 0.000000000000000000e+00
1.485000000000000320e+01 0.000000000000000000e+00
1.487000000000000277e+01 0.000000000000000000e+00
1.489000000000000234e+01 0.000000000000000000e+00
1.491000000000000192e+01 0.000000000000000000e+00
1.493000000000000149e+01 0.000000000000000000e+00
1.495000000000000107e+01 0.000000000000000000e+00
1.497000000000000064e+01 0.000000000000000000e+00
1.499000000000000021e+01 0.000000000000000000e+00
