# Redshift		Merger Rate Density [Gpc^-3yr^-1]
1.000000000031931770e-02 1.920189107700939815e+02
3.000000000031888964e-02 2.008635104128514683e+02
5.000000000031846331e-02 2.095944717330157232e+02
7.000000000031804392e-02 2.189915701645281558e+02
9.000000000031761760e-02 2.288067982055197831e+02
1.100000000003171913e-01 2.384854454449530863e+02
1.300000000003167511e-01 2.487542491456059111e+02
1.500000000003163247e-01 2.589367274825067966e+02
1.700000000003158984e-01 2.682755013345445150e+02
1.900000000003154721e-01 2.792469486511799914e+02
2.100000000003150458e-01 2.899525769802557988e+02
2.300000000003146194e-01 3.018885220988701121e+02
2.500000000003141931e-01 3.118875684461208948e+02
2.700000000003137668e-01 3.244492448099821900e+02
2.900000000003133405e-01 3.350651702919077479e+02
3.100000000003129141e-01 3.468400609776634838e+02
3.300000000003124878e-01 3.601814167881507274e+02
3.500000000003120615e-01 3.720185098923284954e+02
3.700000000003116352e-01 3.847830201632917806e+02
3.900000000003112088e-01 3.984918493306454934e+02
4.100000000003107825e-01 4.098166430572744048e+02
4.300000000003103562e-01 4.230265912473074081e+02
4.500000000003099299e-01 4.370815618891038525e+02
4.700000000003095035e-01 4.512264727184006574e+02
4.900000000003090772e-01 4.637433582394467635e+02
5.100000000003086509e-01 4.782123983711232427e+02
5.300000000003082246e-01 4.907962237113574133e+02
5.500000000003077982e-01 5.054840845758565706e+02
5.700000000003073719e-01 5.195709954392146983e+02
5.900000000003069456e-01 5.337424438907182775e+02
6.100000000003065193e-01 5.478291630620134356e+02
6.300000000003060929e-01 5.615172662820619962e+02
6.500000000003056666e-01 5.763784465411481506e+02
6.700000000003052403e-01 5.898678376139322381e+02
6.900000000003048140e-01 6.040852548315532431e+02
7.100000000003043876e-01 6.185892221574073346e+02
7.300000000003039613e-01 6.340805585016712485e+02
7.500000000003035350e-01 6.455002920363457406e+02
7.700000000003031086e-01 6.606793877334695253e+02
7.900000000003026823e-01 6.729496548007349475e+02
8.100000000003022560e-01 6.871989955899056213e+02
8.300000000003018297e-01 7.001493931739830714e+02
8.500000000003014033e-01 7.144609086520420078e+02
8.700000000003009770e-01 7.248567666510967911e+02
8.900000000003005507e-01 7.390037719891562347e+02
9.100000000003001244e-01 7.487461499034862982e+02
9.300000000002996980e-01 7.619615711840704080e+02
9.500000000002992717e-01 7.744482924739594409e+02
9.700000000002988454e-01 7.847955344226982106e+02
9.900000000002984191e-01 7.950561983487369844e+02
1.010000000000297993e+00 8.056010212447173444e+02
1.030000000000297566e+00 8.171591699164310967e+02
1.050000000000297140e+00 8.251303418305972173e+02
1.070000000000296714e+00 8.360476425979940132e+02
1.090000000000296287e+00 8.462334811022766416e+02
1.110000000000295861e+00 8.539938016286668017e+02
1.130000000000295435e+00 8.628132601221002460e+02
1.150000000000295008e+00 8.706982748214268213e+02
1.170000000000294582e+00 8.795653733355871964e+02
1.190000000000294156e+00 8.851478152580358483e+02
1.210000000000293729e+00 8.928283875315354408e+02
1.230000000000293303e+00 8.988259448337888671e+02
1.250000000000292877e+00 9.037116146496642841e+02
1.270000000000292451e+00 9.091582938650230972e+02
1.290000000000292024e+00 9.159856307763029690e+02
1.310000000000291598e+00 9.202861809852928445e+02
1.330000000000291172e+00 9.243577682849539769e+02
1.350000000000290745e+00 9.285694809344256555e+02
1.370000000000290319e+00 9.267266918456441545e+02
1.390000000000289893e+00 9.361069154318004166e+02
1.410000000000289466e+00 9.351464518712145946e+02
1.430000000000289040e+00 9.375185319032784719e+02
1.450000000000288614e+00 9.404269142789507896e+02
1.470000000000288187e+00 9.390760971750146382e+02
1.490000000000287761e+00 9.411879555142069194e+02
1.510000000000287335e+00 9.385775487460732620e+02
1.530000000000286908e+00 9.400627374477085141e+02
1.550000000000286482e+00 9.385921186565001335e+02
1.570000000000286056e+00 9.370714641909041802e+02
1.590000000000285629e+00 9.387176092664784619e+02
1.610000000000285203e+00 9.334318020002298226e+02
1.630000000000284777e+00 9.338458778844523067e+02
1.650000000000284350e+00 9.286831334352481235e+02
1.670000000000283924e+00 9.275640024144285007e+02
1.690000000000283498e+00 9.224358496187880974e+02
1.710000000000283071e+00 9.167480857893366419e+02
1.730000000000282645e+00 9.166451148561747004e+02
1.750000000000282219e+00 9.092684613956848807e+02
1.770000000000281792e+00 9.047163186046539067e+02
1.790000000000281366e+00 8.994442586560270456e+02
1.810000000000280940e+00 8.960807023588502034e+02
1.830000000000280513e+00 8.900529095267347657e+02
1.850000000000280087e+00 8.801964409749339211e+02
1.870000000000279661e+00 8.774008236859037879e+02
1.890000000000279234e+00 8.694498736339554625e+02
1.910000000000278808e+00 8.611795095055221054e+02
1.930000000000278382e+00 8.538037773581067995e+02
1.950000000000277955e+00 8.472266009311376820e+02
1.970000000000277529e+00 8.410768818872912789e+02
1.990000000000277103e+00 8.313960214106986086e+02
2.010000000000276899e+00 8.248121612833816698e+02
2.030000000000276472e+00 8.159728020336499412e+02
2.050000000000276046e+00 8.115000064179586161e+02
2.070000000000275620e+00 7.982590474204635029e+02
2.090000000000275193e+00 7.931264072732072918e+02
2.110000000000274767e+00 7.841493766517951371e+02
2.130000000000274341e+00 7.739917172155818434e+02
2.150000000000273914e+00 7.662414521459850221e+02
2.170000000000273488e+00 7.568838904626796875e+02
2.190000000000273062e+00 7.477160773780943828e+02
2.210000000000272635e+00 7.381882138785712186e+02
2.230000000000272209e+00 7.303604998278375433e+02
2.250000000000271783e+00 7.209618705655168469e+02
2.270000000000271356e+00 7.125468344706467860e+02
2.290000000000270930e+00 7.005808603929757510e+02
2.310000000000270504e+00 6.929867625691084640e+02
2.330000000000270077e+00 6.840522629320973920e+02
2.350000000000269651e+00 6.757015040028376234e+02
2.370000000000269225e+00 6.655907993032965351e+02
2.390000000000268798e+00 6.564142449301266424e+02
2.410000000000268372e+00 6.490577150898424179e+02
2.430000000000267946e+00 6.378692053693504249e+02
2.450000000000267519e+00 6.288624147775194615e+02
2.470000000000267093e+00 6.208267236792668200e+02
2.490000000000266667e+00 6.105181975031063075e+02
2.510000000000266240e+00 6.024639672797358116e+02
2.530000000000265814e+00 5.938556947499725993e+02
2.550000000000265388e+00 5.841219428998520016e+02
2.570000000000264961e+00 5.748346556368736628e+02
2.590000000000264535e+00 5.674548760276544499e+02
2.610000000000264109e+00 5.581788462668702095e+02
2.630000000000263682e+00 5.505081515493076267e+02
2.650000000000263256e+00 5.423140029478191764e+02
2.670000000000262830e+00 5.322065545597225764e+02
2.690000000000262403e+00 5.242316801952578089e+02
2.710000000000261977e+00 5.181171240319450817e+02
2.730000000000261551e+00 5.082000218761105543e+02
2.750000000000261124e+00 4.988982674484780659e+02
2.770000000000260698e+00 4.926760752488208936e+02
2.790000000000260272e+00 4.837203967869660346e+02
2.810000000000259845e+00 4.754120670509067281e+02
2.830000000000259419e+00 4.679810895584345189e+02
2.850000000000258993e+00 4.596431565672160104e+02
2.870000000000258567e+00 4.531314289641470623e+02
2.890000000000258140e+00 4.452415300599632815e+02
2.910000000000257714e+00 4.382550357614554741e+02
2.930000000000257288e+00 4.296785824877513846e+02
2.950000000000256861e+00 4.228855997763502046e+02
2.970000000000256435e+00 4.151603895545061391e+02
2.990000000000256009e+00 4.094945097522440278e+02
3.010000000000255582e+00 4.019565507106651694e+02
3.030000000000255156e+00 3.936708561066602101e+02
3.050000000000254730e+00 3.879452874052757352e+02
3.070000000000254303e+00 3.801239282341626335e+02
3.090000000000253877e+00 3.738040835275857603e+02
3.110000000000253451e+00 3.676420432713643436e+02
3.130000000000253024e+00 3.618685437646580567e+02
3.150000000000252598e+00 3.544045616376611747e+02
3.170000000000252172e+00 3.488165579666046483e+02
3.190000000000251745e+00 3.407147617196010287e+02
3.210000000000251319e+00 3.356999880864024703e+02
3.230000000000250893e+00 3.301090452629439937e+02
3.250000000000250466e+00 3.236225967590693813e+02
3.270000000000250040e+00 3.175440643075091316e+02
3.290000000000249614e+00 3.117023909710387102e+02
3.310000000000249187e+00 3.069317179155454482e+02
3.330000000000248761e+00 3.010829696914782403e+02
3.350000000000248335e+00 2.949575907155504524e+02
3.370000000000247908e+00 2.895235734687257150e+02
3.390000000000247482e+00 2.851096574515998441e+02
3.410000000000247056e+00 2.792462484047894691e+02
3.430000000000246629e+00 2.739150427977602931e+02
3.450000000000246203e+00 2.682674412091328122e+02
3.470000000000245777e+00 2.645171915644197611e+02
3.490000000000245350e+00 2.584307210135340256e+02
3.510000000000244924e+00 2.535707496170530533e+02
3.530000000000244498e+00 2.488411059246030277e+02
3.550000000000244071e+00 2.439411350960788241e+02
3.570000000000243645e+00 2.407064686971523599e+02
3.590000000000243219e+00 2.351131580017911347e+02
3.610000000000242792e+00 2.306915357161992404e+02
3.630000000000242366e+00 2.266563468292460186e+02
3.650000000000241940e+00 2.220780214087623676e+02
3.670000000000241513e+00 2.184786859671363004e+02
3.690000000000241087e+00 2.138390355139733856e+02
3.710000000000240661e+00 2.107982712902596631e+02
3.730000000000240234e+00 2.058803433463931185e+02
3.750000000000239808e+00 2.025428893206916428e+02
3.770000000000239382e+00 1.991103808861797120e+02
3.790000000000238956e+00 1.955511235364775473e+02
3.810000000000238529e+00 1.912022993595716684e+02
3.830000000000238103e+00 1.883177318756791863e+02
3.850000000000237677e+00 1.842258630160642952e+02
3.870000000000237250e+00 1.810419031767626450e+02
3.890000000000236824e+00 1.784043852644780088e+02
3.910000000000236398e+00 1.755197342820363815e+02
3.930000000000235971e+00 1.714261625558349351e+02
3.950000000000235545e+00 1.689228911876925281e+02
3.970000000000235119e+00 1.655120872260115163e+02
3.990000000000234692e+00 1.624871421063554067e+02
4.010000000000234266e+00 1.597304441784423545e+02
4.030000000000233840e+00 1.573129328210841891e+02
4.050000000000233413e+00 1.549139470575663040e+02
4.070000000000232987e+00 1.518148545689633409e+02
4.090000000000232561e+00 1.498967837578537399e+02
4.110000000000232134e+00 1.466741814682453082e+02
4.130000000000231708e+00 1.444762945767668896e+02
4.150000000000231282e+00 1.419999284432173852e+02
4.170000000000230855e+00 1.396634626551298197e+02
4.190000000000230429e+00 1.374362292838321480e+02
4.210000000000230003e+00 1.354836820545559135e+02
4.230000000000229576e+00 1.332830259224027714e+02
4.250000000000229150e+00 1.308451803935577686e+02
4.270000000000228724e+00 1.288610528359232603e+02
4.290000000000228297e+00 1.274867062060429959e+02
4.310000000000227871e+00 1.251711370306892235e+02
4.330000000000227445e+00 1.231441645463194305e+02
4.350000000000227018e+00 1.211417584076653782e+02
4.370000000000226592e+00 1.197611667739969050e+02
4.390000000000226166e+00 1.179493013656942253e+02
4.410000000000225739e+00 1.164595708700907579e+02
4.430000000000225313e+00 1.146910862490432095e+02
4.450000000000224887e+00 1.131686878995682406e+02
4.470000000000224460e+00 1.116590164997487165e+02
4.490000000000224034e+00 1.098336265062882973e+02
4.510000000000223608e+00 1.087530483305653775e+02
4.530000000000223181e+00 1.071279255690247965e+02
4.550000000000222755e+00 1.064254406000088835e+02
4.570000000000222329e+00 1.049714902780433476e+02
4.590000000000221902e+00 1.035758594243233404e+02
4.610000000000221476e+00 1.025324151332667952e+02
4.630000000000221050e+00 1.008015749263362721e+02
4.650000000000220624e+00 1.000565180555078086e+02
4.670000000000220197e+00 9.912464086868810398e+01
4.690000000000219771e+00 9.807382311027463118e+01
4.710000000000219345e+00 9.669535856096507587e+01
4.730000000000218918e+00 9.581252320670446920e+01
4.750000000000218492e+00 9.482837752726558733e+01
4.770000000000218066e+00 9.401258163332160223e+01
4.790000000000217639e+00 9.308771106247762361e+01
4.810000000000217213e+00 9.221222387356263539e+01
4.830000000000216787e+00 9.156518217705136919e+01
4.850000000000216360e+00 9.079242902050886244e+01
4.870000000000215934e+00 9.007927588797970486e+01
4.890000000000215508e+00 8.921083121911988201e+01
4.910000000000215081e+00 8.834530411244200820e+01
4.930000000000214655e+00 8.771342509011766708e+01
4.950000000000214229e+00 8.715849274580384076e+01
4.970000000000213802e+00 8.638397999498761237e+01
4.990000000000213376e+00 8.591354847394099181e+01
5.010000000000212950e+00 8.545365704707180043e+01
5.030000000000212523e+00 8.449458061076377646e+01
5.050000000000212097e+00 8.428987351614981094e+01
5.070000000000211671e+00 8.342413828866105519e+01
5.090000000000211244e+00 8.340529530412818815e+01
5.110000000000210818e+00 8.263900859961654533e+01
5.130000000000210392e+00 8.213347353252339644e+01
5.150000000000209965e+00 8.183234684123260649e+01
5.170000000000209539e+00 8.120768982654409740e+01
5.190000000000209113e+00 8.074437440111320541e+01
5.210000000000208686e+00 8.010831855037396565e+01
5.230000000000208260e+00 7.962250730179881941e+01
5.250000000000207834e+00 7.916587885020956605e+01
5.270000000000207407e+00 7.900019201359286569e+01
5.290000000000206981e+00 7.857383312662001629e+01
5.310000000000206555e+00 7.768279634624391861e+01
5.330000000000206128e+00 7.732692780967897761e+01
5.350000000000205702e+00 7.712616310211073767e+01
5.370000000000205276e+00 7.665135967208313161e+01
5.390000000000204849e+00 7.657535877871350749e+01
5.410000000000204423e+00 7.620962668068213475e+01
5.430000000000203997e+00 7.557532420143820673e+01
5.450000000000203570e+00 7.515940258645242977e+01
5.470000000000203144e+00 7.499028556984181648e+01
5.490000000000202718e+00 7.444186465765318417e+01
5.510000000000202292e+00 7.414049261416884917e+01
5.530000000000201865e+00 7.338574464924370488e+01
5.550000000000201439e+00 7.345867107092639969e+01
5.570000000000201013e+00 7.276753120970846567e+01
5.590000000000200586e+00 7.226340343937728505e+01
5.610000000000200160e+00 7.184098703577873835e+01
5.630000000000199734e+00 7.124535174184964603e+01
5.650000000000199307e+00 7.132949348282930657e+01
5.670000000000198881e+00 7.058588888098771008e+01
5.690000000000198455e+00 7.013861352816660144e+01
5.710000000000198028e+00 6.963407105003598474e+01
5.730000000000197602e+00 6.879141552396600900e+01
5.750000000000197176e+00 6.874808510268906048e+01
5.770000000000196749e+00 6.786104330439604837e+01
5.790000000000196323e+00 6.772264675556236568e+01
5.810000000000195897e+00 6.733396555562524100e+01
5.830000000000195470e+00 6.666064383774542534e+01
5.850000000000195044e+00 6.616121309014140195e+01
5.870000000000194618e+00 6.554665580352447307e+01
5.890000000000194191e+00 6.500414314425958651e+01
5.910000000000193765e+00 6.436264870427878293e+01
5.930000000000193339e+00 6.412004808245228560e+01
5.950000000000192912e+00 6.369274312044613140e+01
5.970000000000192486e+00 6.292820033375238609e+01
5.990000000000192060e+00 6.252718335894331858e+01
6.010000000000191633e+00 6.200975826581047556e+01
6.030000000000191207e+00 6.127693402140612022e+01
6.050000000000190781e+00 6.060804251967977052e+01
6.070000000000190354e+00 6.010696935435675670e+01
6.090000000000189928e+00 5.981851482473523873e+01
6.110000000000189502e+00 5.901785550938537739e+01
6.130000000000189075e+00 5.857001120682244277e+01
6.150000000000188649e+00 5.797109640640544370e+01
6.170000000000188223e+00 5.739281324822312058e+01
6.190000000000187796e+00 5.682057710303056552e+01
6.210000000000187370e+00 5.605249866361053535e+01
6.230000000000186944e+00 5.559652349407901539e+01
6.250000000000186517e+00 5.499261456339107212e+01
6.270000000000186091e+00 5.452471966517399693e+01
6.290000000000185665e+00 5.383030508058371311e+01
6.310000000000185238e+00 5.338022947747533209e+01
6.330000000000184812e+00 5.262825739716753048e+01
6.350000000000184386e+00 5.192737699753278235e+01
6.370000000000183960e+00 5.143091481753639016e+01
6.390000000000183533e+00 5.105569203615822005e+01
6.410000000000183107e+00 5.028208504780722876e+01
6.430000000000182681e+00 4.992813073487565134e+01
6.450000000000182254e+00 4.926413474571609186e+01
6.470000000000181828e+00 4.883274741767268523e+01
6.490000000000181402e+00 4.827084716049211721e+01
6.510000000000180975e+00 4.806654120203732816e+01
6.530000000000180549e+00 4.731571161658221314e+01
6.550000000000180123e+00 4.686231263525541380e+01
6.570000000000179696e+00 4.639760435337799294e+01
6.590000000000179270e+00 4.597699785892938706e+01
6.610000000000178844e+00 4.543510057544922631e+01
6.630000000000178417e+00 4.510696418964764121e+01
6.650000000000177991e+00 4.458288339946385292e+01
6.670000000000177565e+00 4.415428871593501015e+01
6.690000000000177138e+00 4.369483031114403104e+01
6.710000000000176712e+00 4.341467259858028882e+01
6.730000000000176286e+00 4.284373949658133540e+01
6.750000000000175859e+00 4.254506832304613795e+01
6.770000000000175433e+00 4.202293210731780704e+01
6.790000000000175007e+00 4.146196689171461713e+01
6.810000000000174580e+00 4.110347288460698678e+01
6.830000000000174154e+00 4.073582345327792353e+01
6.850000000000173728e+00 4.012733855373197400e+01
6.870000000000173301e+00 3.968673386663701308e+01
6.890000000000172875e+00 3.933415805039988555e+01
6.910000000000172449e+00 3.903902893773140903e+01
6.930000000000172022e+00 3.866424869482214888e+01
6.950000000000171596e+00 3.851598701932669400e+01
6.970000000000171170e+00 3.807133073186378880e+01
6.990000000000170743e+00 3.777955674532591956e+01
7.010000000000170317e+00 3.750408419770825219e+01
7.030000000000169891e+00 3.733341356271800748e+01
7.050000000000169464e+00 3.708394978241219775e+01
7.070000000000169038e+00 3.683578860524016108e+01
7.090000000000168612e+00 3.660065795015451329e+01
7.110000000000168185e+00 3.654169387916887501e+01
7.130000000000167759e+00 3.603912233371157470e+01
7.150000000000167333e+00 3.603034288676791164e+01
7.170000000000166906e+00 3.593826310021242421e+01
7.190000000000166480e+00 3.543971720847464724e+01
7.210000000000166054e+00 3.546854830812993242e+01
7.230000000000165628e+00 3.513238663381827109e+01
7.250000000000165201e+00 3.505325913243897418e+01
7.270000000000164775e+00 3.482012330900216313e+01
7.290000000000164349e+00 3.462726204739801972e+01
7.310000000000163922e+00 3.451556922222788160e+01
7.330000000000163496e+00 3.436526799973537294e+01
7.350000000000163070e+00 3.420568512986289278e+01
7.370000000000162643e+00 3.419275150823956011e+01
7.390000000000162217e+00 3.392639399357531715e+01
7.410000000000161791e+00 3.398437504981561119e+01
7.430000000000161364e+00 3.394645941972919445e+01
7.450000000000160938e+00 3.393932048776156307e+01
7.470000000000160512e+00 3.399766688051460051e+01
7.490000000000160085e+00 3.396332043482749441e+01
7.510000000000159659e+00 3.388194748189039274e+01
7.530000000000159233e+00 3.379325840549533666e+01
7.550000000000158806e+00 3.393694365410619440e+01
7.570000000000158380e+00 3.407715217448819800e+01
7.590000000000157954e+00 3.418286878696984843e+01
7.610000000000157527e+00 3.415171960041951138e+01
7.630000000000157101e+00 3.427456222225752214e+01
7.650000000000156675e+00 3.439649208781402479e+01
7.670000000000156248e+00 3.453288525236582274e+01
7.690000000000155822e+00 3.460013661799097662e+01
7.710000000000155396e+00 3.473812336975026938e+01
7.730000000000154969e+00 3.489210805463136467e+01
7.750000000000154543e+00 3.496898377690132520e+01
7.770000000000154117e+00 3.506859553818720343e+01
7.790000000000153690e+00 3.521442761707156421e+01
7.810000000000153264e+00 3.548595053468159222e+01
7.830000000000152838e+00 3.553532574253475929e+01
7.850000000000152411e+00 3.590005201492953546e+01
7.870000000000151985e+00 3.599824435041896464e+01
7.890000000000151559e+00 3.620715099428568351e+01
7.910000000000151132e+00 3.639897904263831663e+01
7.930000000000150706e+00 3.669293645130531445e+01
7.950000000000150280e+00 3.696713982051574732e+01
7.970000000000149853e+00 3.725018867765004416e+01
7.990000000000149427e+00 3.732893977393737117e+01
8.010000000000149001e+00 3.763458193064420243e+01
8.030000000000148574e+00 3.793900410279447044e+01
8.050000000000148148e+00 3.813810104070726226e+01
8.070000000000147722e+00 3.863142868729369184e+01
8.090000000000147296e+00 3.879921194170628951e+01
8.110000000000146869e+00 3.904366869786258576e+01
8.130000000000146443e+00 3.935581640183588092e+01
8.150000000000146017e+00 3.961375995445201426e+01
8.170000000000145590e+00 3.977507613784636931e+01
8.190000000000145164e+00 4.014439022783537325e+01
8.210000000000144738e+00 4.045934260465432430e+01
8.230000000000144311e+00 4.053226540884671891e+01
8.250000000000143885e+00 4.105614508991234857e+01
8.270000000000143459e+00 4.126436844731357212e+01
8.290000000000143032e+00 4.139985713037727066e+01
8.310000000000142606e+00 4.172818626467018532e+01
8.330000000000142180e+00 4.208139623196571932e+01
8.350000000000141753e+00 4.225496000291825993e+01
8.370000000000141327e+00 4.250673768349651027e+01
8.390000000000140901e+00 4.266178317797421471e+01
8.410000000000140474e+00 4.322011055455809014e+01
8.430000000000140048e+00 4.329274424032801249e+01
8.450000000000139622e+00 4.364611339831643022e+01
8.470000000000139195e+00 4.377003154831422904e+01
8.490000000000138769e+00 4.423309548403820202e+01
8.510000000000138343e+00 4.437022645315433067e+01
8.530000000000137916e+00 4.466310475122018175e+01
8.550000000000137490e+00 4.493572618304647648e+01
8.570000000000137064e+00 4.523316671561088498e+01
8.590000000000136637e+00 4.537294447420867982e+01
8.610000000000136211e+00 4.561508049003476373e+01
8.630000000000135785e+00 4.589989734161262902e+01
8.650000000000135358e+00 4.618744391202541522e+01
8.670000000000134932e+00 4.643268252473150426e+01
8.690000000000134506e+00 4.664503724804141882e+01
8.710000000000134079e+00 4.694050151975596208e+01
8.730000000000133653e+00 4.723452606705619417e+01
8.750000000000133227e+00 4.729547709900482744e+01
8.770000000000132800e+00 4.767626325723956171e+01
8.790000000000132374e+00 4.793529747969621724e+01
8.810000000000131948e+00 4.820108724082998464e+01
8.830000000000131521e+00 4.848817898301904705e+01
8.850000000000131095e+00 4.850706866455388422e+01
8.870000000000130669e+00 4.897094655948618680e+01
8.890000000000130242e+00 4.924573255841492170e+01
8.910000000000129816e+00 4.926635207376671133e+01
8.930000000000129390e+00 4.967869195534983362e+01
8.950000000000128964e+00 4.985900496876870136e+01
8.970000000000128537e+00 5.019486293451168990e+01
8.990000000000128111e+00 5.049250120778621920e+01
9.010000000000127685e+00 5.059213565926629030e+01
9.030000000000127258e+00 5.073684449938130570e+01
9.050000000000126832e+00 5.103834061744458950e+01
9.070000000000126406e+00 5.116030290097247502e+01
9.090000000000125979e+00 5.148643749662891622e+01
9.110000000000125553e+00 5.162393241410694600e+01
9.130000000000125127e+00 5.180455705373967845e+01
9.150000000000124700e+00 5.191503532632832218e+01
9.170000000000124274e+00 5.202167281437921531e+01
9.190000000000123848e+00 5.235120902963919320e+01
9.210000000000123421e+00 5.234212754357242403e+01
9.230000000000122995e+00 5.261035488438502483e+01
9.250000000000122569e+00 5.258791432184675330e+01
9.270000000000122142e+00 5.274410175939177492e+01
9.290000000000121716e+00 5.266174901107693529e+01
9.310000000000121290e+00 5.293525171761523751e+01
9.330000000000120863e+00 5.284384987817601598e+01
9.350000000000120437e+00 5.282919757714609688e+01
9.370000000000120011e+00 5.287335199147232601e+01
9.390000000000119584e+00 5.294991941255206314e+01
9.410000000000119158e+00 5.266848624980390525e+01
9.430000000000118732e+00 5.286494650266099882e+01
9.450000000000118305e+00 5.261494809093499470e+01
9.470000000000117879e+00 5.256240803404698880e+01
9.490000000000117453e+00 5.234670765064733189e+01
9.510000000000117026e+00 5.219182788298437004e+01
9.530000000000116600e+00 5.202385746547671630e+01
9.550000000000116174e+00 5.189665639838923994e+01
9.570000000000115747e+00 5.168011141301634126e+01
9.590000000000115321e+00 5.125380627781525078e+01
9.610000000000114895e+00 5.096562021252221797e+01
9.630000000000114468e+00 5.079151024431769912e+01
9.650000000000114042e+00 5.045802445388489588e+01
9.670000000000113616e+00 5.020315895031315989e+01
9.690000000000113189e+00 4.985308575314437007e+01
9.710000000000112763e+00 4.936439656680568788e+01
9.730000000000112337e+00 4.900247549244362943e+01
9.750000000000111910e+00 4.849050886582636366e+01
9.770000000000111484e+00 4.809940354570877474e+01
9.790000000000111058e+00 4.775976181838797885e+01
9.810000000000110632e+00 4.707135043119249218e+01
9.830000000000110205e+00 4.664024677371000394e+01
9.850000000000109779e+00 4.624032120168590865e+01
9.870000000000109353e+00 4.556039690971459066e+01
9.890000000000108926e+00 4.512888568702261693e+01
9.910000000000108500e+00 4.463710887858383103e+01
9.930000000000108074e+00 4.408042967700314563e+01
9.950000000000107647e+00 4.349381477786700856e+01
9.970000000000107221e+00 4.300666646251633551e+01
9.990000000000106795e+00 4.234439381436774852e+01
1.001000000000010637e+01 4.169462604056890598e+01
1.003000000000010594e+01 4.121369314672666917e+01
1.005000000000010552e+01 4.064486426561964549e+01
1.007000000000010509e+01 4.006684695265369101e+01
1.009000000000010466e+01 3.937212921104590180e+01
1.011000000000010424e+01 3.883116404942266087e+01
1.013000000000010381e+01 3.840545505851660124e+01
1.015000000000010338e+01 3.775606306616622021e+01
1.017000000000010296e+01 3.717123590686301782e+01
1.019000000000010253e+01 3.654253692505417916e+01
1.021000000000010210e+01 3.609948964463522714e+01
1.023000000000010168e+01 3.547435704728467698e+01
1.025000000000010125e+01 3.495870121194236901e+01
1.027000000000010083e+01 3.436530562038895908e+01
1.029000000000010040e+01 3.397716163378662202e+01
1.031000000000009997e+01 3.342678377268372714e+01
1.033000000000009955e+01 3.284663718062942905e+01
1.035000000000009912e+01 3.239447945790382022e+01
1.037000000000009869e+01 3.198131321576381225e+01
1.039000000000009827e+01 3.141331085286893554e+01
1.041000000000009784e+01 3.103253422740101186e+01
1.043000000000009742e+01 3.052500114880633930e+01
1.045000000000009699e+01 3.004483655924632046e+01
1.047000000000009656e+01 2.967339955542714591e+01
1.049000000000009614e+01 2.932884001964035647e+01
1.051000000000009571e+01 2.887890109014135476e+01
1.053000000000009528e+01 2.843878222088832786e+01
1.055000000000009486e+01 2.813711663226317228e+01
1.057000000000009443e+01 2.779712847358287675e+01
1.059000000000009400e+01 2.745386339546881871e+01
1.061000000000009358e+01 2.702355983972115183e+01
1.063000000000009315e+01 2.672438212918088496e+01
1.065000000000009273e+01 2.635212064393528308e+01
1.067000000000009230e+01 2.609602484665026267e+01
1.069000000000009187e+01 2.584059687547424744e+01
1.071000000000009145e+01 2.551254293773776993e+01
1.073000000000009102e+01 2.513285294947394632e+01
1.075000000000009059e+01 2.498654596158563024e+01
1.077000000000009017e+01 2.462306761561503876e+01
1.079000000000008974e+01 2.444363662359684852e+01
1.081000000000008932e+01 2.421437582726003157e+01
1.083000000000008889e+01 2.392334173696319510e+01
1.085000000000008846e+01 2.365795248030893916e+01
1.087000000000008804e+01 2.347327703734921656e+01
1.089000000000008761e+01 2.325316208662752970e+01
1.091000000000008718e+01 2.308145880437679409e+01
1.093000000000008676e+01 2.282354652878581192e+01
1.095000000000008633e+01 2.254559701243697134e+01
1.097000000000008590e+01 2.244023027161707518e+01
1.099000000000008548e+01 2.223094115686267003e+01
1.101000000000008505e+01 2.208426075757292750e+01
1.103000000000008463e+01 2.184548153363901335e+01
1.105000000000008420e+01 2.168098776372002945e+01
1.107000000000008377e+01 2.147104882394474146e+01
1.109000000000008335e+01 2.137853178965110956e+01
1.111000000000008292e+01 2.114944516530763963e+01
1.113000000000008249e+01 2.106569239597004284e+01
1.115000000000008207e+01 2.086146444888123597e+01
1.117000000000008164e+01 2.072030550708341323e+01
1.119000000000008122e+01 2.057589723538820436e+01
1.121000000000008079e+01 2.051578568837271632e+01
1.123000000000008036e+01 2.031077829476249619e+01
1.125000000000007994e+01 2.019145955625261379e+01
1.127000000000007951e+01 2.011290077344778737e+01
1.129000000000007908e+01 2.000929668787837556e+01
1.131000000000007866e+01 1.985916533743823464e+01
1.133000000000007823e+01 1.979494682877670186e+01
1.135000000000007780e+01 1.964846297787932627e+01
1.137000000000007738e+01 1.962595355532334906e+01
1.139000000000007695e+01 1.950213633753643805e+01
1.141000000000007653e+01 1.948592587338661630e+01
1.143000000000007610e+01 1.944992119031894262e+01
1.145000000000007567e+01 1.942915311051734406e+01
1.147000000000007525e+01 1.937954523369874238e+01
1.149000000000007482e+01 1.937757523043352492e+01
1.151000000000007439e+01 1.931070921750197300e+01
1.153000000000007397e+01 1.930634335907926769e+01
1.155000000000007354e+01 1.927822231694426591e+01
1.157000000000007311e+01 1.935772160387618612e+01
1.159000000000007269e+01 1.942672865761526069e+01
1.161000000000007226e+01 1.942476796194562283e+01
1.163000000000007184e+01 1.951360530999888354e+01
1.165000000000007141e+01 1.953669765148567805e+01
1.167000000000007098e+01 1.963927075668510369e+01
1.169000000000007056e+01 1.967829204499392759e+01
1.171000000000007013e+01 1.980954194721667960e+01
1.173000000000006970e+01 1.997282729202047236e+01
1.175000000000006928e+01 2.003359171142894013e+01
1.177000000000006885e+01 2.016715144943035654e+01
1.179000000000006843e+01 2.030461936200086370e+01
1.181000000000006800e+01 2.044056217660275010e+01
1.183000000000006757e+01 2.065858470925130064e+01
1.185000000000006715e+01 2.080545571316025644e+01
1.187000000000006672e+01 2.095276968550521346e+01
1.189000000000006629e+01 2.121908800427918607e+01
1.191000000000006587e+01 2.125446855123581358e+01
1.193000000000006544e+01 2.151183180770705761e+01
1.195000000000006501e+01 2.174797123068136528e+01
1.197000000000006459e+01 2.191279728041947905e+01
1.199000000000006416e+01 2.217335464971639425e+01
1.201000000000006374e+01 2.234892154986745183e+01
1.203000000000006331e+01 2.251345422239480953e+01
1.205000000000006288e+01 2.278241804340234111e+01
1.207000000000006246e+01 2.300899942161320411e+01
1.209000000000006203e+01 2.310162748485771544e+01
1.211000000000006160e+01 2.336273943030062128e+01
1.213000000000006118e+01 2.356037899573329142e+01
1.215000000000006075e+01 2.377037558971777997e+01
1.217000000000006033e+01 2.396899865106779615e+01
1.219000000000005990e+01 2.415962301269081181e+01
1.221000000000005947e+01 2.429051617316841671e+01
1.223000000000005905e+01 2.445692469518820289e+01
1.225000000000005862e+01 2.462066397516671401e+01
1.227000000000005819e+01 2.484118760450088459e+01
1.229000000000005777e+01 2.496308133364049553e+01
1.231000000000005734e+01 2.510020561935408168e+01
1.233000000000005691e+01 2.522552174779148615e+01
1.235000000000005649e+01 2.527173687263892177e+01
1.237000000000005606e+01 2.539988750480630131e+01
1.239000000000005564e+01 2.547182077002293354e+01
1.241000000000005521e+01 2.563657190523328211e+01
1.243000000000005478e+01 2.572412667137351150e+01
1.245000000000005436e+01 2.580605718041525520e+01
1.247000000000005393e+01 2.582563834859796614e+01
1.249000000000005350e+01 2.580232962920557327e+01
1.251000000000005308e+01 2.592955484043145731e+01
1.253000000000005265e+01 2.587343248718636701e+01
1.255000000000005222e+01 2.598667504798840611e+01
1.257000000000005180e+01 2.589377752601622618e+01
1.259000000000005137e+01 2.591932926768039636e+01
1.261000000000005095e+01 2.593584589931272077e+01
1.263000000000005052e+01 2.594478113350469073e+01
1.265000000000005009e+01 2.584615072829850746e+01
1.267000000000004967e+01 2.584517920773411248e+01
1.269000000000004924e+01 2.577744723581397324e+01
1.271000000000004881e+01 2.573322754257363343e+01
1.273000000000004839e+01 2.568006743909394984e+01
1.275000000000004796e+01 2.562607247121992415e+01
1.277000000000004754e+01 2.552664918068430211e+01
1.279000000000004711e+01 2.538116992073528522e+01
1.281000000000004668e+01 2.545770787194006601e+01
1.283000000000004626e+01 2.532496312449066878e+01
1.285000000000004583e+01 2.518089020156138247e+01
1.287000000000004540e+01 2.507811849675925231e+01
1.289000000000004498e+01 2.500534774070839816e+01
1.291000000000004455e+01 2.495413150529012825e+01
1.293000000000004412e+01 2.476928565960688999e+01
1.295000000000004370e+01 2.461872272192172062e+01
1.297000000000004327e+01 2.454443139482480873e+01
1.299000000000004285e+01 2.448752132503214440e+01
1.301000000000004242e+01 2.436273359424072638e+01
1.303000000000004199e+01 2.419332446908470047e+01
1.305000000000004157e+01 2.413920130763107963e+01
1.307000000000004114e+01 2.395785886549083088e+01
1.309000000000004071e+01 2.389111444995385369e+01
1.311000000000004029e+01 2.369719549163670180e+01
1.313000000000003986e+01 2.358992818102958822e+01
1.315000000000003944e+01 2.352461319165054832e+01
1.317000000000003901e+01 2.332965932804694020e+01
1.319000000000003858e+01 2.324100988225431053e+01
1.321000000000003816e+01 2.307621364896366600e+01
1.323000000000003773e+01 2.299857774040716052e+01
1.325000000000003730e+01 2.290062754097350961e+01
1.327000000000003688e+01 2.268984757566577315e+01
1.329000000000003645e+01 2.258833866764840792e+01
1.331000000000003602e+01 2.242777292504991493e+01
1.333000000000003560e+01 2.228390449149750197e+01
1.335000000000003517e+01 2.224436488527651079e+01
1.337000000000003475e+01 2.218177923103070270e+01
1.339000000000003432e+01 2.193029493556191767e+01
1.341000000000003389e+01 2.185918266893688511e+01
1.343000000000003347e+01 2.166161171077677139e+01
1.345000000000003304e+01 2.150524055085976372e+01
1.347000000000003261e+01 2.141265464719165479e+01
1.349000000000003219e+01 2.132058878694362747e+01
1.351000000000003176e+01 2.124791015355771506e+01
1.353000000000003133e+01 2.107881770318717329e+01
1.355000000000003091e+01 2.081162121528502595e+01
1.357000000000003048e+01 2.057691767924228188e+01
1.359000000000003006e+01 2.022759136070881780e+01
1.361000000000002963e+01 1.995212708082633313e+01
1.363000000000002920e+01 1.950373722706098789e+01
1.365000000000002878e+01 1.914851793477349773e+01
1.367000000000002835e+01 1.866836069656320163e+01
1.369000000000002792e+01 1.820952306086154238e+01
1.371000000000002750e+01 1.766764229382710738e+01
1.373000000000002707e+01 1.716600070518114052e+01
1.375000000000002665e+01 1.667679188055915063e+01
1.377000000000002622e+01 1.611251724659049600e+01
1.379000000000002579e+01 1.557193946047754984e+01
1.381000000000002537e+01 1.500713099057888478e+01
1.383000000000002494e+01 1.451934522280502904e+01
1.385000000000002451e+01 1.392971331935849122e+01
1.387000000000002409e+01 1.353805655358415194e+01
1.389000000000002366e+01 1.309639083704936979e+01
1.391000000000002323e+01 1.270397474165869767e+01
1.393000000000002281e+01 1.218405938864206384e+01
1.395000000000002238e+01 1.180650571992386588e+01
1.397000000000002196e+01 1.125507058150029316e+01
1.399000000000002153e+01 1.076484043640101618e+01
1.401000000000002110e+01 1.016218327213166361e+01
1.403000000000002068e+01 9.458318254912995826e+00
1.405000000000002025e+01 8.613642892991197897e+00
1.407000000000001982e+01 7.768789535432540028e+00
1.409000000000001940e+01 6.980383156966988523e+00
1.411000000000001897e+01 6.253022759694017552e+00
1.413000000000001855e+01 5.508652085527425690e+00
1.415000000000001812e+01 4.918508885964651078e+00
1.417000000000001769e+01 4.329301031444464876e+00
1.419000000000001727e+01 3.831051194633393830e+00
1.421000000000001684e+01 3.414507425459194501e+00
1.423000000000001641e+01 2.990100204931620098e+00
1.425000000000001599e+01 2.646636041435834308e+00
1.427000000000001556e+01 2.210559388548035908e+00
1.429000000000001513e+01 1.903906714376730092e+00
1.431000000000001471e+01 1.619038700997476710e+00
1.433000000000001428e+01 1.412683289286503108e+00
1.435000000000001386e+01 1.157203411682896865e+00
1.437000000000001343e+01 8.788170717545253918e-01
1.439000000000001300e+01 6.728112082014753303e-01
1.441000000000001258e+01 5.250240838858063475e-01
1.443000000000001215e+01 3.699711358600695221e-01
1.445000000000001172e+01 2.627735147308024044e-01
1.447000000000001130e+01 1.540771184939527805e-01
1.449000000000001087e+01 8.014002837885980668e-02
1.451000000000001044e+01 3.285718082971566395e-02
1.453000000000001002e+01 1.133712208393218394e-02
1.455000000000000959e+01 2.176815824985466139e-03
1.457000000000000917e+01 5.543169164302413823e-04
1.459000000000000874e+01 5.518589013093377254e-04
1.461000000000000831e+01 5.494147915291862925e-04
1.463000000000000789e+01 5.469844381443930877e-04
1.465000000000000746e+01 0.000000000000000000e+00
1.467000000000000703e+01 0.000000000000000000e+00
1.469000000000000661e+01 0.000000000000000000e+00
1.471000000000000618e+01 0.000000000000000000e+00
1.473000000000000576e+01 0.000000000000000000e+00
1.475000000000000533e+01 0.000000000000000000e+00
1.477000000000000490e+01 0.000000000000000000e+00
1.479000000000000448e+01 0.000000000000000000e+00
1.481000000000000405e+01 0.000000000000000000e+00
1.483000000000000362e+01 0.000000000000000000e+00
1.485000000000000320e+01 0.000000000000000000e+00
1.487000000000000277e+01 0.000000000000000000e+00
1.489000000000000234e+01 0.000000000000000000e+00
1.491000000000000192e+01 0.000000000000000000e+00
1.493000000000000149e+01 0.000000000000000000e+00
1.495000000000000107e+01 0.000000000000000000e+00
1.497000000000000064e+01 0.000000000000000000e+00
1.499000000000000021e+01 0.000000000000000000e+00
