# Redshift		Merger Rate Density [Gpc^-3yr^-1]
1.000000000031931770e-02 3.224754777977467679e+00
3.000000000031888964e-02 3.310193276965174736e+00
5.000000000031846331e-02 3.518336883827499317e+00
7.000000000031804392e-02 3.687549339045948393e+00
9.000000000031761760e-02 3.896204897884985030e+00
1.100000000003171913e-01 3.996497856919729585e+00
1.300000000003167511e-01 4.219919019705486107e+00
1.500000000003163247e-01 4.313025266459966645e+00
1.700000000003158984e-01 4.300742048599280665e+00
1.900000000003154721e-01 4.549807037785098096e+00
2.100000000003150458e-01 4.597320831057757573e+00
2.300000000003146194e-01 4.683551145100580904e+00
2.500000000003141931e-01 4.920832351208683342e+00
2.700000000003137668e-01 5.156793816743308945e+00
2.900000000003133405e-01 5.101878499042148185e+00
3.100000000003129141e-01 5.165472641775821216e+00
3.300000000003124878e-01 5.313600750049888966e+00
3.500000000003120615e-01 5.435073590231656482e+00
3.700000000003116352e-01 5.628302930218224809e+00
3.900000000003112088e-01 5.844224518054250694e+00
4.100000000003107825e-01 5.956189561899948970e+00
4.300000000003103562e-01 6.109310074639427768e+00
4.500000000003099299e-01 6.425678292710012229e+00
4.700000000003095035e-01 6.473017260703654685e+00
4.900000000003090772e-01 6.765204689713722352e+00
5.100000000003086509e-01 6.885412386470157742e+00
5.300000000003082246e-01 7.114899636650724446e+00
5.500000000003077982e-01 7.246484351058344764e+00
5.700000000003073719e-01 7.387315093038705704e+00
5.900000000003069456e-01 7.553828080002090495e+00
6.100000000003065193e-01 7.928641666952382039e+00
6.300000000003060929e-01 7.950763743213894230e+00
6.500000000003056666e-01 8.368728531423196060e+00
6.700000000003052403e-01 8.468062833917063159e+00
6.900000000003048140e-01 8.536302003508390968e+00
7.100000000003043876e-01 9.018305738126219495e+00
7.300000000003039613e-01 9.106598687371427303e+00
7.500000000003035350e-01 9.567173954136888980e+00
7.700000000003031086e-01 9.535544432325682607e+00
7.900000000003026823e-01 9.748841691055380565e+00
8.100000000003022560e-01 1.003598544236656309e+01
8.300000000003018297e-01 1.029286658817840383e+01
8.500000000003014033e-01 1.045109522933479340e+01
8.700000000003009770e-01 1.079320963736332573e+01
8.900000000003005507e-01 1.081783197926693063e+01
9.100000000003001244e-01 1.144061337328218464e+01
9.300000000002996980e-01 1.145162317709767841e+01
9.500000000002992717e-01 1.153779371536013620e+01
9.700000000002988454e-01 1.174533162539261077e+01
9.900000000002984191e-01 1.205271124253973269e+01
1.010000000000297993e+00 1.186842433162612664e+01
1.030000000000297566e+00 1.225749370066001376e+01
1.050000000000297140e+00 1.272271484597915325e+01
1.070000000000296714e+00 1.288290857108076537e+01
1.090000000000296287e+00 1.272204515593486640e+01
1.110000000000295861e+00 1.314630550241729345e+01
1.130000000000295435e+00 1.317645322829272914e+01
1.150000000000295008e+00 1.360468340815429045e+01
1.170000000000294582e+00 1.344024296843757860e+01
1.190000000000294156e+00 1.388681120988716877e+01
1.210000000000293729e+00 1.405607128429929986e+01
1.230000000000293303e+00 1.400090097485077578e+01
1.250000000000292877e+00 1.483822748737150121e+01
1.270000000000292451e+00 1.444130788415774269e+01
1.290000000000292024e+00 1.445086925770767294e+01
1.310000000000291598e+00 1.509692528144340073e+01
1.330000000000291172e+00 1.492771171690409915e+01
1.350000000000290745e+00 1.493335615805139049e+01
1.370000000000290319e+00 1.535483120146513514e+01
1.390000000000289893e+00 1.547633563301753234e+01
1.410000000000289466e+00 1.556910027889498593e+01
1.430000000000289040e+00 1.555300162626376981e+01
1.450000000000288614e+00 1.557151918163634008e+01
1.470000000000288187e+00 1.631156756457252399e+01
1.490000000000287761e+00 1.574724351354096896e+01
1.510000000000287335e+00 1.600802610267873050e+01
1.530000000000286908e+00 1.607294989183092682e+01
1.550000000000286482e+00 1.644493314320664012e+01
1.570000000000286056e+00 1.639419632748653655e+01
1.590000000000285629e+00 1.651209229030064307e+01
1.610000000000285203e+00 1.656053115779483420e+01
1.630000000000284777e+00 1.642725808761641204e+01
1.650000000000284350e+00 1.656914975545048563e+01
1.670000000000283924e+00 1.710690218471805224e+01
1.690000000000283498e+00 1.668744913568453114e+01
1.710000000000283071e+00 1.666849360307145034e+01
1.730000000000282645e+00 1.680424435024338337e+01
1.750000000000282219e+00 1.720787179881676821e+01
1.770000000000281792e+00 1.706712627263454252e+01
1.790000000000281366e+00 1.675704740736075848e+01
1.810000000000280940e+00 1.675371974943837827e+01
1.830000000000280513e+00 1.691779818593835572e+01
1.850000000000280087e+00 1.704187695936002100e+01
1.870000000000279661e+00 1.698362921369715295e+01
1.890000000000279234e+00 1.756420193430769672e+01
1.910000000000278808e+00 1.693403859563552061e+01
1.930000000000278382e+00 1.701087815944845616e+01
1.950000000000277955e+00 1.683149909469631922e+01
1.970000000000277529e+00 1.728372421913223178e+01
1.990000000000277103e+00 1.731600181260716909e+01
2.010000000000276899e+00 1.688101539638673643e+01
2.030000000000276472e+00 1.738141012663719920e+01
2.050000000000276046e+00 1.714094640437607708e+01
2.070000000000275620e+00 1.662682254522479042e+01
2.090000000000275193e+00 1.682561392832322866e+01
2.110000000000274767e+00 1.692942865121561624e+01
2.130000000000274341e+00 1.641551129261109665e+01
2.150000000000273914e+00 1.670702385054344319e+01
2.170000000000273488e+00 1.661264756094841033e+01
2.190000000000273062e+00 1.639063843340076687e+01
2.210000000000272635e+00 1.652970669448654562e+01
2.230000000000272209e+00 1.634267529794082918e+01
2.250000000000271783e+00 1.581772546920882405e+01
2.270000000000271356e+00 1.571616451741560105e+01
2.290000000000270930e+00 1.637627444275710431e+01
2.310000000000270504e+00 1.595169160057712787e+01
2.330000000000270077e+00 1.626839280692268730e+01
2.350000000000269651e+00 1.597137973431034830e+01
2.370000000000269225e+00 1.563589728001108448e+01
2.390000000000268798e+00 1.530685716712553557e+01
2.410000000000268372e+00 1.537742195898000830e+01
2.430000000000267946e+00 1.510002124063211326e+01
2.450000000000267519e+00 1.562422648713045881e+01
2.470000000000267093e+00 1.492384798411185898e+01
2.490000000000266667e+00 1.512382111359015546e+01
2.510000000000266240e+00 1.502410450987427204e+01
2.530000000000265814e+00 1.510610220464059772e+01
2.550000000000265388e+00 1.460292622306405796e+01
2.570000000000264961e+00 1.404489909419415916e+01
2.590000000000264535e+00 1.439124014686872499e+01
2.610000000000264109e+00 1.409307762742711922e+01
2.630000000000263682e+00 1.437217933940759629e+01
2.650000000000263256e+00 1.421076005867149838e+01
2.670000000000262830e+00 1.402801223340741643e+01
2.690000000000262403e+00 1.346069768723800486e+01
2.710000000000261977e+00 1.348473455656072595e+01
2.730000000000261551e+00 1.365386223889706585e+01
2.750000000000261124e+00 1.294844713289793958e+01
2.770000000000260698e+00 1.322180887838889873e+01
2.790000000000260272e+00 1.292317133571649457e+01
2.810000000000259845e+00 1.251411221213283298e+01
2.830000000000259419e+00 1.274761172007655396e+01
2.850000000000258993e+00 1.249191024368456304e+01
2.870000000000258567e+00 1.247959994506117276e+01
2.890000000000258140e+00 1.202899365680985078e+01
2.910000000000257714e+00 1.218326741776118638e+01
2.930000000000257288e+00 1.189483165320069169e+01
2.950000000000256861e+00 1.166345361379906898e+01
2.970000000000256435e+00 1.170758647291709487e+01
2.990000000000256009e+00 1.150720323680862656e+01
3.010000000000255582e+00 1.118594119578367518e+01
3.030000000000255156e+00 1.111493888591946444e+01
3.050000000000254730e+00 1.082134578024224503e+01
3.070000000000254303e+00 1.068953241720915415e+01
3.090000000000253877e+00 1.091038959362020400e+01
3.110000000000253451e+00 1.073298994672582829e+01
3.130000000000253024e+00 1.044135972283395830e+01
3.150000000000252598e+00 1.051054716770109110e+01
3.170000000000252172e+00 9.980256055533772042e+00
3.190000000000251745e+00 9.908479461563883817e+00
3.210000000000251319e+00 9.712770573524696971e+00
3.230000000000250893e+00 9.720676397436006866e+00
3.250000000000250466e+00 9.777995326881303129e+00
3.270000000000250040e+00 9.798843747242271363e+00
3.290000000000249614e+00 9.157646666537688773e+00
3.310000000000249187e+00 9.351060909440436220e+00
3.330000000000248761e+00 9.381512560236650700e+00
3.350000000000248335e+00 8.790463531720140722e+00
3.370000000000247908e+00 8.711338046785213507e+00
3.390000000000247482e+00 8.747305645195288193e+00
3.410000000000247056e+00 8.540009915116716144e+00
3.430000000000246629e+00 8.364964362795783259e+00
3.450000000000246203e+00 8.312762745764045391e+00
3.470000000000245777e+00 8.024278195811479719e+00
3.490000000000245350e+00 8.607202237005495249e+00
3.510000000000244924e+00 8.014480081872525474e+00
3.530000000000244498e+00 7.930951882960234123e+00
3.550000000000244071e+00 7.642583633263611453e+00
3.570000000000243645e+00 7.704220161393076971e+00
3.590000000000243219e+00 7.478327105939579944e+00
3.610000000000242792e+00 7.561014978862000468e+00
3.630000000000242366e+00 7.442235821930585971e+00
3.650000000000241940e+00 7.358589998606144711e+00
3.670000000000241513e+00 7.089228517308914235e+00
3.690000000000241087e+00 7.237316282448365889e+00
3.710000000000240661e+00 7.107151868559129504e+00
3.730000000000240234e+00 6.883809586278844428e+00
3.750000000000239808e+00 6.782622777958798643e+00
3.770000000000239382e+00 6.635162291710060778e+00
3.790000000000238956e+00 6.632349805326655634e+00
3.810000000000238529e+00 6.454602342554882632e+00
3.830000000000238103e+00 6.503067173421016811e+00
3.850000000000237677e+00 6.176981154871549862e+00
3.870000000000237250e+00 6.174889598855735962e+00
3.890000000000236824e+00 6.140167999584367209e+00
3.910000000000236398e+00 5.888177760206624534e+00
3.930000000000235971e+00 5.931141855711279831e+00
3.950000000000235545e+00 5.969058238945389228e+00
3.970000000000235119e+00 5.925362373342744071e+00
3.990000000000234692e+00 5.671925680885173016e+00
4.010000000000234266e+00 5.573559098058747274e+00
4.030000000000233840e+00 5.562135452664827895e+00
4.050000000000233413e+00 5.452329906392368031e+00
4.070000000000232987e+00 5.390098887079201262e+00
4.090000000000232561e+00 5.354263323049295309e+00
4.110000000000232134e+00 5.273549764321796118e+00
4.130000000000231708e+00 5.373739241918185527e+00
4.150000000000231282e+00 5.198706139302228024e+00
4.170000000000230855e+00 5.274250216882693465e+00
4.190000000000230429e+00 5.091087315808307423e+00
4.210000000000230003e+00 5.073998828464737265e+00
4.230000000000229576e+00 5.120049324727185436e+00
4.250000000000229150e+00 4.979567988642765286e+00
4.270000000000228724e+00 4.853593322108228136e+00
4.290000000000228297e+00 4.906718153044306696e+00
4.310000000000227871e+00 4.777667508640981886e+00
4.330000000000227445e+00 4.792736877081534175e+00
4.350000000000227018e+00 4.752201642305456275e+00
4.370000000000226592e+00 4.693111372368798939e+00
4.390000000000226166e+00 4.617159137501745114e+00
4.410000000000225739e+00 4.707929605074870238e+00
4.430000000000225313e+00 4.606305190194855292e+00
4.450000000000224887e+00 4.491317557276562233e+00
4.470000000000224460e+00 4.490506490643106474e+00
4.490000000000224034e+00 4.532240472032865952e+00
4.510000000000223608e+00 4.516787315752031517e+00
4.530000000000223181e+00 4.284662417794939060e+00
4.550000000000222755e+00 4.218832042313123587e+00
4.570000000000222329e+00 4.267024222137711931e+00
4.590000000000221902e+00 4.266213617539632352e+00
4.610000000000221476e+00 4.223292661002549409e+00
4.630000000000221050e+00 4.301644396695777139e+00
4.650000000000220624e+00 4.210154514930995795e+00
4.670000000000220197e+00 4.119662449445073094e+00
4.690000000000219771e+00 4.079576885740361369e+00
4.710000000000219345e+00 4.079357790032053899e+00
4.730000000000218918e+00 3.953979655468822241e+00
4.750000000000218492e+00 3.941254621800321711e+00
4.770000000000218066e+00 3.941746398069420732e+00
4.790000000000217639e+00 4.051389332048929148e+00
4.810000000000217213e+00 3.977083283216362286e+00
4.830000000000216787e+00 3.966358830775058575e+00
4.850000000000216360e+00 3.992951279222196614e+00
4.870000000000215934e+00 3.756442538407512188e+00
4.890000000000215508e+00 3.828967871596896444e+00
4.910000000000215081e+00 3.733495127954613579e+00
4.930000000000214655e+00 3.718955205658156959e+00
4.950000000000214229e+00 3.703874494217565427e+00
4.970000000000213802e+00 3.857296243251002288e+00
4.990000000000213376e+00 3.603921842465046765e+00
5.010000000000212950e+00 3.668365486873985226e+00
5.030000000000212523e+00 3.450846327291942739e+00
5.050000000000212097e+00 3.517658028116573909e+00
5.070000000000211671e+00 3.605064951783459204e+00
5.090000000000211244e+00 3.482732254295562324e+00
5.110000000000210818e+00 3.401380495262075865e+00
5.130000000000210392e+00 3.343705354911103544e+00
5.150000000000209965e+00 3.381797762053869949e+00
5.170000000000209539e+00 3.365151747020836304e+00
5.190000000000209113e+00 3.323648657673124340e+00
5.210000000000208686e+00 3.257142421553011591e+00
5.230000000000208260e+00 3.313832580460253308e+00
5.250000000000207834e+00 3.215039790354024873e+00
5.270000000000207407e+00 3.210868542756660116e+00
5.290000000000206981e+00 3.183912872986391918e+00
5.310000000000206555e+00 3.156497454066866215e+00
5.330000000000206128e+00 3.100875648486510094e+00
5.350000000000205702e+00 3.065286841226535497e+00
5.370000000000205276e+00 3.108041587663849636e+00
5.390000000000204849e+00 3.173628944267072871e+00
5.410000000000204423e+00 2.963526744622512421e+00
5.430000000000203997e+00 3.041377178022122152e+00
5.450000000000203570e+00 2.948706012341940852e+00
5.470000000000203144e+00 2.918613888460634520e+00
5.490000000000202718e+00 2.990353330038097557e+00
5.510000000000202292e+00 2.892835253597533463e+00
5.530000000000201865e+00 2.902797075738075883e+00
5.550000000000201439e+00 2.839889035237195269e+00
5.570000000000201013e+00 2.816660625892295489e+00
5.590000000000200586e+00 2.704988517049094376e+00
5.610000000000200160e+00 2.731222985369105682e+00
5.630000000000199734e+00 2.784108790997458449e+00
5.650000000000199307e+00 2.766584702783489558e+00
5.670000000000198881e+00 2.777379254445249579e+00
5.690000000000198455e+00 2.678009418813882547e+00
5.710000000000198028e+00 2.630590961047893472e+00
5.730000000000197602e+00 2.616226614073578371e+00
5.750000000000197176e+00 2.680132479451158289e+00
5.770000000000196749e+00 2.516906379457766185e+00
5.790000000000196323e+00 2.563347699464710860e+00
5.810000000000195897e+00 2.407187040025760449e+00
5.830000000000195470e+00 2.412446744284026057e+00
5.850000000000195044e+00 2.444046980076133746e+00
5.870000000000194618e+00 2.367325459061905502e+00
5.890000000000194191e+00 2.310539402814307586e+00
5.910000000000193765e+00 2.269278510568050855e+00
5.930000000000193339e+00 2.360382954550258816e+00
5.950000000000192912e+00 2.308568209111363068e+00
5.970000000000192486e+00 2.297019939126718757e+00
5.990000000000192060e+00 2.317144776294634667e+00
6.010000000000191633e+00 2.205308781389969219e+00
6.030000000000191207e+00 2.191809169022817638e+00
6.050000000000190781e+00 2.145060022193238325e+00
6.070000000000190354e+00 2.150037249568832909e+00
6.090000000000189928e+00 2.081383797145115899e+00
6.110000000000189502e+00 2.156863934629164703e+00
6.130000000000189075e+00 2.137602046298262781e+00
6.150000000000188649e+00 2.068965178724123444e+00
6.170000000000188223e+00 2.046437626745888139e+00
6.190000000000187796e+00 2.009162780817141059e+00
6.210000000000187370e+00 2.169063361064648365e+00
6.230000000000186944e+00 2.074410409721719972e+00
6.250000000000186517e+00 2.075732585934658037e+00
6.270000000000186091e+00 1.964676799072593738e+00
6.290000000000185665e+00 1.922224255044857166e+00
6.310000000000185238e+00 1.950081636849890554e+00
6.330000000000184812e+00 1.872829236036001266e+00
6.350000000000184386e+00 1.864403134362613290e+00
6.370000000000183960e+00 1.830318605164247270e+00
6.390000000000183533e+00 1.832665745539471480e+00
6.410000000000183107e+00 1.802441715681609047e+00
6.430000000000182681e+00 1.767250770336529886e+00
6.450000000000182254e+00 1.764164081086313285e+00
6.470000000000181828e+00 1.760054651165926076e+00
6.490000000000181402e+00 1.743086478174419751e+00
6.510000000000180975e+00 1.704343950612958958e+00
6.530000000000180549e+00 1.689899098705383906e+00
6.550000000000180123e+00 1.727821638152990502e+00
6.570000000000179696e+00 1.611228483081812657e+00
6.590000000000179270e+00 1.649007723155857308e+00
6.610000000000178844e+00 1.558796008033603853e+00
6.630000000000178417e+00 1.651703844942762345e+00
6.650000000000177991e+00 1.620646916132900461e+00
6.670000000000177565e+00 1.560548829308844754e+00
6.690000000000177138e+00 1.550003068904383108e+00
6.710000000000176712e+00 1.561567142557364507e+00
6.730000000000176286e+00 1.568752315387754281e+00
6.750000000000175859e+00 1.465467609465216814e+00
6.770000000000175433e+00 1.493348990669191245e+00
6.790000000000175007e+00 1.430000986816191588e+00
6.810000000000174580e+00 1.444458430503586355e+00
6.830000000000174154e+00 1.446760227169606727e+00
6.850000000000173728e+00 1.478374977232615128e+00
6.870000000000173301e+00 1.386887816241376026e+00
6.890000000000172875e+00 1.423527571953724813e+00
6.910000000000172449e+00 1.429790000337848754e+00
6.930000000000172022e+00 1.419340087455006172e+00
6.950000000000171596e+00 1.323159309846184017e+00
6.970000000000171170e+00 1.367997231247163548e+00
6.990000000000170743e+00 1.290284506009687693e+00
7.010000000000170317e+00 1.421165401588734944e+00
7.030000000000169891e+00 1.319107106549996411e+00
7.050000000000169464e+00 1.284518731158851068e+00
7.070000000000169038e+00 1.355310254169545869e+00
7.090000000000168612e+00 1.237142253668072067e+00
7.110000000000168185e+00 1.326565988207370150e+00
7.130000000000167759e+00 1.249723237142725596e+00
7.150000000000167333e+00 1.185939958421169838e+00
7.170000000000166906e+00 1.217476331953482038e+00
7.190000000000166480e+00 1.214377934953538629e+00
7.210000000000166054e+00 1.187877215892335192e+00
7.230000000000165628e+00 1.182059018393734950e+00
7.250000000000165201e+00 1.214514482536845241e+00
7.270000000000164775e+00 1.157688317185008531e+00
7.290000000000164349e+00 1.179622836449337075e+00
7.310000000000163922e+00 1.206403559889836608e+00
7.330000000000163496e+00 1.124463854819788500e+00
7.350000000000163070e+00 1.123615417888694346e+00
7.370000000000162643e+00 1.137753572320521211e+00
7.390000000000162217e+00 1.131294152927888153e+00
7.410000000000161791e+00 1.074991218600219733e+00
7.430000000000161364e+00 1.183336074276780225e+00
7.450000000000160938e+00 1.082070295065556076e+00
7.470000000000160512e+00 1.068939095486961310e+00
7.490000000000160085e+00 1.088908794953699966e+00
7.510000000000159659e+00 1.086093389121277397e+00
7.530000000000159233e+00 1.082236025872010954e+00
7.550000000000158806e+00 1.076241387235026936e+00
7.570000000000158380e+00 1.053521619154354605e+00
7.590000000000157954e+00 1.063734565109995200e+00
7.610000000000157527e+00 1.042281304107729234e+00
7.630000000000157101e+00 1.073800863840997710e+00
7.650000000000156675e+00 1.019181617841323106e+00
7.670000000000156248e+00 1.080017989592790162e+00
7.690000000000155822e+00 1.077311279570701386e+00
7.710000000000155396e+00 1.090478985632781006e+00
7.730000000000154969e+00 1.036177254082301991e+00
7.750000000000154543e+00 1.058722863417526083e+00
7.770000000000154117e+00 1.048451362568214362e+00
7.790000000000153690e+00 1.029896707406406486e+00
7.810000000000153264e+00 1.022207443376591529e+00
7.830000000000152838e+00 9.824621293801500954e-01
7.850000000000152411e+00 9.914075111819414809e-01
7.870000000000151985e+00 1.024825296130585706e+00
7.890000000000151559e+00 9.934674144612868352e-01
7.910000000000151132e+00 1.048285772647317149e+00
7.930000000000150706e+00 1.016990636895375610e+00
7.950000000000150280e+00 9.816887740788532435e-01
7.970000000000149853e+00 9.950200421443202714e-01
7.990000000000149427e+00 9.695322856907535591e-01
8.010000000000149001e+00 9.739739322602807281e-01
8.030000000000148574e+00 1.053724469150686405e+00
8.050000000000148148e+00 9.980961008746639385e-01
8.070000000000147722e+00 9.482761004724311604e-01
8.090000000000147296e+00 1.016983949524518094e+00
8.110000000000146869e+00 1.017936834066773155e+00
8.130000000000146443e+00 9.863704583570375162e-01
8.150000000000146017e+00 9.999081224729720052e-01
8.170000000000145590e+00 9.660782865318290336e-01
8.190000000000145164e+00 9.435063733634631022e-01
8.210000000000144738e+00 9.890535299974959615e-01
8.230000000000144311e+00 9.857432678984014984e-01
8.250000000000143885e+00 9.535195254772016460e-01
8.270000000000143459e+00 9.871030436799569374e-01
8.290000000000143032e+00 9.619872972476587458e-01
8.310000000000142606e+00 9.852141000888834377e-01
8.330000000000142180e+00 9.412699402661386383e-01
8.350000000000141753e+00 8.988184113735295799e-01
8.370000000000141327e+00 9.422620068295400886e-01
8.390000000000140901e+00 9.273878104104713582e-01
8.410000000000140474e+00 9.363006171220111806e-01
8.430000000000140048e+00 9.183514428294274889e-01
8.450000000000139622e+00 9.158659117096674684e-01
8.470000000000139195e+00 9.109452858434179401e-01
8.490000000000138769e+00 9.149007456641485847e-01
8.510000000000138343e+00 9.009250597448993370e-01
8.530000000000137916e+00 8.654441059805262348e-01
8.550000000000137490e+00 8.324341821125936791e-01
8.570000000000137064e+00 8.407072735192104851e-01
8.590000000000136637e+00 8.624285194373263463e-01
8.610000000000136211e+00 8.529488990440790008e-01
8.630000000000135785e+00 8.286152006985409990e-01
8.650000000000135358e+00 7.768866804734846365e-01
8.670000000000134932e+00 8.359313999291849706e-01
8.690000000000134506e+00 8.083938121428350110e-01
8.710000000000134079e+00 7.891686973063802846e-01
8.730000000000133653e+00 7.752564393076600835e-01
8.750000000000133227e+00 7.736126832521803554e-01
8.770000000000132800e+00 7.799341646535046246e-01
8.790000000000132374e+00 7.330594920348189047e-01
8.810000000000131948e+00 7.501027576918337658e-01
8.830000000000131521e+00 7.010010710175663684e-01
8.850000000000131095e+00 6.977999814094720810e-01
8.870000000000130669e+00 6.840334495691858807e-01
8.890000000000130242e+00 6.897889672781554182e-01
8.910000000000129816e+00 6.628677174552506379e-01
8.930000000000129390e+00 6.871516350702656650e-01
8.950000000000128964e+00 6.763731040914795489e-01
8.970000000000128537e+00 6.597257540221761474e-01
8.990000000000128111e+00 6.352537972810066158e-01
9.010000000000127685e+00 6.257540410077946369e-01
9.030000000000127258e+00 6.301547521303150212e-01
9.050000000000126832e+00 5.901753010464820814e-01
9.070000000000126406e+00 5.977924746100582443e-01
9.090000000000125979e+00 5.803378253383709717e-01
9.110000000000125553e+00 5.758561713092066325e-01
9.130000000000125127e+00 5.600265499143681769e-01
9.150000000000124700e+00 5.447481406248606550e-01
9.170000000000124274e+00 5.733384151945174478e-01
9.190000000000123848e+00 5.605260844460600023e-01
9.210000000000123421e+00 5.500055061326006856e-01
9.230000000000122995e+00 5.791247314286807057e-01
9.250000000000122569e+00 5.468701758563958570e-01
9.270000000000122142e+00 5.316568234116521019e-01
9.290000000000121716e+00 5.085049452812964166e-01
9.310000000000121290e+00 5.120791294157721607e-01
9.330000000000120863e+00 5.289610390200887302e-01
9.350000000000120437e+00 5.050291280112478853e-01
9.370000000000120011e+00 5.246058709653828034e-01
9.390000000000119584e+00 5.004128804580485479e-01
9.410000000000119158e+00 5.034298253921692945e-01
9.430000000000118732e+00 4.933147718302950957e-01
9.450000000000118305e+00 4.931774579171206430e-01
9.470000000000117879e+00 5.116401879759204796e-01
9.490000000000117453e+00 4.901440141137237694e-01
9.510000000000117026e+00 5.061164831566276057e-01
9.530000000000116600e+00 4.908723739807720476e-01
9.550000000000116174e+00 4.862984478151602952e-01
9.570000000000115747e+00 4.860312376536330969e-01
9.590000000000115321e+00 5.024378278477132920e-01
9.610000000000114895e+00 4.904278819433560144e-01
9.630000000000114468e+00 4.798117514028217845e-01
9.650000000000114042e+00 4.756415788766104602e-01
9.670000000000113616e+00 4.861023158586777471e-01
9.690000000000113189e+00 4.755543518153357851e-01
9.710000000000112763e+00 4.841336473165190890e-01
9.730000000000112337e+00 4.630113781739202961e-01
9.750000000000111910e+00 4.531666975299036282e-01
9.770000000000111484e+00 4.625041984261916150e-01
9.790000000000111058e+00 4.545610575380541474e-01
9.810000000000110632e+00 4.553951497584071695e-01
9.830000000000110205e+00 4.538056778458767759e-01
9.850000000000109779e+00 4.597926926188808938e-01
9.870000000000109353e+00 4.547465838672201111e-01
9.890000000000108926e+00 4.685784476464553427e-01
9.910000000000108500e+00 4.259041813523812836e-01
9.930000000000108074e+00 4.350060123888754848e-01
9.950000000000107647e+00 4.065971149995056266e-01
9.970000000000107221e+00 4.054172633825726124e-01
9.990000000000106795e+00 4.239164117218390260e-01
1.001000000000010637e+01 3.839797171917918028e-01
1.003000000000010594e+01 3.995017841873286235e-01
1.005000000000010552e+01 3.947053091179812956e-01
1.007000000000010509e+01 3.814380309727041785e-01
1.009000000000010466e+01 3.551506392429116254e-01
1.011000000000010424e+01 3.606532517013747441e-01
1.013000000000010381e+01 3.827039945870224225e-01
1.015000000000010338e+01 3.572828057310775685e-01
1.017000000000010296e+01 3.373281987323637487e-01
1.019000000000010253e+01 3.296845015904651954e-01
1.021000000000010210e+01 3.155538025019413162e-01
1.023000000000010168e+01 3.208966848383354997e-01
1.025000000000010125e+01 3.021499730634711334e-01
1.027000000000010083e+01 3.171249804269863914e-01
1.029000000000010040e+01 2.898643364448353910e-01
1.031000000000009997e+01 2.695774608492605973e-01
1.033000000000009955e+01 2.596575678630266282e-01
1.035000000000009912e+01 2.577336565521537448e-01
1.037000000000009869e+01 2.492649365626569691e-01
1.039000000000009827e+01 2.501149719178356601e-01
1.041000000000009784e+01 2.318099866912747553e-01
1.043000000000009742e+01 2.511988781490204214e-01
1.045000000000009699e+01 2.178614439464512109e-01
1.047000000000009656e+01 2.172215932204680233e-01
1.049000000000009614e+01 2.024766583956305877e-01
1.051000000000009571e+01 1.992392244680083191e-01
1.053000000000009528e+01 1.878346830005606372e-01
1.055000000000009486e+01 1.822227063709342676e-01
1.057000000000009443e+01 1.801492130712773754e-01
1.059000000000009400e+01 1.656014874840603390e-01
1.061000000000009358e+01 1.590697132286606197e-01
1.063000000000009315e+01 1.555683953589404867e-01
1.065000000000009273e+01 1.456932121891792165e-01
1.067000000000009230e+01 1.364651147622802096e-01
1.069000000000009187e+01 1.558205394871602645e-01
1.071000000000009145e+01 1.456254407513641047e-01
1.073000000000009102e+01 1.261462654607015399e-01
1.075000000000009059e+01 1.183948562441016483e-01
1.077000000000009017e+01 1.111261220717861403e-01
1.079000000000008974e+01 1.084323886303874829e-01
1.081000000000008932e+01 1.110483438300409881e-01
1.083000000000008889e+01 1.026169233295946420e-01
1.085000000000008846e+01 9.772107286478315391e-02
1.087000000000008804e+01 8.754681908630670972e-02
1.089000000000008761e+01 1.025838763592600150e-01
1.091000000000008718e+01 8.346996785938640140e-02
1.093000000000008676e+01 8.129687646694115644e-02
1.095000000000008633e+01 7.630813443575752697e-02
1.097000000000008590e+01 8.617059915052217856e-02
1.099000000000008548e+01 7.205944756292158304e-02
1.101000000000008505e+01 6.251506567174584805e-02
1.103000000000008463e+01 6.255015928833305983e-02
1.105000000000008420e+01 6.756093610921229398e-02
1.107000000000008377e+01 5.452159846636658869e-02
1.109000000000008335e+01 5.782462514954538751e-02
1.111000000000008292e+01 6.140553762506708452e-02
1.113000000000008249e+01 5.225600091812730025e-02
1.115000000000008207e+01 4.467537707967177141e-02
1.117000000000008164e+01 4.603011630321821035e-02
1.119000000000008122e+01 4.833020384290351995e-02
1.121000000000008079e+01 4.593798684003167626e-02
1.123000000000008036e+01 3.773927680959268671e-02
1.125000000000007994e+01 4.268767319711097574e-02
1.127000000000007951e+01 3.509796663209716061e-02
1.129000000000007908e+01 3.348957809050587264e-02
1.131000000000007866e+01 3.026619482575476291e-02
1.133000000000007823e+01 2.897901565843749930e-02
1.135000000000007780e+01 3.336233985903178101e-02
1.137000000000007738e+01 3.327289297006043312e-02
1.139000000000007695e+01 2.968587975321491240e-02
1.141000000000007653e+01 2.604194807781406301e-02
1.143000000000007610e+01 2.402663981603733040e-02
1.145000000000007567e+01 2.315645432643047633e-02
1.147000000000007525e+01 2.044076526853481901e-02
1.149000000000007482e+01 2.067574076960406251e-02
1.151000000000007439e+01 2.425106759500373146e-02
1.153000000000007397e+01 2.308442845273840291e-02
1.155000000000007354e+01 1.744003648503857085e-02
1.157000000000007311e+01 1.798022021838733414e-02
1.159000000000007269e+01 1.640101958010958816e-02
1.161000000000007226e+01 1.570842571300548954e-02
1.163000000000007184e+01 1.582429720831420028e-02
1.165000000000007141e+01 1.922748463638073238e-02
1.167000000000007098e+01 1.790899914127831380e-02
1.169000000000007056e+01 1.338848594279394393e-02
1.171000000000007013e+01 1.256561445782708106e-02
1.173000000000006970e+01 1.302940457623363336e-02
1.175000000000006928e+01 1.287500273856200146e-02
1.177000000000006885e+01 1.225916274347211600e-02
1.179000000000006843e+01 1.148109731420332569e-02
1.181000000000006800e+01 1.847547427590151559e-02
1.183000000000006757e+01 1.092682867016750090e-02
1.185000000000006715e+01 1.058782012473192743e-02
1.187000000000006672e+01 1.156903840497145244e-02
1.189000000000006629e+01 1.133244466056637124e-02
1.191000000000006587e+01 9.966573655213079377e-03
1.193000000000006544e+01 1.270780320400180172e-02
1.195000000000006501e+01 1.263952413614849273e-02
1.197000000000006459e+01 9.441770165192301181e-03
1.199000000000006416e+01 9.345739302649242949e-03
1.201000000000006374e+01 1.080358619805779630e-02
1.203000000000006331e+01 1.088401598907783735e-02
1.205000000000006288e+01 8.992966543411138811e-03
1.207000000000006246e+01 1.113785367834311917e-02
1.209000000000006203e+01 1.103195766694502027e-02
1.211000000000006160e+01 8.553816248306006509e-03
1.213000000000006118e+01 8.482691047810382926e-03
1.215000000000006075e+01 1.068601911249639734e-02
1.217000000000006033e+01 1.076492347123511606e-02
1.219000000000005990e+01 9.994274823327877269e-03
1.221000000000005947e+01 9.924087525467894730e-03
1.223000000000005905e+01 8.133250669601748903e-03
1.225000000000005862e+01 8.068614052085294405e-03
1.227000000000005819e+01 1.070969215189554631e-02
1.229000000000005777e+01 1.077356023454031572e-02
1.231000000000005734e+01 8.024267651948741378e-03
1.233000000000005691e+01 8.958050370649664126e-03
1.235000000000005649e+01 8.923426841289990724e-03
1.237000000000005606e+01 7.754475477229313615e-03
1.239000000000005564e+01 7.721905419341705719e-03
1.241000000000005521e+01 1.073654879103147324e-02
1.243000000000005478e+01 1.076596760692217353e-02
1.245000000000005436e+01 8.250985139881586092e-03
1.247000000000005393e+01 7.572354271193998572e-03
1.249000000000005350e+01 8.135747079072542381e-03
1.251000000000005308e+01 7.453186222126181697e-03
1.253000000000005265e+01 1.067091721232379768e-02
1.255000000000005222e+01 1.066751103883100890e-02
1.257000000000005180e+01 7.696232421840826059e-03
1.259000000000005137e+01 7.303587859463669778e-03
1.261000000000005095e+01 7.599619789419788385e-03
1.263000000000005052e+01 7.206312803755192918e-03
1.265000000000005009e+01 7.175248402043408504e-03
1.267000000000004967e+01 1.048483720307171949e-02
1.269000000000004924e+01 1.061462960184806313e-02
1.271000000000004881e+01 7.047265585632381604e-03
1.273000000000004839e+01 7.015214389496256080e-03
1.275000000000004796e+01 7.131673791881345051e-03
1.277000000000004754e+01 6.935555294692093142e-03
1.279000000000004711e+01 1.023507027179287876e-02
1.281000000000004668e+01 1.025773228855467872e-02
1.283000000000004626e+01 6.800541499160897736e-03
1.285000000000004583e+01 6.769470148309747817e-03
1.287000000000004540e+01 6.804910216689990556e-03
1.289000000000004498e+01 6.699792712062675737e-03
1.291000000000004455e+01 9.937978216939169843e-03
1.293000000000004412e+01 9.907066293680205984e-03
1.295000000000004370e+01 6.562268111334824613e-03
1.297000000000004327e+01 6.532267991812449465e-03
1.299000000000004285e+01 6.529122044548820412e-03
1.301000000000004242e+01 6.469153018655067998e-03
1.303000000000004199e+01 9.618852579296515923e-03
1.305000000000004157e+01 9.564959364963350821e-03
1.307000000000004114e+01 6.332759320824126251e-03
1.309000000000004071e+01 6.303909644643711577e-03
1.311000000000004029e+01 6.284869369964018841e-03
1.313000000000003986e+01 6.245249104431292199e-03
1.315000000000003944e+01 9.295416006820080013e-03
1.317000000000003901e+01 9.233839812076091030e-03
1.319000000000003858e+01 6.112400167195501839e-03
1.321000000000003816e+01 6.084733816024609152e-03
1.323000000000003773e+01 6.060348072416414135e-03
1.325000000000003730e+01 6.029355136941983058e-03
1.327000000000003688e+01 8.979093708289476172e-03
1.329000000000003645e+01 8.913920932295704702e-03
1.331000000000003602e+01 5.901258096097272005e-03
1.333000000000003560e+01 5.874767190100179011e-03
1.335000000000003517e+01 5.849330720088509461e-03
1.337000000000003475e+01 5.822072991311984073e-03
1.339000000000003432e+01 8.671048571539500399e-03
1.341000000000003389e+01 8.609289331970408632e-03
1.343000000000003347e+01 5.699140612353428489e-03
1.345000000000003304e+01 5.673789523410076828e-03
1.347000000000003261e+01 5.648815021599622004e-03
1.349000000000003219e+01 8.413081240691271806e-03
1.351000000000003176e+01 5.576584851340363538e-03
1.353000000000003133e+01 8.316883762940294883e-03
1.355000000000003091e+01 5.505703848786453261e-03
1.357000000000003048e+01 5.481443080926473761e-03
1.359000000000003006e+01 5.457372014692402074e-03
1.361000000000002963e+01 8.128806071903412617e-03
1.363000000000002920e+01 8.072085709809542417e-03
1.365000000000002878e+01 5.343897373655954498e-03
1.367000000000002835e+01 5.320543726651528506e-03
1.369000000000002792e+01 5.297333924073380738e-03
1.371000000000002750e+01 5.274227875043286350e-03
1.373000000000002707e+01 7.856603604996598156e-03
1.375000000000002665e+01 7.802300786454098754e-03
1.377000000000002622e+01 5.165610497213999307e-03
1.379000000000002579e+01 5.143248122092440762e-03
1.381000000000002537e+01 5.121012841777823968e-03
1.383000000000002494e+01 7.628797796686566206e-03
1.385000000000002451e+01 7.576484978801293138e-03
1.387000000000002409e+01 5.016379505439475493e-03
1.389000000000002366e+01 4.994840161210716174e-03
1.391000000000002323e+01 4.973419223344347113e-03
1.393000000000002281e+01 4.952113908601622067e-03
1.395000000000002238e+01 4.930925899547427063e-03
1.397000000000002196e+01 8.953347815049995075e-16
1.399000000000002153e+01 6.146125432278653693e-16
1.401000000000002110e+01 3.033995760834968416e-16
1.403000000000002068e+01 2.066295101972305415e-16
1.405000000000002025e+01 1.558949515210848033e-16
1.407000000000001982e+01 9.024586689977374961e-17
1.409000000000001940e+01 7.560379573295541054e-17
1.411000000000001897e+01 3.509898052188108685e-17
1.413000000000001855e+01 2.693234883342092837e-17
1.415000000000001812e+01 1.826990738588019552e-17
1.417000000000001769e+01 8.786578276661827793e-18
1.419000000000001727e+01 6.120665434234782541e-18
1.421000000000001684e+01 4.346260590916618149e-18
1.423000000000001641e+01 2.315845391745796808e-18
1.425000000000001599e+01 1.155075220592297240e-18
1.427000000000001556e+01 5.772216387190280367e-19
1.429000000000001513e+01 0.000000000000000000e+00
1.431000000000001471e+01 0.000000000000000000e+00
1.433000000000001428e+01 0.000000000000000000e+00
1.435000000000001386e+01 0.000000000000000000e+00
1.437000000000001343e+01 0.000000000000000000e+00
1.439000000000001300e+01 0.000000000000000000e+00
1.441000000000001258e+01 0.000000000000000000e+00
1.443000000000001215e+01 0.000000000000000000e+00
1.445000000000001172e+01 0.000000000000000000e+00
1.447000000000001130e+01 0.000000000000000000e+00
1.449000000000001087e+01 0.000000000000000000e+00
1.451000000000001044e+01 0.000000000000000000e+00
1.453000000000001002e+01 0.000000000000000000e+00
1.455000000000000959e+01 0.000000000000000000e+00
1.457000000000000917e+01 0.000000000000000000e+00
1.459000000000000874e+01 0.000000000000000000e+00
1.461000000000000831e+01 0.000000000000000000e+00
1.463000000000000789e+01 0.000000000000000000e+00
1.465000000000000746e+01 0.000000000000000000e+00
1.467000000000000703e+01 0.000000000000000000e+00
1.469000000000000661e+01 0.000000000000000000e+00
1.471000000000000618e+01 0.000000000000000000e+00
1.473000000000000576e+01 0.000000000000000000e+00
1.475000000000000533e+01 0.000000000000000000e+00
1.477000000000000490e+01 0.000000000000000000e+00
1.479000000000000448e+01 0.000000000000000000e+00
1.481000000000000405e+01 0.000000000000000000e+00
1.483000000000000362e+01 0.000000000000000000e+00
1.485000000000000320e+01 0.000000000000000000e+00
1.487000000000000277e+01 0.000000000000000000e+00
1.489000000000000234e+01 0.000000000000000000e+00
1.491000000000000192e+01 0.000000000000000000e+00
1.493000000000000149e+01 0.000000000000000000e+00
1.495000000000000107e+01 0.000000000000000000e+00
1.497000000000000064e+01 0.000000000000000000e+00
1.499000000000000021e+01 0.000000000000000000e+00
