# Redshift		Merger Rate Density [Gpc^-3yr^-1]
1.000000000031931770e-02 2.438718763878706497e+01
3.000000000031888964e-02 2.547394479601215167e+01
5.000000000031846331e-02 2.667639410428830615e+01
7.000000000031804392e-02 2.782756043883824759e+01
9.000000000031761760e-02 2.891755101058889466e+01
1.100000000003171913e-01 3.026373312608362909e+01
1.300000000003167511e-01 3.158103592271952920e+01
1.500000000003163247e-01 3.293355215488438148e+01
1.700000000003158984e-01 3.446710557431806876e+01
1.900000000003154721e-01 3.581132811907433222e+01
2.100000000003150458e-01 3.725408921016720143e+01
2.300000000003146194e-01 3.875194747930267880e+01
2.500000000003141931e-01 4.037383305221619167e+01
2.700000000003137668e-01 4.171669374631314753e+01
2.900000000003133405e-01 4.337358791254264645e+01
3.100000000003129141e-01 4.487429813434201975e+01
3.300000000003124878e-01 4.644333353888198701e+01
3.500000000003120615e-01 4.803852332798170011e+01
3.700000000003116352e-01 4.968229862694798982e+01
3.900000000003112088e-01 5.124250547557469559e+01
4.100000000003107825e-01 5.312733166776911986e+01
4.300000000003103562e-01 5.475047974128923300e+01
4.500000000003099299e-01 5.645048130595991154e+01
4.700000000003095035e-01 5.829896208657162049e+01
4.900000000003090772e-01 5.993296028123979369e+01
5.100000000003086509e-01 6.185919257697981521e+01
5.300000000003082246e-01 6.342360943012389640e+01
5.500000000003077982e-01 6.544410193559139088e+01
5.700000000003073719e-01 6.728325175431632488e+01
5.900000000003069456e-01 6.919005398496193493e+01
6.100000000003065193e-01 7.117496070220349225e+01
6.300000000003060929e-01 7.299155442713143316e+01
6.500000000003056666e-01 7.486164433673025087e+01
6.700000000003052403e-01 7.699389246960379296e+01
6.900000000003048140e-01 7.892212516693227542e+01
7.100000000003043876e-01 8.079691840411371118e+01
7.300000000003039613e-01 8.302836594928955094e+01
7.500000000003035350e-01 8.486900411146173440e+01
7.700000000003031086e-01 8.697179846336339892e+01
7.900000000003026823e-01 8.922488488957735342e+01
8.100000000003022560e-01 9.105564191645432004e+01
8.300000000003018297e-01 9.341303391455525684e+01
8.500000000003014033e-01 9.518281652242775692e+01
8.700000000003009770e-01 9.718452432179712730e+01
8.900000000003005507e-01 9.919037446638886024e+01
9.100000000003001244e-01 1.013363478471753041e+02
9.300000000002996980e-01 1.032419478877749697e+02
9.500000000002992717e-01 1.052056729210989374e+02
9.700000000002988454e-01 1.071054009856476910e+02
9.900000000002984191e-01 1.092614748025927014e+02
1.010000000000297993e+00 1.114564317396124835e+02
1.030000000000297566e+00 1.135114129710659512e+02
1.050000000000297140e+00 1.152636658862763994e+02
1.070000000000296714e+00 1.171260824475302229e+02
1.090000000000296287e+00 1.193752611605030438e+02
1.110000000000295861e+00 1.213683767659881454e+02
1.130000000000295435e+00 1.230160892372848735e+02
1.150000000000295008e+00 1.248923863364814508e+02
1.170000000000294582e+00 1.265891900118433142e+02
1.190000000000294156e+00 1.289359629130729559e+02
1.210000000000293729e+00 1.304975717051161439e+02
1.230000000000293303e+00 1.319870779578238569e+02
1.250000000000292877e+00 1.338701913146080074e+02
1.270000000000292451e+00 1.356565082732739143e+02
1.290000000000292024e+00 1.381299268049535556e+02
1.310000000000291598e+00 1.392276227650582996e+02
1.330000000000291172e+00 1.408618498904381511e+02
1.350000000000290745e+00 1.427065972968798064e+02
1.370000000000290319e+00 1.438644859246304293e+02
1.390000000000289893e+00 1.453480035403396471e+02
1.410000000000289466e+00 1.472695761149492455e+02
1.430000000000289040e+00 1.477613968431775220e+02
1.450000000000288614e+00 1.488493126815317851e+02
1.470000000000288187e+00 1.505619945879103625e+02
1.490000000000287761e+00 1.513227141184583502e+02
1.510000000000287335e+00 1.532779901416228086e+02
1.530000000000286908e+00 1.538741159270219327e+02
1.550000000000286482e+00 1.548279530204691525e+02
1.570000000000286056e+00 1.554806814529617327e+02
1.590000000000285629e+00 1.559235272835408921e+02
1.610000000000285203e+00 1.570657796270336348e+02
1.630000000000284777e+00 1.575720103713018148e+02
1.650000000000284350e+00 1.583665283306919775e+02
1.670000000000283924e+00 1.585820160438844653e+02
1.690000000000283498e+00 1.584848242769144235e+02
1.710000000000283071e+00 1.590229446813640664e+02
1.730000000000282645e+00 1.589911040231189361e+02
1.750000000000282219e+00 1.592637037418372756e+02
1.770000000000281792e+00 1.592740248381733181e+02
1.790000000000281366e+00 1.604851782548060442e+02
1.810000000000280940e+00 1.606027201039601096e+02
1.830000000000280513e+00 1.588090254069191474e+02
1.850000000000280087e+00 1.584673231223140419e+02
1.870000000000279661e+00 1.584890531902098587e+02
1.890000000000279234e+00 1.585661586708811228e+02
1.910000000000278808e+00 1.578700642280030593e+02
1.930000000000278382e+00 1.574402972578033371e+02
1.950000000000277955e+00 1.561519561803057456e+02
1.970000000000277529e+00 1.549059894099202950e+02
1.990000000000277103e+00 1.546658849015261126e+02
2.010000000000276899e+00 1.540890255841267162e+02
2.030000000000276472e+00 1.531919749231260255e+02
2.050000000000276046e+00 1.517376512971151499e+02
2.070000000000275620e+00 1.509528595802366340e+02
2.090000000000275193e+00 1.501139601060583857e+02
2.110000000000274767e+00 1.489185137417805151e+02
2.130000000000274341e+00 1.474477819838956805e+02
2.150000000000273914e+00 1.464407796451869217e+02
2.170000000000273488e+00 1.452309928887815147e+02
2.190000000000273062e+00 1.440641067504761565e+02
2.210000000000272635e+00 1.426989384729097878e+02
2.230000000000272209e+00 1.411109972524262446e+02
2.250000000000271783e+00 1.397519613600659341e+02
2.270000000000271356e+00 1.379720041471742036e+02
2.290000000000270930e+00 1.371731112844426548e+02
2.310000000000270504e+00 1.360567795463686593e+02
2.330000000000270077e+00 1.347833232074841590e+02
2.350000000000269651e+00 1.327162243786117131e+02
2.370000000000269225e+00 1.307563436083131876e+02
2.390000000000268798e+00 1.289863654846624854e+02
2.410000000000268372e+00 1.273788256270718477e+02
2.430000000000267946e+00 1.256152752753982043e+02
2.450000000000267519e+00 1.244729892118712087e+02
2.470000000000267093e+00 1.226211897468838430e+02
2.490000000000266667e+00 1.212652824653024197e+02
2.510000000000266240e+00 1.197211394339700945e+02
2.530000000000265814e+00 1.180979917394241312e+02
2.550000000000265388e+00 1.159946755998245749e+02
2.570000000000264961e+00 1.144578933609164721e+02
2.590000000000264535e+00 1.123234770083884086e+02
2.610000000000264109e+00 1.107551064772058851e+02
2.630000000000263682e+00 1.088874608196087337e+02
2.650000000000263256e+00 1.070751311473267720e+02
2.670000000000262830e+00 1.053911625189970636e+02
2.690000000000262403e+00 1.030879597766942624e+02
2.710000000000261977e+00 1.012999939671032337e+02
2.730000000000261551e+00 9.956439166090548554e+01
2.750000000000261124e+00 9.770471652610240199e+01
2.770000000000260698e+00 9.592093860947836959e+01
2.790000000000260272e+00 9.437947752463038853e+01
2.810000000000259845e+00 9.275444812651274162e+01
2.830000000000259419e+00 9.100726560299905543e+01
2.850000000000258993e+00 8.930941744412697858e+01
2.870000000000258567e+00 8.769398652091439317e+01
2.890000000000258140e+00 8.647134776993905803e+01
2.910000000000257714e+00 8.461417458384508450e+01
2.930000000000257288e+00 8.350180715170522205e+01
2.950000000000256861e+00 8.183439438298753998e+01
2.970000000000256435e+00 8.031270354016207591e+01
2.990000000000256009e+00 7.919645778773593747e+01
3.010000000000255582e+00 7.721813725182937560e+01
3.030000000000255156e+00 7.589693253935520545e+01
3.050000000000254730e+00 7.467875112305641494e+01
3.070000000000254303e+00 7.351986985768607497e+01
3.090000000000253877e+00 7.173033145728078352e+01
3.110000000000253451e+00 7.057574090056682792e+01
3.130000000000253024e+00 6.944550605020447165e+01
3.150000000000252598e+00 6.828832168694871996e+01
3.170000000000252172e+00 6.704900410387648435e+01
3.190000000000251745e+00 6.606363469984086123e+01
3.210000000000251319e+00 6.488254893435059500e+01
3.230000000000250893e+00 6.355946009584767609e+01
3.250000000000250466e+00 6.275926073568095376e+01
3.270000000000250040e+00 6.164031276804566062e+01
3.290000000000249614e+00 6.054659724982929703e+01
3.310000000000249187e+00 5.949000639644089006e+01
3.330000000000248761e+00 5.813298514510775306e+01
3.350000000000248335e+00 5.764730611462744037e+01
3.370000000000247908e+00 5.664865035774946023e+01
3.390000000000247482e+00 5.548568431839265713e+01
3.410000000000247056e+00 5.451562949547678016e+01
3.430000000000246629e+00 5.315912992800671333e+01
3.450000000000246203e+00 5.200755213594084125e+01
3.470000000000245777e+00 5.123875569630850180e+01
3.490000000000245350e+00 5.060284428245729060e+01
3.510000000000244924e+00 5.008275540718702246e+01
3.530000000000244498e+00 4.920505665379148041e+01
3.550000000000244071e+00 4.839796723773797993e+01
3.570000000000243645e+00 4.783299971671825546e+01
3.590000000000243219e+00 4.651273686828539411e+01
3.610000000000242792e+00 4.614677667358698443e+01
3.630000000000242366e+00 4.523312170243074348e+01
3.650000000000241940e+00 4.460860870769361242e+01
3.670000000000241513e+00 4.398468272731631856e+01
3.690000000000241087e+00 4.331977276957979939e+01
3.710000000000240661e+00 4.281114115646009566e+01
3.730000000000240234e+00 4.212837864187140724e+01
3.750000000000239808e+00 4.175537973562250471e+01
3.770000000000239382e+00 4.097606333337469664e+01
3.790000000000238956e+00 4.058383517480854152e+01
3.810000000000238529e+00 3.977036550673611970e+01
3.830000000000238103e+00 3.940693360597234118e+01
3.850000000000237677e+00 3.908770008334164459e+01
3.870000000000237250e+00 3.843316645980764434e+01
3.890000000000236824e+00 3.785793555017008316e+01
3.910000000000236398e+00 3.759581069451245838e+01
3.930000000000235971e+00 3.716976649264913135e+01
3.950000000000235545e+00 3.676871827564946216e+01
3.970000000000235119e+00 3.628583409485641198e+01
3.990000000000234692e+00 3.585541851075402064e+01
4.010000000000234266e+00 3.555200030916416409e+01
4.030000000000233840e+00 3.527487873440568222e+01
4.050000000000233413e+00 3.486635570994365452e+01
4.070000000000232987e+00 3.447620497255432781e+01
4.090000000000232561e+00 3.430197303824789401e+01
4.110000000000232134e+00 3.411340359065021488e+01
4.130000000000231708e+00 3.390663108677880899e+01
4.150000000000231282e+00 3.386299582109907647e+01
4.170000000000230855e+00 3.357538749459597938e+01
4.190000000000230429e+00 3.346801165810204992e+01
4.210000000000230003e+00 3.331538692481326791e+01
4.230000000000229576e+00 3.312733401108850728e+01
4.250000000000229150e+00 3.239856333654146425e+01
4.270000000000228724e+00 3.229854276810757341e+01
4.290000000000228297e+00 3.192750194933383057e+01
4.310000000000227871e+00 3.174949873417844159e+01
4.330000000000227445e+00 3.178390504854694143e+01
4.350000000000227018e+00 3.151772663884407777e+01
4.370000000000226592e+00 3.119550085179127663e+01
4.390000000000226166e+00 3.099993786685129749e+01
4.410000000000225739e+00 3.087512397486238314e+01
4.430000000000225313e+00 3.062865058340001312e+01
4.450000000000224887e+00 3.046534075989806922e+01
4.470000000000224460e+00 3.007172556728694346e+01
4.490000000000224034e+00 3.004169464117340027e+01
4.510000000000223608e+00 2.995149436900971907e+01
4.530000000000223181e+00 3.006690553631758434e+01
4.550000000000222755e+00 2.976965226219856930e+01
4.570000000000222329e+00 2.948417784185117796e+01
4.590000000000221902e+00 2.941229629579664007e+01
4.610000000000221476e+00 2.902702819660970945e+01
4.630000000000221050e+00 2.888355291259486890e+01
4.650000000000220624e+00 2.875787296787085268e+01
4.670000000000220197e+00 2.852750403839780446e+01
4.690000000000219771e+00 2.836526592820958470e+01
4.710000000000219345e+00 2.812643097272612991e+01
4.730000000000218918e+00 2.802243155194116753e+01
4.750000000000218492e+00 2.796279237760139225e+01
4.770000000000218066e+00 2.778868856663392606e+01
4.790000000000217639e+00 2.765147107209557831e+01
4.810000000000217213e+00 2.753739735967041113e+01
4.830000000000216787e+00 2.740562867388782564e+01
4.850000000000216360e+00 2.712746407998567122e+01
4.870000000000215934e+00 2.712323091449554369e+01
4.890000000000215508e+00 2.690047216236610694e+01
4.910000000000215081e+00 2.666586122898337763e+01
4.930000000000214655e+00 2.677448344340486486e+01
4.950000000000214229e+00 2.669742233101440476e+01
4.970000000000213802e+00 2.655099279743064145e+01
4.990000000000213376e+00 2.631054701895687131e+01
5.010000000000212950e+00 2.610168852307964116e+01
5.030000000000212523e+00 2.583622258912484781e+01
5.050000000000212097e+00 2.555446068997422771e+01
5.070000000000211671e+00 2.535107424625405770e+01
5.090000000000211244e+00 2.537686529743963249e+01
5.110000000000210818e+00 2.534009270690146920e+01
5.130000000000210392e+00 2.500571724110852401e+01
5.150000000000209965e+00 2.504242062464081542e+01
5.170000000000209539e+00 2.479708367799241486e+01
5.190000000000209113e+00 2.453583773060995554e+01
5.210000000000208686e+00 2.446754725628905902e+01
5.230000000000208260e+00 2.431636884300825940e+01
5.250000000000207834e+00 2.414262156475633248e+01
5.270000000000207407e+00 2.419758356055752202e+01
5.290000000000206981e+00 2.388842781710110330e+01
5.310000000000206555e+00 2.380777029236381281e+01
5.330000000000206128e+00 2.367843246461945128e+01
5.350000000000205702e+00 2.352474099680908992e+01
5.370000000000205276e+00 2.335862233546976086e+01
5.390000000000204849e+00 2.317976825436839050e+01
5.410000000000204423e+00 2.287636080582929310e+01
5.430000000000203997e+00 2.264095345038940010e+01
5.450000000000203570e+00 2.248515736984379387e+01
5.470000000000203144e+00 2.228138344595596720e+01
5.490000000000202718e+00 2.218098935716626130e+01
5.510000000000202292e+00 2.200483819217858894e+01
5.530000000000201865e+00 2.187479121426160944e+01
5.550000000000201439e+00 2.186509393987316940e+01
5.570000000000201013e+00 2.188164628149463198e+01
5.590000000000200586e+00 2.155551497259650162e+01
5.610000000000200160e+00 2.133324705825666356e+01
5.630000000000199734e+00 2.122809838408070604e+01
5.650000000000199307e+00 2.090908068818673726e+01
5.670000000000198881e+00 2.069424453882685100e+01
5.690000000000198455e+00 2.035825697787016253e+01
5.710000000000198028e+00 2.015440333378586502e+01
5.730000000000197602e+00 1.987801117014522134e+01
5.750000000000197176e+00 1.983280872030362829e+01
5.770000000000196749e+00 1.941989854196097198e+01
5.790000000000196323e+00 1.926647883048735466e+01
5.810000000000195897e+00 1.901522830318394242e+01
5.830000000000195470e+00 1.876464387749635421e+01
5.850000000000195044e+00 1.868096827174549901e+01
5.870000000000194618e+00 1.833770043258670057e+01
5.890000000000194191e+00 1.819422236986518726e+01
5.910000000000193765e+00 1.797598999023400168e+01
5.930000000000193339e+00 1.777988486903372234e+01
5.950000000000192912e+00 1.761266645306001166e+01
5.970000000000192486e+00 1.734124731710203093e+01
5.990000000000192060e+00 1.716926827447226245e+01
6.010000000000191633e+00 1.702662660083868573e+01
6.030000000000191207e+00 1.666092026439291018e+01
6.050000000000190781e+00 1.657390929567282001e+01
6.070000000000190354e+00 1.635365145773604212e+01
6.090000000000189928e+00 1.609827746976482032e+01
6.110000000000189502e+00 1.596421425980496878e+01
6.130000000000189075e+00 1.577565644196062067e+01
6.150000000000188649e+00 1.544652548749397347e+01
6.170000000000188223e+00 1.519133757168023280e+01
6.190000000000187796e+00 1.491034264737823101e+01
6.210000000000187370e+00 1.475894203269579208e+01
6.230000000000186944e+00 1.430394712197736595e+01
6.250000000000186517e+00 1.402133602633944598e+01
6.270000000000186091e+00 1.372253423867189248e+01
6.290000000000185665e+00 1.362509389977341989e+01
6.310000000000185238e+00 1.338182662781411203e+01
6.330000000000184812e+00 1.302387644477684603e+01
6.350000000000184386e+00 1.274080764486876660e+01
6.370000000000183960e+00 1.257046259125463017e+01
6.390000000000183533e+00 1.225141570123156320e+01
6.410000000000183107e+00 1.210568098230146994e+01
6.430000000000182681e+00 1.177275789367667436e+01
6.450000000000182254e+00 1.161445063005610301e+01
6.470000000000181828e+00 1.133134427182537074e+01
6.490000000000181402e+00 1.098611875177705954e+01
6.510000000000180975e+00 1.073031714807720682e+01
6.530000000000180549e+00 1.049182452687432665e+01
6.550000000000180123e+00 1.029737107505372151e+01
6.570000000000179696e+00 1.006974120755963931e+01
6.590000000000179270e+00 9.937693553892477993e+00
6.610000000000178844e+00 9.675465848343529629e+00
6.630000000000178417e+00 9.377199679990193104e+00
6.650000000000177991e+00 9.181527882296988352e+00
6.670000000000177565e+00 8.846608519503861956e+00
6.690000000000177138e+00 8.687842130442980704e+00
6.710000000000176712e+00 8.428572517992595436e+00
6.730000000000176286e+00 8.166304593632522923e+00
6.750000000000175859e+00 7.967068236167673234e+00
6.770000000000175433e+00 7.743258717105550915e+00
6.790000000000175007e+00 7.576270715508062636e+00
6.810000000000174580e+00 7.379529068232809408e+00
6.830000000000174154e+00 7.130537760224664012e+00
6.850000000000173728e+00 6.985590645194194259e+00
6.870000000000173301e+00 6.809172472104251028e+00
6.890000000000172875e+00 6.606235444302245519e+00
6.910000000000172449e+00 6.465442514002833541e+00
6.930000000000172022e+00 6.386721299857069489e+00
6.950000000000171596e+00 6.280408099639082309e+00
6.970000000000171170e+00 6.205120989222344008e+00
6.990000000000170743e+00 5.837528022432547203e+00
7.010000000000170317e+00 5.614865005386010743e+00
7.030000000000169891e+00 5.455955995413336979e+00
7.050000000000169464e+00 5.342691913966448602e+00
7.070000000000169038e+00 5.147579615309827439e+00
7.090000000000168612e+00 5.037982520590269964e+00
7.110000000000168185e+00 4.918487731446083977e+00
7.130000000000167759e+00 4.801747537338879823e+00
7.150000000000167333e+00 4.646626525572425948e+00
7.170000000000166906e+00 4.530441980872659258e+00
7.190000000000166480e+00 4.395771618182933160e+00
7.210000000000166054e+00 4.309500966870492888e+00
7.230000000000165628e+00 4.223792955276766570e+00
7.250000000000165201e+00 4.119166773173761342e+00
7.270000000000164775e+00 4.022425145344851849e+00
7.290000000000164349e+00 3.922081971704182823e+00
7.310000000000163922e+00 3.841517788977916847e+00
7.330000000000163496e+00 3.741123507141743243e+00
7.350000000000163070e+00 3.675176905802994831e+00
7.370000000000162643e+00 3.590972930473313784e+00
7.390000000000162217e+00 3.635721008828554091e+00
7.410000000000161791e+00 3.594613511043031728e+00
7.430000000000161364e+00 3.631039386875560826e+00
7.450000000000160938e+00 3.443329365551717203e+00
7.470000000000160512e+00 3.291200069915505733e+00
7.490000000000160085e+00 3.201358550436471884e+00
7.510000000000159659e+00 3.166265701922624132e+00
7.530000000000159233e+00 3.048859214755355929e+00
7.550000000000158806e+00 3.026853599438117381e+00
7.570000000000158380e+00 2.997877363007935170e+00
7.590000000000157954e+00 2.911820586999618765e+00
7.610000000000157527e+00 2.912823904118486240e+00
7.630000000000157101e+00 2.842630426203731631e+00
7.650000000000156675e+00 2.825218300497835955e+00
7.670000000000156248e+00 2.780373486015318196e+00
7.690000000000155822e+00 2.718981786029737613e+00
7.710000000000155396e+00 2.659334498209041886e+00
7.730000000000154969e+00 2.605326809591799186e+00
7.750000000000154543e+00 2.587714692543867212e+00
7.770000000000154117e+00 2.586194548393525139e+00
7.790000000000153690e+00 2.509296375115472877e+00
7.810000000000153264e+00 2.546891522060755531e+00
7.830000000000152838e+00 2.557270728673217253e+00
7.850000000000152411e+00 2.565679407941897416e+00
7.870000000000151985e+00 2.503999965339605005e+00
7.890000000000151559e+00 2.376162926422180632e+00
7.910000000000151132e+00 2.321226644045481180e+00
7.930000000000150706e+00 2.301586137098996510e+00
7.950000000000150280e+00 2.284269704548639091e+00
7.970000000000149853e+00 2.242672953536073432e+00
7.990000000000149427e+00 2.190490656790264001e+00
8.010000000000149001e+00 2.146221930832029834e+00
8.030000000000148574e+00 2.121596538011596422e+00
8.050000000000148148e+00 2.097094856847982136e+00
8.070000000000147722e+00 2.089810958965693022e+00
8.090000000000147296e+00 2.052164791395033383e+00
8.110000000000146869e+00 2.022395603213729132e+00
8.130000000000146443e+00 1.980155994071428172e+00
8.150000000000146017e+00 1.969433081323234580e+00
8.170000000000145590e+00 1.942658906568492494e+00
8.190000000000145164e+00 1.893879805121593041e+00
8.210000000000144738e+00 1.922714120984757802e+00
8.230000000000144311e+00 1.911945704529989687e+00
8.250000000000143885e+00 1.880080975281136713e+00
8.270000000000143459e+00 1.874656899320696901e+00
8.290000000000143032e+00 1.778953715257950874e+00
8.310000000000142606e+00 1.736096468914044122e+00
8.330000000000142180e+00 1.702831150412324135e+00
8.350000000000141753e+00 1.677066583805191469e+00
8.370000000000141327e+00 1.640457906413769651e+00
8.390000000000140901e+00 1.627407343002887918e+00
8.410000000000140474e+00 1.614957889681249537e+00
8.430000000000140048e+00 1.589709146356504954e+00
8.450000000000139622e+00 1.550353872106195574e+00
8.470000000000139195e+00 1.507972363757192458e+00
8.490000000000138769e+00 1.482527436012394562e+00
8.510000000000138343e+00 1.434777803800546980e+00
8.530000000000137916e+00 1.427103200218721391e+00
8.550000000000137490e+00 1.440370940406082712e+00
8.570000000000137064e+00 1.359247748948789969e+00
8.590000000000136637e+00 1.380643331756517433e+00
8.610000000000136211e+00 1.348483702731072986e+00
8.630000000000135785e+00 1.318613871817580163e+00
8.650000000000135358e+00 1.290390983740343556e+00
8.670000000000134932e+00 1.254890974298858541e+00
8.690000000000134506e+00 1.210747784835313645e+00
8.710000000000134079e+00 1.194598812857361247e+00
8.730000000000133653e+00 1.183021608807822922e+00
8.750000000000133227e+00 1.165667239974177427e+00
8.770000000000132800e+00 1.105253969962670890e+00
8.790000000000132374e+00 1.092495639281153119e+00
8.810000000000131948e+00 1.069268343525107579e+00
8.830000000000131521e+00 1.058510669989591646e+00
8.850000000000131095e+00 1.027586322069375946e+00
8.870000000000130669e+00 1.008329626608802210e+00
8.890000000000130242e+00 9.904992498302375159e-01
8.910000000000129816e+00 9.597331143309443258e-01
8.930000000000129390e+00 9.363883083178178302e-01
8.950000000000128964e+00 9.286637033816600439e-01
8.970000000000128537e+00 9.131822923061276853e-01
8.990000000000128111e+00 8.843923817004764043e-01
9.010000000000127685e+00 8.638757879160220421e-01
9.030000000000127258e+00 8.388138926082312485e-01
9.050000000000126832e+00 8.203994904278372191e-01
9.070000000000126406e+00 7.979918971774686565e-01
9.090000000000125979e+00 7.899438608950156704e-01
9.110000000000125553e+00 7.682289665418796654e-01
9.130000000000125127e+00 7.568013211692076192e-01
9.150000000000124700e+00 7.483072829620107669e-01
9.170000000000124274e+00 7.370140103099597217e-01
9.190000000000123848e+00 7.210473932891336979e-01
9.210000000000123421e+00 7.095202275211870413e-01
9.230000000000122995e+00 7.054020577271248316e-01
9.250000000000122569e+00 6.902462460238025788e-01
9.270000000000122142e+00 6.753899788020457651e-01
9.290000000000121716e+00 6.578167937928767195e-01
9.310000000000121290e+00 6.518141808221606937e-01
9.330000000000120863e+00 6.528673470382313493e-01
9.350000000000120437e+00 6.301894024235812353e-01
9.370000000000120011e+00 6.371918751021521388e-01
9.390000000000119584e+00 6.241507748409682588e-01
9.410000000000119158e+00 6.136347105605313157e-01
9.430000000000118732e+00 6.102676584845126984e-01
9.450000000000118305e+00 6.168169998100238027e-01
9.470000000000117879e+00 6.009980900473397281e-01
9.490000000000117453e+00 6.054816830400160388e-01
9.510000000000117026e+00 5.837448288273781039e-01
9.530000000000116600e+00 5.891048901819899708e-01
9.550000000000116174e+00 5.830072946569569980e-01
9.570000000000115747e+00 5.787315471523059029e-01
9.590000000000115321e+00 5.848188648800617395e-01
9.610000000000114895e+00 5.696447487680472710e-01
9.630000000000114468e+00 5.750260656999427455e-01
9.650000000000114042e+00 5.664698659885669674e-01
9.670000000000113616e+00 5.640117312461392363e-01
9.690000000000113189e+00 5.618023855682326984e-01
9.710000000000112763e+00 5.493638104085932783e-01
9.730000000000112337e+00 5.412516133542075725e-01
9.750000000000111910e+00 5.481632660360959974e-01
9.770000000000111484e+00 5.447068050038142983e-01
9.790000000000111058e+00 5.517207707753255530e-01
9.810000000000110632e+00 5.413684643887188841e-01
9.830000000000110205e+00 5.258702416946171576e-01
9.850000000000109779e+00 5.263494549494409647e-01
9.870000000000109353e+00 5.223282019355564021e-01
9.890000000000108926e+00 5.135977375876147333e-01
9.910000000000108500e+00 5.003679360731855263e-01
9.930000000000108074e+00 5.004910941231234256e-01
9.950000000000107647e+00 4.910088151625068287e-01
9.970000000000107221e+00 4.981734704699408711e-01
9.990000000000106795e+00 4.824509786660037269e-01
1.001000000000010637e+01 4.837274783070050765e-01
1.003000000000010594e+01 4.610909537503960487e-01
1.005000000000010552e+01 4.610820044097602155e-01
1.007000000000010509e+01 4.516612327383192627e-01
1.009000000000010466e+01 4.525145923723828956e-01
1.011000000000010424e+01 4.411630545962460515e-01
1.013000000000010381e+01 4.359934238959861097e-01
1.015000000000010338e+01 4.117927355628254737e-01
1.017000000000010296e+01 4.071518064284468941e-01
1.019000000000010253e+01 4.026387637264153274e-01
1.021000000000010210e+01 3.860555690775615556e-01
1.023000000000010168e+01 3.927135043755157762e-01
1.025000000000010125e+01 3.778648481177899199e-01
1.027000000000010083e+01 3.757749364309356244e-01
1.029000000000010040e+01 3.600710499252313124e-01
1.031000000000009997e+01 3.498040591718120651e-01
1.033000000000009955e+01 3.416853662900568578e-01
1.035000000000009912e+01 3.318814217772679820e-01
1.037000000000009869e+01 3.180529793203715205e-01
1.039000000000009827e+01 3.141689382042653911e-01
1.041000000000009784e+01 3.007563760763797278e-01
1.043000000000009742e+01 3.017156251810980128e-01
1.045000000000009699e+01 2.873120109152850210e-01
1.047000000000009656e+01 2.908339371816700547e-01
1.049000000000009614e+01 2.760400245304473477e-01
1.051000000000009571e+01 2.656057060648946422e-01
1.053000000000009528e+01 2.534724322722369805e-01
1.055000000000009486e+01 2.481481558190143932e-01
1.057000000000009443e+01 2.400833600674331936e-01
1.059000000000009400e+01 2.385044138782594636e-01
1.061000000000009358e+01 2.320960805465731580e-01
1.063000000000009315e+01 2.167615731756782071e-01
1.065000000000009273e+01 2.130420055486866582e-01
1.067000000000009230e+01 2.090334475285789695e-01
1.069000000000009187e+01 2.025938638849153206e-01
1.071000000000009145e+01 1.939249247446408475e-01
1.073000000000009102e+01 1.866523477419131938e-01
1.075000000000009059e+01 1.900393051889583407e-01
1.077000000000009017e+01 1.763159605431439403e-01
1.079000000000008974e+01 1.708339198593166186e-01
1.081000000000008932e+01 1.624308368668382074e-01
1.083000000000008889e+01 1.616369955301677763e-01
1.085000000000008846e+01 1.594468150685643126e-01
1.087000000000008804e+01 1.521847909827425405e-01
1.089000000000008761e+01 1.462018446209318034e-01
1.091000000000008718e+01 1.405222083212374073e-01
1.093000000000008676e+01 1.340420197773903865e-01
1.095000000000008633e+01 1.307531331328237456e-01
1.097000000000008590e+01 1.313054310566731109e-01
1.099000000000008548e+01 1.249627748213734263e-01
1.101000000000008505e+01 1.256132928329367626e-01
1.103000000000008463e+01 1.145512663188064800e-01
1.105000000000008420e+01 1.113766580670752376e-01
1.107000000000008377e+01 1.074265207747276407e-01
1.109000000000008335e+01 1.055785484454839634e-01
1.111000000000008292e+01 1.020838598366171218e-01
1.113000000000008249e+01 1.005933307422948175e-01
1.115000000000008207e+01 9.633967125950528010e-02
1.117000000000008164e+01 9.116064289493035211e-02
1.119000000000008122e+01 8.973750347921193027e-02
1.121000000000008079e+01 8.746240480226478986e-02
1.123000000000008036e+01 8.297943975617880219e-02
1.125000000000007994e+01 8.366706416251069867e-02
1.127000000000007951e+01 8.038995366574451518e-02
1.129000000000007908e+01 7.497042389409658281e-02
1.131000000000007866e+01 7.236976902408560897e-02
1.133000000000007823e+01 7.401539065835989473e-02
1.135000000000007780e+01 6.706861196975243133e-02
1.137000000000007738e+01 6.862752721764159292e-02
1.139000000000007695e+01 6.547028179430995631e-02
1.141000000000007653e+01 6.667476697784451012e-02
1.143000000000007610e+01 6.242713264730157668e-02
1.145000000000007567e+01 6.292260227448541465e-02
1.147000000000007525e+01 5.521111725459788844e-02
1.149000000000007482e+01 5.607589753837446261e-02
1.151000000000007439e+01 5.457296327594372831e-02
1.153000000000007397e+01 5.633266746526648105e-02
1.155000000000007354e+01 5.418656132418025323e-02
1.157000000000007311e+01 5.062920874813298111e-02
1.159000000000007269e+01 5.152282044335394773e-02
1.161000000000007226e+01 4.748693632121586683e-02
1.163000000000007184e+01 4.592813591301820458e-02
1.165000000000007141e+01 4.736586252965332977e-02
1.167000000000007098e+01 4.807408835199219327e-02
1.169000000000007056e+01 4.318776227096163267e-02
1.171000000000007013e+01 4.320700305372224270e-02
1.173000000000006970e+01 4.236738647682439934e-02
1.175000000000006928e+01 4.141660576968304169e-02
1.177000000000006885e+01 3.998421608960960050e-02
1.179000000000006843e+01 4.408016068519763492e-02
1.181000000000006800e+01 3.666774290143676174e-02
1.183000000000006757e+01 3.552057487039690653e-02
1.185000000000006715e+01 3.895197169293640460e-02
1.187000000000006672e+01 3.607340501027236218e-02
1.189000000000006629e+01 3.681744307725744181e-02
1.191000000000006587e+01 3.355523631695582487e-02
1.193000000000006544e+01 3.595452362349628450e-02
1.195000000000006501e+01 3.205207351612479605e-02
1.197000000000006459e+01 3.156432215279296460e-02
1.199000000000006416e+01 3.522197755002890590e-02
1.201000000000006374e+01 2.996827462240693463e-02
1.203000000000006331e+01 2.915355750600034240e-02
1.205000000000006288e+01 3.107327917427995731e-02
1.207000000000006246e+01 2.899721648681795674e-02
1.209000000000006203e+01 2.818811602028573407e-02
1.211000000000006160e+01 2.778722934152644264e-02
1.213000000000006118e+01 2.913025658879854138e-02
1.215000000000006075e+01 2.529358034358118734e-02
1.217000000000006033e+01 2.482818267862276981e-02
1.219000000000005990e+01 2.554322574544043781e-02
1.221000000000005947e+01 2.474731910674035987e-02
1.223000000000005905e+01 2.464088074790409325e-02
1.225000000000005862e+01 2.447115953027266880e-02
1.227000000000005819e+01 2.392872537632053515e-02
1.229000000000005777e+01 2.145146500846470058e-02
1.231000000000005734e+01 2.129123627033662619e-02
1.233000000000005691e+01 2.087382248859756539e-02
1.235000000000005649e+01 2.158932680727707748e-02
1.237000000000005606e+01 2.050080533541225047e-02
1.239000000000005564e+01 2.150340057344254582e-02
1.241000000000005521e+01 2.037883487287598522e-02
1.243000000000005478e+01 1.807761676968818940e-02
1.245000000000005436e+01 1.763458205410766214e-02
1.247000000000005393e+01 1.759056798575480210e-02
1.249000000000005350e+01 1.962961032925747071e-02
1.251000000000005308e+01 1.791706076421777441e-02
1.253000000000005265e+01 1.837275307184350545e-02
1.255000000000005222e+01 1.573166525014995515e-02
1.257000000000005180e+01 1.689664952372162826e-02
1.259000000000005137e+01 1.513793453615845490e-02
1.261000000000005095e+01 1.644656761045704824e-02
1.263000000000005052e+01 1.614871960297069309e-02
1.265000000000005009e+01 1.789614581482857486e-02
1.267000000000004967e+01 1.415802639500335532e-02
1.269000000000004924e+01 1.391194034446103026e-02
1.271000000000004881e+01 1.507460605583631208e-02
1.273000000000004839e+01 1.425460535998012389e-02
1.275000000000004796e+01 1.556775077297480221e-02
1.277000000000004754e+01 1.574060099330027579e-02
1.279000000000004711e+01 1.383465008748215562e-02
1.281000000000004668e+01 1.276124981661575473e-02
1.283000000000004626e+01 1.271251170726992938e-02
1.285000000000004583e+01 1.520792387089597852e-02
1.287000000000004540e+01 1.444286478788129810e-02
1.289000000000004498e+01 1.424842311232380962e-02
1.291000000000004455e+01 1.282075645402460697e-02
1.293000000000004412e+01 1.213463254034479605e-02
1.295000000000004370e+01 1.193881051706673253e-02
1.297000000000004327e+01 1.380116471459071417e-02
1.299000000000004285e+01 1.495521686855689515e-02
1.301000000000004242e+01 1.292694790970453679e-02
1.303000000000004199e+01 1.218501259948937855e-02
1.305000000000004157e+01 1.147792998940938905e-02
1.307000000000004114e+01 1.201661197853896683e-02
1.309000000000004071e+01 1.317795639392123699e-02
1.311000000000004029e+01 1.308735721583560198e-02
1.313000000000003986e+01 1.302852923712182268e-02
1.315000000000003944e+01 1.168192242534936247e-02
1.317000000000003901e+01 1.099992622814235238e-02
1.319000000000003858e+01 1.153353059964087185e-02
1.321000000000003816e+01 1.264149693856711151e-02
1.323000000000003773e+01 1.260254778547477590e-02
1.325000000000003730e+01 1.249835866238890696e-02
1.327000000000003688e+01 1.186896646241768563e-02
1.329000000000003645e+01 1.000501657803849059e-02
1.331000000000003602e+01 1.168552456407888351e-02
1.333000000000003560e+01 1.218167997498671024e-02
1.335000000000003517e+01 1.157904368509009123e-02
1.337000000000003475e+01 1.205283508532668281e-02
1.339000000000003432e+01 1.144585762761911492e-02
1.341000000000003389e+01 1.021080709730687146e-02
1.343000000000003347e+01 1.182153305834854513e-02
1.345000000000003304e+01 1.121040709533552802e-02
1.347000000000003261e+01 1.227199430765553087e-02
1.349000000000003219e+01 1.052094927872453123e-02
1.351000000000003176e+01 9.927138408610331616e-03
1.353000000000003133e+01 1.205329119723309861e-02
1.355000000000003091e+01 1.087606135448154938e-02
1.357000000000003048e+01 9.748448826975262410e-03
1.359000000000003006e+01 1.239273066823354946e-02
1.361000000000002963e+01 9.625194718256934942e-03
1.363000000000002920e+01 1.115232460364777405e-02
1.365000000000002878e+01 1.056469873111209705e-02
1.367000000000002835e+01 1.002392864936216266e-02
1.369000000000002792e+01 1.045208724234532836e-02
1.371000000000002750e+01 1.145367037378941001e-02
1.373000000000002707e+01 9.294886861370352249e-03
1.375000000000002665e+01 1.078368062090767805e-02
1.377000000000002622e+01 1.020843515490485638e-02
1.379000000000002579e+01 1.068733735966243166e-02
1.381000000000002537e+01 1.060511981068796260e-02
1.383000000000002494e+01 9.052866392279869737e-03
1.385000000000002451e+01 1.046811418449602148e-02
1.387000000000002409e+01 9.917559792419695236e-03
1.389000000000002366e+01 9.386708323272522150e-03
1.391000000000002323e+01 7.428843779126493435e-03
1.393000000000002281e+01 5.921407737148522837e-03
1.395000000000002238e+01 2.492642346071455121e-03
1.397000000000002196e+01 1.496031228346765204e-03
1.399000000000002153e+01 1.000666161698651963e-03
1.401000000000002110e+01 5.057933909007237237e-04
1.403000000000002068e+01 5.036101173585420853e-04
1.405000000000002025e+01 9.990627581448459447e-04
1.407000000000001982e+01 7.458557845594034746e-10
1.409000000000001940e+01 9.433258886965012678e-10
1.411000000000001897e+01 3.196899766468299541e-10
1.413000000000001855e+01 2.474588081539541588e-10
1.415000000000001812e+01 1.910704125322098909e-10
1.417000000000001769e+01 1.471629813891575308e-10
1.419000000000001727e+01 1.130619232986427295e-10
1.421000000000001684e+01 8.664527133689239746e-11
1.423000000000001641e+01 6.623417420900105579e-11
1.425000000000001599e+01 5.290077552989138505e-18
1.427000000000001556e+01 3.061176474845559812e-18
1.429000000000001513e+01 2.124427425424192400e-18
1.431000000000001471e+01 1.053069557204563496e-18
1.433000000000001428e+01 4.654930869745659362e-19
1.435000000000001386e+01 3.482580563979364004e-19
1.437000000000001343e+01 0.000000000000000000e+00
1.439000000000001300e+01 0.000000000000000000e+00
1.441000000000001258e+01 0.000000000000000000e+00
1.443000000000001215e+01 0.000000000000000000e+00
1.445000000000001172e+01 0.000000000000000000e+00
1.447000000000001130e+01 0.000000000000000000e+00
1.449000000000001087e+01 0.000000000000000000e+00
1.451000000000001044e+01 0.000000000000000000e+00
1.453000000000001002e+01 0.000000000000000000e+00
1.455000000000000959e+01 0.000000000000000000e+00
1.457000000000000917e+01 0.000000000000000000e+00
1.459000000000000874e+01 0.000000000000000000e+00
1.461000000000000831e+01 0.000000000000000000e+00
1.463000000000000789e+01 0.000000000000000000e+00
1.465000000000000746e+01 0.000000000000000000e+00
1.467000000000000703e+01 0.000000000000000000e+00
1.469000000000000661e+01 0.000000000000000000e+00
1.471000000000000618e+01 0.000000000000000000e+00
1.473000000000000576e+01 0.000000000000000000e+00
1.475000000000000533e+01 0.000000000000000000e+00
1.477000000000000490e+01 0.000000000000000000e+00
1.479000000000000448e+01 0.000000000000000000e+00
1.481000000000000405e+01 0.000000000000000000e+00
1.483000000000000362e+01 0.000000000000000000e+00
1.485000000000000320e+01 0.000000000000000000e+00
1.487000000000000277e+01 0.000000000000000000e+00
1.489000000000000234e+01 0.000000000000000000e+00
1.491000000000000192e+01 0.000000000000000000e+00
1.493000000000000149e+01 0.000000000000000000e+00
1.495000000000000107e+01 0.000000000000000000e+00
1.497000000000000064e+01 0.000000000000000000e+00
1.499000000000000021e+01 0.000000000000000000e+00
