# Redshift		Merger Rate Density [Gpc^-3yr^-1]
1.000000000031931770e-02 1.521405217525852152e+02
3.000000000031888964e-02 1.590097805157286643e+02
5.000000000031846331e-02 1.652205262719911047e+02
7.000000000031804392e-02 1.737393636545225775e+02
9.000000000031761760e-02 1.815162370497148743e+02
1.100000000003171913e-01 1.875680601464802919e+02
1.300000000003167511e-01 1.964750934963850000e+02
1.500000000003163247e-01 2.050123060245590523e+02
1.700000000003158984e-01 2.124058449887142501e+02
1.900000000003154721e-01 2.195736220527235503e+02
2.100000000003150458e-01 2.294436553853984151e+02
2.300000000003146194e-01 2.374598488153196740e+02
2.500000000003141931e-01 2.453961285965542913e+02
2.700000000003137668e-01 2.561957426723396338e+02
2.900000000003133405e-01 2.641079302769325068e+02
3.100000000003129141e-01 2.732561539030327822e+02
3.300000000003124878e-01 2.814828694772767790e+02
3.500000000003120615e-01 2.917835215123462262e+02
3.700000000003116352e-01 2.997015752782907043e+02
3.900000000003112088e-01 3.104699161373322909e+02
4.100000000003107825e-01 3.192676207482701329e+02
4.300000000003103562e-01 3.305653604722298269e+02
4.500000000003099299e-01 3.396657852622716405e+02
4.700000000003095035e-01 3.492600659005922239e+02
4.900000000003090772e-01 3.603049867712536525e+02
5.100000000003086509e-01 3.713907834028923389e+02
5.300000000003082246e-01 3.804466397288540520e+02
5.500000000003077982e-01 3.921724630589812932e+02
5.700000000003073719e-01 4.034109883882173335e+02
5.900000000003069456e-01 4.145471906126356885e+02
6.100000000003065193e-01 4.245441082373897075e+02
6.300000000003060929e-01 4.342990157189168485e+02
6.500000000003056666e-01 4.464846853708824028e+02
6.700000000003052403e-01 4.570819043643980990e+02
6.900000000003048140e-01 4.689019698865169516e+02
7.100000000003043876e-01 4.794946180030256642e+02
7.300000000003039613e-01 4.902952199258791097e+02
7.500000000003035350e-01 5.028596339257056798e+02
7.700000000003031086e-01 5.105134119651082756e+02
7.900000000003026823e-01 5.260950738724309304e+02
8.100000000003022560e-01 5.347541594367668267e+02
8.300000000003018297e-01 5.427799290850927036e+02
8.500000000003014033e-01 5.555425986469836062e+02
8.700000000003009770e-01 5.661844460227332547e+02
8.900000000003005507e-01 5.770962836261312532e+02
9.100000000003001244e-01 5.869361027500493719e+02
9.300000000002996980e-01 5.972100542494845286e+02
9.500000000002992717e-01 6.061779544086174383e+02
9.700000000002988454e-01 6.168006035162670742e+02
9.900000000002984191e-01 6.269203696389523657e+02
1.010000000000297993e+00 6.340637117872890940e+02
1.030000000000297566e+00 6.440374475079481726e+02
1.050000000000297140e+00 6.471639057649997540e+02
1.070000000000296714e+00 6.569329736343817103e+02
1.090000000000296287e+00 6.683524303927903247e+02
1.110000000000295861e+00 6.791873862430142026e+02
1.130000000000295435e+00 6.786853855950631669e+02
1.150000000000295008e+00 6.874668929016150969e+02
1.170000000000294582e+00 6.953255972445446105e+02
1.190000000000294156e+00 7.012062320878769697e+02
1.210000000000293729e+00 7.031198658566642052e+02
1.230000000000293303e+00 7.123917641606964253e+02
1.250000000000292877e+00 7.165300604660917543e+02
1.270000000000292451e+00 7.208428249197635296e+02
1.290000000000292024e+00 7.241869710846607404e+02
1.310000000000291598e+00 7.281987153785072451e+02
1.330000000000291172e+00 7.325518460210355443e+02
1.350000000000290745e+00 7.380418494366972482e+02
1.370000000000290319e+00 7.381397419805356321e+02
1.390000000000289893e+00 7.451925009072600687e+02
1.410000000000289466e+00 7.434512423768404688e+02
1.430000000000289040e+00 7.466690968065819334e+02
1.450000000000288614e+00 7.512754691095045700e+02
1.470000000000288187e+00 7.497619208950269467e+02
1.490000000000287761e+00 7.522162005359106161e+02
1.510000000000287335e+00 7.533333951656808267e+02
1.530000000000286908e+00 7.489708540646100801e+02
1.550000000000286482e+00 7.509975141261007821e+02
1.570000000000286056e+00 7.533367607652187417e+02
1.590000000000285629e+00 7.508740992978199529e+02
1.610000000000285203e+00 7.485173507194193689e+02
1.630000000000284777e+00 7.500554570935282754e+02
1.650000000000284350e+00 7.493951627560436464e+02
1.670000000000283924e+00 7.439606217299724449e+02
1.690000000000283498e+00 7.415450476398655155e+02
1.710000000000283071e+00 7.408453619672336572e+02
1.730000000000282645e+00 7.354143893540707495e+02
1.750000000000282219e+00 7.340818615340730275e+02
1.770000000000281792e+00 7.270078265549243497e+02
1.790000000000281366e+00 7.264140036452117783e+02
1.810000000000280940e+00 7.235824890096255331e+02
1.830000000000280513e+00 7.135720803925615883e+02
1.850000000000280087e+00 7.144566066039470797e+02
1.870000000000279661e+00 7.031964494231482377e+02
1.890000000000279234e+00 7.002680906175311293e+02
1.910000000000278808e+00 6.973136069205691001e+02
1.930000000000278382e+00 6.857567610250073358e+02
1.950000000000277955e+00 6.854575585939923030e+02
1.970000000000277529e+00 6.755657188515065172e+02
1.990000000000277103e+00 6.717251428028753253e+02
2.010000000000276899e+00 6.623082362444198452e+02
2.030000000000276472e+00 6.601014748346113947e+02
2.050000000000276046e+00 6.525136368944123433e+02
2.070000000000275620e+00 6.424688028576025545e+02
2.090000000000275193e+00 6.402976029394856141e+02
2.110000000000274767e+00 6.283701548124239480e+02
2.130000000000274341e+00 6.222134524330957674e+02
2.150000000000273914e+00 6.158643825287459777e+02
2.170000000000273488e+00 6.116719356685632647e+02
2.190000000000273062e+00 6.004616561331756657e+02
2.210000000000272635e+00 5.922099758359402131e+02
2.230000000000272209e+00 5.843673745276254294e+02
2.250000000000271783e+00 5.789533365144600339e+02
2.270000000000271356e+00 5.733377187409162161e+02
2.290000000000270930e+00 5.622900102966417535e+02
2.310000000000270504e+00 5.546621880051873177e+02
2.330000000000270077e+00 5.500721760154226558e+02
2.350000000000269651e+00 5.404040374276090688e+02
2.370000000000269225e+00 5.342766169152638440e+02
2.390000000000268798e+00 5.272521127144647153e+02
2.410000000000268372e+00 5.196325366307809190e+02
2.430000000000267946e+00 5.096142350922597188e+02
2.450000000000267519e+00 5.042834374223229474e+02
2.470000000000267093e+00 4.950726000932460238e+02
2.490000000000266667e+00 4.902207153266929254e+02
2.510000000000266240e+00 4.800888631543947440e+02
2.530000000000265814e+00 4.721119310818657482e+02
2.550000000000265388e+00 4.658815615368861813e+02
2.570000000000264961e+00 4.614117718072301955e+02
2.590000000000264535e+00 4.539607799456156272e+02
2.610000000000264109e+00 4.444408158382147462e+02
2.630000000000263682e+00 4.395715112221031404e+02
2.650000000000263256e+00 4.331242177419997006e+02
2.670000000000262830e+00 4.232294025137009044e+02
2.690000000000262403e+00 4.164027385988958940e+02
2.710000000000261977e+00 4.145932107768142032e+02
2.730000000000261551e+00 4.034503168199885863e+02
2.750000000000261124e+00 3.989851522524716074e+02
2.770000000000260698e+00 3.890684109521566825e+02
2.790000000000260272e+00 3.853375809971582839e+02
2.810000000000259845e+00 3.786222409441149352e+02
2.830000000000259419e+00 3.715195123616180695e+02
2.850000000000258993e+00 3.675717324267257595e+02
2.870000000000258567e+00 3.585612739272114027e+02
2.890000000000258140e+00 3.535981393341558032e+02
2.910000000000257714e+00 3.469963165435255519e+02
2.930000000000257288e+00 3.435006302698544118e+02
2.950000000000256861e+00 3.353786843245949285e+02
2.970000000000256435e+00 3.288143170222855929e+02
2.990000000000256009e+00 3.224594077556253637e+02
3.010000000000255582e+00 3.203702036001626539e+02
3.030000000000255156e+00 3.140995226514312435e+02
3.050000000000254730e+00 3.063318476935610875e+02
3.070000000000254303e+00 3.038619416100946751e+02
3.090000000000253877e+00 2.977083098812624939e+02
3.110000000000253451e+00 2.926368771902081676e+02
3.130000000000253024e+00 2.865929212988369841e+02
3.150000000000252598e+00 2.824602912673300352e+02
3.170000000000252172e+00 2.786706389945012461e+02
3.190000000000251745e+00 2.727350386332265657e+02
3.210000000000251319e+00 2.702239205444018921e+02
3.230000000000250893e+00 2.639996241634634657e+02
3.250000000000250466e+00 2.582458873417079985e+02
3.270000000000250040e+00 2.542471315190590531e+02
3.290000000000249614e+00 2.500260268278138938e+02
3.310000000000249187e+00 2.463490381064753478e+02
3.330000000000248761e+00 2.413963846355938188e+02
3.350000000000248335e+00 2.373229537264107591e+02
3.370000000000247908e+00 2.339106933846056791e+02
3.390000000000247482e+00 2.283702391208525171e+02
3.410000000000247056e+00 2.251678449164364508e+02
3.430000000000246629e+00 2.209476975913518970e+02
3.450000000000246203e+00 2.165723855157187643e+02
3.470000000000245777e+00 2.131282295278894026e+02
3.490000000000245350e+00 2.091666693448976275e+02
3.510000000000244924e+00 2.059443393366458395e+02
3.530000000000244498e+00 2.024145843767425959e+02
3.550000000000244071e+00 1.975208541741681643e+02
3.570000000000243645e+00 1.952733738967937427e+02
3.590000000000243219e+00 1.937037829000842066e+02
3.610000000000242792e+00 1.877338922264368932e+02
3.630000000000242366e+00 1.857064569330153461e+02
3.650000000000241940e+00 1.833320805507794944e+02
3.670000000000241513e+00 1.777967869403473173e+02
3.690000000000241087e+00 1.758941370039040919e+02
3.710000000000240661e+00 1.722146613592381641e+02
3.730000000000240234e+00 1.695453971742519172e+02
3.750000000000239808e+00 1.662607158869476791e+02
3.770000000000239382e+00 1.644094749145255321e+02
3.790000000000238956e+00 1.613100000560545766e+02
3.810000000000238529e+00 1.582817116061120259e+02
3.830000000000238103e+00 1.560433064075461687e+02
3.850000000000237677e+00 1.525839508333133665e+02
3.870000000000237250e+00 1.496508656987193717e+02
3.890000000000236824e+00 1.486006570001123066e+02
3.910000000000236398e+00 1.447224667635125854e+02
3.930000000000235971e+00 1.430280623161737594e+02
3.950000000000235545e+00 1.392923154004551236e+02
3.970000000000235119e+00 1.384732171047958218e+02
3.990000000000234692e+00 1.353793923612023491e+02
4.010000000000234266e+00 1.334803051914112757e+02
4.030000000000233840e+00 1.307879301543828774e+02
4.050000000000233413e+00 1.292935700605183058e+02
4.070000000000232987e+00 1.278661941564260474e+02
4.090000000000232561e+00 1.253120151330722649e+02
4.110000000000232134e+00 1.221414183359858043e+02
4.130000000000231708e+00 1.216404041580587148e+02
4.150000000000231282e+00 1.190226931012345517e+02
4.170000000000230855e+00 1.177730026759879252e+02
4.190000000000230429e+00 1.153635767247432256e+02
4.210000000000230003e+00 1.134319409173133266e+02
4.230000000000229576e+00 1.122671507358230372e+02
4.250000000000229150e+00 1.102284795566565663e+02
4.270000000000228724e+00 1.084379009993160139e+02
4.290000000000228297e+00 1.075711398096455156e+02
4.310000000000227871e+00 1.049804667248556171e+02
4.330000000000227445e+00 1.028365760317049222e+02
4.350000000000227018e+00 1.019721967918165717e+02
4.370000000000226592e+00 1.007822703745078599e+02
4.390000000000226166e+00 9.854958716404293284e+01
4.410000000000225739e+00 9.742770050112639524e+01
4.430000000000225313e+00 9.607952961000515302e+01
4.450000000000224887e+00 9.485317139438024014e+01
4.470000000000224460e+00 9.237426554124897393e+01
4.490000000000224034e+00 9.200771578724761923e+01
4.510000000000223608e+00 9.050494550306603969e+01
4.530000000000223181e+00 8.999942604506365740e+01
4.550000000000222755e+00 8.879293607284230916e+01
4.570000000000222329e+00 8.773936505695419896e+01
4.590000000000221902e+00 8.642516920769836020e+01
4.610000000000221476e+00 8.537867839133819814e+01
4.630000000000221050e+00 8.420811455036974280e+01
4.650000000000220624e+00 8.266509998301552287e+01
4.670000000000220197e+00 8.262840019862063912e+01
4.690000000000219771e+00 8.147053118007654859e+01
4.710000000000219345e+00 8.077267948291873267e+01
4.730000000000218918e+00 7.995467979969768635e+01
4.750000000000218492e+00 7.869570446169696254e+01
4.770000000000218066e+00 7.768007075708594300e+01
4.790000000000217639e+00 7.727759308927051052e+01
4.810000000000217213e+00 7.583600686892788190e+01
4.830000000000216787e+00 7.555322282831608049e+01
4.850000000000216360e+00 7.531124812441599659e+01
4.870000000000215934e+00 7.472236194441248358e+01
4.890000000000215508e+00 7.304019568778535643e+01
4.910000000000215081e+00 7.367473061007959245e+01
4.930000000000214655e+00 7.220907529298747818e+01
4.950000000000214229e+00 7.110581974016604079e+01
4.970000000000213802e+00 7.046766917103214212e+01
4.990000000000213376e+00 7.070642304185028593e+01
5.010000000000212950e+00 6.945162621077719223e+01
5.030000000000212523e+00 6.986592431174364037e+01
5.050000000000212097e+00 6.948134546246969023e+01
5.070000000000211671e+00 6.830295383385619346e+01
5.090000000000211244e+00 6.705551702595430186e+01
5.110000000000210818e+00 6.761897109054669386e+01
5.130000000000210392e+00 6.703331926706135846e+01
5.150000000000209965e+00 6.650698282699495678e+01
5.170000000000209539e+00 6.608202136052324249e+01
5.190000000000209113e+00 6.519005206744884617e+01
5.210000000000208686e+00 6.515514968727354983e+01
5.230000000000208260e+00 6.435703959999644042e+01
5.250000000000207834e+00 6.434900801558636374e+01
5.270000000000207407e+00 6.356633833716867343e+01
5.290000000000206981e+00 6.305964668485702163e+01
5.310000000000206555e+00 6.336841037311595670e+01
5.330000000000206128e+00 6.338394038291681198e+01
5.350000000000205702e+00 6.153857241582355186e+01
5.370000000000205276e+00 6.083991643017331086e+01
5.390000000000204849e+00 6.188282748924780208e+01
5.410000000000204423e+00 6.053741830768952781e+01
5.430000000000203997e+00 6.059948854377883265e+01
5.450000000000203570e+00 6.009928384075524832e+01
5.470000000000203144e+00 6.015058432798732468e+01
5.490000000000202718e+00 5.940951145164383718e+01
5.510000000000202292e+00 5.947812047660845280e+01
5.530000000000201865e+00 5.880405691038732385e+01
5.550000000000201439e+00 5.838947391245417151e+01
5.570000000000201013e+00 5.741524663827191688e+01
5.590000000000200586e+00 5.751818367301751067e+01
5.610000000000200160e+00 5.718129738417502494e+01
5.630000000000199734e+00 5.663204164310265298e+01
5.650000000000199307e+00 5.663638431219915503e+01
5.670000000000198881e+00 5.601457235792715750e+01
5.690000000000198455e+00 5.601630959450770320e+01
5.710000000000198028e+00 5.504721252797889264e+01
5.730000000000197602e+00 5.467033893198159689e+01
5.750000000000197176e+00 5.441864762369307584e+01
5.770000000000196749e+00 5.433730494057512317e+01
5.790000000000196323e+00 5.352063799110999298e+01
5.810000000000195897e+00 5.328666011944136471e+01
5.830000000000195470e+00 5.252739469360276559e+01
5.850000000000195044e+00 5.203731952561526697e+01
5.870000000000194618e+00 5.208802422635939422e+01
5.890000000000194191e+00 5.147578387113599518e+01
5.910000000000193765e+00 5.124758384859786986e+01
5.930000000000193339e+00 5.058048894859759770e+01
5.950000000000192912e+00 5.018381425711417165e+01
5.970000000000192486e+00 4.955239854088885920e+01
5.990000000000192060e+00 4.939307588627641366e+01
6.010000000000191633e+00 4.904717440392771266e+01
6.030000000000191207e+00 4.834352626684881216e+01
6.050000000000190781e+00 4.820534221009275200e+01
6.070000000000190354e+00 4.767953085302327310e+01
6.090000000000189928e+00 4.710903186432518908e+01
6.110000000000189502e+00 4.692592345034509549e+01
6.130000000000189075e+00 4.596727758593401347e+01
6.150000000000188649e+00 4.614470769220425694e+01
6.170000000000188223e+00 4.571297567840124287e+01
6.190000000000187796e+00 4.473276628018965795e+01
6.210000000000187370e+00 4.481965534578730370e+01
6.230000000000186944e+00 4.390064744734049640e+01
6.250000000000186517e+00 4.363272444335298417e+01
6.270000000000186091e+00 4.291113416355045018e+01
6.290000000000185665e+00 4.251561584159527030e+01
6.310000000000185238e+00 4.210001069161425846e+01
6.330000000000184812e+00 4.183823247167319437e+01
6.350000000000184386e+00 4.094200243719696175e+01
6.370000000000183960e+00 4.097737426568836128e+01
6.390000000000183533e+00 4.034496857144562654e+01
6.410000000000183107e+00 3.978591619148353686e+01
6.430000000000182681e+00 3.984404878730494914e+01
6.450000000000182254e+00 3.891563724326817209e+01
6.470000000000181828e+00 3.893695744253881230e+01
6.490000000000181402e+00 3.838036109928434314e+01
6.510000000000180975e+00 3.788898056816662319e+01
6.530000000000180549e+00 3.793500024926620995e+01
6.550000000000180123e+00 3.741486649953027666e+01
6.570000000000179696e+00 3.726964558102321945e+01
6.590000000000179270e+00 3.691375353166089468e+01
6.610000000000178844e+00 3.613186085397093450e+01
6.630000000000178417e+00 3.593473787386503204e+01
6.650000000000177991e+00 3.547320088999058640e+01
6.670000000000177565e+00 3.519186551665879392e+01
6.690000000000177138e+00 3.495912410700686479e+01
6.710000000000176712e+00 3.428601794998878205e+01
6.730000000000176286e+00 3.426596304772582613e+01
6.750000000000175859e+00 3.418347396458047882e+01
6.770000000000175433e+00 3.334081083417415670e+01
6.790000000000175007e+00 3.299003504230948636e+01
6.810000000000174580e+00 3.299108901073581279e+01
6.830000000000174154e+00 3.243053566827149581e+01
6.850000000000173728e+00 3.226512397307376290e+01
6.870000000000173301e+00 3.148755737299286750e+01
6.890000000000172875e+00 3.158048398348380914e+01
6.910000000000172449e+00 3.147190378800624799e+01
6.930000000000172022e+00 3.098031201859080852e+01
6.950000000000171596e+00 3.093626714004435385e+01
6.970000000000171170e+00 3.048391434941527578e+01
6.990000000000170743e+00 3.021997258529583519e+01
7.010000000000170317e+00 3.007946730721037554e+01
7.030000000000169891e+00 2.981739453197019074e+01
7.050000000000169464e+00 2.996149202616090079e+01
7.070000000000169038e+00 2.934525881416546511e+01
7.090000000000168612e+00 2.940426782907418968e+01
7.110000000000168185e+00 2.903193716647196965e+01
7.130000000000167759e+00 2.896874723041050004e+01
7.150000000000167333e+00 2.891539224773100614e+01
7.170000000000166906e+00 2.850688654563948177e+01
7.190000000000166480e+00 2.855196742796109532e+01
7.210000000000166054e+00 2.871407430477177414e+01
7.230000000000165628e+00 2.815461416458003541e+01
7.250000000000165201e+00 2.807251768516594481e+01
7.270000000000164775e+00 2.778824922601713610e+01
7.290000000000164349e+00 2.754683335625438190e+01
7.310000000000163922e+00 2.760061091924639243e+01
7.330000000000163496e+00 2.739028725571258249e+01
7.350000000000163070e+00 2.777304059844937356e+01
7.370000000000162643e+00 2.730225123638308915e+01
7.390000000000162217e+00 2.708717495954318721e+01
7.410000000000161791e+00 2.726674080115046195e+01
7.430000000000161364e+00 2.729880825123897026e+01
7.450000000000160938e+00 2.721012745873159844e+01
7.470000000000160512e+00 2.700432224970887063e+01
7.490000000000160085e+00 2.728336950789762483e+01
7.510000000000159659e+00 2.724213846480494183e+01
7.530000000000159233e+00 2.721936306438460562e+01
7.550000000000158806e+00 2.748339804221207672e+01
7.570000000000158380e+00 2.738850550752640700e+01
7.590000000000157954e+00 2.728321205027474150e+01
7.610000000000157527e+00 2.727262735728421106e+01
7.630000000000157101e+00 2.746521894502279437e+01
7.650000000000156675e+00 2.764308024592878255e+01
7.670000000000156248e+00 2.776614349042607444e+01
7.690000000000155822e+00 2.832493543369302813e+01
7.710000000000155396e+00 2.793672819600949708e+01
7.730000000000154969e+00 2.802134602287601339e+01
7.750000000000154543e+00 2.847963085413174866e+01
7.770000000000154117e+00 2.839809349353440027e+01
7.790000000000153690e+00 2.853036861032520122e+01
7.810000000000153264e+00 2.864933373199649225e+01
7.830000000000152838e+00 2.908645135737848975e+01
7.850000000000152411e+00 2.920243398702506710e+01
7.870000000000151985e+00 2.924157251201730645e+01
7.890000000000151559e+00 2.941172316464313141e+01
7.910000000000151132e+00 2.947628473334531662e+01
7.930000000000150706e+00 2.995515762350416722e+01
7.950000000000150280e+00 3.017190706522433530e+01
7.970000000000149853e+00 3.041517355949544665e+01
7.990000000000149427e+00 3.050475509591356982e+01
8.010000000000149001e+00 3.079297485949896540e+01
8.030000000000148574e+00 3.088026629776393150e+01
8.050000000000148148e+00 3.131613240716772850e+01
8.070000000000147722e+00 3.137073833401673539e+01
8.090000000000147296e+00 3.169274277148798546e+01
8.110000000000146869e+00 3.185963649849375656e+01
8.130000000000146443e+00 3.230991600007892117e+01
8.150000000000146017e+00 3.234340490502895449e+01
8.170000000000145590e+00 3.301421585074580634e+01
8.190000000000145164e+00 3.289550831501662742e+01
8.210000000000144738e+00 3.320357019159083478e+01
8.230000000000144311e+00 3.342928695701099429e+01
8.250000000000143885e+00 3.337112792458433574e+01
8.270000000000143459e+00 3.388826091943960961e+01
8.290000000000143032e+00 3.402359508940271837e+01
8.310000000000142606e+00 3.417938473633218166e+01
8.330000000000142180e+00 3.434843763609820400e+01
8.350000000000141753e+00 3.439840981973502920e+01
8.370000000000141327e+00 3.483750021025581844e+01
8.390000000000140901e+00 3.504403362925618381e+01
8.410000000000140474e+00 3.525231916462442427e+01
8.430000000000140048e+00 3.544720111114318684e+01
8.450000000000139622e+00 3.598171911500259057e+01
8.470000000000139195e+00 3.596462466707602346e+01
8.490000000000138769e+00 3.589666426454937209e+01
8.510000000000138343e+00 3.632410768502127496e+01
8.530000000000137916e+00 3.679706639634577670e+01
8.550000000000137490e+00 3.673104278137927992e+01
8.570000000000137064e+00 3.691658240812778757e+01
8.590000000000136637e+00 3.701367142375419661e+01
8.610000000000136211e+00 3.696812619947576906e+01
8.630000000000135785e+00 3.734037319857493742e+01
8.650000000000135358e+00 3.759246251405132000e+01
8.670000000000134932e+00 3.770682154387368001e+01
8.690000000000134506e+00 3.777195334726931009e+01
8.710000000000134079e+00 3.818438854344421429e+01
8.730000000000133653e+00 3.812488334297130876e+01
8.750000000000133227e+00 3.842403325119241231e+01
8.770000000000132800e+00 3.854621865670002734e+01
8.790000000000132374e+00 3.870517184126496346e+01
8.810000000000131948e+00 3.907842273326889426e+01
8.830000000000131521e+00 3.896951988207776196e+01
8.850000000000131095e+00 3.905059185332515881e+01
8.870000000000130669e+00 3.934825250817775100e+01
8.890000000000130242e+00 3.968642793034076277e+01
8.910000000000129816e+00 3.943600798799028695e+01
8.930000000000129390e+00 3.972932615093263564e+01
8.950000000000128964e+00 3.986528975630655935e+01
8.970000000000128537e+00 3.989253446528982749e+01
8.990000000000128111e+00 4.007632169543495593e+01
9.010000000000127685e+00 4.028507977358654557e+01
9.030000000000127258e+00 4.043748912009824181e+01
9.050000000000126832e+00 4.013097488893144060e+01
9.070000000000126406e+00 4.048858457135212774e+01
9.090000000000125979e+00 4.053871316698826632e+01
9.110000000000125553e+00 4.069736168913316732e+01
9.130000000000125127e+00 4.089153089238243410e+01
9.150000000000124700e+00 4.067010808902623609e+01
9.170000000000124274e+00 4.091502934837368599e+01
9.190000000000123848e+00 4.082058291354891111e+01
9.210000000000123421e+00 4.095087000908922903e+01
9.230000000000122995e+00 4.075217484307663085e+01
9.250000000000122569e+00 4.090359542557541062e+01
9.270000000000122142e+00 4.093256023575780489e+01
9.290000000000121716e+00 4.074984353993637853e+01
9.310000000000121290e+00 4.075134209515447026e+01
9.330000000000120863e+00 4.074627217118355560e+01
9.350000000000120437e+00 4.084310531528964106e+01
9.370000000000120011e+00 4.054089514903344593e+01
9.390000000000119584e+00 4.051504033228879109e+01
9.410000000000119158e+00 4.055972575384715384e+01
9.430000000000118732e+00 4.014213101895488478e+01
9.450000000000118305e+00 4.006999117270756727e+01
9.470000000000117879e+00 3.986817074917738779e+01
9.490000000000117453e+00 3.965328706156920902e+01
9.510000000000117026e+00 3.958434101874792077e+01
9.530000000000116600e+00 3.922862908380369618e+01
9.550000000000116174e+00 3.904236937357624981e+01
9.570000000000115747e+00 3.898094610828434270e+01
9.590000000000115321e+00 3.864480593960781363e+01
9.610000000000114895e+00 3.846889101135761280e+01
9.630000000000114468e+00 3.806037964431665443e+01
9.650000000000114042e+00 3.780915371203689546e+01
9.670000000000113616e+00 3.750112695319158007e+01
9.690000000000113189e+00 3.706270990883437833e+01
9.710000000000112763e+00 3.680185437676328775e+01
9.730000000000112337e+00 3.643237410743131477e+01
9.750000000000111910e+00 3.618814903159023544e+01
9.770000000000111484e+00 3.570256885672961999e+01
9.790000000000111058e+00 3.530043140962668957e+01
9.810000000000110632e+00 3.489091263125254727e+01
9.830000000000110205e+00 3.431242657820465780e+01
9.850000000000109779e+00 3.428887141862983867e+01
9.870000000000109353e+00 3.381587037294547571e+01
9.890000000000108926e+00 3.337114088838372794e+01
9.910000000000108500e+00 3.288974237891417118e+01
9.930000000000108074e+00 3.261982833968552598e+01
9.950000000000107647e+00 3.207599223827467227e+01
9.970000000000107221e+00 3.163654357133169981e+01
9.990000000000106795e+00 3.122485102614556851e+01
1.001000000000010637e+01 3.077829877987887386e+01
1.003000000000010594e+01 3.041361771735346409e+01
1.005000000000010552e+01 2.991339045199548607e+01
1.007000000000010509e+01 2.966668764698435368e+01
1.009000000000010466e+01 2.901219835050756402e+01
1.011000000000010424e+01 2.871327878517652010e+01
1.013000000000010381e+01 2.839818742176295885e+01
1.015000000000010338e+01 2.782430004336501739e+01
1.017000000000010296e+01 2.757691250402950445e+01
1.019000000000010253e+01 2.706601817567158008e+01
1.021000000000010210e+01 2.678750808305076703e+01
1.023000000000010168e+01 2.626258934186136074e+01
1.025000000000010125e+01 2.586787807920281779e+01
1.027000000000010083e+01 2.549802609586326696e+01
1.029000000000010040e+01 2.540968527730483828e+01
1.031000000000009997e+01 2.462806880238935747e+01
1.033000000000009955e+01 2.451832166012136938e+01
1.035000000000009912e+01 2.417612442198047162e+01
1.037000000000009869e+01 2.390105896532485730e+01
1.039000000000009827e+01 2.352025431638320541e+01
1.041000000000009784e+01 2.312984416853700864e+01
1.043000000000009742e+01 2.285824091564968086e+01
1.045000000000009699e+01 2.255161663533832694e+01
1.047000000000009656e+01 2.228363055591595909e+01
1.049000000000009614e+01 2.192638814902671740e+01
1.051000000000009571e+01 2.160063498342153565e+01
1.053000000000009528e+01 2.135991139118384297e+01
1.055000000000009486e+01 2.094439863750290343e+01
1.057000000000009443e+01 2.075092472482274530e+01
1.059000000000009400e+01 2.042772106621699280e+01
1.061000000000009358e+01 2.034411610513157243e+01
1.063000000000009315e+01 2.002864364037234424e+01
1.065000000000009273e+01 1.980207635717743031e+01
1.067000000000009230e+01 1.945044634070607614e+01
1.069000000000009187e+01 1.933350153583176478e+01
1.071000000000009145e+01 1.900997393907138289e+01
1.073000000000009102e+01 1.874142882818643230e+01
1.075000000000009059e+01 1.851904068976532969e+01
1.077000000000009017e+01 1.816079911438419359e+01
1.079000000000008974e+01 1.797837764005335615e+01
1.081000000000008932e+01 1.779324395671530468e+01
1.083000000000008889e+01 1.770005226653898234e+01
1.085000000000008846e+01 1.732593234435300644e+01
1.087000000000008804e+01 1.708470326662090599e+01
1.089000000000008761e+01 1.693327115817546158e+01
1.091000000000008718e+01 1.660749413280575837e+01
1.093000000000008676e+01 1.660254962209145191e+01
1.095000000000008633e+01 1.618402461733263564e+01
1.097000000000008590e+01 1.605596235589624499e+01
1.099000000000008548e+01 1.574669427145798295e+01
1.101000000000008505e+01 1.569290715497998079e+01
1.103000000000008463e+01 1.543240661025929583e+01
1.105000000000008420e+01 1.520449305382274297e+01
1.107000000000008377e+01 1.496382424226264085e+01
1.109000000000008335e+01 1.479442534771450291e+01
1.111000000000008292e+01 1.464051372195380019e+01
1.113000000000008249e+01 1.452210430320609547e+01
1.115000000000008207e+01 1.415478439883365347e+01
1.117000000000008164e+01 1.401234297157321507e+01
1.119000000000008122e+01 1.393939211431930048e+01
1.121000000000008079e+01 1.379668003107722818e+01
1.123000000000008036e+01 1.356510675035846525e+01
1.125000000000007994e+01 1.337520118408613001e+01
1.127000000000007951e+01 1.331402057568215191e+01
1.129000000000007908e+01 1.325708348327401964e+01
1.131000000000007866e+01 1.287231197735576771e+01
1.133000000000007823e+01 1.290483065978406607e+01
1.135000000000007780e+01 1.271808936350571173e+01
1.137000000000007738e+01 1.269034420951796704e+01
1.139000000000007695e+01 1.264502823739660720e+01
1.141000000000007653e+01 1.243054055956878301e+01
1.143000000000007610e+01 1.244815127153632695e+01
1.145000000000007567e+01 1.241907264195940819e+01
1.147000000000007525e+01 1.229858842360008531e+01
1.149000000000007482e+01 1.220947964100739469e+01
1.151000000000007439e+01 1.233448298766048445e+01
1.153000000000007397e+01 1.233660851475806908e+01
1.155000000000007354e+01 1.229454520003031526e+01
1.157000000000007311e+01 1.235100810106437130e+01
1.159000000000007269e+01 1.230520397602552052e+01
1.161000000000007226e+01 1.233197716092968221e+01
1.163000000000007184e+01 1.249483760339340854e+01
1.165000000000007141e+01 1.251727018075248310e+01
1.167000000000007098e+01 1.266322264828844268e+01
1.169000000000007056e+01 1.280520458769191627e+01
1.171000000000007013e+01 1.281815151083818627e+01
1.173000000000006970e+01 1.305954190600382425e+01
1.175000000000006928e+01 1.315855049193557669e+01
1.177000000000006885e+01 1.334468124353259455e+01
1.179000000000006843e+01 1.343887466272991738e+01
1.181000000000006800e+01 1.369682628740136110e+01
1.183000000000006757e+01 1.402584433178929579e+01
1.185000000000006715e+01 1.405458925030740858e+01
1.187000000000006672e+01 1.442924742446826691e+01
1.189000000000006629e+01 1.454356813311354557e+01
1.191000000000006587e+01 1.493377459296442922e+01
1.193000000000006544e+01 1.510753152420230627e+01
1.195000000000006501e+01 1.532897200221374945e+01
1.197000000000006459e+01 1.562324280171609381e+01
1.199000000000006416e+01 1.583702391714380120e+01
1.201000000000006374e+01 1.617640188963137149e+01
1.203000000000006331e+01 1.656110936661833222e+01
1.205000000000006288e+01 1.684547792881526007e+01
1.207000000000006246e+01 1.706336227676557726e+01
1.209000000000006203e+01 1.733296075919048818e+01
1.211000000000006160e+01 1.757284016352491562e+01
1.213000000000006118e+01 1.792059756062175424e+01
1.215000000000006075e+01 1.834933126915054658e+01
1.217000000000006033e+01 1.847716973279263897e+01
1.219000000000005990e+01 1.884867025850029165e+01
1.221000000000005947e+01 1.915507326444628333e+01
1.223000000000005905e+01 1.932948691127614893e+01
1.225000000000005862e+01 1.953713868205762338e+01
1.227000000000005819e+01 1.981726362765163785e+01
1.229000000000005777e+01 2.006424262600801001e+01
1.231000000000005734e+01 2.036049330111858779e+01
1.233000000000005691e+01 2.068018375469286951e+01
1.235000000000005649e+01 2.068645373331511905e+01
1.237000000000005606e+01 2.103566232748893228e+01
1.239000000000005564e+01 2.113511673240532218e+01
1.241000000000005521e+01 2.147526328358592806e+01
1.243000000000005478e+01 2.155254841295894153e+01
1.245000000000005436e+01 2.146487039041004152e+01
1.247000000000005393e+01 2.185494899808692182e+01
1.249000000000005350e+01 2.217995554222473586e+01
1.251000000000005308e+01 2.205653991391107027e+01
1.253000000000005265e+01 2.210103235304842784e+01
1.255000000000005222e+01 2.239426809137397001e+01
1.257000000000005180e+01 2.233794243115557521e+01
1.259000000000005137e+01 2.257080763026278447e+01
1.261000000000005095e+01 2.246530777147125946e+01
1.263000000000005052e+01 2.249033100199688562e+01
1.265000000000005009e+01 2.248763532965755019e+01
1.267000000000004967e+01 2.268912211263937451e+01
1.269000000000004924e+01 2.282882109634134338e+01
1.271000000000004881e+01 2.263822595991580044e+01
1.273000000000004839e+01 2.258138178384489692e+01
1.275000000000004796e+01 2.263753742252417567e+01
1.277000000000004754e+01 2.249496784494117563e+01
1.279000000000004711e+01 2.267404237837098435e+01
1.281000000000004668e+01 2.268439442204813972e+01
1.283000000000004626e+01 2.249553789383030633e+01
1.285000000000004583e+01 2.238357311026738117e+01
1.287000000000004540e+01 2.236931080343058653e+01
1.289000000000004498e+01 2.248713582810968958e+01
1.291000000000004455e+01 2.234605962974525895e+01
1.293000000000004412e+01 2.204240798013076486e+01
1.295000000000004370e+01 2.216782890165438147e+01
1.297000000000004327e+01 2.200901222733907048e+01
1.299000000000004285e+01 2.199204249263321032e+01
1.301000000000004242e+01 2.197860140578504939e+01
1.303000000000004199e+01 2.172121329782905974e+01
1.305000000000004157e+01 2.163056392247305482e+01
1.307000000000004114e+01 2.152060959851440813e+01
1.309000000000004071e+01 2.167798686209152947e+01
1.311000000000004029e+01 2.136569415372625613e+01
1.313000000000003986e+01 2.120574646386053885e+01
1.315000000000003944e+01 2.134667540705873279e+01
1.317000000000003901e+01 2.108140685782032619e+01
1.319000000000003858e+01 2.099368098432409013e+01
1.321000000000003816e+01 2.072842617347270533e+01
1.323000000000003773e+01 2.071386014553026200e+01
1.325000000000003730e+01 2.077115358988645966e+01
1.327000000000003688e+01 2.061395135108357124e+01
1.329000000000003645e+01 2.034132051806455976e+01
1.331000000000003602e+01 2.041895288987473123e+01
1.333000000000003560e+01 2.016937476303884225e+01
1.335000000000003517e+01 2.019359992127115788e+01
1.337000000000003475e+01 1.999328204521674479e+01
1.339000000000003432e+01 1.984608922247066687e+01
1.341000000000003389e+01 1.986322287460012248e+01
1.343000000000003347e+01 1.963411877554866081e+01
1.345000000000003304e+01 1.947263795664589736e+01
1.347000000000003261e+01 1.950140919517628646e+01
1.349000000000003219e+01 1.932297089929631895e+01
1.351000000000003176e+01 1.944966799534585533e+01
1.353000000000003133e+01 1.891440656090709638e+01
1.355000000000003091e+01 1.896525483108133159e+01
1.357000000000003048e+01 1.860675380376005705e+01
1.359000000000003006e+01 1.856189723794819102e+01
1.361000000000002963e+01 1.813395523402227383e+01
1.363000000000002920e+01 1.782207646055717376e+01
1.365000000000002878e+01 1.750251806674156541e+01
1.367000000000002835e+01 1.699813877349266278e+01
1.369000000000002792e+01 1.665902581616191469e+01
1.371000000000002750e+01 1.612788122649806155e+01
1.373000000000002707e+01 1.560070777751427507e+01
1.375000000000002665e+01 1.508251343072933004e+01
1.377000000000002622e+01 1.478336552157711381e+01
1.379000000000002579e+01 1.429243067779337117e+01
1.381000000000002537e+01 1.371854645780926241e+01
1.383000000000002494e+01 1.333867601030089389e+01
1.385000000000002451e+01 1.287981529447220730e+01
1.387000000000002409e+01 1.251053200946983956e+01
1.389000000000002366e+01 1.229213022141053457e+01
1.391000000000002323e+01 1.189522725430763295e+01
1.393000000000002281e+01 1.146194853995366358e+01
1.395000000000002238e+01 1.108606610832967476e+01
1.397000000000002196e+01 1.052526040007136565e+01
1.399000000000002153e+01 1.014610640104600670e+01
1.401000000000002110e+01 9.554213116750243984e+00
1.403000000000002068e+01 8.798896620481844622e+00
1.405000000000002025e+01 8.066989544924036082e+00
1.407000000000001982e+01 7.422910531753913688e+00
1.409000000000001940e+01 6.572711041848267044e+00
1.411000000000001897e+01 5.877918416870283380e+00
1.413000000000001855e+01 5.237860862817822927e+00
1.415000000000001812e+01 4.595162562826794250e+00
1.417000000000001769e+01 4.056911762426850920e+00
1.419000000000001727e+01 3.637908387535579990e+00
1.421000000000001684e+01 3.146762248498137460e+00
1.423000000000001641e+01 2.819079017901012563e+00
1.425000000000001599e+01 2.467854443157795341e+00
1.427000000000001556e+01 2.087834057393032960e+00
1.429000000000001513e+01 1.736860547141764188e+00
1.431000000000001471e+01 1.469940942320444810e+00
1.433000000000001428e+01 1.354368619281806740e+00
1.435000000000001386e+01 1.098031322047371861e+00
1.437000000000001343e+01 8.994055704989888378e-01
1.439000000000001300e+01 6.549870166430666885e-01
1.441000000000001258e+01 4.884259893887173409e-01
1.443000000000001215e+01 3.346099328621973679e-01
1.445000000000001172e+01 2.535866437598152667e-01
1.447000000000001130e+01 1.402692786983618933e-01
1.449000000000001087e+01 5.946021507933835215e-02
1.451000000000001044e+01 1.625927225118473443e-02
1.453000000000001002e+01 2.711698633259107712e-03
1.455000000000000959e+01 1.208118908346698506e-18
1.457000000000000917e+01 0.000000000000000000e+00
1.459000000000000874e+01 0.000000000000000000e+00
1.461000000000000831e+01 0.000000000000000000e+00
1.463000000000000789e+01 0.000000000000000000e+00
1.465000000000000746e+01 0.000000000000000000e+00
1.467000000000000703e+01 0.000000000000000000e+00
1.469000000000000661e+01 0.000000000000000000e+00
1.471000000000000618e+01 0.000000000000000000e+00
1.473000000000000576e+01 0.000000000000000000e+00
1.475000000000000533e+01 0.000000000000000000e+00
1.477000000000000490e+01 0.000000000000000000e+00
1.479000000000000448e+01 0.000000000000000000e+00
1.481000000000000405e+01 0.000000000000000000e+00
1.483000000000000362e+01 0.000000000000000000e+00
1.485000000000000320e+01 0.000000000000000000e+00
1.487000000000000277e+01 0.000000000000000000e+00
1.489000000000000234e+01 0.000000000000000000e+00
1.491000000000000192e+01 0.000000000000000000e+00
1.493000000000000149e+01 0.000000000000000000e+00
1.495000000000000107e+01 0.000000000000000000e+00
1.497000000000000064e+01 0.000000000000000000e+00
1.499000000000000021e+01 0.000000000000000000e+00
