# Redshift		Merger Rate Density [Gpc^-3yr^-1]
1.000000000031931770e-02 6.831003806239807830e+01
3.000000000031888964e-02 7.125715427376314892e+01
5.000000000031846331e-02 7.490141323306750110e+01
7.000000000031804392e-02 7.831127489477688641e+01
9.000000000031761760e-02 8.177129520564612619e+01
1.100000000003171913e-01 8.570380377847284592e+01
1.300000000003167511e-01 8.875383795657863573e+01
1.500000000003163247e-01 9.346616966039057672e+01
1.700000000003158984e-01 9.673690095282022128e+01
1.900000000003154721e-01 1.011408796598119153e+02
2.100000000003150458e-01 1.050197249829764132e+02
2.300000000003146194e-01 1.091207918169221642e+02
2.500000000003141931e-01 1.136870819807375028e+02
2.700000000003137668e-01 1.170711600215445571e+02
2.900000000003133405e-01 1.226518247065499168e+02
3.100000000003129141e-01 1.267380394426709529e+02
3.300000000003124878e-01 1.317309539163524050e+02
3.500000000003120615e-01 1.364255897475005099e+02
3.700000000003116352e-01 1.418448584947519464e+02
3.900000000003112088e-01 1.462618642111246743e+02
4.100000000003107825e-01 1.517383918010600041e+02
4.300000000003103562e-01 1.564165957898910051e+02
4.500000000003099299e-01 1.614826413820659923e+02
4.700000000003095035e-01 1.682109812968297149e+02
4.900000000003090772e-01 1.724897985061142549e+02
5.100000000003086509e-01 1.776575003327810691e+02
5.300000000003082246e-01 1.835264847249067941e+02
5.500000000003077982e-01 1.897503154198150526e+02
5.700000000003073719e-01 1.949186549891801690e+02
5.900000000003069456e-01 2.007695754128127703e+02
6.100000000003065193e-01 2.054575716398253462e+02
6.300000000003060929e-01 2.130481151443126748e+02
6.500000000003056666e-01 2.182027213767252931e+02
6.700000000003052403e-01 2.237221991690775553e+02
6.900000000003048140e-01 2.293110853795182322e+02
7.100000000003043876e-01 2.356632804209804988e+02
7.300000000003039613e-01 2.420691957926842406e+02
7.500000000003035350e-01 2.481916078285361777e+02
7.700000000003031086e-01 2.536726954936659411e+02
7.900000000003026823e-01 2.592004865821025987e+02
8.100000000003022560e-01 2.674156967712319783e+02
8.300000000003018297e-01 2.728927026086426508e+02
8.500000000003014033e-01 2.777766658475512713e+02
8.700000000003009770e-01 2.864593283737651745e+02
8.900000000003005507e-01 2.922805289693027362e+02
9.100000000003001244e-01 2.967435116519808957e+02
9.300000000002996980e-01 3.033486714876203223e+02
9.500000000002992717e-01 3.107984789998553765e+02
9.700000000002988454e-01 3.166798943054440088e+02
9.900000000002984191e-01 3.209539599213539987e+02
1.010000000000297993e+00 3.305490397891218208e+02
1.030000000000297566e+00 3.355944549529974097e+02
1.050000000000297140e+00 3.412275565563552959e+02
1.070000000000296714e+00 3.489932067660672601e+02
1.090000000000296287e+00 3.542144634547760802e+02
1.110000000000295861e+00 3.603105587158755156e+02
1.130000000000295435e+00 3.666416064871595495e+02
1.150000000000295008e+00 3.709729813559692388e+02
1.170000000000294582e+00 3.802240118048079012e+02
1.190000000000294156e+00 3.842376130988152454e+02
1.210000000000293729e+00 3.892004741922430640e+02
1.230000000000293303e+00 3.963218328662289309e+02
1.250000000000292877e+00 4.016097934160895875e+02
1.270000000000292451e+00 4.058451831160805909e+02
1.290000000000292024e+00 4.128294736581161146e+02
1.310000000000291598e+00 4.177273722981138349e+02
1.330000000000291172e+00 4.226432115706091963e+02
1.350000000000290745e+00 4.274332399186968701e+02
1.370000000000290319e+00 4.317726917774617732e+02
1.390000000000289893e+00 4.372414583805274333e+02
1.410000000000289466e+00 4.430696738589825827e+02
1.430000000000289040e+00 4.472408651451276000e+02
1.450000000000288614e+00 4.501332353505869719e+02
1.470000000000288187e+00 4.550290506043776873e+02
1.490000000000287761e+00 4.576410808386891063e+02
1.510000000000287335e+00 4.638058842203773793e+02
1.530000000000286908e+00 4.675871514057455443e+02
1.550000000000286482e+00 4.686442070591585889e+02
1.570000000000286056e+00 4.746742221568471223e+02
1.590000000000285629e+00 4.789837964804214039e+02
1.610000000000285203e+00 4.796068065500124362e+02
1.630000000000284777e+00 4.849507971434547358e+02
1.650000000000284350e+00 4.908426656081083479e+02
1.670000000000283924e+00 4.899271628932840486e+02
1.690000000000283498e+00 4.926973868710481383e+02
1.710000000000283071e+00 4.940146844381537790e+02
1.730000000000282645e+00 4.961461315728779482e+02
1.750000000000282219e+00 4.997902321638981107e+02
1.770000000000281792e+00 5.018609967383106323e+02
1.790000000000281366e+00 4.995551160390458563e+02
1.810000000000280940e+00 5.002100585790569767e+02
1.830000000000280513e+00 4.988196890092752938e+02
1.850000000000280087e+00 4.992163305000677838e+02
1.870000000000279661e+00 4.986023927586950322e+02
1.890000000000279234e+00 4.953873498294896081e+02
1.910000000000278808e+00 4.997072104389442870e+02
1.930000000000278382e+00 4.962380551028917353e+02
1.950000000000277955e+00 4.944623569849678120e+02
1.970000000000277529e+00 4.930907707042267702e+02
1.990000000000277103e+00 4.914829742685031420e+02
2.010000000000276899e+00 4.892845485805761427e+02
2.030000000000276472e+00 4.842990520840015733e+02
2.050000000000276046e+00 4.809495105321482811e+02
2.070000000000275620e+00 4.783149901905991328e+02
2.090000000000275193e+00 4.742049216545289028e+02
2.110000000000274767e+00 4.711927453591976018e+02
2.130000000000274341e+00 4.696652644460381225e+02
2.150000000000273914e+00 4.667411336753093565e+02
2.170000000000273488e+00 4.630807438200539536e+02
2.190000000000273062e+00 4.595871622014526565e+02
2.210000000000272635e+00 4.560776308718424161e+02
2.230000000000272209e+00 4.530207081377593568e+02
2.250000000000271783e+00 4.496280230958376478e+02
2.270000000000271356e+00 4.462289888346529665e+02
2.290000000000270930e+00 4.415383303322678898e+02
2.310000000000270504e+00 4.380562635188620675e+02
2.330000000000270077e+00 4.358190909823380252e+02
2.350000000000269651e+00 4.287794105102238973e+02
2.370000000000269225e+00 4.261608625929788445e+02
2.390000000000268798e+00 4.222849330888719237e+02
2.410000000000268372e+00 4.182463908579752001e+02
2.430000000000267946e+00 4.135407688591981241e+02
2.450000000000267519e+00 4.091427903236315160e+02
2.470000000000267093e+00 4.065706963628196604e+02
2.490000000000266667e+00 4.015058163783695022e+02
2.510000000000266240e+00 3.956456343909982252e+02
2.530000000000265814e+00 3.914968995011321908e+02
2.550000000000265388e+00 3.873909103701838603e+02
2.570000000000264961e+00 3.827819050385577384e+02
2.590000000000264535e+00 3.806475194198409895e+02
2.610000000000264109e+00 3.744742065266619875e+02
2.630000000000263682e+00 3.686662330171568556e+02
2.650000000000263256e+00 3.675694520744672786e+02
2.670000000000262830e+00 3.601108427270674497e+02
2.690000000000262403e+00 3.567511861441129781e+02
2.710000000000261977e+00 3.517788668231843872e+02
2.730000000000261551e+00 3.472292995244595204e+02
2.750000000000261124e+00 3.447238435763524649e+02
2.770000000000260698e+00 3.396357263836486595e+02
2.790000000000260272e+00 3.337514292076689344e+02
2.810000000000259845e+00 3.303035081532353274e+02
2.830000000000259419e+00 3.263130063342570679e+02
2.850000000000258993e+00 3.217915520319477309e+02
2.870000000000258567e+00 3.168290794387778533e+02
2.890000000000258140e+00 3.133071465464276457e+02
2.910000000000257714e+00 3.087948749069898895e+02
2.930000000000257288e+00 3.053829936437254560e+02
2.950000000000256861e+00 3.017017403306662118e+02
2.970000000000256435e+00 2.981112857077081912e+02
2.990000000000256009e+00 2.945190452662560574e+02
3.010000000000255582e+00 2.901825500256678652e+02
3.030000000000255156e+00 2.850746256089462349e+02
3.050000000000254730e+00 2.824133206772058315e+02
3.070000000000254303e+00 2.790226383929826852e+02
3.090000000000253877e+00 2.760829249070145579e+02
3.110000000000253451e+00 2.714862632102168050e+02
3.130000000000253024e+00 2.675675241623403622e+02
3.150000000000252598e+00 2.648253605449761494e+02
3.170000000000252172e+00 2.625447819497848627e+02
3.190000000000251745e+00 2.579949850201464301e+02
3.210000000000251319e+00 2.546697905016924608e+02
3.230000000000250893e+00 2.502892797705491432e+02
3.250000000000250466e+00 2.464233026668717628e+02
3.270000000000250040e+00 2.427281525629942394e+02
3.290000000000249614e+00 2.391144657420475710e+02
3.310000000000249187e+00 2.366038775186733858e+02
3.330000000000248761e+00 2.329978931952624350e+02
3.350000000000248335e+00 2.303039236822071985e+02
3.370000000000247908e+00 2.251848982767556890e+02
3.390000000000247482e+00 2.215044976209964886e+02
3.410000000000247056e+00 2.192977197224700205e+02
3.430000000000246629e+00 2.148454421069930618e+02
3.450000000000246203e+00 2.119959711553029535e+02
3.470000000000245777e+00 2.102402854041348803e+02
3.490000000000245350e+00 2.061456673436003371e+02
3.510000000000244924e+00 2.025859754795760637e+02
3.530000000000244498e+00 1.999368862733442143e+02
3.550000000000244071e+00 1.974838371524420495e+02
3.570000000000243645e+00 1.953626581468905670e+02
3.590000000000243219e+00 1.923361587805246700e+02
3.610000000000242792e+00 1.898339809905721722e+02
3.630000000000242366e+00 1.871577121052742143e+02
3.650000000000241940e+00 1.838559281113605266e+02
3.670000000000241513e+00 1.817474397886749387e+02
3.690000000000241087e+00 1.782745851883233001e+02
3.710000000000240661e+00 1.765462901902308488e+02
3.730000000000240234e+00 1.734523428909221536e+02
3.750000000000239808e+00 1.703811937925726738e+02
3.770000000000239382e+00 1.679186527836588994e+02
3.790000000000238956e+00 1.661196267697388578e+02
3.810000000000238529e+00 1.639438152278017640e+02
3.830000000000238103e+00 1.613019935650663399e+02
3.850000000000237677e+00 1.600342834016738891e+02
3.870000000000237250e+00 1.578482691424613620e+02
3.890000000000236824e+00 1.561919998328543784e+02
3.910000000000236398e+00 1.530506277830188537e+02
3.930000000000235971e+00 1.515920694535836617e+02
3.950000000000235545e+00 1.492943082830100252e+02
3.970000000000235119e+00 1.481822427630873165e+02
3.990000000000234692e+00 1.462861790240572475e+02
4.010000000000234266e+00 1.442987854546224185e+02
4.030000000000233840e+00 1.422073174747668531e+02
4.050000000000233413e+00 1.409864798116720408e+02
4.070000000000232987e+00 1.393313728423211728e+02
4.090000000000232561e+00 1.370652962360018137e+02
4.110000000000232134e+00 1.361500052567882335e+02
4.130000000000231708e+00 1.345808772742188921e+02
4.150000000000231282e+00 1.326962602105734845e+02
4.170000000000230855e+00 1.305033072913234946e+02
4.190000000000230429e+00 1.289832874046378492e+02
4.210000000000230003e+00 1.271047589480670013e+02
4.230000000000229576e+00 1.255588116265471683e+02
4.250000000000229150e+00 1.240478885973540741e+02
4.270000000000228724e+00 1.229647433445803983e+02
4.290000000000228297e+00 1.205730105127651228e+02
4.310000000000227871e+00 1.196630724644132613e+02
4.330000000000227445e+00 1.184169104125166427e+02
4.350000000000227018e+00 1.166997432710292202e+02
4.370000000000226592e+00 1.150777347403895021e+02
4.390000000000226166e+00 1.135348806106831887e+02
4.410000000000225739e+00 1.120411831640706168e+02
4.430000000000225313e+00 1.106700425504195806e+02
4.450000000000224887e+00 1.097473854031095613e+02
4.470000000000224460e+00 1.083113401931482827e+02
4.490000000000224034e+00 1.074638613582080922e+02
4.510000000000223608e+00 1.065124715256505823e+02
4.530000000000223181e+00 1.051470341429942152e+02
4.550000000000222755e+00 1.040803607613205770e+02
4.570000000000222329e+00 1.034876578561520972e+02
4.590000000000221902e+00 1.023290720538427934e+02
4.610000000000221476e+00 1.008074934523835395e+02
4.630000000000221050e+00 9.990158641750321067e+01
4.650000000000220624e+00 9.834660666932336426e+01
4.670000000000220197e+00 9.771298931448477276e+01
4.690000000000219771e+00 9.665012896727519376e+01
4.710000000000219345e+00 9.604441466653258885e+01
4.730000000000218918e+00 9.474992247314307292e+01
4.750000000000218492e+00 9.395780642221373569e+01
4.770000000000218066e+00 9.275410514513161786e+01
4.790000000000217639e+00 9.198156005819437553e+01
4.810000000000217213e+00 9.082881947352416319e+01
4.830000000000216787e+00 9.002822398502704004e+01
4.850000000000216360e+00 8.915133287008947605e+01
4.870000000000215934e+00 8.842767081387223982e+01
4.890000000000215508e+00 8.742245584991138685e+01
4.910000000000215081e+00 8.619881097271760950e+01
4.930000000000214655e+00 8.554466914746397777e+01
4.950000000000214229e+00 8.430573926376585803e+01
4.970000000000213802e+00 8.351558902095698045e+01
4.990000000000213376e+00 8.305896048910777552e+01
5.010000000000212950e+00 8.204433918757921163e+01
5.030000000000212523e+00 8.150351798494949662e+01
5.050000000000212097e+00 8.024055756986192023e+01
5.070000000000211671e+00 7.953497864253515104e+01
5.090000000000211244e+00 7.910674219074533653e+01
5.110000000000210818e+00 7.857366701710458301e+01
5.130000000000210392e+00 7.761602988013861193e+01
5.150000000000209965e+00 7.713549570173144332e+01
5.170000000000209539e+00 7.639288514825994980e+01
5.190000000000209113e+00 7.593530425530924788e+01
5.210000000000208686e+00 7.474131027987775155e+01
5.230000000000208260e+00 7.440776522941018811e+01
5.250000000000207834e+00 7.341966411431886286e+01
5.270000000000207407e+00 7.300403392168192340e+01
5.290000000000206981e+00 7.243245872992045520e+01
5.310000000000206555e+00 7.222290916993523524e+01
5.330000000000206128e+00 7.125655384548487348e+01
5.350000000000205702e+00 7.090598918171852461e+01
5.370000000000205276e+00 7.021538888010042001e+01
5.390000000000204849e+00 6.932436785189618433e+01
5.410000000000204423e+00 6.930114331990598942e+01
5.430000000000203997e+00 6.923207865430033792e+01
5.450000000000203570e+00 6.798046279173108530e+01
5.470000000000203144e+00 6.797184629588171845e+01
5.490000000000202718e+00 6.704676515574676898e+01
5.510000000000202292e+00 6.665799137895524495e+01
5.530000000000201865e+00 6.579777710143538627e+01
5.550000000000201439e+00 6.535371218164409868e+01
5.570000000000201013e+00 6.458505976311053587e+01
5.590000000000200586e+00 6.432476529570426749e+01
5.610000000000200160e+00 6.368709105251108582e+01
5.630000000000199734e+00 6.383459713780270306e+01
5.650000000000199307e+00 6.319155020572188164e+01
5.670000000000198881e+00 6.270645337210032721e+01
5.690000000000198455e+00 6.164323183224801284e+01
5.710000000000198028e+00 6.148176030505469214e+01
5.730000000000197602e+00 6.088792735771423992e+01
5.750000000000197176e+00 6.048045796143232877e+01
5.770000000000196749e+00 5.979136295865845341e+01
5.790000000000196323e+00 5.981655780124336985e+01
5.810000000000195897e+00 5.913429512977599245e+01
5.830000000000195470e+00 5.857437943554430859e+01
5.850000000000195044e+00 5.841417214561071347e+01
5.870000000000194618e+00 5.776246806869822592e+01
5.890000000000194191e+00 5.755947079502917774e+01
5.910000000000193765e+00 5.690903039042284917e+01
5.930000000000193339e+00 5.727180806765147025e+01
5.950000000000192912e+00 5.642621674941761256e+01
5.970000000000192486e+00 5.633118040751654121e+01
5.990000000000192060e+00 5.583247936647123311e+01
6.010000000000191633e+00 5.523355923495660136e+01
6.030000000000191207e+00 5.526286412649951529e+01
6.050000000000190781e+00 5.475290581820741664e+01
6.070000000000190354e+00 5.422454433940104224e+01
6.090000000000189928e+00 5.432752842966075235e+01
6.110000000000189502e+00 5.374814742340529250e+01
6.130000000000189075e+00 5.339275062925050719e+01
6.150000000000188649e+00 5.286737427309743964e+01
6.170000000000188223e+00 5.237838690254062612e+01
6.190000000000187796e+00 5.203278033084828280e+01
6.210000000000187370e+00 5.208970413357126006e+01
6.230000000000186944e+00 5.111526867645164884e+01
6.250000000000186517e+00 5.113749674273906010e+01
6.270000000000186091e+00 5.076952596028915821e+01
6.290000000000185665e+00 5.039750583220725844e+01
6.310000000000185238e+00 5.021760221097633092e+01
6.330000000000184812e+00 5.004121402385828077e+01
6.350000000000184386e+00 4.945746523639709835e+01
6.370000000000183960e+00 4.899564634120697804e+01
6.390000000000183533e+00 4.867667449839415639e+01
6.410000000000183107e+00 4.861852976448009400e+01
6.430000000000182681e+00 4.826137573502062850e+01
6.450000000000182254e+00 4.820508061622295060e+01
6.470000000000181828e+00 4.775285903070961524e+01
6.490000000000181402e+00 4.758922152031126274e+01
6.510000000000180975e+00 4.741550160108249656e+01
6.530000000000180549e+00 4.694283969176504456e+01
6.550000000000180123e+00 4.664373402719716211e+01
6.570000000000179696e+00 4.629236702599693842e+01
6.590000000000179270e+00 4.595246939408232123e+01
6.610000000000178844e+00 4.563344588695411375e+01
6.630000000000178417e+00 4.554457540399687332e+01
6.650000000000177991e+00 4.498379656800729975e+01
6.670000000000177565e+00 4.510194098880295144e+01
6.690000000000177138e+00 4.459342352489668571e+01
6.710000000000176712e+00 4.429364882066575149e+01
6.730000000000176286e+00 4.376575685649370939e+01
6.750000000000175859e+00 4.375917219766767374e+01
6.770000000000175433e+00 4.328095714336383537e+01
6.790000000000175007e+00 4.334215431180142275e+01
6.810000000000174580e+00 4.275778675372357185e+01
6.830000000000174154e+00 4.277650515950242749e+01
6.850000000000173728e+00 4.252570764988007568e+01
6.870000000000173301e+00 4.230494176008510721e+01
6.890000000000172875e+00 4.212216114755544538e+01
6.910000000000172449e+00 4.173991425885651552e+01
6.930000000000172022e+00 4.155247605243130948e+01
6.950000000000171596e+00 4.122534593485664089e+01
6.970000000000171170e+00 4.097714851992629548e+01
6.990000000000170743e+00 4.053588383209633150e+01
7.010000000000170317e+00 4.024602270244034230e+01
7.030000000000169891e+00 4.047748919914804588e+01
7.050000000000169464e+00 3.981730926152712868e+01
7.070000000000169038e+00 3.967777731433121602e+01
7.090000000000168612e+00 3.929243564843269354e+01
7.110000000000168185e+00 3.914446829598397670e+01
7.130000000000167759e+00 3.890317540898816162e+01
7.150000000000167333e+00 3.866273893218809121e+01
7.170000000000166906e+00 3.839752750495129163e+01
7.190000000000166480e+00 3.806877358541071033e+01
7.210000000000166054e+00 3.777825332617858578e+01
7.230000000000165628e+00 3.773862402402549066e+01
7.250000000000165201e+00 3.757100110292167017e+01
7.270000000000164775e+00 3.748316123622882401e+01
7.290000000000164349e+00 3.695554114723410777e+01
7.310000000000163922e+00 3.680385735973933237e+01
7.330000000000163496e+00 3.650553766815198031e+01
7.350000000000163070e+00 3.621979560064348647e+01
7.370000000000162643e+00 3.610791899160253138e+01
7.390000000000162217e+00 3.602647045307925566e+01
7.410000000000161791e+00 3.551183263618655417e+01
7.430000000000161364e+00 3.533549852782097389e+01
7.450000000000160938e+00 3.499299643034444074e+01
7.470000000000160512e+00 3.495398403846973423e+01
7.490000000000160085e+00 3.458048306512228720e+01
7.510000000000159659e+00 3.457715462423506381e+01
7.530000000000159233e+00 3.416162546324850524e+01
7.550000000000158806e+00 3.383256640516490421e+01
7.570000000000158380e+00 3.380727028860124506e+01
7.590000000000157954e+00 3.349418210247541339e+01
7.610000000000157527e+00 3.309908167471365203e+01
7.630000000000157101e+00 3.311697973431833475e+01
7.650000000000156675e+00 3.293379525963516841e+01
7.670000000000156248e+00 3.276107480575343089e+01
7.690000000000155822e+00 3.257844482141843656e+01
7.710000000000155396e+00 3.213976664271785921e+01
7.730000000000154969e+00 3.192388429571289166e+01
7.750000000000154543e+00 3.167890231365985798e+01
7.770000000000154117e+00 3.161679201669858230e+01
7.790000000000153690e+00 3.116723623751249050e+01
7.810000000000153264e+00 3.126009509332772751e+01
7.830000000000152838e+00 3.080306715586543120e+01
7.850000000000152411e+00 3.057433735717815537e+01
7.870000000000151985e+00 3.052151078441280418e+01
7.890000000000151559e+00 3.022357758544795914e+01
7.910000000000151132e+00 3.007840598607288385e+01
7.930000000000150706e+00 2.957259519965546346e+01
7.950000000000150280e+00 2.953352853733315442e+01
7.970000000000149853e+00 2.933340080457510268e+01
7.990000000000149427e+00 2.923013049741272695e+01
8.010000000000149001e+00 2.894404428931179751e+01
8.030000000000148574e+00 2.885092373828290846e+01
8.050000000000148148e+00 2.860185985006908993e+01
8.070000000000147722e+00 2.839891960641542923e+01
8.090000000000147296e+00 2.795770786626527027e+01
8.110000000000146869e+00 2.786388424876208347e+01
8.130000000000146443e+00 2.767523559180936488e+01
8.150000000000146017e+00 2.749072200248105347e+01
8.170000000000145590e+00 2.726373518438735388e+01
8.190000000000145164e+00 2.712610692626645559e+01
8.210000000000144738e+00 2.698643756267084370e+01
8.230000000000144311e+00 2.668665420072532513e+01
8.250000000000143885e+00 2.644165150854288626e+01
8.270000000000143459e+00 2.630935119427609692e+01
8.290000000000143032e+00 2.585368920874943299e+01
8.310000000000142606e+00 2.595791498720421231e+01
8.330000000000142180e+00 2.566987044099777293e+01
8.350000000000141753e+00 2.543548050543908445e+01
8.370000000000141327e+00 2.527095927582095314e+01
8.390000000000140901e+00 2.516133807169175540e+01
8.410000000000140474e+00 2.491451882710036969e+01
8.430000000000140048e+00 2.468237542612954982e+01
8.450000000000139622e+00 2.441841490974608320e+01
8.470000000000139195e+00 2.440310800230422217e+01
8.490000000000138769e+00 2.421092080049955797e+01
8.510000000000138343e+00 2.400595910513196429e+01
8.530000000000137916e+00 2.373275121469457716e+01
8.550000000000137490e+00 2.362664052991516783e+01
8.570000000000137064e+00 2.328601868305228706e+01
8.590000000000136637e+00 2.311606813378636716e+01
8.610000000000136211e+00 2.308200418023722023e+01
8.630000000000135785e+00 2.280191850042332646e+01
8.650000000000135358e+00 2.257944104514422534e+01
8.670000000000134932e+00 2.242218091450069650e+01
8.690000000000134506e+00 2.225610589659568106e+01
8.710000000000134079e+00 2.210108071520519957e+01
8.730000000000133653e+00 2.196864429942137775e+01
8.750000000000133227e+00 2.181869868254588241e+01
8.770000000000132800e+00 2.171546732551477277e+01
8.790000000000132374e+00 2.138618010184769602e+01
8.810000000000131948e+00 2.118365273878529464e+01
8.830000000000131521e+00 2.110647547375392463e+01
8.850000000000131095e+00 2.085250729273186820e+01
8.870000000000130669e+00 2.066075292266687313e+01
8.890000000000130242e+00 2.053166452545958265e+01
8.910000000000129816e+00 2.040017060587504005e+01
8.930000000000129390e+00 2.016182361186814731e+01
8.950000000000128964e+00 2.009374567333111017e+01
8.970000000000128537e+00 2.000044535415451463e+01
8.990000000000128111e+00 1.969364473766266954e+01
9.010000000000127685e+00 1.957674099033428661e+01
9.030000000000127258e+00 1.946836324191531631e+01
9.050000000000126832e+00 1.923607393704277513e+01
9.070000000000126406e+00 1.914178439521061392e+01
9.090000000000125979e+00 1.891770431911760753e+01
9.110000000000125553e+00 1.877179293633395929e+01
9.130000000000125127e+00 1.858271817347239363e+01
9.150000000000124700e+00 1.854492159461479162e+01
9.170000000000124274e+00 1.826224167089972283e+01
9.190000000000123848e+00 1.827841469301049671e+01
9.210000000000123421e+00 1.812274043256987710e+01
9.230000000000122995e+00 1.790251506581284247e+01
9.250000000000122569e+00 1.776447856301340167e+01
9.270000000000122142e+00 1.759053385912696754e+01
9.290000000000121716e+00 1.749036620378415918e+01
9.310000000000121290e+00 1.731345237152859795e+01
9.330000000000120863e+00 1.720449261488700543e+01
9.350000000000120437e+00 1.710412947479926160e+01
9.370000000000120011e+00 1.691071981383391787e+01
9.390000000000119584e+00 1.676662548222866889e+01
9.410000000000119158e+00 1.664892541416718075e+01
9.430000000000118732e+00 1.654105635479900371e+01
9.450000000000118305e+00 1.646695340812525643e+01
9.470000000000117879e+00 1.628199394179679871e+01
9.490000000000117453e+00 1.619609544084959651e+01
9.510000000000117026e+00 1.605767113983911187e+01
9.530000000000116600e+00 1.592182903717176679e+01
9.550000000000116174e+00 1.584052910471430664e+01
9.570000000000115747e+00 1.563163784306968118e+01
9.590000000000115321e+00 1.541156462291480800e+01
9.610000000000114895e+00 1.543398129042127565e+01
9.630000000000114468e+00 1.533921623499179354e+01
9.650000000000114042e+00 1.518356941161147944e+01
9.670000000000113616e+00 1.508092589032890096e+01
9.690000000000113189e+00 1.501166603590142756e+01
9.710000000000112763e+00 1.492011488044915168e+01
9.730000000000112337e+00 1.475759693762118197e+01
9.750000000000111910e+00 1.464946489306111665e+01
9.770000000000111484e+00 1.456716026994480728e+01
9.790000000000111058e+00 1.445262152731311822e+01
9.810000000000110632e+00 1.431794301682145765e+01
9.830000000000110205e+00 1.423257862905715676e+01
9.850000000000109779e+00 1.410869291988320029e+01
9.870000000000109353e+00 1.406546104466300307e+01
9.890000000000108926e+00 1.387032227746925095e+01
9.910000000000108500e+00 1.393636390415497139e+01
9.930000000000108074e+00 1.370876944984264156e+01
9.950000000000107647e+00 1.369130680971874625e+01
9.970000000000107221e+00 1.359842264382213628e+01
9.990000000000106795e+00 1.348681884075186588e+01
1.001000000000010637e+01 1.338045889095394614e+01
1.003000000000010594e+01 1.335394783031573418e+01
1.005000000000010552e+01 1.327104140404674659e+01
1.007000000000010509e+01 1.308239115705288924e+01
1.009000000000010466e+01 1.310408853349063563e+01
1.011000000000010424e+01 1.302290927726370207e+01
1.013000000000010381e+01 1.291522851740192479e+01
1.015000000000010338e+01 1.278579053578123848e+01
1.017000000000010296e+01 1.268292467222362774e+01
1.019000000000010253e+01 1.265098041640720439e+01
1.021000000000010210e+01 1.251043744084230624e+01
1.023000000000010168e+01 1.262164315146488214e+01
1.025000000000010125e+01 1.252139621698047733e+01
1.027000000000010083e+01 1.245472312294814188e+01
1.029000000000010040e+01 1.232342810297950386e+01
1.031000000000009997e+01 1.229652999246978951e+01
1.033000000000009955e+01 1.215456364123764388e+01
1.035000000000009912e+01 1.200933350382596032e+01
1.037000000000009869e+01 1.201624645497087229e+01
1.039000000000009827e+01 1.204118754616134623e+01
1.041000000000009784e+01 1.194471741902891360e+01
1.043000000000009742e+01 1.188943393655595138e+01
1.045000000000009699e+01 1.180288823496291606e+01
1.047000000000009656e+01 1.174670050953586298e+01
1.049000000000009614e+01 1.175936349362870992e+01
1.051000000000009571e+01 1.168613522989791953e+01
1.053000000000009528e+01 1.159606647121216660e+01
1.055000000000009486e+01 1.147965655755699643e+01
1.057000000000009443e+01 1.152950180824780801e+01
1.059000000000009400e+01 1.144608897450752849e+01
1.061000000000009358e+01 1.139279122945942113e+01
1.063000000000009315e+01 1.134085480771544852e+01
1.065000000000009273e+01 1.124009963875584184e+01
1.067000000000009230e+01 1.122846458433924965e+01
1.069000000000009187e+01 1.120065958851333043e+01
1.071000000000009145e+01 1.119313018965459250e+01
1.073000000000009102e+01 1.118426907977845808e+01
1.075000000000009059e+01 1.111264235256587796e+01
1.077000000000009017e+01 1.103787385326625348e+01
1.079000000000008974e+01 1.101170769274853889e+01
1.081000000000008932e+01 1.079240947201792800e+01
1.083000000000008889e+01 1.092961821258205291e+01
1.085000000000008846e+01 1.091725112029600098e+01
1.087000000000008804e+01 1.090663822252173532e+01
1.089000000000008761e+01 1.082244367077631964e+01
1.091000000000008718e+01 1.072347595006051435e+01
1.093000000000008676e+01 1.068343229113480497e+01
1.095000000000008633e+01 1.074277766710907756e+01
1.097000000000008590e+01 1.063948848517991408e+01
1.099000000000008548e+01 1.064558470219499675e+01
1.101000000000008505e+01 1.064140336977265200e+01
1.103000000000008463e+01 1.059252508833467132e+01
1.105000000000008420e+01 1.052735201299183032e+01
1.107000000000008377e+01 1.050615307406210874e+01
1.109000000000008335e+01 1.050288770105451697e+01
1.111000000000008292e+01 1.045210328083887319e+01
1.113000000000008249e+01 1.036397490579454939e+01
1.115000000000008207e+01 1.039314702658769818e+01
1.117000000000008164e+01 1.043841342339350575e+01
1.119000000000008122e+01 1.035281912091598144e+01
1.121000000000008079e+01 1.030964188794584047e+01
1.123000000000008036e+01 1.032247704174929481e+01
1.125000000000007994e+01 1.023692234661063694e+01
1.127000000000007951e+01 1.033018255402982888e+01
1.129000000000007908e+01 1.018583872230617260e+01
1.131000000000007866e+01 1.022539824810702491e+01
1.133000000000007823e+01 1.017192953452842374e+01
1.135000000000007780e+01 1.012556243285074764e+01
1.137000000000007738e+01 1.015275861972684446e+01
1.139000000000007695e+01 1.016603121391201903e+01
1.141000000000007653e+01 1.013105271095438731e+01
1.143000000000007610e+01 1.004457997837730510e+01
1.145000000000007567e+01 1.000052945153590578e+01
1.147000000000007525e+01 1.008989275078275938e+01
1.149000000000007482e+01 9.988753930541966142e+00
1.151000000000007439e+01 9.965480521996370911e+00
1.153000000000007397e+01 1.002290253781576368e+01
1.155000000000007354e+01 9.976485184945087070e+00
1.157000000000007311e+01 9.856381975997045686e+00
1.159000000000007269e+01 9.989455370444336069e+00
1.161000000000007226e+01 9.938776135117310062e+00
1.163000000000007184e+01 9.850113072875091191e+00
1.165000000000007141e+01 9.846413704029524538e+00
1.167000000000007098e+01 9.880821479172354316e+00
1.169000000000007056e+01 9.781987010016198525e+00
1.171000000000007013e+01 9.770285631521943515e+00
1.173000000000006970e+01 9.774385317489407754e+00
1.175000000000006928e+01 9.829917159363020573e+00
1.177000000000006885e+01 9.793021840687156754e+00
1.179000000000006843e+01 9.727956030177043800e+00
1.181000000000006800e+01 9.641684397429727937e+00
1.183000000000006757e+01 9.678238362502099790e+00
1.185000000000006715e+01 9.720834757316101360e+00
1.187000000000006672e+01 9.695518731605034191e+00
1.189000000000006629e+01 9.597108256897010747e+00
1.191000000000006587e+01 9.639165954484077758e+00
1.193000000000006544e+01 9.542885825867134741e+00
1.195000000000006501e+01 9.610901299730979730e+00
1.197000000000006459e+01 9.562407889753677281e+00
1.199000000000006416e+01 9.598802516368362348e+00
1.201000000000006374e+01 9.503000399970074952e+00
1.203000000000006331e+01 9.519968045324119998e+00
1.205000000000006288e+01 9.446733265246631817e+00
1.207000000000006246e+01 9.473093171321947281e+00
1.209000000000006203e+01 9.480335011493849606e+00
1.211000000000006160e+01 9.371136062183571980e+00
1.213000000000006118e+01 9.386275177847979378e+00
1.215000000000006075e+01 9.419142317515433405e+00
1.217000000000006033e+01 9.393593356658247018e+00
1.219000000000005990e+01 9.330978675218723595e+00
1.221000000000005947e+01 9.299166129544362391e+00
1.223000000000005905e+01 9.338409427414006814e+00
1.225000000000005862e+01 9.211341237210902477e+00
1.227000000000005819e+01 9.226617496076460867e+00
1.229000000000005777e+01 9.378531923595366138e+00
1.231000000000005734e+01 9.147524858198059050e+00
1.233000000000005691e+01 9.201822566534486825e+00
1.235000000000005649e+01 9.105473102106927286e+00
1.237000000000005606e+01 9.168686677445638367e+00
1.239000000000005564e+01 9.159279739349509342e+00
1.241000000000005521e+01 9.099344528769082174e+00
1.243000000000005478e+01 9.077284895575226997e+00
1.245000000000005436e+01 8.991793482981375263e+00
1.247000000000005393e+01 8.980042661961352479e+00
1.249000000000005350e+01 9.090636551948163557e+00
1.251000000000005308e+01 8.984799850781570285e+00
1.253000000000005265e+01 8.990545857652204376e+00
1.255000000000005222e+01 8.862624764700335334e+00
1.257000000000005180e+01 8.838062211362895937e+00
1.259000000000005137e+01 8.889580977695569430e+00
1.261000000000005095e+01 8.841241804825919814e+00
1.263000000000005052e+01 8.859363790943010741e+00
1.265000000000005009e+01 8.737214549839091404e+00
1.267000000000004967e+01 8.782531953619130860e+00
1.269000000000004924e+01 8.869444858955391808e+00
1.271000000000004881e+01 8.586057438333034142e+00
1.273000000000004839e+01 8.600326286738715353e+00
1.275000000000004796e+01 8.629601742389647612e+00
1.277000000000004754e+01 8.731348376884085383e+00
1.279000000000004711e+01 8.589893250625387111e+00
1.281000000000004668e+01 8.597429518915614466e+00
1.283000000000004626e+01 8.488193322380134020e+00
1.285000000000004583e+01 8.450849445242001323e+00
1.287000000000004540e+01 8.509263964997135332e+00
1.289000000000004498e+01 8.452485023582164914e+00
1.291000000000004455e+01 8.456661719495935259e+00
1.293000000000004412e+01 8.322697408956118537e+00
1.295000000000004370e+01 8.364939214362777875e+00
1.297000000000004327e+01 8.344918055038435867e+00
1.299000000000004285e+01 8.270949227401576564e+00
1.301000000000004242e+01 8.210295128868414949e+00
1.303000000000004199e+01 8.226913795683728381e+00
1.305000000000004157e+01 8.218117864682788820e+00
1.307000000000004114e+01 8.194152133007493788e+00
1.309000000000004071e+01 8.196237803445249881e+00
1.311000000000004029e+01 8.047695817414883379e+00
1.313000000000003986e+01 7.977693105618915759e+00
1.315000000000003944e+01 8.097809116446411437e+00
1.317000000000003901e+01 7.948417088098282512e+00
1.319000000000003858e+01 8.014381555310235328e+00
1.321000000000003816e+01 7.939056438754831468e+00
1.323000000000003773e+01 7.951347100753080710e+00
1.325000000000003730e+01 7.823455880131208851e+00
1.327000000000003688e+01 7.818931615258668089e+00
1.329000000000003645e+01 7.715446555533549855e+00
1.331000000000003602e+01 7.822568710529537839e+00
1.333000000000003560e+01 7.784936824831768298e+00
1.335000000000003517e+01 7.750433461936625079e+00
1.337000000000003475e+01 7.664293363982361385e+00
1.339000000000003432e+01 7.582810209246037658e+00
1.341000000000003389e+01 7.556745402920170385e+00
1.343000000000003347e+01 7.631639889918208297e+00
1.345000000000003304e+01 7.497160967825571731e+00
1.347000000000003261e+01 7.499935839950149230e+00
1.349000000000003219e+01 7.542629309213889854e+00
1.351000000000003176e+01 7.364948276379211123e+00
1.353000000000003133e+01 7.337365268640359872e+00
1.355000000000003091e+01 7.362335039799010161e+00
1.357000000000003048e+01 7.254613335195852386e+00
1.359000000000003006e+01 7.130484321053796037e+00
1.361000000000002963e+01 6.868539798992443046e+00
1.363000000000002920e+01 6.473612450082485203e+00
1.365000000000002878e+01 6.308118873478671951e+00
1.367000000000002835e+01 5.987892977565794972e+00
1.369000000000002792e+01 5.626799635511411601e+00
1.371000000000002750e+01 5.336589017146462055e+00
1.373000000000002707e+01 4.956452300687779200e+00
1.375000000000002665e+01 4.568992052325538289e+00
1.377000000000002622e+01 4.301519231212455274e+00
1.379000000000002579e+01 3.979578105498795981e+00
1.381000000000002537e+01 3.722660399996185809e+00
1.383000000000002494e+01 3.405479134306067301e+00
1.385000000000002451e+01 3.238827148714516380e+00
1.387000000000002409e+01 2.950829253432541321e+00
1.389000000000002366e+01 2.763821140846682400e+00
1.391000000000002323e+01 2.524607540282530760e+00
1.393000000000002281e+01 2.452254711061046422e+00
1.395000000000002238e+01 2.115536120783855001e+00
1.397000000000002196e+01 1.970576912197203656e+00
1.399000000000002153e+01 1.735308490990276065e+00
1.401000000000002110e+01 1.599668147941040397e+00
1.403000000000002068e+01 1.469788375184090556e+00
1.405000000000002025e+01 1.204535634197537286e+00
1.407000000000001982e+01 1.025786643652580876e+00
1.409000000000001940e+01 8.300813824451781509e-01
1.411000000000001897e+01 7.185019829143928227e-01
1.413000000000001855e+01 5.563457631211985444e-01
1.415000000000001812e+01 4.487309983426083781e-01
1.417000000000001769e+01 3.392959068555399527e-01
1.419000000000001727e+01 2.568294595341059638e-01
1.421000000000001684e+01 1.763560234832468043e-01
1.423000000000001641e+01 1.475608475779641438e-01
1.425000000000001599e+01 1.084641651328838163e-01
1.427000000000001556e+01 8.533117017426378181e-02
1.429000000000001513e+01 6.406289236636805717e-02
1.431000000000001471e+01 4.088528715666233521e-02
1.433000000000001428e+01 4.054424982027068913e-02
1.435000000000001386e+01 3.771857040866477551e-02
1.437000000000001343e+01 3.474168191188297533e-02
1.439000000000001300e+01 2.424916232197709895e-02
1.441000000000001258e+01 3.184896991259041771e-02
1.443000000000001215e+01 1.604808973171199804e-02
1.445000000000001172e+01 1.332716565916038792e-02
1.447000000000001130e+01 8.003472177183047070e-03
1.449000000000001087e+01 2.735545068051028605e-03
1.451000000000001044e+01 2.723499189150571393e-03
1.453000000000001002e+01 2.711520212834531932e-03
1.455000000000000959e+01 1.032962871659525322e-12
1.457000000000000917e+01 9.215751668926592700e-13
1.459000000000000874e+01 5.802456309103051132e-13
1.461000000000000831e+01 2.742436126484597510e-13
1.463000000000000789e+01 0.000000000000000000e+00
1.465000000000000746e+01 0.000000000000000000e+00
1.467000000000000703e+01 0.000000000000000000e+00
1.469000000000000661e+01 0.000000000000000000e+00
1.471000000000000618e+01 0.000000000000000000e+00
1.473000000000000576e+01 0.000000000000000000e+00
1.475000000000000533e+01 0.000000000000000000e+00
1.477000000000000490e+01 0.000000000000000000e+00
1.479000000000000448e+01 0.000000000000000000e+00
1.481000000000000405e+01 0.000000000000000000e+00
1.483000000000000362e+01 0.000000000000000000e+00
1.485000000000000320e+01 0.000000000000000000e+00
1.487000000000000277e+01 0.000000000000000000e+00
1.489000000000000234e+01 0.000000000000000000e+00
1.491000000000000192e+01 0.000000000000000000e+00
1.493000000000000149e+01 0.000000000000000000e+00
1.495000000000000107e+01 0.000000000000000000e+00
1.497000000000000064e+01 0.000000000000000000e+00
1.499000000000000021e+01 0.000000000000000000e+00
