# Redshift		Merger Rate Density [Gpc^-3yr^-1]
1.000000000031931770e-02 2.828193368545216657e+01
3.000000000031888964e-02 2.979154494091408978e+01
5.000000000031846331e-02 3.108159122722324241e+01
7.000000000031804392e-02 3.284828348688855471e+01
9.000000000031761760e-02 3.430778062313611798e+01
1.100000000003171913e-01 3.583847387734640222e+01
1.300000000003167511e-01 3.768004105198844655e+01
1.500000000003163247e-01 3.926574592454525003e+01
1.700000000003158984e-01 4.069682786028043608e+01
1.900000000003154721e-01 4.248609531460972022e+01
2.100000000003150458e-01 4.427843550563359543e+01
2.300000000003146194e-01 4.613075851446795639e+01
2.500000000003141931e-01 4.793453054313783923e+01
2.700000000003137668e-01 4.996884361049450973e+01
2.900000000003133405e-01 5.197143173219297552e+01
3.100000000003129141e-01 5.405292558872555020e+01
3.300000000003124878e-01 5.610762096092746987e+01
3.500000000003120615e-01 5.818261897298733487e+01
3.700000000003116352e-01 6.071415014013525990e+01
3.900000000003112088e-01 6.276876392494219914e+01
4.100000000003107825e-01 6.508572870926919052e+01
4.300000000003103562e-01 6.747267467267855068e+01
4.500000000003099299e-01 6.948302947132330587e+01
4.700000000003095035e-01 7.197808213318690207e+01
4.900000000003090772e-01 7.428110068078113670e+01
5.100000000003086509e-01 7.669752059603291627e+01
5.300000000003082246e-01 7.907909407433383819e+01
5.500000000003077982e-01 8.142273815415521199e+01
5.700000000003073719e-01 8.385839888725702451e+01
5.900000000003069456e-01 8.671309086341302930e+01
6.100000000003065193e-01 8.911664050967429773e+01
6.300000000003060929e-01 9.180376687183908757e+01
6.500000000003056666e-01 9.458660308847491649e+01
6.700000000003052403e-01 9.738641914825771551e+01
6.900000000003048140e-01 9.996517275577178907e+01
7.100000000003043876e-01 1.025555421636711344e+02
7.300000000003039613e-01 1.052919943195826704e+02
7.500000000003035350e-01 1.081305066298004647e+02
7.700000000003031086e-01 1.107464519699721848e+02
7.900000000003026823e-01 1.135976935544113644e+02
8.100000000003022560e-01 1.166079403098141540e+02
8.300000000003018297e-01 1.194559681668964259e+02
8.500000000003014033e-01 1.220734953138573644e+02
8.700000000003009770e-01 1.256511495318695069e+02
8.900000000003005507e-01 1.280235852362822584e+02
9.100000000003001244e-01 1.308617220088722490e+02
9.300000000002996980e-01 1.336271053789993175e+02
9.500000000002992717e-01 1.365853031918154841e+02
9.700000000002988454e-01 1.397490578923479063e+02
9.900000000002984191e-01 1.424409910602603304e+02
1.010000000000297993e+00 1.452158850216434871e+02
1.030000000000297566e+00 1.481164848442784887e+02
1.050000000000297140e+00 1.510037317641285313e+02
1.070000000000296714e+00 1.542297036069361127e+02
1.090000000000296287e+00 1.566722820190555296e+02
1.110000000000295861e+00 1.596543164599065960e+02
1.130000000000295435e+00 1.625159966930339692e+02
1.150000000000295008e+00 1.649664383372995928e+02
1.170000000000294582e+00 1.678654651542869090e+02
1.190000000000294156e+00 1.710886845826820775e+02
1.210000000000293729e+00 1.734088104577830904e+02
1.230000000000293303e+00 1.768132685167602176e+02
1.250000000000292877e+00 1.781089303036336844e+02
1.270000000000292451e+00 1.815564598474282718e+02
1.290000000000292024e+00 1.840758708136858104e+02
1.310000000000291598e+00 1.861222008269136836e+02
1.330000000000291172e+00 1.884792987961548647e+02
1.350000000000290745e+00 1.912696053235191016e+02
1.370000000000290319e+00 1.929732477519992813e+02
1.390000000000289893e+00 1.960036601957581013e+02
1.410000000000289466e+00 1.973595997807256595e+02
1.430000000000289040e+00 1.997796155311877442e+02
1.450000000000288614e+00 2.018492315216078907e+02
1.470000000000288187e+00 2.044435822228928714e+02
1.490000000000287761e+00 2.056784521734856810e+02
1.510000000000287335e+00 2.073632257194993258e+02
1.530000000000286908e+00 2.091339485321813356e+02
1.550000000000286482e+00 2.104230821038688930e+02
1.570000000000286056e+00 2.123384857238536654e+02
1.590000000000285629e+00 2.135751556527315813e+02
1.610000000000285203e+00 2.163321898146817830e+02
1.630000000000284777e+00 2.167190928843045583e+02
1.650000000000284350e+00 2.184327279437752907e+02
1.670000000000283924e+00 2.181164320903761507e+02
1.690000000000283498e+00 2.203621471872643269e+02
1.710000000000283071e+00 2.211212140875852015e+02
1.730000000000282645e+00 2.218295956292251958e+02
1.750000000000282219e+00 2.222839525408232078e+02
1.770000000000281792e+00 2.225528797957953486e+02
1.790000000000281366e+00 2.229583534315992495e+02
1.810000000000280940e+00 2.238789026044544244e+02
1.830000000000280513e+00 2.234738536267086317e+02
1.850000000000280087e+00 2.221800930996842283e+02
1.870000000000279661e+00 2.226789720156997134e+02
1.890000000000279234e+00 2.223978441829488588e+02
1.910000000000278808e+00 2.231181330996600138e+02
1.930000000000278382e+00 2.218289991549781917e+02
1.950000000000277955e+00 2.218957428907276324e+02
1.970000000000277529e+00 2.218858433247530115e+02
1.990000000000277103e+00 2.239281824968391845e+02
2.010000000000276899e+00 2.217268575360907903e+02
2.030000000000276472e+00 2.209188619397990863e+02
2.050000000000276046e+00 2.191097168825989172e+02
2.070000000000275620e+00 2.195303807068670494e+02
2.090000000000275193e+00 2.169685455371449336e+02
2.110000000000274767e+00 2.189264150880956379e+02
2.130000000000274341e+00 2.163341475462249264e+02
2.150000000000273914e+00 2.157356063960330630e+02
2.170000000000273488e+00 2.135532862671117300e+02
2.190000000000273062e+00 2.126841014002765462e+02
2.210000000000272635e+00 2.122466614404930851e+02
2.230000000000272209e+00 2.097201160054306968e+02
2.250000000000271783e+00 2.088813864880653739e+02
2.270000000000271356e+00 2.069305994294956292e+02
2.290000000000270930e+00 2.046114179143113176e+02
2.310000000000270504e+00 1.997134344100915087e+02
2.330000000000270077e+00 1.946866872234641903e+02
2.350000000000269651e+00 1.940815392868571791e+02
2.370000000000269225e+00 1.917226876442404944e+02
2.390000000000268798e+00 1.886888919541258645e+02
2.410000000000268372e+00 1.861781037666633836e+02
2.430000000000267946e+00 1.829152684494400489e+02
2.450000000000267519e+00 1.804806386704254351e+02
2.470000000000267093e+00 1.773168106571330611e+02
2.490000000000266667e+00 1.749986725627281601e+02
2.510000000000266240e+00 1.723254314558473084e+02
2.530000000000265814e+00 1.703288417281442264e+02
2.550000000000265388e+00 1.682647935631985661e+02
2.570000000000264961e+00 1.657586472551353438e+02
2.590000000000264535e+00 1.630143836660212457e+02
2.610000000000264109e+00 1.609064112777367370e+02
2.630000000000263682e+00 1.590701877824707822e+02
2.650000000000263256e+00 1.566055779990435326e+02
2.670000000000262830e+00 1.538265047765037252e+02
2.690000000000262403e+00 1.522754291129194542e+02
2.710000000000261977e+00 1.492267872810170957e+02
2.730000000000261551e+00 1.474849853879473756e+02
2.750000000000261124e+00 1.454177694267359868e+02
2.770000000000260698e+00 1.429847026025543926e+02
2.790000000000260272e+00 1.407920566467863637e+02
2.810000000000259845e+00 1.381899045214997273e+02
2.830000000000259419e+00 1.364871709893275522e+02
2.850000000000258993e+00 1.336134035326926437e+02
2.870000000000258567e+00 1.319364185263908382e+02
2.890000000000258140e+00 1.307966683565363155e+02
2.910000000000257714e+00 1.269004218576367435e+02
2.930000000000257288e+00 1.253430134060486978e+02
2.950000000000256861e+00 1.232103988100948158e+02
2.970000000000256435e+00 1.214480015043656493e+02
2.990000000000256009e+00 1.192804014156845653e+02
3.010000000000255582e+00 1.172921475546712173e+02
3.030000000000255156e+00 1.151817520663649788e+02
3.050000000000254730e+00 1.139391735189415442e+02
3.070000000000254303e+00 1.116474424578514686e+02
3.090000000000253877e+00 1.101355436889205635e+02
3.110000000000253451e+00 1.083751350932923714e+02
3.130000000000253024e+00 1.062667864236922810e+02
3.150000000000252598e+00 1.039837409511227406e+02
3.170000000000252172e+00 1.026645489672646505e+02
3.190000000000251745e+00 1.012257770822498912e+02
3.210000000000251319e+00 9.912018784975319363e+01
3.230000000000250893e+00 9.757586648487973946e+01
3.250000000000250466e+00 9.595880428013150265e+01
3.270000000000250040e+00 9.409406306144261123e+01
3.290000000000249614e+00 9.236472447229967031e+01
3.310000000000249187e+00 9.120552757469864957e+01
3.330000000000248761e+00 8.942663747917546857e+01
3.350000000000248335e+00 8.768920896040997093e+01
3.370000000000247908e+00 8.662813212950108266e+01
3.390000000000247482e+00 8.503360723176290037e+01
3.410000000000247056e+00 8.354130206011808468e+01
3.430000000000246629e+00 8.235933603059631025e+01
3.450000000000246203e+00 8.055262975574031259e+01
3.470000000000245777e+00 7.946631088954607947e+01
3.490000000000245350e+00 7.810055560474083336e+01
3.510000000000244924e+00 7.677607229782836384e+01
3.530000000000244498e+00 7.545793170935203875e+01
3.550000000000244071e+00 7.444950464828363579e+01
3.570000000000243645e+00 7.340615194367809693e+01
3.590000000000243219e+00 7.183224789285385725e+01
3.610000000000242792e+00 7.154801306527301108e+01
3.630000000000242366e+00 6.988435992982248024e+01
3.650000000000241940e+00 6.891067804377321693e+01
3.670000000000241513e+00 6.825234795803758914e+01
3.690000000000241087e+00 6.691809942576257697e+01
3.710000000000240661e+00 6.652730906367330022e+01
3.730000000000240234e+00 6.509229918378697732e+01
3.750000000000239808e+00 6.371862502540840012e+01
3.770000000000239382e+00 6.245877282683007081e+01
3.790000000000238956e+00 6.096340411997594089e+01
3.810000000000238529e+00 6.054465696084179172e+01
3.830000000000238103e+00 5.976407790823245847e+01
3.850000000000237677e+00 5.823999718399613101e+01
3.870000000000237250e+00 5.762049305226162943e+01
3.890000000000236824e+00 5.669424039571462970e+01
3.910000000000236398e+00 5.647558808584347645e+01
3.930000000000235971e+00 5.510913346348293373e+01
3.950000000000235545e+00 5.428834863226938268e+01
3.970000000000235119e+00 5.287556258757412309e+01
3.990000000000234692e+00 5.266869982459363086e+01
4.010000000000234266e+00 5.157553855278411703e+01
4.030000000000233840e+00 5.086915315740630206e+01
4.050000000000233413e+00 5.033267657512447357e+01
4.070000000000232987e+00 4.899525126729611912e+01
4.090000000000232561e+00 4.830623287831772927e+01
4.110000000000232134e+00 4.732521750266025862e+01
4.130000000000231708e+00 4.690553315878678831e+01
4.150000000000231282e+00 4.645454034620368589e+01
4.170000000000230855e+00 4.544672312645501222e+01
4.190000000000230429e+00 4.467757549083854940e+01
4.210000000000230003e+00 4.493470305572727597e+01
4.230000000000229576e+00 4.359036892526202678e+01
4.250000000000229150e+00 4.314763470129130951e+01
4.270000000000228724e+00 4.247056717798282932e+01
4.290000000000228297e+00 4.164416662249083600e+01
4.310000000000227871e+00 4.135805958431299700e+01
4.330000000000227445e+00 4.066754667756575969e+01
4.350000000000227018e+00 4.036968714571965222e+01
4.370000000000226592e+00 3.937582602572877022e+01
4.390000000000226166e+00 3.968072587990701550e+01
4.410000000000225739e+00 3.847856422629526918e+01
4.430000000000225313e+00 3.840096641519668452e+01
4.450000000000224887e+00 3.755448852915365165e+01
4.470000000000224460e+00 3.699754591281023153e+01
4.490000000000224034e+00 3.669654438668896290e+01
4.510000000000223608e+00 3.604665705509454909e+01
4.530000000000223181e+00 3.577827938033556876e+01
4.550000000000222755e+00 3.533544491161693912e+01
4.570000000000222329e+00 3.482058055458164603e+01
4.590000000000221902e+00 3.429169829115195967e+01
4.610000000000221476e+00 3.425926244663583731e+01
4.630000000000221050e+00 3.360896558137381618e+01
4.650000000000220624e+00 3.357505716356111236e+01
4.670000000000220197e+00 3.319289877296305491e+01
4.690000000000219771e+00 3.269301643100636312e+01
4.710000000000219345e+00 3.202240351155569442e+01
4.730000000000218918e+00 3.251646364623093888e+01
4.750000000000218492e+00 3.141230202974769270e+01
4.770000000000218066e+00 3.119120251870449678e+01
4.790000000000217639e+00 3.050135208130259201e+01
4.810000000000217213e+00 3.021145343854192689e+01
4.830000000000216787e+00 2.968401601424050895e+01
4.850000000000216360e+00 2.898438515809935012e+01
4.870000000000215934e+00 2.895924819652342919e+01
4.890000000000215508e+00 2.861981184637276954e+01
4.910000000000215081e+00 2.786796203198514732e+01
4.930000000000214655e+00 2.770231692884625474e+01
4.950000000000214229e+00 2.760987185296376012e+01
4.970000000000213802e+00 2.708660567479995152e+01
4.990000000000213376e+00 2.677627719388587124e+01
5.010000000000212950e+00 2.661397904397445657e+01
5.030000000000212523e+00 2.623465498738733714e+01
5.050000000000212097e+00 2.588381984073581066e+01
5.070000000000211671e+00 2.555048217242981679e+01
5.090000000000211244e+00 2.536438459285285063e+01
5.110000000000210818e+00 2.458353404016338928e+01
5.130000000000210392e+00 2.478183584781960747e+01
5.150000000000209965e+00 2.406892995673056390e+01
5.170000000000209539e+00 2.443515442522773995e+01
5.190000000000209113e+00 2.363579586606550009e+01
5.210000000000208686e+00 2.364757882907121456e+01
5.230000000000208260e+00 2.288484395141738759e+01
5.250000000000207834e+00 2.310819599355145826e+01
5.270000000000207407e+00 2.238646685930931923e+01
5.290000000000206981e+00 2.227692928576851372e+01
5.310000000000206555e+00 2.221865325935063851e+01
5.330000000000206128e+00 2.190621111958384404e+01
5.350000000000205702e+00 2.155251676589463727e+01
5.370000000000205276e+00 2.122441289611525761e+01
5.390000000000204849e+00 2.123802263405075053e+01
5.410000000000204423e+00 2.087116053031647667e+01
5.430000000000203997e+00 2.067647748675480912e+01
5.450000000000203570e+00 2.059397307518608855e+01
5.470000000000203144e+00 2.026921353778450552e+01
5.490000000000202718e+00 2.014085533724286847e+01
5.510000000000202292e+00 1.967298220781321660e+01
5.530000000000201865e+00 1.954609014230281971e+01
5.550000000000201439e+00 1.944598520772719397e+01
5.570000000000201013e+00 1.901718804548423591e+01
5.590000000000200586e+00 1.875036164062762722e+01
5.610000000000200160e+00 1.867969157494771437e+01
5.630000000000199734e+00 1.825482815979117746e+01
5.650000000000199307e+00 1.803745145263011906e+01
5.670000000000198881e+00 1.775732573314014573e+01
5.690000000000198455e+00 1.760428650667321193e+01
5.710000000000198028e+00 1.753915706749912218e+01
5.730000000000197602e+00 1.717569181751852625e+01
5.750000000000197176e+00 1.708933832224626670e+01
5.770000000000196749e+00 1.673279024631569811e+01
5.790000000000196323e+00 1.664821967039130257e+01
5.810000000000195897e+00 1.654735234779764852e+01
5.830000000000195470e+00 1.623996583757402234e+01
5.850000000000195044e+00 1.594746909962910486e+01
5.870000000000194618e+00 1.584981271093016986e+01
5.890000000000194191e+00 1.553200013700524984e+01
5.910000000000193765e+00 1.551348624327693848e+01
5.930000000000193339e+00 1.514281492980781429e+01
5.950000000000192912e+00 1.501925063658402237e+01
5.970000000000192486e+00 1.495167153778777092e+01
5.990000000000192060e+00 1.468712246950721045e+01
6.010000000000191633e+00 1.463774640149672202e+01
6.030000000000191207e+00 1.444871154570331839e+01
6.050000000000190781e+00 1.427168934199570316e+01
6.070000000000190354e+00 1.416601625033454681e+01
6.090000000000189928e+00 1.376239722186743997e+01
6.110000000000189502e+00 1.394713890983284266e+01
6.130000000000189075e+00 1.365195140535988649e+01
6.150000000000188649e+00 1.360339623144076171e+01
6.170000000000188223e+00 1.341135169125134929e+01
6.190000000000187796e+00 1.292997002408320029e+01
6.210000000000187370e+00 1.279404969455009322e+01
6.230000000000186944e+00 1.282020010068948324e+01
6.250000000000186517e+00 1.249525531526771793e+01
6.270000000000186091e+00 1.238569786867961220e+01
6.290000000000185665e+00 1.225356647058934989e+01
6.310000000000185238e+00 1.203270851600990632e+01
6.330000000000184812e+00 1.172896078418283672e+01
6.350000000000184386e+00 1.184995127337650089e+01
6.370000000000183960e+00 1.167455855181071200e+01
6.390000000000183533e+00 1.142440363907999767e+01
6.410000000000183107e+00 1.130141157575834754e+01
6.430000000000182681e+00 1.115522924485406797e+01
6.450000000000182254e+00 1.092432643958458982e+01
6.470000000000181828e+00 1.085586518263391298e+01
6.490000000000181402e+00 1.048323510303669615e+01
6.510000000000180975e+00 1.059808161494901846e+01
6.530000000000180549e+00 1.028320864370550680e+01
6.550000000000180123e+00 1.029119459822412352e+01
6.570000000000179696e+00 1.001770053029891372e+01
6.590000000000179270e+00 9.990926864354921833e+00
6.610000000000178844e+00 9.842454887530520224e+00
6.630000000000178417e+00 9.683332239305840972e+00
6.650000000000177991e+00 9.761708202956434377e+00
6.670000000000177565e+00 9.431059023470627523e+00
6.690000000000177138e+00 9.495974398802918159e+00
6.710000000000176712e+00 9.363149327313349701e+00
6.730000000000176286e+00 9.168082352791746104e+00
6.750000000000175859e+00 9.165717973345952174e+00
6.770000000000175433e+00 8.963099591397298838e+00
6.790000000000175007e+00 8.788490270617650424e+00
6.810000000000174580e+00 8.767250967369291104e+00
6.830000000000174154e+00 8.386431513396534143e+00
6.850000000000173728e+00 8.293838500806062441e+00
6.870000000000173301e+00 8.340055608012596267e+00
6.890000000000172875e+00 8.213477448530220215e+00
6.910000000000172449e+00 8.001329437096446284e+00
6.930000000000172022e+00 7.879174216231938921e+00
6.950000000000171596e+00 7.770776603246877912e+00
6.970000000000171170e+00 7.761361994586202684e+00
6.990000000000170743e+00 7.745923841412616362e+00
7.010000000000170317e+00 7.569077203538377319e+00
7.030000000000169891e+00 7.527611558363910049e+00
7.050000000000169464e+00 7.352024773372973776e+00
7.070000000000169038e+00 7.225829761336306056e+00
7.090000000000168612e+00 7.102344526792807144e+00
7.110000000000168185e+00 7.120478031617774484e+00
7.130000000000167759e+00 6.889447812751090083e+00
7.150000000000167333e+00 6.830975247267674355e+00
7.170000000000166906e+00 6.829478834988087499e+00
7.190000000000166480e+00 6.693524354618093142e+00
7.210000000000166054e+00 6.592333182630290445e+00
7.230000000000165628e+00 6.620697915600638694e+00
7.250000000000165201e+00 6.624168250312592043e+00
7.270000000000164775e+00 6.550828964693731216e+00
7.290000000000164349e+00 6.270201276342510788e+00
7.310000000000163922e+00 6.262724401657678186e+00
7.330000000000163496e+00 6.154005329991577788e+00
7.350000000000163070e+00 6.275624012799037921e+00
7.370000000000162643e+00 6.057610803259900756e+00
7.390000000000162217e+00 5.945142517010685523e+00
7.410000000000161791e+00 5.932797501934827800e+00
7.430000000000161364e+00 5.896000480264126153e+00
7.450000000000160938e+00 5.756729609688310489e+00
7.470000000000160512e+00 5.703369948149945579e+00
7.490000000000160085e+00 5.579148876148983582e+00
7.510000000000159659e+00 5.551160143213285103e+00
7.530000000000159233e+00 5.563925458975383265e+00
7.550000000000158806e+00 5.411804017590025495e+00
7.570000000000158380e+00 5.395332205357931343e+00
7.590000000000157954e+00 5.338592465520463293e+00
7.610000000000157527e+00 5.148016638270956236e+00
7.630000000000157101e+00 5.175645235245324827e+00
7.650000000000156675e+00 5.150833478740112881e+00
7.670000000000156248e+00 5.132685949399698799e+00
7.690000000000155822e+00 5.120820671697321025e+00
7.710000000000155396e+00 4.877789909147151270e+00
7.730000000000154969e+00 4.935951752391971148e+00
7.750000000000154543e+00 4.884872977071637479e+00
7.770000000000154117e+00 4.874058580385653094e+00
7.790000000000153690e+00 4.808276852543810875e+00
7.810000000000153264e+00 4.670871942896367202e+00
7.830000000000152838e+00 4.577543166285720666e+00
7.850000000000152411e+00 4.524359313222899637e+00
7.870000000000151985e+00 4.503589413309684097e+00
7.890000000000151559e+00 4.524900016637149136e+00
7.910000000000151132e+00 4.368013989745813674e+00
7.930000000000150706e+00 4.361644822799501497e+00
7.950000000000150280e+00 4.313496612591993795e+00
7.970000000000149853e+00 4.220404944515045109e+00
7.990000000000149427e+00 4.254074795365197836e+00
8.010000000000149001e+00 4.188615827821701387e+00
8.030000000000148574e+00 4.069196086906023524e+00
8.050000000000148148e+00 4.003421648613246120e+00
8.070000000000147722e+00 3.930543183569529031e+00
8.090000000000147296e+00 3.989492286977196045e+00
8.110000000000146869e+00 3.911154835830225718e+00
8.130000000000146443e+00 3.833762007115305792e+00
8.150000000000146017e+00 3.765451074869720305e+00
8.170000000000145590e+00 3.734298148164559628e+00
8.190000000000145164e+00 3.715005209844722156e+00
8.210000000000144738e+00 3.711541871318898345e+00
8.230000000000144311e+00 3.574784117005823880e+00
8.250000000000143885e+00 3.566966604575735111e+00
8.270000000000143459e+00 3.539306092533242243e+00
8.290000000000143032e+00 3.395291384099306864e+00
8.310000000000142606e+00 3.460477202551962339e+00
8.330000000000142180e+00 3.412807523763962791e+00
8.350000000000141753e+00 3.358489118917608707e+00
8.370000000000141327e+00 3.205973711857244446e+00
8.390000000000140901e+00 3.233296251784014697e+00
8.410000000000140474e+00 3.224119086451858962e+00
8.430000000000140048e+00 3.154936230729017854e+00
8.450000000000139622e+00 3.112007549921447680e+00
8.470000000000139195e+00 3.030421835513880335e+00
8.490000000000138769e+00 3.012129885258633344e+00
8.510000000000138343e+00 2.981910092206042862e+00
8.530000000000137916e+00 2.987678384657574071e+00
8.550000000000137490e+00 2.995487823384886283e+00
8.570000000000137064e+00 2.929917147333410465e+00
8.590000000000136637e+00 2.909066928604442381e+00
8.610000000000136211e+00 2.834569490983794626e+00
8.630000000000135785e+00 2.796580667429187539e+00
8.650000000000135358e+00 2.735664021352464559e+00
8.670000000000134932e+00 2.703234416368384796e+00
8.690000000000134506e+00 2.670178764488781109e+00
8.710000000000134079e+00 2.640772058129662980e+00
8.730000000000133653e+00 2.663159554936191942e+00
8.750000000000133227e+00 2.600539437207978644e+00
8.770000000000132800e+00 2.553215578990648993e+00
8.790000000000132374e+00 2.567954454897098060e+00
8.810000000000131948e+00 2.514272399192364560e+00
8.830000000000131521e+00 2.469840959331814467e+00
8.850000000000131095e+00 2.443554136895797146e+00
8.870000000000130669e+00 2.436026185275660616e+00
8.890000000000130242e+00 2.388388415481463412e+00
8.910000000000129816e+00 2.368200801611894946e+00
8.930000000000129390e+00 2.328221335239470502e+00
8.950000000000128964e+00 2.292267073581196524e+00
8.970000000000128537e+00 2.272675812305545939e+00
8.990000000000128111e+00 2.272074942897268190e+00
9.010000000000127685e+00 2.218699647985487911e+00
9.030000000000127258e+00 2.217997319074639595e+00
9.050000000000126832e+00 2.186473420375341092e+00
9.070000000000126406e+00 2.194490687263363604e+00
9.090000000000125979e+00 2.141179941715711355e+00
9.110000000000125553e+00 2.112910386786778005e+00
9.130000000000125127e+00 2.092496435720240466e+00
9.150000000000124700e+00 2.119984184264752436e+00
9.170000000000124274e+00 2.045322585951621086e+00
9.190000000000123848e+00 2.010387935320510522e+00
9.210000000000123421e+00 1.933180652409227651e+00
9.230000000000122995e+00 1.985784629986216965e+00
9.250000000000122569e+00 1.920335639987500898e+00
9.270000000000122142e+00 1.939221444339070732e+00
9.290000000000121716e+00 1.887960460468885326e+00
9.310000000000121290e+00 1.898060485508862749e+00
9.330000000000120863e+00 1.844736585335752910e+00
9.350000000000120437e+00 1.851638611074968077e+00
9.370000000000120011e+00 1.808674521242971345e+00
9.390000000000119584e+00 1.778379084627332851e+00
9.410000000000119158e+00 1.743193101161632397e+00
9.430000000000118732e+00 1.732475865796328840e+00
9.450000000000118305e+00 1.699936327197147490e+00
9.470000000000117879e+00 1.689939794500408210e+00
9.490000000000117453e+00 1.658970195363878464e+00
9.510000000000117026e+00 1.636244897001933429e+00
9.530000000000116600e+00 1.677126404976762908e+00
9.550000000000116174e+00 1.583595914202257537e+00
9.570000000000115747e+00 1.582606461123706731e+00
9.590000000000115321e+00 1.500523775871325238e+00
9.610000000000114895e+00 1.534634474549154026e+00
9.630000000000114468e+00 1.455950994135038368e+00
9.650000000000114042e+00 1.491443261938135478e+00
9.670000000000113616e+00 1.462761227361687899e+00
9.690000000000113189e+00 1.426663363660097827e+00
9.710000000000112763e+00 1.372644642963618988e+00
9.730000000000112337e+00 1.355632601948355775e+00
9.750000000000111910e+00 1.347478168957445988e+00
9.770000000000111484e+00 1.340650914762145041e+00
9.790000000000111058e+00 1.277919175364611526e+00
9.810000000000110632e+00 1.251172918993037619e+00
9.830000000000110205e+00 1.245228803941901718e+00
9.850000000000109779e+00 1.190415097694859536e+00
9.870000000000109353e+00 1.190488791701688198e+00
9.890000000000108926e+00 1.154222908622228427e+00
9.910000000000108500e+00 1.106477767663037515e+00
9.930000000000108074e+00 1.101261585430861167e+00
9.950000000000107647e+00 1.092667856021038553e+00
9.970000000000107221e+00 1.079477851145630884e+00
9.990000000000106795e+00 1.029172449273098255e+00
1.001000000000010637e+01 9.959074797372667875e-01
1.003000000000010594e+01 9.583234274952613374e-01
1.005000000000010552e+01 9.284263827615004683e-01
1.007000000000010509e+01 9.070673267817175311e-01
1.009000000000010466e+01 8.948032310585515292e-01
1.011000000000010424e+01 8.754677411787736840e-01
1.013000000000010381e+01 8.611920138733829555e-01
1.015000000000010338e+01 8.326905880877394361e-01
1.017000000000010296e+01 8.155021692574170311e-01
1.019000000000010253e+01 7.445282673419143515e-01
1.021000000000010210e+01 7.579515131429565011e-01
1.023000000000010168e+01 7.224268439261181118e-01
1.025000000000010125e+01 7.237124133621641864e-01
1.027000000000010083e+01 6.826334332866459409e-01
1.029000000000010040e+01 6.975973440782465840e-01
1.031000000000009997e+01 6.239930002253812891e-01
1.033000000000009955e+01 6.259947611284630842e-01
1.035000000000009912e+01 6.215121493733050118e-01
1.037000000000009869e+01 6.313826921608118870e-01
1.039000000000009827e+01 5.687894649527420743e-01
1.041000000000009784e+01 5.645264964617385806e-01
1.043000000000009742e+01 5.585453594528613230e-01
1.045000000000009699e+01 5.440383182910882853e-01
1.047000000000009656e+01 5.082754909201346871e-01
1.049000000000009614e+01 5.251038274794100902e-01
1.051000000000009571e+01 4.863241551198107526e-01
1.053000000000009528e+01 4.917889468331943514e-01
1.055000000000009486e+01 4.897134682105475645e-01
1.057000000000009443e+01 4.956197593626592846e-01
1.059000000000009400e+01 4.690887587695207195e-01
1.061000000000009358e+01 4.746574670079769520e-01
1.063000000000009315e+01 4.271565605332346971e-01
1.065000000000009273e+01 4.369579137196871188e-01
1.067000000000009230e+01 4.247140375361468934e-01
1.069000000000009187e+01 4.525567812856117200e-01
1.071000000000009145e+01 4.334530878976528001e-01
1.073000000000009102e+01 4.421353944442033557e-01
1.075000000000009059e+01 4.454406703376313503e-01
1.077000000000009017e+01 4.142539142247932960e-01
1.079000000000008974e+01 4.069313617625711643e-01
1.081000000000008932e+01 4.188414849052108369e-01
1.083000000000008889e+01 4.122324148459532989e-01
1.085000000000008846e+01 4.339163302416721990e-01
1.087000000000008804e+01 4.038235441988870522e-01
1.089000000000008761e+01 4.288089178699818205e-01
1.091000000000008718e+01 4.093067410583732801e-01
1.093000000000008676e+01 4.051095701330411636e-01
1.095000000000008633e+01 4.265540654445105773e-01
1.097000000000008590e+01 4.173519813810780410e-01
1.099000000000008548e+01 4.211857384838653684e-01
1.101000000000008505e+01 4.267231698412893848e-01
1.103000000000008463e+01 4.184961742784150118e-01
1.105000000000008420e+01 3.985970563931013344e-01
1.107000000000008377e+01 4.376313919891305360e-01
1.109000000000008335e+01 4.090902146458060828e-01
1.111000000000008292e+01 4.159370603005158040e-01
1.113000000000008249e+01 4.366274936201806622e-01
1.115000000000008207e+01 3.881411602753156442e-01
1.117000000000008164e+01 4.231296967464598935e-01
1.119000000000008122e+01 4.399381974056484901e-01
1.121000000000008079e+01 4.113532615022214567e-01
1.123000000000008036e+01 4.253000400800127645e-01
1.125000000000007994e+01 4.157974067523745321e-01
1.127000000000007951e+01 3.938666204701177787e-01
1.129000000000007908e+01 4.364026789989918775e-01
1.131000000000007866e+01 4.204029614115807889e-01
1.133000000000007823e+01 4.170447358000324289e-01
1.135000000000007780e+01 3.860282315486859295e-01
1.137000000000007738e+01 4.093557459500298812e-01
1.139000000000007695e+01 4.087590517989165839e-01
1.141000000000007653e+01 4.251796897023106259e-01
1.143000000000007610e+01 3.910550010211783500e-01
1.145000000000007567e+01 3.993708799377054808e-01
1.147000000000007525e+01 3.960111270129655914e-01
1.149000000000007482e+01 3.781006802866476169e-01
1.151000000000007439e+01 3.869812607126685844e-01
1.153000000000007397e+01 3.856404709452602719e-01
1.155000000000007354e+01 3.751149332234897660e-01
1.157000000000007311e+01 3.755299547901849722e-01
1.159000000000007269e+01 3.587392942395751239e-01
1.161000000000007226e+01 3.627371525604406455e-01
1.163000000000007184e+01 3.833896943792976519e-01
1.165000000000007141e+01 3.726276854986496634e-01
1.167000000000007098e+01 3.310177802311296547e-01
1.169000000000007056e+01 3.335806677390480424e-01
1.171000000000007013e+01 3.332818322476258088e-01
1.173000000000006970e+01 3.243464181974828886e-01
1.175000000000006928e+01 3.216593151089656155e-01
1.177000000000006885e+01 3.248470451843180062e-01
1.179000000000006843e+01 3.083889418800355164e-01
1.181000000000006800e+01 3.143189936902854864e-01
1.183000000000006757e+01 2.922758954003036869e-01
1.185000000000006715e+01 2.980341066202599198e-01
1.187000000000006672e+01 2.749916999776902404e-01
1.189000000000006629e+01 2.651694846847142406e-01
1.191000000000006587e+01 2.746852820320138111e-01
1.193000000000006544e+01 2.663628726520778645e-01
1.195000000000006501e+01 2.502063868144879244e-01
1.197000000000006459e+01 2.464751889041406629e-01
1.199000000000006416e+01 2.403855432049142038e-01
1.201000000000006374e+01 2.419239300684807303e-01
1.203000000000006331e+01 2.118686007798435966e-01
1.205000000000006288e+01 2.197907627446072376e-01
1.207000000000006246e+01 2.013321834166080793e-01
1.209000000000006203e+01 2.032009318944094645e-01
1.211000000000006160e+01 1.910376620592503794e-01
1.213000000000006118e+01 1.900538963723959751e-01
1.215000000000006075e+01 1.642169107487119473e-01
1.217000000000006033e+01 1.792674502630853262e-01
1.219000000000005990e+01 1.685742108393099015e-01
1.221000000000005947e+01 1.557426116350454637e-01
1.223000000000005905e+01 1.452255927141028469e-01
1.225000000000005862e+01 1.453699271674996352e-01
1.227000000000005819e+01 1.415883288174061561e-01
1.229000000000005777e+01 1.352520055618546546e-01
1.231000000000005734e+01 1.272194326251569474e-01
1.233000000000005691e+01 1.239270454183081099e-01
1.235000000000005649e+01 1.142209889005105505e-01
1.237000000000005606e+01 1.062077447013202447e-01
1.239000000000005564e+01 1.023098198122605607e-01
1.241000000000005521e+01 9.540344829824339012e-02
1.243000000000005478e+01 9.294608822539024429e-02
1.245000000000005436e+01 9.925032998995229894e-02
1.247000000000005393e+01 8.302898388102736282e-02
1.249000000000005350e+01 7.791469222147258400e-02
1.251000000000005308e+01 7.296124843671979165e-02
1.253000000000005265e+01 7.304511741429704774e-02
1.255000000000005222e+01 7.954445322353856374e-02
1.257000000000005180e+01 7.188993706450910737e-02
1.259000000000005137e+01 6.630323389840965531e-02
1.261000000000005095e+01 6.044668692963799106e-02
1.263000000000005052e+01 5.549877939716349462e-02
1.265000000000005009e+01 5.721425076922461578e-02
1.267000000000004967e+01 5.032997094133757204e-02
1.269000000000004924e+01 4.838014126638081475e-02
1.271000000000004881e+01 4.967266272522730119e-02
1.273000000000004839e+01 4.751399658574346346e-02
1.275000000000004796e+01 4.896297434435110951e-02
1.277000000000004754e+01 4.180120808504825952e-02
1.279000000000004711e+01 4.416024618266423118e-02
1.281000000000004668e+01 3.936133791811964600e-02
1.283000000000004626e+01 4.392687630510962865e-02
1.285000000000004583e+01 3.820919452217192563e-02
1.287000000000004540e+01 3.486092377475719789e-02
1.289000000000004498e+01 4.008656980468124076e-02
1.291000000000004455e+01 3.259162794218987275e-02
1.293000000000004412e+01 3.136054880033602860e-02
1.295000000000004370e+01 3.770312112351793116e-02
1.297000000000004327e+01 3.319618561509871113e-02
1.299000000000004285e+01 2.927601527787311239e-02
1.301000000000004242e+01 3.218904737984392556e-02
1.303000000000004199e+01 2.819399493317175515e-02
1.305000000000004157e+01 3.431512052818615210e-02
1.307000000000004114e+01 2.736796084005122323e-02
1.309000000000004071e+01 3.354268166564189357e-02
1.311000000000004029e+01 2.949352222928409636e-02
1.313000000000003986e+01 2.586560601258303463e-02
1.315000000000003944e+01 2.914598831197823259e-02
1.317000000000003901e+01 2.505456157995698818e-02
1.319000000000003858e+01 2.810754676523653794e-02
1.321000000000003816e+01 3.434784897220498345e-02
1.323000000000003773e+01 2.432040793155182054e-02
1.325000000000003730e+01 2.401945908615941289e-02
1.327000000000003688e+01 2.710179983167351758e-02
1.329000000000003645e+01 2.359392009203412077e-02
1.331000000000003602e+01 2.346019958780793876e-02
1.333000000000003560e+01 3.619444114904599163e-02
1.335000000000003517e+01 2.621664768086351405e-02
1.337000000000003475e+01 2.280985889159850913e-02
1.339000000000003432e+01 2.593421517008973054e-02
1.341000000000003389e+01 2.563475344864344502e-02
1.343000000000003347e+01 2.237137740065802891e-02
1.345000000000003304e+01 2.507817575183024852e-02
1.347000000000003261e+01 2.504559473233854486e-02
1.349000000000003219e+01 2.192849220537547092e-02
1.351000000000003176e+01 2.803765479395923729e-02
1.353000000000003133e+01 2.164663864710728372e-02
1.355000000000003091e+01 2.466283241614628668e-02
1.357000000000003048e+01 2.716307013490102881e-02
1.359000000000003006e+01 2.746234686215825310e-02
1.361000000000002963e+01 2.109938853059655992e-02
1.363000000000002920e+01 2.099620290756412308e-02
1.365000000000002878e+01 2.381203244856219814e-02
1.367000000000002835e+01 2.077606652082307492e-02
1.369000000000002792e+01 2.334991220185218819e-02
1.371000000000002750e+01 2.647752260546448744e-02
1.373000000000002707e+01 2.616970984100741235e-02
1.375000000000002665e+01 2.028315347076389830e-02
1.377000000000002622e+01 2.018974568355348664e-02
1.379000000000002579e+01 2.290035171188044283e-02
1.381000000000002537e+01 2.256631878331388785e-02
1.383000000000002494e+01 2.300050131776702408e-02
1.385000000000002451e+01 2.252579647967949128e-02
1.387000000000002409e+01 2.231981504023914514e-02
1.389000000000002366e+01 2.528613049653763087e-02
1.391000000000002323e+01 2.191737191796736678e-02
1.393000000000002281e+01 1.930628547669165432e-02
1.395000000000002238e+01 2.190373525690453640e-02
1.397000000000002196e+01 1.911527944455643571e-02
1.399000000000002153e+01 1.914636247404937971e-02
1.401000000000002110e+01 1.912226632557485068e-02
1.403000000000002068e+01 1.638133312200742639e-02
1.405000000000002025e+01 2.202856494725989253e-02
1.407000000000001982e+01 1.890871343617049616e-02
1.409000000000001940e+01 1.868276655103801379e-02
1.411000000000001897e+01 1.349747444805417251e-02
1.413000000000001855e+01 1.343818929494218321e-02
1.415000000000001812e+01 1.592803094132633560e-02
1.417000000000001769e+01 8.225644716843390908e-03
1.419000000000001727e+01 8.189360262822817024e-03
1.421000000000001684e+01 8.153276922437432961e-03
1.423000000000001641e+01 1.336228260619085062e-02
1.425000000000001599e+01 8.041657346783035246e-03
1.427000000000001556e+01 5.426582614852221327e-03
1.429000000000001513e+01 8.175845452264164648e-03
1.431000000000001471e+01 2.760871775591647141e-03
1.433000000000001428e+01 2.748670973499634570e-03
1.435000000000001386e+01 2.736538403821553184e-03
1.437000000000001343e+01 2.724474551408864048e-03
1.439000000000001300e+01 2.712478930968972857e-03
1.441000000000001258e+01 2.700551511877557521e-03
1.443000000000001215e+01 2.688691118085370906e-03
1.445000000000001172e+01 2.676897267192212496e-03
1.447000000000001130e+01 1.051604650054323020e-09
1.449000000000001087e+01 3.481026262000103810e-10
1.451000000000001044e+01 0.000000000000000000e+00
1.453000000000001002e+01 0.000000000000000000e+00
1.455000000000000959e+01 0.000000000000000000e+00
1.457000000000000917e+01 0.000000000000000000e+00
1.459000000000000874e+01 0.000000000000000000e+00
1.461000000000000831e+01 0.000000000000000000e+00
1.463000000000000789e+01 0.000000000000000000e+00
1.465000000000000746e+01 0.000000000000000000e+00
1.467000000000000703e+01 0.000000000000000000e+00
1.469000000000000661e+01 0.000000000000000000e+00
1.471000000000000618e+01 0.000000000000000000e+00
1.473000000000000576e+01 0.000000000000000000e+00
1.475000000000000533e+01 0.000000000000000000e+00
1.477000000000000490e+01 0.000000000000000000e+00
1.479000000000000448e+01 0.000000000000000000e+00
1.481000000000000405e+01 0.000000000000000000e+00
1.483000000000000362e+01 0.000000000000000000e+00
1.485000000000000320e+01 0.000000000000000000e+00
1.487000000000000277e+01 0.000000000000000000e+00
1.489000000000000234e+01 0.000000000000000000e+00
1.491000000000000192e+01 0.000000000000000000e+00
1.493000000000000149e+01 0.000000000000000000e+00
1.495000000000000107e+01 0.000000000000000000e+00
1.497000000000000064e+01 0.000000000000000000e+00
1.499000000000000021e+01 0.000000000000000000e+00
