# Redshift		Merger Rate Density [Gpc^-3yr^-1]
1.000000000031931770e-02 3.198504569875773385e+01
3.000000000031888964e-02 3.334152603297884099e+01
5.000000000031846331e-02 3.502345405606402551e+01
7.000000000031804392e-02 3.656231780712844426e+01
9.000000000031761760e-02 3.821249319341987416e+01
1.100000000003171913e-01 3.979852525864472312e+01
1.300000000003167511e-01 4.161703008527599934e+01
1.500000000003163247e-01 4.334568242766765422e+01
1.700000000003158984e-01 4.524394803987662783e+01
1.900000000003154721e-01 4.698709273817340915e+01
2.100000000003150458e-01 4.922387961952227897e+01
2.300000000003146194e-01 5.100480756021035234e+01
2.500000000003141931e-01 5.288964472952804385e+01
2.700000000003137668e-01 5.495477354002269976e+01
2.900000000003133405e-01 5.702610375780107432e+01
3.100000000003129141e-01 5.926611533945261101e+01
3.300000000003124878e-01 6.153565056138619127e+01
3.500000000003120615e-01 6.355256247789208146e+01
3.700000000003116352e-01 6.587884765915254093e+01
3.900000000003112088e-01 6.817225840431736117e+01
4.100000000003107825e-01 7.071450204779407045e+01
4.300000000003103562e-01 7.274251638955102806e+01
4.500000000003099299e-01 7.546658510469549697e+01
4.700000000003095035e-01 7.767414713723987063e+01
4.900000000003090772e-01 8.007614260006660345e+01
5.100000000003086509e-01 8.277234408091176476e+01
5.300000000003082246e-01 8.529802572860879195e+01
5.500000000003077982e-01 8.779130831416850356e+01
5.700000000003073719e-01 9.070561686853400829e+01
5.900000000003069456e-01 9.288308102304172564e+01
6.100000000003065193e-01 9.536350652293688768e+01
6.300000000003060929e-01 9.820295625416191854e+01
6.500000000003056666e-01 1.010704915147131260e+02
6.700000000003052403e-01 1.037410039845280068e+02
6.900000000003048140e-01 1.062307893024827052e+02
7.100000000003043876e-01 1.092052805716857620e+02
7.300000000003039613e-01 1.118722206529658507e+02
7.500000000003035350e-01 1.146843678347985787e+02
7.700000000003031086e-01 1.177912523789256198e+02
7.900000000003026823e-01 1.209644885132405818e+02
8.100000000003022560e-01 1.242477152632933723e+02
8.300000000003018297e-01 1.265959669743501337e+02
8.500000000003014033e-01 1.299600844777835391e+02
8.700000000003009770e-01 1.331682223207465654e+02
8.900000000003005507e-01 1.358497882468283535e+02
9.100000000003001244e-01 1.387623117845979266e+02
9.300000000002996980e-01 1.415708203580165616e+02
9.500000000002992717e-01 1.453657404507237629e+02
9.700000000002988454e-01 1.483038603357926490e+02
9.900000000002984191e-01 1.505128528194197770e+02
1.010000000000297993e+00 1.538931419623367844e+02
1.030000000000297566e+00 1.571031752583071750e+02
1.050000000000297140e+00 1.603240452763899953e+02
1.070000000000296714e+00 1.630623633404875363e+02
1.090000000000296287e+00 1.659354652131081593e+02
1.110000000000295861e+00 1.697810755633382485e+02
1.130000000000295435e+00 1.720744173380523421e+02
1.150000000000295008e+00 1.746309654704218133e+02
1.170000000000294582e+00 1.783673996769686312e+02
1.190000000000294156e+00 1.809713983730682969e+02
1.210000000000293729e+00 1.834773132837677281e+02
1.230000000000293303e+00 1.867601604180515835e+02
1.250000000000292877e+00 1.893676765463449669e+02
1.270000000000292451e+00 1.926406791310292590e+02
1.290000000000292024e+00 1.946214346098869328e+02
1.310000000000291598e+00 1.977084771227667375e+02
1.330000000000291172e+00 2.001127554793350498e+02
1.350000000000290745e+00 2.031598527373881780e+02
1.370000000000290319e+00 2.056575018668366965e+02
1.390000000000289893e+00 2.077587308069525136e+02
1.410000000000289466e+00 2.101657815373708331e+02
1.430000000000289040e+00 2.132718415752269721e+02
1.450000000000288614e+00 2.137617727274309516e+02
1.470000000000288187e+00 2.168982641669221039e+02
1.490000000000287761e+00 2.185926623654113712e+02
1.510000000000287335e+00 2.203179832144765840e+02
1.530000000000286908e+00 2.222575542184619053e+02
1.550000000000286482e+00 2.252056041519088296e+02
1.570000000000286056e+00 2.270708715404570341e+02
1.590000000000285629e+00 2.270017865197464459e+02
1.610000000000285203e+00 2.295710705325169840e+02
1.630000000000284777e+00 2.310113103269373767e+02
1.650000000000284350e+00 2.329643181569052786e+02
1.670000000000283924e+00 2.340192209785428474e+02
1.690000000000283498e+00 2.348048550609546510e+02
1.710000000000283071e+00 2.364991256483929760e+02
1.730000000000282645e+00 2.383677390592483789e+02
1.750000000000282219e+00 2.382785180663637732e+02
1.770000000000281792e+00 2.401028054163276977e+02
1.790000000000281366e+00 2.423274708834516105e+02
1.810000000000280940e+00 2.449136521329291725e+02
1.830000000000280513e+00 2.452232936908533532e+02
1.850000000000280087e+00 2.446217588052261078e+02
1.870000000000279661e+00 2.464873877919597476e+02
1.890000000000279234e+00 2.471029904957814836e+02
1.910000000000278808e+00 2.506085176863577999e+02
1.930000000000278382e+00 2.536350396439562473e+02
1.950000000000277955e+00 2.548184151973064502e+02
1.970000000000277529e+00 2.522400968131044294e+02
1.990000000000277103e+00 2.489368002111983458e+02
2.010000000000276899e+00 2.481247344520465958e+02
2.030000000000276472e+00 2.450584689327967851e+02
2.050000000000276046e+00 2.419639025857320576e+02
2.070000000000275620e+00 2.388270972738267801e+02
2.090000000000275193e+00 2.352879543745439719e+02
2.110000000000274767e+00 2.325385319749580049e+02
2.130000000000274341e+00 2.317900748483893381e+02
2.150000000000273914e+00 2.296195174707525268e+02
2.170000000000273488e+00 2.283430482875053258e+02
2.190000000000273062e+00 2.258922105885898191e+02
2.210000000000272635e+00 2.248187250752044690e+02
2.230000000000272209e+00 2.232845597350072353e+02
2.250000000000271783e+00 2.214999855383208285e+02
2.270000000000271356e+00 2.198562263996051342e+02
2.290000000000270930e+00 2.188066624397257840e+02
2.310000000000270504e+00 2.167163861741582025e+02
2.330000000000270077e+00 2.150417060945015919e+02
2.350000000000269651e+00 2.133846417788028873e+02
2.370000000000269225e+00 2.115442454744215297e+02
2.390000000000268798e+00 2.095517810970330004e+02
2.410000000000268372e+00 2.082228231056176071e+02
2.430000000000267946e+00 2.059663250673647781e+02
2.450000000000267519e+00 2.043032530979780290e+02
2.470000000000267093e+00 2.020953954336383731e+02
2.490000000000266667e+00 1.998035254569961694e+02
2.510000000000266240e+00 1.980061562462572056e+02
2.530000000000265814e+00 1.960706711682923640e+02
2.550000000000265388e+00 1.941868755819943431e+02
2.570000000000264961e+00 1.925092324274567943e+02
2.590000000000264535e+00 1.894462784496069219e+02
2.610000000000264109e+00 1.880446458669564436e+02
2.630000000000263682e+00 1.857292092158633920e+02
2.650000000000263256e+00 1.838605580107131630e+02
2.670000000000262830e+00 1.816146409297385276e+02
2.690000000000262403e+00 1.798296614696566564e+02
2.710000000000261977e+00 1.773478205471639910e+02
2.730000000000261551e+00 1.752905630128063592e+02
2.750000000000261124e+00 1.732986159948866316e+02
2.770000000000260698e+00 1.710752896253993356e+02
2.790000000000260272e+00 1.692402711001869875e+02
2.810000000000259845e+00 1.670341191807959831e+02
2.830000000000259419e+00 1.648270736087965531e+02
2.850000000000258993e+00 1.627752229471878991e+02
2.870000000000258567e+00 1.609525574183587935e+02
2.890000000000258140e+00 1.586321450415266838e+02
2.910000000000257714e+00 1.566323937524358882e+02
2.930000000000257288e+00 1.547378300953094481e+02
2.950000000000256861e+00 1.525071021427058042e+02
2.970000000000256435e+00 1.508982995744161428e+02
2.990000000000256009e+00 1.486434869975286972e+02
3.010000000000255582e+00 1.468806903792552134e+02
3.030000000000255156e+00 1.450581487671554726e+02
3.050000000000254730e+00 1.430839766103423187e+02
3.070000000000254303e+00 1.410246481712007380e+02
3.090000000000253877e+00 1.392374088202695930e+02
3.110000000000253451e+00 1.374278613277250543e+02
3.130000000000253024e+00 1.352555316886100911e+02
3.150000000000252598e+00 1.340460671863376376e+02
3.170000000000252172e+00 1.318646323873399808e+02
3.190000000000251745e+00 1.303381162795990917e+02
3.210000000000251319e+00 1.288409031184246203e+02
3.230000000000250893e+00 1.268144843841474625e+02
3.250000000000250466e+00 1.253394835409170582e+02
3.270000000000250040e+00 1.240415993705171189e+02
3.290000000000249614e+00 1.229152747675687607e+02
3.310000000000249187e+00 1.218426559997065084e+02
3.330000000000248761e+00 1.210091777801085016e+02
3.350000000000248335e+00 1.193618986691946020e+02
3.370000000000247908e+00 1.186116167014412071e+02
3.390000000000247482e+00 1.180658118887201624e+02
3.410000000000247056e+00 1.154577097752420514e+02
3.430000000000246629e+00 1.145036732389355052e+02
3.450000000000246203e+00 1.122195001660077054e+02
3.470000000000245777e+00 1.104250103262511118e+02
3.490000000000245350e+00 1.093006781364921522e+02
3.510000000000244924e+00 1.075650923348844259e+02
3.530000000000244498e+00 1.062977313971401685e+02
3.550000000000244071e+00 1.044150755502756027e+02
3.570000000000243645e+00 1.037377137615893474e+02
3.590000000000243219e+00 1.025499724998940394e+02
3.610000000000242792e+00 1.013964552814384632e+02
3.630000000000242366e+00 1.001017586059424644e+02
3.650000000000241940e+00 9.765837496911740345e+01
3.670000000000241513e+00 9.537095339174088338e+01
3.690000000000241087e+00 9.408503562692719413e+01
3.710000000000240661e+00 9.263625679180783834e+01
3.730000000000240234e+00 9.041120043675687157e+01
3.750000000000239808e+00 8.906657530272580914e+01
3.770000000000239382e+00 8.779766231718582503e+01
3.790000000000238956e+00 8.636441892213773031e+01
3.810000000000238529e+00 8.506751731130513861e+01
3.830000000000238103e+00 8.350373097812041578e+01
3.850000000000237677e+00 8.250723544867665282e+01
3.870000000000237250e+00 8.130403860538385175e+01
3.890000000000236824e+00 8.031335838034780750e+01
3.910000000000236398e+00 7.902326824007236894e+01
3.930000000000235971e+00 7.807418674610943299e+01
3.950000000000235545e+00 7.699705834652478131e+01
3.970000000000235119e+00 7.605982904040789094e+01
3.990000000000234692e+00 7.489241078270848107e+01
4.010000000000234266e+00 7.396979694000903294e+01
4.030000000000233840e+00 7.296469986271327457e+01
4.050000000000233413e+00 7.214356216852880266e+01
4.070000000000232987e+00 7.128509329944274953e+01
4.090000000000232561e+00 7.025933271774589173e+01
4.110000000000232134e+00 6.943782727705003310e+01
4.130000000000231708e+00 6.859210865619850495e+01
4.150000000000231282e+00 6.782880205205225366e+01
4.170000000000230855e+00 6.683220628152584197e+01
4.190000000000230429e+00 6.596229105698525075e+01
4.210000000000230003e+00 6.540204384219723011e+01
4.230000000000229576e+00 6.467653711243691816e+01
4.250000000000229150e+00 6.419362695569952848e+01
4.270000000000228724e+00 6.378797912470425757e+01
4.290000000000228297e+00 6.395113713084835894e+01
4.310000000000227871e+00 6.260018906253935711e+01
4.330000000000227445e+00 6.262348553831947129e+01
4.350000000000227018e+00 6.153727120100504067e+01
4.370000000000226592e+00 6.143160987696636255e+01
4.390000000000226166e+00 6.080148197894881434e+01
4.410000000000225739e+00 5.906761655787219212e+01
4.430000000000225313e+00 5.827987256878653710e+01
4.450000000000224887e+00 5.753910057486073271e+01
4.470000000000224460e+00 5.679037347388226209e+01
4.490000000000224034e+00 5.603119357810236778e+01
4.510000000000223608e+00 5.515586386247309747e+01
4.530000000000223181e+00 5.482864583864012786e+01
4.550000000000222755e+00 5.369000901223375166e+01
4.570000000000222329e+00 5.338300362895331119e+01
4.590000000000221902e+00 5.195030255171651845e+01
4.610000000000221476e+00 5.192379080663717872e+01
4.630000000000221050e+00 5.092233882247781196e+01
4.650000000000220624e+00 5.040313196530165385e+01
4.670000000000220197e+00 4.998127779754190669e+01
4.690000000000219771e+00 4.916219020208915680e+01
4.710000000000219345e+00 4.809921141633363106e+01
4.730000000000218918e+00 4.733566987810051074e+01
4.750000000000218492e+00 4.639677562354149387e+01
4.770000000000218066e+00 4.575222626733850007e+01
4.790000000000217639e+00 4.505368208331731950e+01
4.810000000000217213e+00 4.424712895329481199e+01
4.830000000000216787e+00 4.378770244288366342e+01
4.850000000000216360e+00 4.313071905949689011e+01
4.870000000000215934e+00 4.257469737028734613e+01
4.890000000000215508e+00 4.197096293880742479e+01
4.910000000000215081e+00 4.150288847585643737e+01
4.930000000000214655e+00 4.080266017860276406e+01
4.950000000000214229e+00 4.035323152787039902e+01
4.970000000000213802e+00 4.000466917114163579e+01
4.990000000000213376e+00 3.954183116796602349e+01
5.010000000000212950e+00 3.944512883719610130e+01
5.030000000000212523e+00 3.894238374401074765e+01
5.050000000000212097e+00 3.909978072084834366e+01
5.070000000000211671e+00 3.814453035074311060e+01
5.090000000000211244e+00 3.799055154041091953e+01
5.110000000000210818e+00 3.722025011249584736e+01
5.130000000000210392e+00 3.735245004978251870e+01
5.150000000000209965e+00 3.657916670635719925e+01
5.170000000000209539e+00 3.590788955579579067e+01
5.190000000000209113e+00 3.480398813957908999e+01
5.210000000000208686e+00 3.446579969715246961e+01
5.230000000000208260e+00 3.420139939599176415e+01
5.250000000000207834e+00 3.344248841603182854e+01
5.270000000000207407e+00 3.302038734406720977e+01
5.290000000000206981e+00 3.243044958283518042e+01
5.310000000000206555e+00 3.213315712258800261e+01
5.330000000000206128e+00 3.180195039262207857e+01
5.350000000000205702e+00 3.111677967896291364e+01
5.370000000000205276e+00 3.089148207431814441e+01
5.390000000000204849e+00 3.001431755111562083e+01
5.410000000000204423e+00 2.973698540976881333e+01
5.430000000000203997e+00 2.930907901797014503e+01
5.450000000000203570e+00 2.857886914532244660e+01
5.470000000000203144e+00 2.832868978066703392e+01
5.490000000000202718e+00 2.814067040286292709e+01
5.510000000000202292e+00 2.753548206408456522e+01
5.530000000000201865e+00 2.697799887634072746e+01
5.550000000000201439e+00 2.641764479712876224e+01
5.570000000000201013e+00 2.583456211625489019e+01
5.590000000000200586e+00 2.553523422599734261e+01
5.610000000000200160e+00 2.514136826534496549e+01
5.630000000000199734e+00 2.481498234868903552e+01
5.650000000000199307e+00 2.471385859409346253e+01
5.670000000000198881e+00 2.427237686964298291e+01
5.690000000000198455e+00 2.414426379472748962e+01
5.710000000000198028e+00 2.357229087706405224e+01
5.730000000000197602e+00 2.335214420657008105e+01
5.750000000000197176e+00 2.286016896650794905e+01
5.770000000000196749e+00 2.260062032748886196e+01
5.790000000000196323e+00 2.221849309869401523e+01
5.810000000000195897e+00 2.177319751487108945e+01
5.830000000000195470e+00 2.112707025254838911e+01
5.850000000000195044e+00 2.047935020384504057e+01
5.870000000000194618e+00 2.039209754379721318e+01
5.890000000000194191e+00 2.000634157563009552e+01
5.910000000000193765e+00 1.952968014343092662e+01
5.930000000000193339e+00 1.922565660110396024e+01
5.950000000000192912e+00 1.880348220458443720e+01
5.970000000000192486e+00 1.842483163355401032e+01
5.990000000000192060e+00 1.830393859284849967e+01
6.010000000000191633e+00 1.779757638441322598e+01
6.030000000000191207e+00 1.765306537374816642e+01
6.050000000000190781e+00 1.719875430071200029e+01
6.070000000000190354e+00 1.669895904627510319e+01
6.090000000000189928e+00 1.662343132260220813e+01
6.110000000000189502e+00 1.611157896155671665e+01
6.130000000000189075e+00 1.572185009767740560e+01
6.150000000000188649e+00 1.551807752182862110e+01
6.170000000000188223e+00 1.545414847229988098e+01
6.190000000000187796e+00 1.524158708288090658e+01
6.210000000000187370e+00 1.487960518306245028e+01
6.230000000000186944e+00 1.453909494488693177e+01
6.250000000000186517e+00 1.425427033507083863e+01
6.270000000000186091e+00 1.389936078220366511e+01
6.290000000000185665e+00 1.359492482924387602e+01
6.310000000000185238e+00 1.324057677415463274e+01
6.330000000000184812e+00 1.298751879013501842e+01
6.350000000000184386e+00 1.275413014298630721e+01
6.370000000000183960e+00 1.235931488251182309e+01
6.390000000000183533e+00 1.192157042068626183e+01
6.410000000000183107e+00 1.153814768848409678e+01
6.430000000000182681e+00 1.132006220752875869e+01
6.450000000000182254e+00 1.119690139819812025e+01
6.470000000000181828e+00 1.088261860157921745e+01
6.490000000000181402e+00 1.055485844683277641e+01
6.510000000000180975e+00 1.032994793913026399e+01
6.530000000000180549e+00 1.008171961762645452e+01
6.550000000000180123e+00 9.849045939947933093e+00
6.570000000000179696e+00 9.730459154894910867e+00
6.590000000000179270e+00 9.414917506437882722e+00
6.610000000000178844e+00 9.221616872006048737e+00
6.630000000000178417e+00 9.053065825444273074e+00
6.650000000000177991e+00 8.715597230303893994e+00
6.670000000000177565e+00 8.614837721954268446e+00
6.690000000000177138e+00 8.458203178166082026e+00
6.710000000000176712e+00 8.116913298810761290e+00
6.730000000000176286e+00 7.987705906201787442e+00
6.750000000000175859e+00 7.839685046670131996e+00
6.770000000000175433e+00 7.738931571557510658e+00
6.790000000000175007e+00 7.432220259445180055e+00
6.810000000000174580e+00 7.199708690255520516e+00
6.830000000000174154e+00 7.017030809689774884e+00
6.850000000000173728e+00 6.828415113722911656e+00
6.870000000000173301e+00 6.545920340625986711e+00
6.890000000000172875e+00 6.297622312466654826e+00
6.910000000000172449e+00 5.992145025671618441e+00
6.930000000000172022e+00 5.843496400463664919e+00
6.950000000000171596e+00 5.733851538776803203e+00
6.970000000000171170e+00 5.571748515492063625e+00
6.990000000000170743e+00 5.393619560013269698e+00
7.010000000000170317e+00 5.191917326325969029e+00
7.030000000000169891e+00 5.092709428882619349e+00
7.050000000000169464e+00 4.866904160614571317e+00
7.070000000000169038e+00 4.797940239687639163e+00
7.090000000000168612e+00 4.692338053944130394e+00
7.110000000000168185e+00 4.550301234077390511e+00
7.130000000000167759e+00 4.447030053567092800e+00
7.150000000000167333e+00 4.366156937197402499e+00
7.170000000000166906e+00 4.146230393674687598e+00
7.190000000000166480e+00 4.031407839975748253e+00
7.210000000000166054e+00 3.937385280873427096e+00
7.230000000000165628e+00 3.802019364485941022e+00
7.250000000000165201e+00 3.643425396193126442e+00
7.270000000000164775e+00 3.531371211548279376e+00
7.290000000000164349e+00 3.451805170857336069e+00
7.310000000000163922e+00 3.341951047971003508e+00
7.330000000000163496e+00 3.175234714195914076e+00
7.350000000000163070e+00 3.031135690928535631e+00
7.370000000000162643e+00 2.889968885226769313e+00
7.390000000000162217e+00 2.775329969505419658e+00
7.410000000000161791e+00 2.724702243361797560e+00
7.430000000000161364e+00 2.594197241372555585e+00
7.450000000000160938e+00 2.507227796870141301e+00
7.470000000000160512e+00 2.397884622850288583e+00
7.490000000000160085e+00 2.324638427488756154e+00
7.510000000000159659e+00 2.285828319620261340e+00
7.530000000000159233e+00 2.187419307721097272e+00
7.550000000000158806e+00 2.111762133514461848e+00
7.570000000000158380e+00 2.076018183096563163e+00
7.590000000000157954e+00 1.972438652514657109e+00
7.610000000000157527e+00 1.940295907997441338e+00
7.630000000000157101e+00 1.846880581234578100e+00
7.650000000000156675e+00 1.772552700454474106e+00
7.670000000000156248e+00 1.721723296512847057e+00
7.690000000000155822e+00 1.648793573300840309e+00
7.710000000000155396e+00 1.567267593247166468e+00
7.730000000000154969e+00 1.499764079077929191e+00
7.750000000000154543e+00 1.428037333511614104e+00
7.770000000000154117e+00 1.380432809885144163e+00
7.790000000000153690e+00 1.306627698978030994e+00
7.810000000000153264e+00 1.246520807237468498e+00
7.830000000000152838e+00 1.197079758664532090e+00
7.850000000000152411e+00 1.160487687570836979e+00
7.870000000000151985e+00 1.110729118652968417e+00
7.890000000000151559e+00 1.067402815637543911e+00
7.910000000000151132e+00 1.016103534800135266e+00
7.930000000000150706e+00 9.815458813117217129e-01
7.950000000000150280e+00 9.380906569134241924e-01
7.970000000000149853e+00 8.981958697056131591e-01
7.990000000000149427e+00 8.679723400782899390e-01
8.010000000000149001e+00 8.318410602563625078e-01
8.030000000000148574e+00 8.280009820572484802e-01
8.050000000000148148e+00 7.717052693347185022e-01
8.070000000000147722e+00 7.594305125234701581e-01
8.090000000000147296e+00 7.124691655763816245e-01
8.110000000000146869e+00 6.697102224181811225e-01
8.130000000000146443e+00 6.411610334976393100e-01
8.150000000000146017e+00 6.003510774028844033e-01
8.170000000000145590e+00 5.842158958234313637e-01
8.190000000000145164e+00 5.391895463822428125e-01
8.210000000000144738e+00 5.216833119127218810e-01
8.230000000000144311e+00 5.022192352962889794e-01
8.250000000000143885e+00 4.899519325239202194e-01
8.270000000000143459e+00 4.622104942736172672e-01
8.290000000000143032e+00 4.376543250863312307e-01
8.310000000000142606e+00 4.194272322605284153e-01
8.330000000000142180e+00 4.060680105170616505e-01
8.350000000000141753e+00 3.806336769069002535e-01
8.370000000000141327e+00 3.713557210743103632e-01
8.390000000000140901e+00 3.680569576743527582e-01
8.410000000000140474e+00 3.299708471016358780e-01
8.430000000000140048e+00 3.291344675154618815e-01
8.450000000000139622e+00 3.006034121568069706e-01
8.470000000000139195e+00 2.983883379581473982e-01
8.490000000000138769e+00 2.729794174880335045e-01
8.510000000000138343e+00 2.580604497428225508e-01
8.530000000000137916e+00 2.584626628416560878e-01
8.550000000000137490e+00 2.349954627765913906e-01
8.570000000000137064e+00 2.194750522341891441e-01
8.590000000000136637e+00 2.128309382639758940e-01
8.610000000000136211e+00 2.087663635967420273e-01
8.630000000000135785e+00 1.999827478863035468e-01
8.650000000000135358e+00 1.922714908713783755e-01
8.670000000000134932e+00 1.764806916474939147e-01
8.690000000000134506e+00 1.687031989531828646e-01
8.710000000000134079e+00 1.640814514164206095e-01
8.730000000000133653e+00 1.645552674504224266e-01
8.750000000000133227e+00 1.499662797978673634e-01
8.770000000000132800e+00 1.466296608365602050e-01
8.790000000000132374e+00 1.348666405182140648e-01
8.810000000000131948e+00 1.292049141234315468e-01
8.830000000000131521e+00 1.197037691452689234e-01
8.850000000000131095e+00 1.128617799133727340e-01
8.870000000000130669e+00 1.070644093927705098e-01
8.890000000000130242e+00 1.015965036944405236e-01
8.910000000000129816e+00 9.962543098689292942e-02
8.930000000000129390e+00 9.277551262848338087e-02
8.950000000000128964e+00 9.734396874003382882e-02
8.970000000000128537e+00 8.471440685679045013e-02
8.990000000000128111e+00 7.989439599581879548e-02
9.010000000000127685e+00 7.668236791055868529e-02
9.030000000000127258e+00 7.314994086470273660e-02
9.050000000000126832e+00 7.424835881047861519e-02
9.070000000000126406e+00 7.178896155763457576e-02
9.090000000000125979e+00 6.524884275625396357e-02
9.110000000000125553e+00 6.441791790906475912e-02
9.130000000000125127e+00 5.801053660335735856e-02
9.150000000000124700e+00 5.904794730763108374e-02
9.170000000000124274e+00 5.131982368046163895e-02
9.190000000000123848e+00 4.881693539050974834e-02
9.210000000000123421e+00 4.787512541062626664e-02
9.230000000000122995e+00 4.387913697823833670e-02
9.250000000000122569e+00 4.185360478767789078e-02
9.270000000000122142e+00 4.026122146711816341e-02
9.290000000000121716e+00 3.948219251404835872e-02
9.310000000000121290e+00 3.634812812369492968e-02
9.330000000000120863e+00 3.481392939361982464e-02
9.350000000000120437e+00 3.610229651627028941e-02
9.370000000000120011e+00 3.729974763618475880e-02
9.390000000000119584e+00 2.980555460804733964e-02
9.410000000000119158e+00 3.122445132300083470e-02
9.430000000000118732e+00 2.691103064688607494e-02
9.450000000000118305e+00 2.688705223088515978e-02
9.470000000000117879e+00 2.450911398231627944e-02
9.490000000000117453e+00 2.581347451017539443e-02
9.510000000000117026e+00 2.450293315391060059e-02
9.530000000000116600e+00 2.098608322316197761e-02
9.550000000000116174e+00 2.057550464714054395e-02
9.570000000000115747e+00 1.950196352948089726e-02
9.590000000000115321e+00 1.804169922332990450e-02
9.610000000000114895e+00 1.727312021971218886e-02
9.630000000000114468e+00 1.645427095151868677e-02
9.650000000000114042e+00 1.597843309974113571e-02
9.670000000000113616e+00 1.620585155528098120e-02
9.690000000000113189e+00 1.439146820403314729e-02
9.710000000000112763e+00 1.396813617023578112e-02
9.730000000000112337e+00 1.613002828688437154e-02
9.750000000000111910e+00 1.285852261480530459e-02
9.770000000000111484e+00 1.144006205745798019e-02
9.790000000000111058e+00 1.088189049558975670e-02
9.810000000000110632e+00 1.034492880286806867e-02
9.830000000000110205e+00 9.841407746201659423e-03
9.850000000000109779e+00 9.370862653430234168e-03
9.870000000000109353e+00 1.146570690925996332e-02
9.890000000000108926e+00 8.597157667816176727e-03
9.910000000000108500e+00 7.961693137611575502e-03
9.930000000000108074e+00 7.555317816001158766e-03
9.950000000000107647e+00 7.700634612130215044e-03
9.970000000000107221e+00 6.797673747410364238e-03
9.990000000000106795e+00 7.106523063687240384e-03
1.001000000000010637e+01 6.095706570665566232e-03
1.003000000000010594e+01 5.993557914654736550e-03
1.005000000000010552e+01 5.501076347695088575e-03
1.007000000000010509e+01 5.222705485545654260e-03
1.009000000000010466e+01 6.683870932549981422e-03
1.011000000000010424e+01 4.627378311643062618e-03
1.013000000000010381e+01 4.383608885556388411e-03
1.015000000000010338e+01 4.160360642897624993e-03
1.017000000000010296e+01 3.949457606161818624e-03
1.019000000000010253e+01 3.826741297773717399e-03
1.021000000000010210e+01 4.280746074548062372e-03
1.023000000000010168e+01 3.953031860254542160e-03
1.025000000000010125e+01 3.197422201434438251e-03
1.027000000000010083e+01 2.979478624386256488e-03
1.029000000000010040e+01 2.777071395953047573e-03
1.031000000000009997e+01 2.756351933573261866e-03
1.033000000000009955e+01 2.480506285367801381e-03
1.035000000000009912e+01 2.343998008774946830e-03
1.037000000000009869e+01 2.219085613710249701e-03
1.039000000000009827e+01 2.175102348595439779e-03
1.041000000000009784e+01 1.975927361420549457e-03
1.043000000000009742e+01 2.553061671094721593e-03
1.045000000000009699e+01 1.725568420162395785e-03
1.047000000000009656e+01 1.683614484383455382e-03
1.049000000000009614e+01 1.576997454965695664e-03
1.051000000000009571e+01 1.457394204922042320e-03
1.053000000000009528e+01 1.636150254761731737e-03
1.055000000000009486e+01 1.263696857111324323e-03
1.057000000000009443e+01 1.452890386010587077e-03
1.059000000000009400e+01 1.124541890412194883e-03
1.061000000000009358e+01 1.038907880753353000e-03
1.063000000000009315e+01 9.777475230711377835e-04
1.065000000000009273e+01 9.197033119178125559e-04
1.067000000000009230e+01 8.649600814920693987e-04
1.069000000000009187e+01 8.130103048647067997e-04
1.071000000000009145e+01 7.637568997461062709e-04
1.073000000000009102e+01 7.525928175062215246e-04
1.075000000000009059e+01 8.040505751163619244e-04
1.077000000000009017e+01 7.741864741534615606e-04
1.079000000000008974e+01 5.770544162663962659e-04
1.081000000000008932e+01 5.361496794365764240e-04
1.083000000000008889e+01 6.083978002124917515e-04
1.085000000000008846e+01 4.637017833062266419e-04
1.087000000000008804e+01 4.340561927353270939e-04
1.089000000000008761e+01 4.114168598228486683e-04
1.091000000000008718e+01 4.610124956426612554e-04
1.093000000000008676e+01 3.494861394531082214e-04
1.095000000000008633e+01 3.265699627808433549e-04
1.097000000000008590e+01 3.129873710127822136e-04
1.099000000000008548e+01 2.875806569821520654e-04
1.101000000000008505e+01 2.682285752934600808e-04
1.103000000000008463e+01 2.483601523025456164e-04
1.105000000000008420e+01 2.300317481505303584e-04
1.107000000000008377e+01 3.066831810112620005e-04
1.109000000000008335e+01 1.932360206988573191e-04
1.111000000000008292e+01 1.799004389596564472e-04
1.113000000000008249e+01 2.048488534023827927e-04
1.115000000000008207e+01 1.544927380276230077e-04
1.117000000000008164e+01 1.420352110177193212e-04
1.119000000000008122e+01 1.319762404280114688e-04
1.121000000000008079e+01 1.249340868180085320e-04
1.123000000000008036e+01 1.391580379364735272e-04
1.125000000000007994e+01 1.054408087758776705e-04
1.127000000000007951e+01 9.622617819093093349e-05
1.129000000000007908e+01 8.874489120699310734e-05
1.131000000000007866e+01 8.294262720567557282e-05
1.133000000000007823e+01 7.606694664985080671e-05
1.135000000000007780e+01 7.101195912605700678e-05
1.137000000000007738e+01 9.318857861152094943e-05
1.139000000000007695e+01 5.799056792110823138e-05
1.141000000000007653e+01 6.468090365926069897e-05
1.143000000000007610e+01 4.913594469028934313e-05
1.145000000000007567e+01 4.496396853835846533e-05
1.147000000000007525e+01 4.161946387738279065e-05
1.149000000000007482e+01 3.903638924086238484e-05
1.151000000000007439e+01 3.498387203549135709e-05
1.153000000000007397e+01 3.982574901756082386e-05
1.155000000000007354e+01 2.914353330305001469e-05
1.157000000000007311e+01 2.671797223516758548e-05
1.159000000000007269e+01 2.473580104532865372e-05
1.161000000000007226e+01 2.256848744891783325e-05
1.163000000000007184e+01 2.073456459058117742e-05
1.165000000000007141e+01 2.327372849423869374e-05
1.167000000000007098e+01 2.460513825484256079e-05
1.169000000000007056e+01 1.504752841426967695e-05
1.171000000000007013e+01 1.398529632727861336e-05
1.173000000000006970e+01 1.261104934986649715e-05
1.175000000000006928e+01 1.157421205330989343e-05
1.177000000000006885e+01 1.058733291983797555e-05
1.179000000000006843e+01 9.656880598867546343e-06
1.181000000000006800e+01 1.100920744265078736e-05
1.183000000000006757e+01 7.868341345931731227e-06
1.185000000000006715e+01 7.224801493602746175e-06
1.187000000000006672e+01 6.589039090190533351e-06
1.189000000000006629e+01 5.981605824081604416e-06
1.191000000000006587e+01 5.441016892008944617e-06
1.193000000000006544e+01 6.109729511611673974e-06
1.195000000000006501e+01 6.321324261518786252e-06
1.197000000000006459e+01 3.837416007735915812e-06
1.199000000000006416e+01 3.488091241683093105e-06
1.201000000000006374e+01 3.163342429571195740e-06
1.203000000000006331e+01 2.873100003656795888e-06
1.205000000000006288e+01 2.619765375002820796e-06
1.207000000000006246e+01 2.364855639875677614e-06
1.209000000000006203e+01 2.671653319370337568e-06
1.211000000000006160e+01 1.899330377567612811e-06
1.213000000000006118e+01 1.723824448470305173e-06
1.215000000000006075e+01 1.550976400949846018e-06
1.217000000000006033e+01 1.400964753499677391e-06
1.219000000000005990e+01 1.530124483047102393e-06
1.221000000000005947e+01 1.630226071111579963e-06
1.223000000000005905e+01 9.582229011393485154e-07
1.225000000000005862e+01 8.676687436982328493e-07
1.227000000000005819e+01 7.792462368087857015e-07
1.229000000000005777e+01 7.052787048595600188e-07
1.231000000000005734e+01 6.322132227072173042e-07
1.233000000000005691e+01 5.697229936371229363e-07
1.235000000000005649e+01 5.130193092688486334e-07
1.237000000000005606e+01 5.735393491830856490e-07
1.239000000000005564e+01 4.021963345275296092e-07
1.241000000000005521e+01 3.611382514007854692e-07
1.243000000000005478e+01 3.246676718535429549e-07
1.245000000000005436e+01 3.492644210483615994e-07
1.247000000000005393e+01 3.706822051857815224e-07
1.249000000000005350e+01 2.156378682455223855e-07
1.251000000000005308e+01 1.923136657546517619e-07
1.253000000000005265e+01 1.726946294154416322e-07
1.255000000000005222e+01 1.539642278872613653e-07
1.257000000000005180e+01 1.376929951915131130e-07
1.259000000000005137e+01 1.226974196293070867e-07
1.261000000000005095e+01 1.094989790392497564e-07
1.263000000000005052e+01 1.214631883042290363e-07
1.265000000000005009e+01 8.434071318356827075e-08
1.267000000000004967e+01 7.530994353689095588e-08
1.269000000000004924e+01 8.030152213596396829e-08
1.271000000000004881e+01 7.129197286342797643e-08
1.273000000000004839e+01 6.202072529157997973e-08
1.275000000000004796e+01 4.315658369880137747e-08
1.277000000000004754e+01 3.820009684359220225e-08
1.279000000000004711e+01 3.391264653259244689e-08
1.281000000000004668e+01 3.006984967863164573e-08
1.283000000000004626e+01 2.669180928379098444e-08
1.285000000000004583e+01 2.358172202159767229e-08
1.287000000000004540e+01 2.092924012876198685e-08
1.289000000000004498e+01 2.300878504743452206e-08
1.291000000000004455e+01 1.888631257326778070e-08
1.293000000000004412e+01 1.357380659946722542e-08
1.295000000000004370e+01 1.197665383660505239e-08
1.297000000000004327e+01 1.542157872255956492e-08
1.299000000000004285e+01 8.743368272494424056e-09
1.301000000000004242e+01 7.690738106170011400e-09
1.303000000000004199e+01 6.768969685302570867e-09
1.305000000000004157e+01 5.945357197085969435e-09
1.307000000000004114e+01 5.234187358125599552e-09
1.309000000000004071e+01 4.593297432430326306e-09
1.311000000000004029e+01 4.036386158388205709e-09
1.313000000000003986e+01 3.541432533408322173e-09
1.315000000000003944e+01 4.463352973313683563e-09
1.317000000000003901e+01 2.550222357507321082e-09
1.319000000000003858e+01 2.746503432868658802e-09
1.321000000000003816e+01 2.337489875649341249e-09
1.323000000000003773e+01 1.593852007950923171e-09
1.325000000000003730e+01 1.394179299857691043e-09
1.327000000000003688e+01 1.217978935061781580e-09
1.329000000000003645e+01 1.062858788689641453e-09
1.331000000000003602e+01 9.270915961511948297e-10
1.333000000000003560e+01 8.067750886342678633e-10
1.335000000000003517e+01 7.028827149575490430e-10
1.337000000000003475e+01 7.257745310381250936e-10
1.339000000000003432e+01 6.486960466482084532e-10
1.341000000000003389e+01 4.321317560945563508e-10
1.343000000000003347e+01 4.625326360016183798e-10
1.345000000000003304e+01 3.888128167410622151e-10
1.347000000000003261e+01 2.624200707975071223e-10
1.349000000000003219e+01 2.275054025737474589e-10
1.351000000000003176e+01 1.970129655542360834e-10
1.353000000000003133e+01 1.705634822082052995e-10
1.355000000000003091e+01 1.478798951276712514e-10
1.357000000000003048e+01 1.276510624954820390e-10
1.359000000000003006e+01 1.303770490796010532e-10
1.361000000000002963e+01 1.158763155999911698e-10
1.363000000000002920e+01 7.635526405985091314e-11
1.365000000000002878e+01 8.089131616134960633e-11
1.367000000000002835e+01 6.754955861925531628e-11
1.369000000000002792e+01 4.514491222657938487e-11
1.371000000000002750e+01 3.887055727197190823e-11
1.373000000000002707e+01 3.341447568858750496e-11
1.375000000000002665e+01 2.867109033731273341e-11
1.377000000000002622e+01 2.462237935606897566e-11
1.379000000000002579e+01 2.493364401811731514e-11
1.381000000000002537e+01 1.755953590288899188e-11
1.383000000000002494e+01 1.505667477657121486e-11
1.385000000000002451e+01 1.615695828132862484e-11
1.387000000000002409e+01 1.292474028876308610e-11
1.389000000000002366e+01 1.069454239377474287e-11
1.391000000000002323e+01 7.078007828602480625e-12
1.393000000000002281e+01 6.041808848550283403e-12
1.395000000000002238e+01 5.154163619422599813e-12
1.397000000000002196e+01 4.395164209941544535e-12
1.399000000000002153e+01 3.741628420213797651e-12
1.401000000000002110e+01 3.753823788303875787e-12
1.403000000000002068e+01 2.622207525358234815e-12
1.405000000000002025e+01 2.229144373895617384e-12
1.407000000000001982e+01 2.379115842180426290e-12
1.409000000000001940e+01 1.882223445719829453e-12
1.411000000000001897e+01 1.541035510686792127e-12
1.413000000000001855e+01 1.009934975816679461e-12
1.415000000000001812e+01 8.552209621108226444e-13
1.417000000000001769e+01 7.238220960035600127e-13
1.419000000000001727e+01 6.120206068011966256e-13
1.421000000000001684e+01 6.078550550917491023e-13
1.423000000000001641e+01 4.225654038943680465e-13
1.425000000000001599e+01 3.563672306440408676e-13
1.427000000000001556e+01 3.006979956064987659e-13
1.429000000000001513e+01 3.180165864128582315e-13
1.431000000000001471e+01 2.486808221198742657e-13
1.433000000000001428e+01 2.017966802827852284e-13
1.435000000000001386e+01 1.309780205104861708e-13
1.437000000000001343e+01 1.099614825477985595e-13
1.439000000000001300e+01 9.230724536401280655e-14
1.441000000000001258e+01 6.141976187956992921e-14
1.443000000000001215e+01 1.936375067047876029e-14
1.445000000000001172e+01 1.109183686925747803e-16
1.447000000000001130e+01 1.063895230055932075e-16
1.449000000000001087e+01 7.189299155342495593e-17
1.451000000000001044e+01 2.802570575835262735e-17
1.453000000000001002e+01 1.264448071933755186e-17
1.455000000000000959e+01 0.000000000000000000e+00
1.457000000000000917e+01 0.000000000000000000e+00
1.459000000000000874e+01 0.000000000000000000e+00
1.461000000000000831e+01 0.000000000000000000e+00
1.463000000000000789e+01 0.000000000000000000e+00
1.465000000000000746e+01 0.000000000000000000e+00
1.467000000000000703e+01 0.000000000000000000e+00
1.469000000000000661e+01 0.000000000000000000e+00
1.471000000000000618e+01 0.000000000000000000e+00
1.473000000000000576e+01 0.000000000000000000e+00
1.475000000000000533e+01 0.000000000000000000e+00
1.477000000000000490e+01 0.000000000000000000e+00
1.479000000000000448e+01 0.000000000000000000e+00
1.481000000000000405e+01 0.000000000000000000e+00
1.483000000000000362e+01 0.000000000000000000e+00
1.485000000000000320e+01 0.000000000000000000e+00
1.487000000000000277e+01 0.000000000000000000e+00
1.489000000000000234e+01 0.000000000000000000e+00
1.491000000000000192e+01 0.000000000000000000e+00
1.493000000000000149e+01 0.000000000000000000e+00
1.495000000000000107e+01 0.000000000000000000e+00
1.497000000000000064e+01 0.000000000000000000e+00
1.499000000000000021e+01 0.000000000000000000e+00
