# Redshift		Merger Rate Density [Gpc^-3yr^-1]
1.000000000031931770e-02 2.412867210169328658e+01
3.000000000031888964e-02 2.558890226748246732e+01
5.000000000031846331e-02 2.658350425052984889e+01
7.000000000031804392e-02 2.778511177067765203e+01
9.000000000031761760e-02 2.852956265437406103e+01
1.100000000003171913e-01 2.977324165966687630e+01
1.300000000003167511e-01 3.073432036024111369e+01
1.500000000003163247e-01 3.202111496773682831e+01
1.700000000003158984e-01 3.295740698842912053e+01
1.900000000003154721e-01 3.584029286304644302e+01
2.100000000003150458e-01 3.612199096683192323e+01
2.300000000003146194e-01 3.774364110056841071e+01
2.500000000003141931e-01 3.909075620463889322e+01
2.700000000003137668e-01 4.019592660686335250e+01
2.900000000003133405e-01 4.208176989810205271e+01
3.100000000003129141e-01 4.297776934106548197e+01
3.300000000003124878e-01 4.490533774576994830e+01
3.500000000003120615e-01 4.588467597257915997e+01
3.700000000003116352e-01 4.777911777170672281e+01
3.900000000003112088e-01 4.940242089621884958e+01
4.100000000003107825e-01 5.075155619759038217e+01
4.300000000003103562e-01 5.250780742315762950e+01
4.500000000003099299e-01 5.386112783729038256e+01
4.700000000003095035e-01 5.557070190368658302e+01
4.900000000003090772e-01 5.741958148122318306e+01
5.100000000003086509e-01 5.879193341612891999e+01
5.300000000003082246e-01 5.972852148650605386e+01
5.500000000003077982e-01 6.233787280287530308e+01
5.700000000003073719e-01 6.368636214325499623e+01
5.900000000003069456e-01 6.520562995220095104e+01
6.100000000003065193e-01 6.689488537817967995e+01
6.300000000003060929e-01 6.840666752065060052e+01
6.500000000003056666e-01 7.055946385469287918e+01
6.700000000003052403e-01 7.254593010607644032e+01
6.900000000003048140e-01 7.442629276141428818e+01
7.100000000003043876e-01 7.586705841466648792e+01
7.300000000003039613e-01 7.868045653079875024e+01
7.500000000003035350e-01 8.107332734855900469e+01
7.700000000003031086e-01 8.263250648234060236e+01
7.900000000003026823e-01 8.302922140808077245e+01
8.100000000003022560e-01 8.664018576361605994e+01
8.300000000003018297e-01 8.764845769294184663e+01
8.500000000003014033e-01 9.087001544069389070e+01
8.700000000003009770e-01 9.247944873014819223e+01
8.900000000003005507e-01 9.334724730855565156e+01
9.100000000003001244e-01 9.497716744101789743e+01
9.300000000002996980e-01 9.773360072773604657e+01
9.500000000002992717e-01 9.941142955977348095e+01
9.700000000002988454e-01 1.022554416087963745e+02
9.900000000002984191e-01 1.027018246505108721e+02
1.010000000000297993e+00 1.046753842659255298e+02
1.030000000000297566e+00 1.076740641610167160e+02
1.050000000000297140e+00 1.091449663694792633e+02
1.070000000000296714e+00 1.103840415268433475e+02
1.090000000000296287e+00 1.127232296457616485e+02
1.110000000000295861e+00 1.144072649064086420e+02
1.130000000000295435e+00 1.150912576379655405e+02
1.150000000000295008e+00 1.175886370380542161e+02
1.170000000000294582e+00 1.199689289210519405e+02
1.190000000000294156e+00 1.193074258975332924e+02
1.210000000000293729e+00 1.236783128479150520e+02
1.230000000000293303e+00 1.236916160353159313e+02
1.250000000000292877e+00 1.244721380091203002e+02
1.270000000000292451e+00 1.272454755417599159e+02
1.290000000000292024e+00 1.277066920699075183e+02
1.310000000000291598e+00 1.290055056377474330e+02
1.330000000000291172e+00 1.318148158879882317e+02
1.350000000000290745e+00 1.320254479843341358e+02
1.370000000000290319e+00 1.341894872607007017e+02
1.390000000000289893e+00 1.346886334081261509e+02
1.410000000000289466e+00 1.352532730903221818e+02
1.430000000000289040e+00 1.364207208145885772e+02
1.450000000000288614e+00 1.381174301299957676e+02
1.470000000000288187e+00 1.395389121767844642e+02
1.490000000000287761e+00 1.395327004080774032e+02
1.510000000000287335e+00 1.412758013211577577e+02
1.530000000000286908e+00 1.428094113990365486e+02
1.550000000000286482e+00 1.430969744750562427e+02
1.570000000000286056e+00 1.434769557061471517e+02
1.590000000000285629e+00 1.444715301954639131e+02
1.610000000000285203e+00 1.438847847561318076e+02
1.630000000000284777e+00 1.445186352023292784e+02
1.650000000000284350e+00 1.458733784981041595e+02
1.670000000000283924e+00 1.456278180524926995e+02
1.690000000000283498e+00 1.471719222898496469e+02
1.710000000000283071e+00 1.464524765907979145e+02
1.730000000000282645e+00 1.480827427448389244e+02
1.750000000000282219e+00 1.455695782827591245e+02
1.770000000000281792e+00 1.467596416543193243e+02
1.790000000000281366e+00 1.484732308815375177e+02
1.810000000000280940e+00 1.467568477133320073e+02
1.830000000000280513e+00 1.488159517294486420e+02
1.850000000000280087e+00 1.466720607951219506e+02
1.870000000000279661e+00 1.471661751557008984e+02
1.890000000000279234e+00 1.470995126689927588e+02
1.910000000000278808e+00 1.492093946105835300e+02
1.930000000000278382e+00 1.465691875844110541e+02
1.950000000000277955e+00 1.465862976774607489e+02
1.970000000000277529e+00 1.439403416651784937e+02
1.990000000000277103e+00 1.449751054400650503e+02
2.010000000000276899e+00 1.440215728505164066e+02
2.030000000000276472e+00 1.439936328693711687e+02
2.050000000000276046e+00 1.431493729359135330e+02
2.070000000000275620e+00 1.423800014024955374e+02
2.090000000000275193e+00 1.413998303308946163e+02
2.110000000000274767e+00 1.392148813573257087e+02
2.130000000000274341e+00 1.383583569669497422e+02
2.150000000000273914e+00 1.375002043773192213e+02
2.170000000000273488e+00 1.355751417966448003e+02
2.190000000000273062e+00 1.348725531620490017e+02
2.210000000000272635e+00 1.340907321580053519e+02
2.230000000000272209e+00 1.341625146986607717e+02
2.250000000000271783e+00 1.314946432821572273e+02
2.270000000000271356e+00 1.294979840948284391e+02
2.290000000000270930e+00 1.289421146497639654e+02
2.310000000000270504e+00 1.258850122580447248e+02
2.330000000000270077e+00 1.260328871820577064e+02
2.350000000000269651e+00 1.259658019556423625e+02
2.370000000000269225e+00 1.235513440274487351e+02
2.390000000000268798e+00 1.219443130178176489e+02
2.410000000000268372e+00 1.204953117874669744e+02
2.430000000000267946e+00 1.204554808015781902e+02
2.450000000000267519e+00 1.190952083290903545e+02
2.470000000000267093e+00 1.164113320942168315e+02
2.490000000000266667e+00 1.154637883131511842e+02
2.510000000000266240e+00 1.141515210180484132e+02
2.530000000000265814e+00 1.120340221209598042e+02
2.550000000000265388e+00 1.120645206355693944e+02
2.570000000000264961e+00 1.095708374169671657e+02
2.590000000000264535e+00 1.090284178247166551e+02
2.610000000000264109e+00 1.080720095151546616e+02
2.630000000000263682e+00 1.056922938753621253e+02
2.650000000000263256e+00 1.045209736346690192e+02
2.670000000000262830e+00 1.033744241252194058e+02
2.690000000000262403e+00 1.017836208008622663e+02
2.710000000000261977e+00 1.004494278290749918e+02
2.730000000000261551e+00 9.893068583129392835e+01
2.750000000000261124e+00 9.844316827846382978e+01
2.770000000000260698e+00 9.711059532603862010e+01
2.790000000000260272e+00 9.468155434244441437e+01
2.810000000000259845e+00 9.360073905097267755e+01
2.830000000000259419e+00 9.170636618584886435e+01
2.850000000000258993e+00 9.130896591311019961e+01
2.870000000000258567e+00 9.044712910673698048e+01
2.890000000000258140e+00 8.864884495281098964e+01
2.910000000000257714e+00 8.709817599009896583e+01
2.930000000000257288e+00 8.483348987139623887e+01
2.950000000000256861e+00 8.540276977459336649e+01
2.970000000000256435e+00 8.327368900437024024e+01
2.990000000000256009e+00 8.245064809178032306e+01
3.010000000000255582e+00 8.055208330070745149e+01
3.030000000000255156e+00 7.960209213311588883e+01
3.050000000000254730e+00 7.794417647554679718e+01
3.070000000000254303e+00 7.706369290817889350e+01
3.090000000000253877e+00 7.648319891746899657e+01
3.110000000000253451e+00 7.487087935490960433e+01
3.130000000000253024e+00 7.362405771973973856e+01
3.150000000000252598e+00 7.283994232374669764e+01
3.170000000000252172e+00 7.066890718106911606e+01
3.190000000000251745e+00 6.978900856710407652e+01
3.210000000000251319e+00 6.928512453510114710e+01
3.230000000000250893e+00 6.801410358596636740e+01
3.250000000000250466e+00 6.725441865699369259e+01
3.270000000000250040e+00 6.593959213671510611e+01
3.290000000000249614e+00 6.500100831997411888e+01
3.310000000000249187e+00 6.427445486320345935e+01
3.330000000000248761e+00 6.335673504350064178e+01
3.350000000000248335e+00 6.166184123570656084e+01
3.370000000000247908e+00 6.055201975218118093e+01
3.390000000000247482e+00 6.011746939482864605e+01
3.410000000000247056e+00 5.892236275938650891e+01
3.430000000000246629e+00 5.895209334073487639e+01
3.450000000000246203e+00 5.772577855381730672e+01
3.470000000000245777e+00 5.589509821788027466e+01
3.490000000000245350e+00 5.594905962385767140e+01
3.510000000000244924e+00 5.441861244759955696e+01
3.530000000000244498e+00 5.430559270699082930e+01
3.550000000000244071e+00 5.336659966329621341e+01
3.570000000000243645e+00 5.296998095737830425e+01
3.590000000000243219e+00 5.194818112474330007e+01
3.610000000000242792e+00 5.064757639408281165e+01
3.630000000000242366e+00 4.936120984271040157e+01
3.650000000000241940e+00 4.902828336996557113e+01
3.670000000000241513e+00 4.782081559557821748e+01
3.690000000000241087e+00 4.683300714701909584e+01
3.710000000000240661e+00 4.668307838323971026e+01
3.730000000000240234e+00 4.575251672940428449e+01
3.750000000000239808e+00 4.572723315831972002e+01
3.770000000000239382e+00 4.489891006047370325e+01
3.790000000000238956e+00 4.354356994612919607e+01
3.810000000000238529e+00 4.302350269583341458e+01
3.830000000000238103e+00 4.242307605757322619e+01
3.850000000000237677e+00 4.170023114944071807e+01
3.870000000000237250e+00 4.141977263507217799e+01
3.890000000000236824e+00 4.054866033740600528e+01
3.910000000000236398e+00 3.988989989431738792e+01
3.930000000000235971e+00 3.982562877308597393e+01
3.950000000000235545e+00 3.904008474742742862e+01
3.970000000000235119e+00 3.834800911073295282e+01
3.990000000000234692e+00 3.753588162887981383e+01
4.010000000000234266e+00 3.747087121694242029e+01
4.030000000000233840e+00 3.773857063527508160e+01
4.050000000000233413e+00 3.620121594230641904e+01
4.070000000000232987e+00 3.581285212398969264e+01
4.090000000000232561e+00 3.553049365683755667e+01
4.110000000000232134e+00 3.490993290363473989e+01
4.130000000000231708e+00 3.424385654427801740e+01
4.150000000000231282e+00 3.439481122912181377e+01
4.170000000000230855e+00 3.390783815851422389e+01
4.190000000000230429e+00 3.296835622435469304e+01
4.210000000000230003e+00 3.298886007403672949e+01
4.230000000000229576e+00 3.290697800321715505e+01
4.250000000000229150e+00 3.241712718325015885e+01
4.270000000000228724e+00 3.179375327415255370e+01
4.290000000000228297e+00 3.162699292927779382e+01
4.310000000000227871e+00 3.137268451135713576e+01
4.330000000000227445e+00 3.075907432255488061e+01
4.350000000000227018e+00 3.036340756648959172e+01
4.370000000000226592e+00 3.027620465302415198e+01
4.390000000000226166e+00 2.971508145860998340e+01
4.410000000000225739e+00 2.940377205243305170e+01
4.430000000000225313e+00 2.891182800831003519e+01
4.450000000000224887e+00 2.938468261339242105e+01
4.470000000000224460e+00 2.912683823757631885e+01
4.490000000000224034e+00 2.820341772123581947e+01
4.510000000000223608e+00 2.881295440398112717e+01
4.530000000000223181e+00 2.777736785037568623e+01
4.550000000000222755e+00 2.743695360051341225e+01
4.570000000000222329e+00 2.738825645719238011e+01
4.590000000000221902e+00 2.718930877667545687e+01
4.610000000000221476e+00 2.695279573075023549e+01
4.630000000000221050e+00 2.676374063393056701e+01
4.650000000000220624e+00 2.598565349843181238e+01
4.670000000000220197e+00 2.592709647207913903e+01
4.690000000000219771e+00 2.570320851353739044e+01
4.710000000000219345e+00 2.548439497032027745e+01
4.730000000000218918e+00 2.524750040047331368e+01
4.750000000000218492e+00 2.546681846042256936e+01
4.770000000000218066e+00 2.459042745598204149e+01
4.790000000000217639e+00 2.461802906305582539e+01
4.810000000000217213e+00 2.427558239398944906e+01
4.830000000000216787e+00 2.425609737212004546e+01
4.850000000000216360e+00 2.383171208271206964e+01
4.870000000000215934e+00 2.347991357194321793e+01
4.890000000000215508e+00 2.367086365716287233e+01
4.910000000000215081e+00 2.341090981162327367e+01
4.930000000000214655e+00 2.306332800883556544e+01
4.950000000000214229e+00 2.299616596428272075e+01
4.970000000000213802e+00 2.313019498523443218e+01
4.990000000000213376e+00 2.244070341466293783e+01
5.010000000000212950e+00 2.234349707624581782e+01
5.030000000000212523e+00 2.213213023161729254e+01
5.050000000000212097e+00 2.200317739644150450e+01
5.070000000000211671e+00 2.190113250029255454e+01
5.090000000000211244e+00 2.153015882262534220e+01
5.110000000000210818e+00 2.122342194641890245e+01
5.130000000000210392e+00 2.152817980312691404e+01
5.150000000000209965e+00 2.095689390414139552e+01
5.170000000000209539e+00 2.091139472139574806e+01
5.190000000000209113e+00 2.075818660780707603e+01
5.210000000000208686e+00 2.045381711315232209e+01
5.230000000000208260e+00 2.028507812259643472e+01
5.250000000000207834e+00 2.064182579599409451e+01
5.270000000000207407e+00 1.990031069622878945e+01
5.290000000000206981e+00 1.981040216508231566e+01
5.310000000000206555e+00 1.957455225871413518e+01
5.330000000000206128e+00 1.937572317543182621e+01
5.350000000000205702e+00 1.950972889058416015e+01
5.370000000000205276e+00 1.933970888028206403e+01
5.390000000000204849e+00 1.870143905721296207e+01
5.410000000000204423e+00 1.892522672839674058e+01
5.430000000000203997e+00 1.825828784800290094e+01
5.450000000000203570e+00 1.874794951070561311e+01
5.470000000000203144e+00 1.826722577701341876e+01
5.490000000000202718e+00 1.807834756723772784e+01
5.510000000000202292e+00 1.816622011300916029e+01
5.530000000000201865e+00 1.773176928944809205e+01
5.550000000000201439e+00 1.796605318604570911e+01
5.570000000000201013e+00 1.754721098202552909e+01
5.590000000000200586e+00 1.745177120534244608e+01
5.610000000000200160e+00 1.711390487010076811e+01
5.630000000000199734e+00 1.753579197030972381e+01
5.650000000000199307e+00 1.702440294040403401e+01
5.670000000000198881e+00 1.706011648868359032e+01
5.690000000000198455e+00 1.672423403417880294e+01
5.710000000000198028e+00 1.665409753548210503e+01
5.730000000000197602e+00 1.639031442268498395e+01
5.750000000000197176e+00 1.677139520100658032e+01
5.770000000000196749e+00 1.591082481519061531e+01
5.790000000000196323e+00 1.627822671597192539e+01
5.810000000000195897e+00 1.623402495856619510e+01
5.830000000000195470e+00 1.593657434042011900e+01
5.850000000000195044e+00 1.565377051030549538e+01
5.870000000000194618e+00 1.585058822883047824e+01
5.890000000000194191e+00 1.558868134313402187e+01
5.910000000000193765e+00 1.579858880163238410e+01
5.930000000000193339e+00 1.528964613115413407e+01
5.950000000000192912e+00 1.530249612377099488e+01
5.970000000000192486e+00 1.498727788767885549e+01
5.990000000000192060e+00 1.499753533243520565e+01
6.010000000000191633e+00 1.490193113309600470e+01
6.030000000000191207e+00 1.479009930884833679e+01
6.050000000000190781e+00 1.470301596955486545e+01
6.070000000000190354e+00 1.473409204545722595e+01
6.090000000000189928e+00 1.463449626054230279e+01
6.110000000000189502e+00 1.405625483904805861e+01
6.130000000000189075e+00 1.454674114017409181e+01
6.150000000000188649e+00 1.396713037157128845e+01
6.170000000000188223e+00 1.405080638085359723e+01
6.190000000000187796e+00 1.415384391778539985e+01
6.210000000000187370e+00 1.399456965343290982e+01
6.230000000000186944e+00 1.358071616499434064e+01
6.250000000000186517e+00 1.352877543887133172e+01
6.270000000000186091e+00 1.353298469798507853e+01
6.290000000000185665e+00 1.327723505411981542e+01
6.310000000000185238e+00 1.318895427902436701e+01
6.330000000000184812e+00 1.337802619224861722e+01
6.350000000000184386e+00 1.309343291599070547e+01
6.370000000000183960e+00 1.303050808310431385e+01
6.390000000000183533e+00 1.308578137884270731e+01
6.410000000000183107e+00 1.282151754184115866e+01
6.430000000000182681e+00 1.275656428158863065e+01
6.450000000000182254e+00 1.257370711246457518e+01
6.470000000000181828e+00 1.273862307407599026e+01
6.490000000000181402e+00 1.258038737505191662e+01
6.510000000000180975e+00 1.236148521965159297e+01
6.530000000000180549e+00 1.270962760782397005e+01
6.550000000000180123e+00 1.226804558068992179e+01
6.570000000000179696e+00 1.221007610479204786e+01
6.590000000000179270e+00 1.216409314931306263e+01
6.610000000000178844e+00 1.225745134518234103e+01
6.630000000000178417e+00 1.204211668322760431e+01
6.650000000000177991e+00 1.215752238513699801e+01
6.670000000000177565e+00 1.198103998038080142e+01
6.690000000000177138e+00 1.173993039893943724e+01
6.710000000000176712e+00 1.199985300663410648e+01
6.730000000000176286e+00 1.165176342624239325e+01
6.750000000000175859e+00 1.178498163572753832e+01
6.770000000000175433e+00 1.176818750946186931e+01
6.790000000000175007e+00 1.145824298400066610e+01
6.810000000000174580e+00 1.150353297479011161e+01
6.830000000000174154e+00 1.150083849291858407e+01
6.850000000000173728e+00 1.131583719580143033e+01
6.870000000000173301e+00 1.116656095884697031e+01
6.890000000000172875e+00 1.112078975944460879e+01
6.910000000000172449e+00 1.119706921301153280e+01
6.930000000000172022e+00 1.115764213045844855e+01
6.950000000000171596e+00 1.087320411160335532e+01
6.970000000000171170e+00 1.112020567132086057e+01
6.990000000000170743e+00 1.108267167160489386e+01
7.010000000000170317e+00 1.089043396521167928e+01
7.030000000000169891e+00 1.090458925779262955e+01
7.050000000000169464e+00 1.084767561873781538e+01
7.070000000000169038e+00 1.051431610950896456e+01
7.090000000000168612e+00 1.051862915707829949e+01
7.110000000000168185e+00 1.069672625803971222e+01
7.130000000000167759e+00 1.053616128040578381e+01
7.150000000000167333e+00 1.046841315829442642e+01
7.170000000000166906e+00 1.063546206049322684e+01
7.190000000000166480e+00 1.038384610166383659e+01
7.210000000000166054e+00 1.035409687345792840e+01
7.230000000000165628e+00 1.046091424916724044e+01
7.250000000000165201e+00 1.009824876786637837e+01
7.270000000000164775e+00 1.020073866420579911e+01
7.290000000000164349e+00 9.854724365486527304e+00
7.310000000000163922e+00 1.016707024815856641e+01
7.330000000000163496e+00 1.010676505625358246e+01
7.350000000000163070e+00 9.983666120628761576e+00
7.370000000000162643e+00 1.010713867916635245e+01
7.390000000000162217e+00 9.972276765203268667e+00
7.410000000000161791e+00 9.843969649189483917e+00
7.430000000000161364e+00 9.620331417163104248e+00
7.450000000000160938e+00 9.846408572333482212e+00
7.470000000000160512e+00 9.575249983108392371e+00
7.490000000000160085e+00 9.692848887303853189e+00
7.510000000000159659e+00 9.683074535076539036e+00
7.530000000000159233e+00 9.633015568663493511e+00
7.550000000000158806e+00 9.573027113604648974e+00
7.570000000000158380e+00 9.508021828077238169e+00
7.590000000000157954e+00 9.613962846257416928e+00
7.610000000000157527e+00 9.518093874248007680e+00
7.630000000000157101e+00 9.509324708491893929e+00
7.650000000000156675e+00 9.581585133836417967e+00
7.670000000000156248e+00 9.398649154506241388e+00
7.690000000000155822e+00 9.411731443371902373e+00
7.710000000000155396e+00 9.344775005972332238e+00
7.730000000000154969e+00 9.387958650970587016e+00
7.750000000000154543e+00 9.340343717166788906e+00
7.770000000000154117e+00 9.238079162739158079e+00
7.790000000000153690e+00 9.399096348130058232e+00
7.810000000000153264e+00 9.412891823651937884e+00
7.830000000000152838e+00 9.292403228221589373e+00
7.850000000000152411e+00 9.116224086373598823e+00
7.870000000000151985e+00 9.062347097964897458e+00
7.890000000000151559e+00 9.342120441474676795e+00
7.910000000000151132e+00 9.124389544499045712e+00
7.930000000000150706e+00 9.063032556312286658e+00
7.950000000000150280e+00 9.143113412859934286e+00
7.970000000000149853e+00 9.192516298110261275e+00
7.990000000000149427e+00 9.086955522909699212e+00
8.010000000000149001e+00 9.106964660863985372e+00
8.030000000000148574e+00 8.982386462584122100e+00
8.050000000000148148e+00 9.065127093821258697e+00
8.070000000000147722e+00 9.121953471510209965e+00
8.090000000000147296e+00 9.050949342146084931e+00
8.110000000000146869e+00 9.049761559508189279e+00
8.130000000000146443e+00 8.956575453711591805e+00
8.150000000000146017e+00 9.090494081446946595e+00
8.170000000000145590e+00 9.081777576501709248e+00
8.190000000000145164e+00 9.009116515358556398e+00
8.210000000000144738e+00 9.003554063259837648e+00
8.230000000000144311e+00 9.065806582704498240e+00
8.250000000000143885e+00 8.921308750800411858e+00
8.270000000000143459e+00 8.911581847228108089e+00
8.290000000000143032e+00 8.950386475890933724e+00
8.310000000000142606e+00 9.009870500515500424e+00
8.330000000000142180e+00 8.865533247746423484e+00
8.350000000000141753e+00 8.886808470039246899e+00
8.370000000000141327e+00 8.927689622797483793e+00
8.390000000000140901e+00 8.843064267950934365e+00
8.410000000000140474e+00 8.882723837424368440e+00
8.430000000000140048e+00 8.817973936252030853e+00
8.450000000000139622e+00 8.810960019201482751e+00
8.470000000000139195e+00 8.802313875247033792e+00
8.490000000000138769e+00 8.810575473528853507e+00
8.510000000000138343e+00 8.875131105079738347e+00
8.530000000000137916e+00 8.726964527458733301e+00
8.550000000000137490e+00 8.794752768490843309e+00
8.570000000000137064e+00 8.826660076411803502e+00
8.590000000000136637e+00 8.807348415209077075e+00
8.610000000000136211e+00 8.612667024889914202e+00
8.630000000000135785e+00 8.669476940435236756e+00
8.650000000000135358e+00 8.661670916401369880e+00
8.670000000000134932e+00 8.616287608242689799e+00
8.690000000000134506e+00 8.769010689777131162e+00
8.710000000000134079e+00 8.652859792172458597e+00
8.730000000000133653e+00 8.555693184866036916e+00
8.750000000000133227e+00 8.581817681759623895e+00
8.770000000000132800e+00 8.458780137381568309e+00
8.790000000000132374e+00 8.582147316161625739e+00
8.810000000000131948e+00 8.506942446896250232e+00
8.830000000000131521e+00 8.406813380714849515e+00
8.850000000000131095e+00 8.575640838532285315e+00
8.870000000000130669e+00 8.520538989302920641e+00
8.890000000000130242e+00 8.439713250222579788e+00
8.910000000000129816e+00 8.515198294232872556e+00
8.930000000000129390e+00 8.300437120316518147e+00
8.950000000000128964e+00 8.324630040746484383e+00
8.970000000000128537e+00 8.324856448012402765e+00
8.990000000000128111e+00 8.379277995884562458e+00
9.010000000000127685e+00 8.300184938539718615e+00
9.030000000000127258e+00 8.278969933021583572e+00
9.050000000000126832e+00 8.264104250392424689e+00
9.070000000000126406e+00 8.198835380030560671e+00
9.090000000000125979e+00 8.179143275676972635e+00
9.110000000000125553e+00 8.262479709482001056e+00
9.130000000000125127e+00 8.206566455636227886e+00
9.150000000000124700e+00 8.116004952830559560e+00
9.170000000000124274e+00 8.079634630778848248e+00
9.190000000000123848e+00 8.089289856770658815e+00
9.210000000000123421e+00 8.133784963894656883e+00
9.230000000000122995e+00 8.085006924408375539e+00
9.250000000000122569e+00 8.032207433404950692e+00
9.270000000000122142e+00 8.066161020274902782e+00
9.290000000000121716e+00 7.876996649935424699e+00
9.310000000000121290e+00 7.905684818683015536e+00
9.330000000000120863e+00 7.893993921917156875e+00
9.350000000000120437e+00 7.781489987953089660e+00
9.370000000000120011e+00 7.804749501348250185e+00
9.390000000000119584e+00 7.775751281370966161e+00
9.410000000000119158e+00 7.789468462787922043e+00
9.430000000000118732e+00 7.636960237155796527e+00
9.450000000000118305e+00 7.680856954300439909e+00
9.470000000000117879e+00 7.638074885722510921e+00
9.490000000000117453e+00 7.502583473752429732e+00
9.510000000000117026e+00 7.557187213779953616e+00
9.530000000000116600e+00 7.526685940633602634e+00
9.550000000000116174e+00 7.514858995818173071e+00
9.570000000000115747e+00 7.297446677515271318e+00
9.590000000000115321e+00 7.311822281750476549e+00
9.610000000000114895e+00 7.255885355974967865e+00
9.630000000000114468e+00 7.235194461815055433e+00
9.650000000000114042e+00 7.138101364007444438e+00
9.670000000000113616e+00 7.084804328755284430e+00
9.690000000000113189e+00 6.995631340417687305e+00
9.710000000000112763e+00 6.967239924492651504e+00
9.730000000000112337e+00 6.913490455590680206e+00
9.750000000000111910e+00 6.839982569175266924e+00
9.770000000000111484e+00 6.721695799701740803e+00
9.790000000000111058e+00 6.625151307908666354e+00
9.810000000000110632e+00 6.658733466583668381e+00
9.830000000000110205e+00 6.628426710885927164e+00
9.850000000000109779e+00 6.432429412599678820e+00
9.870000000000109353e+00 6.357809288896480560e+00
9.890000000000108926e+00 6.280911290994263041e+00
9.910000000000108500e+00 6.202859513357250165e+00
9.930000000000108074e+00 6.099728129028674672e+00
9.950000000000107647e+00 6.036821404331305096e+00
9.970000000000107221e+00 5.906754818364253978e+00
9.990000000000106795e+00 5.921254238480653243e+00
1.001000000000010637e+01 5.766018055084238370e+00
1.003000000000010594e+01 5.704989268265215685e+00
1.005000000000010552e+01 5.638613855440243405e+00
1.007000000000010509e+01 5.584085779967191243e+00
1.009000000000010466e+01 5.381277319750537025e+00
1.011000000000010424e+01 5.422789527245615915e+00
1.013000000000010381e+01 5.309028459997588101e+00
1.015000000000010338e+01 5.211851478880989319e+00
1.017000000000010296e+01 5.081196280977197333e+00
1.019000000000010253e+01 4.970390654710637790e+00
1.021000000000010210e+01 4.921849329059551081e+00
1.023000000000010168e+01 4.856304925199373734e+00
1.025000000000010125e+01 4.853514507093951380e+00
1.027000000000010083e+01 4.676746397622816964e+00
1.029000000000010040e+01 4.635435690545262943e+00
1.031000000000009997e+01 4.498091840312426370e+00
1.033000000000009955e+01 4.437075495343647091e+00
1.035000000000009912e+01 4.438965278370010203e+00
1.037000000000009869e+01 4.278090552769286958e+00
1.039000000000009827e+01 4.206890609723602736e+00
1.041000000000009784e+01 4.194722660717177476e+00
1.043000000000009742e+01 4.120888475275449991e+00
1.045000000000009699e+01 4.003346902229353965e+00
1.047000000000009656e+01 3.943866515512222115e+00
1.049000000000009614e+01 3.895683529901864173e+00
1.051000000000009571e+01 3.866912005697612731e+00
1.053000000000009528e+01 3.785779287562437645e+00
1.055000000000009486e+01 3.709306380605629450e+00
1.057000000000009443e+01 3.612471585411729524e+00
1.059000000000009400e+01 3.660154108527560179e+00
1.061000000000009358e+01 3.490087559944652806e+00
1.063000000000009315e+01 3.459722866512080941e+00
1.065000000000009273e+01 3.484794360872739194e+00
1.067000000000009230e+01 3.323672007860586142e+00
1.069000000000009187e+01 3.350111679579727664e+00
1.071000000000009145e+01 3.274842073038629842e+00
1.073000000000009102e+01 3.235258618998639424e+00
1.075000000000009059e+01 3.217194944164735393e+00
1.077000000000009017e+01 3.197788258330218625e+00
1.079000000000008974e+01 3.111141582835158292e+00
1.081000000000008932e+01 3.024008674356129855e+00
1.083000000000008889e+01 3.028569296773286013e+00
1.085000000000008846e+01 3.046118000025721972e+00
1.087000000000008804e+01 2.918101529570921837e+00
1.089000000000008761e+01 2.896194701310755626e+00
1.091000000000008718e+01 2.867232717776111439e+00
1.093000000000008676e+01 2.897267067999772294e+00
1.095000000000008633e+01 2.847416284709463508e+00
1.097000000000008590e+01 2.745337043117193510e+00
1.099000000000008548e+01 2.722163166952446645e+00
1.101000000000008505e+01 2.752944060174711716e+00
1.103000000000008463e+01 2.664777250240263129e+00
1.105000000000008420e+01 2.709616404889685803e+00
1.107000000000008377e+01 2.610555256946694769e+00
1.109000000000008335e+01 2.606752539398184076e+00
1.111000000000008292e+01 2.530756567132135260e+00
1.113000000000008249e+01 2.556047432415115228e+00
1.115000000000008207e+01 2.496558871646755051e+00
1.117000000000008164e+01 2.538694893834901656e+00
1.119000000000008122e+01 2.472262657285630549e+00
1.121000000000008079e+01 2.476525439731428246e+00
1.123000000000008036e+01 2.399947505722059837e+00
1.125000000000007994e+01 2.439444437605066796e+00
1.127000000000007951e+01 2.363442135738649696e+00
1.129000000000007908e+01 2.375851903824420575e+00
1.131000000000007866e+01 2.335560849976872078e+00
1.133000000000007823e+01 2.320211354163701500e+00
1.135000000000007780e+01 2.277588727513268019e+00
1.137000000000007738e+01 2.259765175361671208e+00
1.139000000000007695e+01 2.256597349176163281e+00
1.141000000000007653e+01 2.254739137798082993e+00
1.143000000000007610e+01 2.223701595226340366e+00
1.145000000000007567e+01 2.226414373204385289e+00
1.147000000000007525e+01 2.223796473727778000e+00
1.149000000000007482e+01 2.232634436159057767e+00
1.151000000000007439e+01 2.171606091752474210e+00
1.153000000000007397e+01 2.139286701940556590e+00
1.155000000000007354e+01 2.172379380078418798e+00
1.157000000000007311e+01 2.150533928468720823e+00
1.159000000000007269e+01 2.144939108260427663e+00
1.161000000000007226e+01 2.115077708436767345e+00
1.163000000000007184e+01 2.091897908510978343e+00
1.165000000000007141e+01 2.122671690488629803e+00
1.167000000000007098e+01 2.105797061381471824e+00
1.169000000000007056e+01 2.121505754126312482e+00
1.171000000000007013e+01 2.055141105635728049e+00
1.173000000000006970e+01 2.103717252098776136e+00
1.175000000000006928e+01 2.160970510284967006e+00
1.177000000000006885e+01 2.129200175440421727e+00
1.179000000000006843e+01 2.102456396988037657e+00
1.181000000000006800e+01 2.072601174428839066e+00
1.183000000000006757e+01 2.053341656837685214e+00
1.185000000000006715e+01 2.106979993630976544e+00
1.187000000000006672e+01 2.097783938967015427e+00
1.189000000000006629e+01 2.126041548525389846e+00
1.191000000000006587e+01 2.100046267223519614e+00
1.193000000000006544e+01 2.124839279550848836e+00
1.195000000000006501e+01 2.135746329698994472e+00
1.197000000000006459e+01 2.094164762098751353e+00
1.199000000000006416e+01 2.178791520013811489e+00
1.201000000000006374e+01 2.145911973053986177e+00
1.203000000000006331e+01 2.152352274324881076e+00
1.205000000000006288e+01 2.128141385433773625e+00
1.207000000000006246e+01 2.164677686085007657e+00
1.209000000000006203e+01 2.130901027881401344e+00
1.211000000000006160e+01 2.188161773387680586e+00
1.213000000000006118e+01 2.198408970112869287e+00
1.215000000000006075e+01 2.193199464234207419e+00
1.217000000000006033e+01 2.165242068049863189e+00
1.219000000000005990e+01 2.222565460872659493e+00
1.221000000000005947e+01 2.206555505791943705e+00
1.223000000000005905e+01 2.230905770054032011e+00
1.225000000000005862e+01 2.200104107175020030e+00
1.227000000000005819e+01 2.199674734762472106e+00
1.229000000000005777e+01 2.214215190216419771e+00
1.231000000000005734e+01 2.193495692779740214e+00
1.233000000000005691e+01 2.222342911366311125e+00
1.235000000000005649e+01 2.263097713438646519e+00
1.237000000000005606e+01 2.262797729227570720e+00
1.239000000000005564e+01 2.233307497394338981e+00
1.241000000000005521e+01 2.246240177583202602e+00
1.243000000000005478e+01 2.190618672542161693e+00
1.245000000000005436e+01 2.255227473103292191e+00
1.247000000000005393e+01 2.207291072205099791e+00
1.249000000000005350e+01 2.232071004761400523e+00
1.251000000000005308e+01 2.202862642554278771e+00
1.253000000000005265e+01 2.245700489773791997e+00
1.255000000000005222e+01 2.274122392888881183e+00
1.257000000000005180e+01 2.208791499948285164e+00
1.259000000000005137e+01 2.197798138588789474e+00
1.261000000000005095e+01 2.167300372971479483e+00
1.263000000000005052e+01 2.203961616648328903e+00
1.265000000000005009e+01 2.176234620111158868e+00
1.267000000000004967e+01 2.231476474187572556e+00
1.269000000000004924e+01 2.205912480439630396e+00
1.271000000000004881e+01 2.164576250509194555e+00
1.273000000000004839e+01 2.213578845149574814e+00
1.275000000000004796e+01 2.121808569713767856e+00
1.277000000000004754e+01 2.094804655672314109e+00
1.279000000000004711e+01 2.099614302166828317e+00
1.281000000000004668e+01 2.171790570342411186e+00
1.283000000000004626e+01 2.124011430673541145e+00
1.285000000000004583e+01 2.089888833666122103e+00
1.287000000000004540e+01 2.125013409697000810e+00
1.289000000000004498e+01 2.137784478803530508e+00
1.291000000000004455e+01 2.101682020295369213e+00
1.293000000000004412e+01 2.070560550967178948e+00
1.295000000000004370e+01 2.049553265737879659e+00
1.297000000000004327e+01 2.029262880287426629e+00
1.299000000000004285e+01 2.047687643612814856e+00
1.301000000000004242e+01 2.030163723925901387e+00
1.303000000000004199e+01 2.019711513427160376e+00
1.305000000000004157e+01 2.007360418655720125e+00
1.307000000000004114e+01 2.006828574547724120e+00
1.309000000000004071e+01 2.004227906056933683e+00
1.311000000000004029e+01 1.981383770541802924e+00
1.313000000000003986e+01 1.967734028881102271e+00
1.315000000000003944e+01 1.928050821922576263e+00
1.317000000000003901e+01 1.966551605823136040e+00
1.319000000000003858e+01 1.945597286413640381e+00
1.321000000000003816e+01 1.929377064568724487e+00
1.323000000000003773e+01 1.940980955653025086e+00
1.325000000000003730e+01 1.898307496698909302e+00
1.327000000000003688e+01 1.896402436179284390e+00
1.329000000000003645e+01 1.884954010209312747e+00
1.331000000000003602e+01 1.873646761410179273e+00
1.333000000000003560e+01 1.834318859886975961e+00
1.335000000000003517e+01 1.856535493694595695e+00
1.337000000000003475e+01 1.839550662561550753e+00
1.339000000000003432e+01 1.846617066604814283e+00
1.341000000000003389e+01 1.842621853124502440e+00
1.343000000000003347e+01 1.842147490122509224e+00
1.345000000000003304e+01 1.773432825728511242e+00
1.347000000000003261e+01 1.758031289035531630e+00
1.349000000000003219e+01 1.806054911366187454e+00
1.351000000000003176e+01 1.721075491377539901e+00
1.353000000000003133e+01 1.760789125984868919e+00
1.355000000000003091e+01 1.724039723488496545e+00
1.357000000000003048e+01 1.778746181011757299e+00
1.359000000000003006e+01 1.703385190080416667e+00
1.361000000000002963e+01 1.729197400514322025e+00
1.363000000000002920e+01 1.640257046813984765e+00
1.365000000000002878e+01 1.600256234511510556e+00
1.367000000000002835e+01 1.619561371334820699e+00
1.369000000000002792e+01 1.579557762271839749e+00
1.371000000000002750e+01 1.575630619513693320e+00
1.373000000000002707e+01 1.551028340757821811e+00
1.375000000000002665e+01 1.484791988035571109e+00
1.377000000000002622e+01 1.419603645677397719e+00
1.379000000000002579e+01 1.407526485485352419e+00
1.381000000000002537e+01 1.365303277256235015e+00
1.383000000000002494e+01 1.330522960336955052e+00
1.385000000000002451e+01 1.296633026799820287e+00
1.387000000000002409e+01 1.239576274650457721e+00
1.389000000000002366e+01 1.238479779588038232e+00
1.391000000000002323e+01 1.225807233321485556e+00
1.393000000000002281e+01 1.188482775705133054e+00
1.395000000000002238e+01 1.137587627496115861e+00
1.397000000000002196e+01 1.118503938426196331e+00
1.399000000000002153e+01 1.084814065403982619e+00
1.401000000000002110e+01 1.028398144800247049e+00
1.403000000000002068e+01 9.505301595216467669e-01
1.405000000000002025e+01 9.163937789983824800e-01
1.407000000000001982e+01 8.309281074029515324e-01
1.409000000000001940e+01 7.835051205389899076e-01
1.411000000000001897e+01 7.354462361198489395e-01
1.413000000000001855e+01 6.568477392033058582e-01
1.415000000000001812e+01 5.791652837754200922e-01
1.417000000000001769e+01 5.448662482205183233e-01
1.419000000000001727e+01 4.688829736481102683e-01
1.421000000000001684e+01 4.731281418375986592e-01
1.423000000000001641e+01 4.139918034704002103e-01
1.425000000000001599e+01 3.887833471568216681e-01
1.427000000000001556e+01 3.199474813017230690e-01
1.429000000000001513e+01 2.551962405079917784e-01
1.431000000000001471e+01 2.174949325284035173e-01
1.433000000000001428e+01 2.066514490396202663e-01
1.435000000000001386e+01 1.769276637225735416e-01
1.437000000000001343e+01 1.389439811210191333e-01
1.439000000000001300e+01 1.252630756430860581e-01
1.441000000000001258e+01 1.060264840334577269e-01
1.443000000000001215e+01 9.498761648260281576e-02
1.445000000000001172e+01 8.128686679003908899e-02
1.447000000000001130e+01 4.099537078622646907e-02
1.449000000000001087e+01 2.464633996423944845e-02
1.451000000000001044e+01 1.378737059752476943e-02
1.453000000000001002e+01 1.103535497215633703e-02
1.455000000000000959e+01 1.374892165974447161e-02
1.457000000000000917e+01 8.208524627679725932e-03
1.459000000000000874e+01 2.737979059580872981e-03
1.461000000000000831e+01 3.548868020072636837e-10
1.463000000000000789e+01 0.000000000000000000e+00
1.465000000000000746e+01 0.000000000000000000e+00
1.467000000000000703e+01 0.000000000000000000e+00
1.469000000000000661e+01 0.000000000000000000e+00
1.471000000000000618e+01 0.000000000000000000e+00
1.473000000000000576e+01 0.000000000000000000e+00
1.475000000000000533e+01 0.000000000000000000e+00
1.477000000000000490e+01 0.000000000000000000e+00
1.479000000000000448e+01 0.000000000000000000e+00
1.481000000000000405e+01 0.000000000000000000e+00
1.483000000000000362e+01 0.000000000000000000e+00
1.485000000000000320e+01 0.000000000000000000e+00
1.487000000000000277e+01 0.000000000000000000e+00
1.489000000000000234e+01 0.000000000000000000e+00
1.491000000000000192e+01 0.000000000000000000e+00
1.493000000000000149e+01 0.000000000000000000e+00
1.495000000000000107e+01 0.000000000000000000e+00
1.497000000000000064e+01 0.000000000000000000e+00
1.499000000000000021e+01 0.000000000000000000e+00
