# Redshift		Merger Rate Density [Gpc^-3yr^-1]
1.000000000031931770e-02 1.720331917027905604e+02
3.000000000031888964e-02 1.797163351462615424e+02
5.000000000031846331e-02 1.876807719762163629e+02
7.000000000031804392e-02 1.958649002420543752e+02
9.000000000031761760e-02 2.044817334552143393e+02
1.100000000003171913e-01 2.126788776385294284e+02
1.300000000003167511e-01 2.216807858658123678e+02
1.500000000003163247e-01 2.307817708157040215e+02
1.700000000003158984e-01 2.392885175116460630e+02
1.900000000003154721e-01 2.490348150528766098e+02
2.100000000003150458e-01 2.585721296071268966e+02
2.300000000003146194e-01 2.690327132741155083e+02
2.500000000003141931e-01 2.781323092637407512e+02
2.700000000003137668e-01 2.889394255640474967e+02
2.900000000003133405e-01 2.985296816109434985e+02
3.100000000003129141e-01 3.086474140432521835e+02
3.300000000003124878e-01 3.199013184411804218e+02
3.500000000003120615e-01 3.302873380432384920e+02
3.700000000003116352e-01 3.411976378384172790e+02
3.900000000003112088e-01 3.527871714309917479e+02
4.100000000003107825e-01 3.626880207425732578e+02
4.300000000003103562e-01 3.743349916914943947e+02
4.500000000003099299e-01 3.858035538822197736e+02
4.700000000003095035e-01 3.973512250280906528e+02
4.900000000003090772e-01 4.085049793298860550e+02
5.100000000003086509e-01 4.204876233358124296e+02
5.300000000003082246e-01 4.311222176632246601e+02
5.500000000003077982e-01 4.434743196219924926e+02
5.700000000003073719e-01 4.555011180759842091e+02
5.900000000003069456e-01 4.669761485318281871e+02
6.100000000003065193e-01 4.787102527548633475e+02
6.300000000003060929e-01 4.907807570093947334e+02
6.500000000003056666e-01 5.024349977192740653e+02
6.700000000003052403e-01 5.137203836951708809e+02
6.900000000003048140e-01 5.258318423773558834e+02
7.100000000003043876e-01 5.379698696800040807e+02
7.300000000003039613e-01 5.502298293429773821e+02
7.500000000003035350e-01 5.601517131885912022e+02
7.700000000003031086e-01 5.734410621827627210e+02
7.900000000003026823e-01 5.838731510626067802e+02
8.100000000003022560e-01 5.954899409212429191e+02
8.300000000003018297e-01 6.066057474630584920e+02
8.500000000003014033e-01 6.189248858086001519e+02
8.700000000003009770e-01 6.288530215744749512e+02
8.900000000003005507e-01 6.398992020106099972e+02
9.100000000003001244e-01 6.498616474110361878e+02
9.300000000002996980e-01 6.603663497547800034e+02
9.500000000002992717e-01 6.719044978165203474e+02
9.700000000002988454e-01 6.814009759436474951e+02
9.900000000002984191e-01 6.901004693326619872e+02
1.010000000000297993e+00 7.004026396450773291e+02
1.030000000000297566e+00 7.093575170954785563e+02
1.050000000000297140e+00 7.190957505569244859e+02
1.070000000000296714e+00 7.274769199967421400e+02
1.090000000000296287e+00 7.370316407223731403e+02
1.110000000000295861e+00 7.447718373910163336e+02
1.130000000000295435e+00 7.525002499525243138e+02
1.150000000000295008e+00 7.609627625286667580e+02
1.170000000000294582e+00 7.684308444075368243e+02
1.190000000000294156e+00 7.756575333284035878e+02
1.210000000000293729e+00 7.817101183297390889e+02
1.230000000000293303e+00 7.886385616717323046e+02
1.250000000000292877e+00 7.939819800572920485e+02
1.270000000000292451e+00 8.001631567034461341e+02
1.290000000000292024e+00 8.067712610597396861e+02
1.310000000000291598e+00 8.115914507254420869e+02
1.330000000000291172e+00 8.164012613107538527e+02
1.350000000000290745e+00 8.210630939231142520e+02
1.370000000000290319e+00 8.234900374448499178e+02
1.390000000000289893e+00 8.300094888183056128e+02
1.410000000000289466e+00 8.315959596669480334e+02
1.430000000000289040e+00 8.353357245996849088e+02
1.450000000000288614e+00 8.388302888760949827e+02
1.470000000000288187e+00 8.400114396780458037e+02
1.490000000000287761e+00 8.432869842868359456e+02
1.510000000000287335e+00 8.432639431857467116e+02
1.530000000000286908e+00 8.444772256896746967e+02
1.550000000000286482e+00 8.465826675153774659e+02
1.570000000000286056e+00 8.466710591324836059e+02
1.590000000000285629e+00 8.473390706967121560e+02
1.610000000000285203e+00 8.472892453178833421e+02
1.630000000000284777e+00 8.474229455597704828e+02
1.650000000000284350e+00 8.461480884317314803e+02
1.670000000000283924e+00 8.463450253820637954e+02
1.690000000000283498e+00 8.420074855323726979e+02
1.710000000000283071e+00 8.397017368271947362e+02
1.730000000000282645e+00 8.409525797943535963e+02
1.750000000000282219e+00 8.361007555544073284e+02
1.770000000000281792e+00 8.345610458377201439e+02
1.790000000000281366e+00 8.292880430700183751e+02
1.810000000000280940e+00 8.285329322843853106e+02
1.830000000000280513e+00 8.232496046270503030e+02
1.850000000000280087e+00 8.182923794487678606e+02
1.870000000000279661e+00 8.148100581020950131e+02
1.890000000000279234e+00 8.101569990094633340e+02
1.910000000000278808e+00 8.049477243332114540e+02
1.930000000000278382e+00 7.984039621952490506e+02
1.950000000000277955e+00 7.935339609860553765e+02
1.970000000000277529e+00 7.901912919938940831e+02
1.990000000000277103e+00 7.815708624671295865e+02
2.010000000000276899e+00 7.754950808214140352e+02
2.030000000000276472e+00 7.695893719549261505e+02
2.050000000000276046e+00 7.646672917338540856e+02
2.070000000000275620e+00 7.564077121229975091e+02
2.090000000000275193e+00 7.502331559651227053e+02
2.110000000000274767e+00 7.438968842992500186e+02
2.130000000000274341e+00 7.348313771554595633e+02
2.150000000000273914e+00 7.288300829968421795e+02
2.170000000000273488e+00 7.217862245783870776e+02
2.190000000000273062e+00 7.136203562381275560e+02
2.210000000000272635e+00 7.057340901239218738e+02
2.230000000000272209e+00 6.984775764778111125e+02
2.250000000000271783e+00 6.915329154066564570e+02
2.270000000000271356e+00 6.827280867554285351e+02
2.290000000000270930e+00 6.737034303191022673e+02
2.310000000000270504e+00 6.667230634120599007e+02
2.330000000000270077e+00 6.594452818889141099e+02
2.350000000000269651e+00 6.507824274628042076e+02
2.370000000000269225e+00 6.422304829934494137e+02
2.390000000000268798e+00 6.347303697688518014e+02
2.410000000000268372e+00 6.268863142035769442e+02
2.430000000000267946e+00 6.188026869486498072e+02
2.450000000000267519e+00 6.102753348746530264e+02
2.470000000000267093e+00 6.032456195924272606e+02
2.490000000000266667e+00 5.944400340866625356e+02
2.510000000000266240e+00 5.862530131996697946e+02
2.530000000000265814e+00 5.784686927415598348e+02
2.550000000000265388e+00 5.703365601821112705e+02
2.570000000000264961e+00 5.623395861404237621e+02
2.590000000000264535e+00 5.542798502438092783e+02
2.610000000000264109e+00 5.463786556929708240e+02
2.630000000000263682e+00 5.390069520752775816e+02
2.650000000000263256e+00 5.314571346754486285e+02
2.670000000000262830e+00 5.228900556200715073e+02
2.690000000000262403e+00 5.160159488660632405e+02
2.710000000000261977e+00 5.094100119831890652e+02
2.730000000000261551e+00 5.003264348587889003e+02
2.750000000000261124e+00 4.927670889049355196e+02
2.770000000000260698e+00 4.859464999499292048e+02
2.790000000000260272e+00 4.791487139928984789e+02
2.810000000000259845e+00 4.708613261295954544e+02
2.830000000000259419e+00 4.638345471929770270e+02
2.850000000000258993e+00 4.568430287978133606e+02
2.870000000000258567e+00 4.497871075031271744e+02
2.890000000000258140e+00 4.433278976878847288e+02
2.910000000000257714e+00 4.367615218649491453e+02
2.930000000000257288e+00 4.294603425381656052e+02
2.950000000000256861e+00 4.231630629372467070e+02
2.970000000000256435e+00 4.164230468291739271e+02
2.990000000000256009e+00 4.106659130813681031e+02
3.010000000000255582e+00 4.038948238174825747e+02
3.030000000000255156e+00 3.973760494629127606e+02
3.050000000000254730e+00 3.916677082412456912e+02
3.070000000000254303e+00 3.846574699233966044e+02
3.090000000000253877e+00 3.789983007794451737e+02
3.110000000000253451e+00 3.732854927465791093e+02
3.130000000000253024e+00 3.673697448340711844e+02
3.150000000000252598e+00 3.615081965538857958e+02
3.170000000000252172e+00 3.558806893787046874e+02
3.190000000000251745e+00 3.499085767474895761e+02
3.210000000000251319e+00 3.444896174270441520e+02
3.230000000000250893e+00 3.395825167744641817e+02
3.250000000000250466e+00 3.335959008829031518e+02
3.270000000000250040e+00 3.284057247743596690e+02
3.290000000000249614e+00 3.234305776538135433e+02
3.310000000000249187e+00 3.184515397318369878e+02
3.330000000000248761e+00 3.136275807809005300e+02
3.350000000000248335e+00 3.082901987460941200e+02
3.370000000000247908e+00 3.031728224100198190e+02
3.390000000000247482e+00 2.989504853303766936e+02
3.410000000000247056e+00 2.941934502214367058e+02
3.430000000000246629e+00 2.894832531505484212e+02
3.450000000000246203e+00 2.843183992361345531e+02
3.470000000000245777e+00 2.809669210182355528e+02
3.490000000000245350e+00 2.759517819289139311e+02
3.510000000000244924e+00 2.714724783594494397e+02
3.530000000000244498e+00 2.674875418955887199e+02
3.550000000000244071e+00 2.635012691533352722e+02
3.570000000000243645e+00 2.598212952415641439e+02
3.590000000000243219e+00 2.553538928655495113e+02
3.610000000000242792e+00 2.515545290909811058e+02
3.630000000000242366e+00 2.475064548863257698e+02
3.650000000000241940e+00 2.437331149226844218e+02
3.670000000000241513e+00 2.399440487380280445e+02
3.690000000000241087e+00 2.364304191738349346e+02
3.710000000000240661e+00 2.330389843227350468e+02
3.730000000000240234e+00 2.290867130853853553e+02
3.750000000000239808e+00 2.261035719976910059e+02
3.770000000000239382e+00 2.226494608433494875e+02
3.790000000000238956e+00 2.196874214404631971e+02
3.810000000000238529e+00 2.161877312400741857e+02
3.830000000000238103e+00 2.128497764972762525e+02
3.850000000000237677e+00 2.096822418290961423e+02
3.870000000000237250e+00 2.064407575958764198e+02
3.890000000000236824e+00 2.043874149016393744e+02
3.910000000000236398e+00 2.011350068198615588e+02
3.930000000000235971e+00 1.979139393522697503e+02
3.950000000000235545e+00 1.950254185491174894e+02
3.970000000000235119e+00 1.923210814534392057e+02
3.990000000000234692e+00 1.896643581462491568e+02
4.010000000000234266e+00 1.870558332003789417e+02
4.030000000000233840e+00 1.845166564943628202e+02
4.050000000000233413e+00 1.821385017209615853e+02
4.070000000000232987e+00 1.792502316194177752e+02
4.090000000000232561e+00 1.772435903226141249e+02
4.110000000000232134e+00 1.748687477335940059e+02
4.130000000000231708e+00 1.722817387934839815e+02
4.150000000000231282e+00 1.699953310114510430e+02
4.170000000000230855e+00 1.676022077017392746e+02
4.190000000000230429e+00 1.655262917489432084e+02
4.210000000000230003e+00 1.634882084786695771e+02
4.230000000000229576e+00 1.609745324296637818e+02
4.250000000000229150e+00 1.589225436918178218e+02
4.270000000000228724e+00 1.569723157895381291e+02
4.290000000000228297e+00 1.553632187426996154e+02
4.310000000000227871e+00 1.528458590362701841e+02
4.330000000000227445e+00 1.510016787838614789e+02
4.350000000000227018e+00 1.489592810637144282e+02
4.370000000000226592e+00 1.473209783413924470e+02
4.390000000000226166e+00 1.453524719906558289e+02
4.410000000000225739e+00 1.437100406958525127e+02
4.430000000000225313e+00 1.419141356143327073e+02
4.450000000000224887e+00 1.401556862887592558e+02
4.470000000000224460e+00 1.384762547419718715e+02
4.490000000000224034e+00 1.367483725891009669e+02
4.510000000000223608e+00 1.353505161963590808e+02
4.530000000000223181e+00 1.334992632321252302e+02
4.550000000000222755e+00 1.323130169812940267e+02
4.570000000000222329e+00 1.307543131555394496e+02
4.590000000000221902e+00 1.292455394113251828e+02
4.610000000000221476e+00 1.276738679253340791e+02
4.630000000000221050e+00 1.258765167361265327e+02
4.650000000000220624e+00 1.249199742613819240e+02
4.670000000000220197e+00 1.232307967683188679e+02
4.690000000000219771e+00 1.220062456834274229e+02
4.710000000000219345e+00 1.203815273966292381e+02
4.730000000000218918e+00 1.190665451408465856e+02
4.750000000000218492e+00 1.175382087124716151e+02
4.770000000000218066e+00 1.163654884037082411e+02
4.790000000000217639e+00 1.153988146631109828e+02
4.810000000000217213e+00 1.137922812036261320e+02
4.830000000000216787e+00 1.127472658301591792e+02
4.850000000000216360e+00 1.115821474495031538e+02
4.870000000000215934e+00 1.105300676042567005e+02
4.890000000000215508e+00 1.091756266231692649e+02
4.910000000000215081e+00 1.079356350425714197e+02
4.930000000000214655e+00 1.069991983702920066e+02
4.950000000000214229e+00 1.058628590807260537e+02
4.970000000000213802e+00 1.047179494113636053e+02
4.990000000000213376e+00 1.039890212609636819e+02
5.010000000000212950e+00 1.030207783635328695e+02
5.030000000000212523e+00 1.018891457085586154e+02
5.050000000000212097e+00 1.009740845897374442e+02
5.070000000000211671e+00 9.986808371724205813e+01
5.090000000000211244e+00 9.916687822610899161e+01
5.110000000000210818e+00 9.809732998954771688e+01
5.130000000000210392e+00 9.725105630276330260e+01
5.150000000000209965e+00 9.647347588607293289e+01
5.170000000000209539e+00 9.535856365257903633e+01
5.190000000000209113e+00 9.469321890919634654e+01
5.210000000000208686e+00 9.363382056727095915e+01
5.230000000000208260e+00 9.293522395230978361e+01
5.250000000000207834e+00 9.199732543080061475e+01
5.270000000000207407e+00 9.149962728497503406e+01
5.290000000000206981e+00 9.077842269765680783e+01
5.310000000000206555e+00 8.967999607015693186e+01
5.330000000000206128e+00 8.916491039375746652e+01
5.350000000000205702e+00 8.846460608258432501e+01
5.370000000000205276e+00 8.769954410562438341e+01
5.390000000000204849e+00 8.715095004854380534e+01
5.410000000000204423e+00 8.637549079993506496e+01
5.430000000000203997e+00 8.567630515430222715e+01
5.450000000000203570e+00 8.495315426607253073e+01
5.470000000000203144e+00 8.435338175618312562e+01
5.490000000000202718e+00 8.371231178950296226e+01
5.510000000000202292e+00 8.312691420715860602e+01
5.530000000000201865e+00 8.227221896526768319e+01
5.550000000000201439e+00 8.185907341743926224e+01
5.570000000000201013e+00 8.099624529721171484e+01
5.590000000000200586e+00 8.041528475361108974e+01
5.610000000000200160e+00 7.979789672290868907e+01
5.630000000000199734e+00 7.921678196364227631e+01
5.650000000000199307e+00 7.890856075154516702e+01
5.670000000000198881e+00 7.826437085221800771e+01
5.690000000000198455e+00 7.765643937144345443e+01
5.710000000000198028e+00 7.719432739606880034e+01
5.730000000000197602e+00 7.650213630438126700e+01
5.750000000000197176e+00 7.615070986992063240e+01
5.770000000000196749e+00 7.549165829841903985e+01
5.790000000000196323e+00 7.516610730246715377e+01
5.810000000000195897e+00 7.482231952771496708e+01
5.830000000000195470e+00 7.423647123883975496e+01
5.850000000000195044e+00 7.388425571118858670e+01
5.870000000000194618e+00 7.341688746782430997e+01
5.890000000000194191e+00 7.297176057404108462e+01
5.910000000000193765e+00 7.256165785488717290e+01
5.930000000000193339e+00 7.226862253982064033e+01
5.950000000000192912e+00 7.190336509526622422e+01
5.970000000000192486e+00 7.144465890590477386e+01
5.990000000000192060e+00 7.128002336741282363e+01
6.010000000000191633e+00 7.095864318804193260e+01
6.030000000000191207e+00 7.037672270733909841e+01
6.050000000000190781e+00 7.009672768307288493e+01
6.070000000000190354e+00 6.964936894286954328e+01
6.090000000000189928e+00 6.954674253255275573e+01
6.110000000000189502e+00 6.897379174341001828e+01
6.130000000000189075e+00 6.883194367479067921e+01
6.150000000000188649e+00 6.841475333506873824e+01
6.170000000000188223e+00 6.800674779689386185e+01
6.190000000000187796e+00 6.773733396191934730e+01
6.210000000000187370e+00 6.727085574345609587e+01
6.230000000000186944e+00 6.717670198569669537e+01
6.250000000000186517e+00 6.672957172011766147e+01
6.270000000000186091e+00 6.651716144710029255e+01
6.290000000000185665e+00 6.612155735625567843e+01
6.310000000000185238e+00 6.593648049237377506e+01
6.330000000000184812e+00 6.563122521840423929e+01
6.350000000000184386e+00 6.524396233824371905e+01
6.370000000000183960e+00 6.509160569172557587e+01
6.390000000000183533e+00 6.486581064397979901e+01
6.410000000000183107e+00 6.454253053080951474e+01
6.430000000000182681e+00 6.440801145534604188e+01
6.450000000000182254e+00 6.412096851687074661e+01
6.470000000000181828e+00 6.399880013837097437e+01
6.490000000000181402e+00 6.371452022484693600e+01
6.510000000000180975e+00 6.369521624602509036e+01
6.530000000000180549e+00 6.334129334991456517e+01
6.550000000000180123e+00 6.309790866293664635e+01
6.570000000000179696e+00 6.303081421886628988e+01
6.590000000000179270e+00 6.281258114271297899e+01
6.610000000000178844e+00 6.257285368026171568e+01
6.630000000000178417e+00 6.248805829285520730e+01
6.650000000000177991e+00 6.230778213975925439e+01
6.670000000000177565e+00 6.211455850884330232e+01
6.690000000000177138e+00 6.199688243474131610e+01
6.710000000000176712e+00 6.196614234509598873e+01
6.730000000000176286e+00 6.164221729308652442e+01
6.750000000000175859e+00 6.164039737732063173e+01
6.770000000000175433e+00 6.140076634036670811e+01
6.790000000000175007e+00 6.112546229595319858e+01
6.810000000000174580e+00 6.106305904997184797e+01
6.830000000000174154e+00 6.088162705757130766e+01
6.850000000000173728e+00 6.064072576657088121e+01
6.870000000000173301e+00 6.049665052581723756e+01
6.890000000000172875e+00 6.032307392039778193e+01
6.910000000000172449e+00 6.028471200635385685e+01
6.930000000000172022e+00 6.004785672605200375e+01
6.950000000000171596e+00 6.008098466831606288e+01
6.970000000000171170e+00 5.987153468018521352e+01
6.990000000000170743e+00 5.969267554323163694e+01
7.010000000000170317e+00 5.957877731795078091e+01
7.030000000000169891e+00 5.956463335924527769e+01
7.050000000000169464e+00 5.948505485272110604e+01
7.070000000000169038e+00 5.932046286740987284e+01
7.090000000000168612e+00 5.925769766376469505e+01
7.110000000000168185e+00 5.920581092610557761e+01
7.130000000000167759e+00 5.904203590616170061e+01
7.150000000000167333e+00 5.899175551801372563e+01
7.170000000000166906e+00 5.899380525098911221e+01
7.190000000000166480e+00 5.873336545293128808e+01
7.210000000000166054e+00 5.875503926976652025e+01
7.230000000000165628e+00 5.860339680673977369e+01
7.250000000000165201e+00 5.859676795102005542e+01
7.270000000000164775e+00 5.843672867239375535e+01
7.290000000000164349e+00 5.833440297620713011e+01
7.310000000000163922e+00 5.827148512923318435e+01
7.330000000000163496e+00 5.813004299693223231e+01
7.350000000000163070e+00 5.793191759725238654e+01
7.370000000000162643e+00 5.795993358209737778e+01
7.390000000000162217e+00 5.782586065778146889e+01
7.410000000000161791e+00 5.783351627149887264e+01
7.430000000000161364e+00 5.770410115832406461e+01
7.450000000000160938e+00 5.754475897474858925e+01
7.470000000000160512e+00 5.754930824162526903e+01
7.490000000000160085e+00 5.735138818741545919e+01
7.510000000000159659e+00 5.732142864483766687e+01
7.530000000000159233e+00 5.715064040890652564e+01
7.550000000000158806e+00 5.711315204685865865e+01
7.570000000000158380e+00 5.716590321696335053e+01
7.590000000000157954e+00 5.705773842637940163e+01
7.610000000000157527e+00 5.688813104067684634e+01
7.630000000000157101e+00 5.681573464922303174e+01
7.650000000000156675e+00 5.684506881245570042e+01
7.670000000000156248e+00 5.673353025723373122e+01
7.690000000000155822e+00 5.673038555822856921e+01
7.710000000000155396e+00 5.657942336178905407e+01
7.730000000000154969e+00 5.648602949044630606e+01
7.750000000000154543e+00 5.636035072296618864e+01
7.770000000000154117e+00 5.621084504735176068e+01
7.790000000000153690e+00 5.614561721056010413e+01
7.810000000000153264e+00 5.605498971851271506e+01
7.830000000000152838e+00 5.594094222377052006e+01
7.850000000000152411e+00 5.591228044912467965e+01
7.870000000000151985e+00 5.579432345547321148e+01
7.890000000000151559e+00 5.568867647850124314e+01
7.910000000000151132e+00 5.551937352714639218e+01
7.930000000000150706e+00 5.548579452440218063e+01
7.950000000000150280e+00 5.542618161157875534e+01
7.970000000000149853e+00 5.533581434496078089e+01
7.990000000000149427e+00 5.508483172393261640e+01
8.010000000000149001e+00 5.503684768108818304e+01
8.030000000000148574e+00 5.495126491466431418e+01
8.050000000000148148e+00 5.486174584068897531e+01
8.070000000000147722e+00 5.491090106150548422e+01
8.090000000000147296e+00 5.469880054806066738e+01
8.110000000000146869e+00 5.454089912273270357e+01
8.130000000000146443e+00 5.442574829346944654e+01
8.150000000000146017e+00 5.438732264402946015e+01
8.170000000000145590e+00 5.415391819301508036e+01
8.190000000000145164e+00 5.407456849657980058e+01
8.210000000000144738e+00 5.397578388556802054e+01
8.230000000000144311e+00 5.375788943996714409e+01
8.250000000000143885e+00 5.378584794969346916e+01
8.270000000000143459e+00 5.353057621561320190e+01
8.290000000000143032e+00 5.337146431329051666e+01
8.310000000000142606e+00 5.326146040682633753e+01
8.330000000000142180e+00 5.321529177507726871e+01
8.350000000000141753e+00 5.301221971604622496e+01
8.370000000000141327e+00 5.288409327042670327e+01
8.390000000000140901e+00 5.270455933564926454e+01
8.410000000000140474e+00 5.271643739554622243e+01
8.430000000000140048e+00 5.241091532150489485e+01
8.450000000000139622e+00 5.227825779641526793e+01
8.470000000000139195e+00 5.213346584015155116e+01
8.490000000000138769e+00 5.205879599945780711e+01
8.510000000000138343e+00 5.186371097971230881e+01
8.530000000000137916e+00 5.164355674888086867e+01
8.550000000000137490e+00 5.160175843367878201e+01
8.570000000000137064e+00 5.136267763163626654e+01
8.590000000000136637e+00 5.123681012689353054e+01
8.610000000000136211e+00 5.091182376881971550e+01
8.630000000000135785e+00 5.085752808399181646e+01
8.650000000000135358e+00 5.072893396617694606e+01
8.670000000000134932e+00 5.055065943547034379e+01
8.690000000000134506e+00 5.030912680931501768e+01
8.710000000000134079e+00 5.012996048989773357e+01
8.730000000000133653e+00 5.001254781695683960e+01
8.750000000000133227e+00 4.973315138555454951e+01
8.770000000000132800e+00 4.966775862799650554e+01
8.790000000000132374e+00 4.938843044226952372e+01
8.810000000000131948e+00 4.926427128582853499e+01
8.830000000000131521e+00 4.907125611756899275e+01
8.850000000000131095e+00 4.879015358318094542e+01
8.870000000000130669e+00 4.871174710509291117e+01
8.890000000000130242e+00 4.847978998637141501e+01
8.910000000000129816e+00 4.819722845186016258e+01
8.930000000000129390e+00 4.803721536257879876e+01
8.950000000000128964e+00 4.779743598904131829e+01
8.970000000000128537e+00 4.766832437403311928e+01
8.990000000000128111e+00 4.753072462029335554e+01
9.010000000000127685e+00 4.725298828298144116e+01
9.030000000000127258e+00 4.697557950913313363e+01
9.050000000000126832e+00 4.684302976875735425e+01
9.070000000000126406e+00 4.653166836725511502e+01
9.090000000000125979e+00 4.645612942719628791e+01
9.110000000000125553e+00 4.616141229393679168e+01
9.130000000000125127e+00 4.598784781780407371e+01
9.150000000000124700e+00 4.571067046906028253e+01
9.170000000000124274e+00 4.546609797316384771e+01
9.190000000000123848e+00 4.535958927862383661e+01
9.210000000000123421e+00 4.509492883485974346e+01
9.230000000000122995e+00 4.487545666564207636e+01
9.250000000000122569e+00 4.461163870671343545e+01
9.270000000000122142e+00 4.441563624331530491e+01
9.290000000000121716e+00 4.413312008357668503e+01
9.310000000000121290e+00 4.401285317426520294e+01
9.330000000000120863e+00 4.373510002490434090e+01
9.350000000000120437e+00 4.346100919403456686e+01
9.370000000000120011e+00 4.332651654444896394e+01
9.390000000000119584e+00 4.311804390451676028e+01
9.410000000000119158e+00 4.275315557010220857e+01
9.430000000000118732e+00 4.266528796555884639e+01
9.450000000000118305e+00 4.233875740166293866e+01
9.470000000000117879e+00 4.217932367898264090e+01
9.490000000000117453e+00 4.189832773789869691e+01
9.510000000000117026e+00 4.167623134657761597e+01
9.530000000000116600e+00 4.142684892889415238e+01
9.550000000000116174e+00 4.127732734813780979e+01
9.570000000000115747e+00 4.104052350265663307e+01
9.590000000000115321e+00 4.074453977519653591e+01
9.610000000000114895e+00 4.049742543078819068e+01
9.630000000000114468e+00 4.030161593002053166e+01
9.650000000000114042e+00 4.011118851448848233e+01
9.670000000000113616e+00 3.988682954000876180e+01
9.690000000000113189e+00 3.968795966512148965e+01
9.710000000000112763e+00 3.946463631944950379e+01
9.730000000000112337e+00 3.924318744932119785e+01
9.750000000000111910e+00 3.893457064494084818e+01
9.770000000000111484e+00 3.873028318671558168e+01
9.790000000000111058e+00 3.859751006375900317e+01
9.810000000000110632e+00 3.826429733042480308e+01
9.830000000000110205e+00 3.808709895446202864e+01
9.850000000000109779e+00 3.791798412339545621e+01
9.870000000000109353e+00 3.762036918660005114e+01
9.890000000000108926e+00 3.746601944473707135e+01
9.910000000000108500e+00 3.724558476349297820e+01
9.930000000000108074e+00 3.704976519022355319e+01
9.950000000000107647e+00 3.682160243362686458e+01
9.970000000000107221e+00 3.665968752225666094e+01
9.990000000000106795e+00 3.640142055227815376e+01
1.001000000000010637e+01 3.618220257957475638e+01
1.003000000000010594e+01 3.598761520297675531e+01
1.005000000000010552e+01 3.583338463941835528e+01
1.007000000000010509e+01 3.557631934398761331e+01
1.009000000000010466e+01 3.535566517090727245e+01
1.011000000000010424e+01 3.515799886504353822e+01
1.013000000000010381e+01 3.503012388981501601e+01
1.015000000000010338e+01 3.482906012848999211e+01
1.017000000000010296e+01 3.463659753604016345e+01
1.019000000000010253e+01 3.442696848380181507e+01
1.021000000000010210e+01 3.428813310533354297e+01
1.023000000000010168e+01 3.403644598272421717e+01
1.025000000000010125e+01 3.387576385490610420e+01
1.027000000000010083e+01 3.369305709549171013e+01
1.029000000000010040e+01 3.358014690828073867e+01
1.031000000000009997e+01 3.335990408602958723e+01
1.033000000000009955e+01 3.312845078967624346e+01
1.035000000000009912e+01 3.302704410897492693e+01
1.037000000000009869e+01 3.288272982343290352e+01
1.039000000000009827e+01 3.267011655971399620e+01
1.041000000000009784e+01 3.255436643263713137e+01
1.043000000000009742e+01 3.230974074352259606e+01
1.045000000000009699e+01 3.218734021918901789e+01
1.047000000000009656e+01 3.204648418153021083e+01
1.049000000000009614e+01 3.190268797862390215e+01
1.051000000000009571e+01 3.175627267189519287e+01
1.053000000000009528e+01 3.159253600196340273e+01
1.055000000000009486e+01 3.146735464450271635e+01
1.057000000000009443e+01 3.132137980162833202e+01
1.059000000000009400e+01 3.118537889437790511e+01
1.061000000000009358e+01 3.099905597636639598e+01
1.063000000000009315e+01 3.088065296719548058e+01
1.065000000000009273e+01 3.074688399183072463e+01
1.067000000000009230e+01 3.060194056473950397e+01
1.069000000000009187e+01 3.055696317606496137e+01
1.071000000000009145e+01 3.038911805644626085e+01
1.073000000000009102e+01 3.022082202637258064e+01
1.075000000000009059e+01 3.019705676179228959e+01
1.077000000000009017e+01 2.995830500896660098e+01
1.079000000000008974e+01 2.989744967533848197e+01
1.081000000000008932e+01 2.978661981147519455e+01
1.083000000000008889e+01 2.966976069318942066e+01
1.085000000000008846e+01 2.956211391316194792e+01
1.087000000000008804e+01 2.948351912594345237e+01
1.089000000000008761e+01 2.933851144320387760e+01
1.091000000000008718e+01 2.925639564507447687e+01
1.093000000000008676e+01 2.918016850896995251e+01
1.095000000000008633e+01 2.902835086293810818e+01
1.097000000000008590e+01 2.900007751440596238e+01
1.099000000000008548e+01 2.887959852639010805e+01
1.101000000000008505e+01 2.877858124150484898e+01
1.103000000000008463e+01 2.869660456721026520e+01
1.105000000000008420e+01 2.858164270904088156e+01
1.107000000000008377e+01 2.849696608323665004e+01
1.109000000000008335e+01 2.845532904244909034e+01
1.111000000000008292e+01 2.837043801525770093e+01
1.113000000000008249e+01 2.833340787202247668e+01
1.115000000000008207e+01 2.816462225519829232e+01
1.117000000000008164e+01 2.807872160438799014e+01
1.119000000000008122e+01 2.801725187341561707e+01
1.121000000000008079e+01 2.805435534652019314e+01
1.123000000000008036e+01 2.790462766230546166e+01
1.125000000000007994e+01 2.783511903410765953e+01
1.127000000000007951e+01 2.780028676926932008e+01
1.129000000000007908e+01 2.768105133062656265e+01
1.131000000000007866e+01 2.767265947325310549e+01
1.133000000000007823e+01 2.757821804878615524e+01
1.135000000000007780e+01 2.750405630345118624e+01
1.137000000000007738e+01 2.744634278761019175e+01
1.139000000000007695e+01 2.736737970332521641e+01
1.141000000000007653e+01 2.736194050566457037e+01
1.143000000000007610e+01 2.730283827747968672e+01
1.145000000000007567e+01 2.723457014108920404e+01
1.147000000000007525e+01 2.719597147270541271e+01
1.149000000000007482e+01 2.716358823690544710e+01
1.151000000000007439e+01 2.703029449353599745e+01
1.153000000000007397e+01 2.702048850402494651e+01
1.155000000000007354e+01 2.693789086981680114e+01
1.157000000000007311e+01 2.691508606903162715e+01
1.159000000000007269e+01 2.690255174799935034e+01
1.161000000000007226e+01 2.686723359043598691e+01
1.163000000000007184e+01 2.679318917765704100e+01
1.165000000000007141e+01 2.669026175379413246e+01
1.167000000000007098e+01 2.672058168760992203e+01
1.169000000000007056e+01 2.661908974802404515e+01
1.171000000000007013e+01 2.655847068468273520e+01
1.173000000000006970e+01 2.653941829597733815e+01
1.175000000000006928e+01 2.651623885044556772e+01
1.177000000000006885e+01 2.647803169992617356e+01
1.179000000000006843e+01 2.637493568125141863e+01
1.181000000000006800e+01 2.635751958828208430e+01
1.183000000000006757e+01 2.636847052307622263e+01
1.185000000000006715e+01 2.626081104211697337e+01
1.187000000000006672e+01 2.626150544242769413e+01
1.189000000000006629e+01 2.622011018919105041e+01
1.191000000000006587e+01 2.605512849073403459e+01
1.193000000000006544e+01 2.607889442579214645e+01
1.195000000000006501e+01 2.608445393451160754e+01
1.197000000000006459e+01 2.597799956837205926e+01
1.199000000000006416e+01 2.601283689280730371e+01
1.201000000000006374e+01 2.595058080504789189e+01
1.203000000000006331e+01 2.582518636118377842e+01
1.205000000000006288e+01 2.585856405774742228e+01
1.207000000000006246e+01 2.579399828225741587e+01
1.209000000000006203e+01 2.570107997709504843e+01
1.211000000000006160e+01 2.567634354878743963e+01
1.213000000000006118e+01 2.565360299358543017e+01
1.215000000000006075e+01 2.561783109944195402e+01
1.217000000000006033e+01 2.556832730739769488e+01
1.219000000000005990e+01 2.552841551307641410e+01
1.221000000000005947e+01 2.541488577303959673e+01
1.223000000000005905e+01 2.536668058552700344e+01
1.225000000000005862e+01 2.532464547707618863e+01
1.227000000000005819e+01 2.535447555763191829e+01
1.229000000000005777e+01 2.526163328997741075e+01
1.231000000000005734e+01 2.521633168755512600e+01
1.233000000000005691e+01 2.516684131752364806e+01
1.235000000000005649e+01 2.503197906426654384e+01
1.237000000000005606e+01 2.499451770540395401e+01
1.239000000000005564e+01 2.492156342712809547e+01
1.241000000000005521e+01 2.494074167817395704e+01
1.243000000000005478e+01 2.489444280754271333e+01
1.245000000000005436e+01 2.485665276442755101e+01
1.247000000000005393e+01 2.475889614801434746e+01
1.249000000000005350e+01 2.463619797504509634e+01
1.251000000000005308e+01 2.466013756719001648e+01
1.253000000000005265e+01 2.452370815239681434e+01
1.255000000000005222e+01 2.454786600563960519e+01
1.257000000000005180e+01 2.440223278097870718e+01
1.259000000000005137e+01 2.436346146077962160e+01
1.261000000000005095e+01 2.432322385457533542e+01
1.263000000000005052e+01 2.428286521885284444e+01
1.265000000000005009e+01 2.415872906062753245e+01
1.267000000000004967e+01 2.412348868118830580e+01
1.269000000000004924e+01 2.403265913785461549e+01
1.271000000000004881e+01 2.397293983725821676e+01
1.273000000000004839e+01 2.390982002072115975e+01
1.275000000000004796e+01 2.384813681361789506e+01
1.277000000000004754e+01 2.374937084056412573e+01
1.279000000000004711e+01 2.361582764208767315e+01
1.281000000000004668e+01 2.368355645899908168e+01
1.283000000000004626e+01 2.356808094972508982e+01
1.285000000000004583e+01 2.345287229217638370e+01
1.287000000000004540e+01 2.336874266113324694e+01
1.289000000000004498e+01 2.331033432792927940e+01
1.291000000000004455e+01 2.328493922479048805e+01
1.293000000000004412e+01 2.313600836856715048e+01
1.295000000000004370e+01 2.301807286722983648e+01
1.297000000000004327e+01 2.297904829542323313e+01
1.299000000000004285e+01 2.294292778649288422e+01
1.301000000000004242e+01 2.285020520644182085e+01
1.303000000000004199e+01 2.272611776155816088e+01
1.305000000000004157e+01 2.270240162836353903e+01
1.307000000000004114e+01 2.256414671173911302e+01
1.309000000000004071e+01 2.253452152746737269e+01
1.311000000000004029e+01 2.238634105450646317e+01
1.313000000000003986e+01 2.231163058476153438e+01
1.315000000000003944e+01 2.227900912679785606e+01
1.317000000000003901e+01 2.213249635265732707e+01
1.319000000000003858e+01 2.207431105693369489e+01
1.321000000000003816e+01 2.194996665260150337e+01
1.323000000000003773e+01 2.190525710341350418e+01
1.325000000000003730e+01 2.184315552947591854e+01
1.327000000000003688e+01 2.168069752364388947e+01
1.329000000000003645e+01 2.160761950126132547e+01
1.331000000000003602e+01 2.148671686622878596e+01
1.333000000000003560e+01 2.138186506084171867e+01
1.335000000000003517e+01 2.136465706284701938e+01
1.337000000000003475e+01 2.132924403731679419e+01
1.339000000000003432e+01 2.111866064580739533e+01
1.341000000000003389e+01 2.108005644955757774e+01
1.343000000000003347e+01 2.091677357412345373e+01
1.345000000000003304e+01 2.079031050873546960e+01
1.347000000000003261e+01 2.072081573004696153e+01
1.349000000000003219e+01 2.065554735620858651e+01
1.351000000000003176e+01 2.060625503999668950e+01
1.353000000000003133e+01 2.046846076855083041e+01
1.355000000000003091e+01 2.023021089568216624e+01
1.357000000000003048e+01 2.002311814652855659e+01
1.359000000000003006e+01 1.970148118473495202e+01
1.361000000000002963e+01 1.944666594610562171e+01
1.363000000000002920e+01 1.903102679317248302e+01
1.365000000000002878e+01 1.869846262440524143e+01
1.367000000000002835e+01 1.824522334709005378e+01
1.369000000000002792e+01 1.781150619815106850e+01
1.371000000000002750e+01 1.729599197389282850e+01
1.373000000000002707e+01 1.681779657802719186e+01
1.375000000000002665e+01 1.634733674236716894e+01
1.377000000000002622e+01 1.581105222341458649e+01
1.379000000000002579e+01 1.529023332441529703e+01
1.381000000000002537e+01 1.474648375849852222e+01
1.383000000000002494e+01 1.427508209930959104e+01
1.385000000000002451e+01 1.370885675913496371e+01
1.387000000000002409e+01 1.332848468713077672e+01
1.389000000000002366e+01 1.290118490944147922e+01
1.391000000000002323e+01 1.252081391420655798e+01
1.393000000000002281e+01 1.201529328546280340e+01
1.395000000000002238e+01 1.164903457390692587e+01
1.397000000000002196e+01 1.111065593539167828e+01
1.399000000000002153e+01 1.063052861615933331e+01
1.401000000000002110e+01 1.004122091067378797e+01
1.403000000000002068e+01 9.348094493383211301e+00
1.405000000000002025e+01 8.515457974414811559e+00
1.407000000000001982e+01 7.682811882003401927e+00
1.409000000000001940e+01 6.902106781213628750e+00
1.411000000000001897e+01 6.181629981995143908e+00
1.413000000000001855e+01 5.446430737338863182e+00
1.415000000000001812e+01 4.863059576337485090e+00
1.417000000000001769e+01 4.279737058465995503e+00
1.419000000000001727e+01 3.787796482155662225e+00
1.421000000000001684e+01 3.376775664600654370e+00
1.423000000000001641e+01 2.957870705613908413e+00
1.425000000000001599e+01 2.618962533929749092e+00
1.427000000000001556e+01 2.190190902467611611e+00
1.429000000000001513e+01 1.886869336696455735e+00
1.431000000000001471e+01 1.605025182943530471e+00
1.433000000000001428e+01 1.398543080191896992e+00
1.435000000000001386e+01 1.144714104829791079e+00
1.437000000000001343e+01 8.688637658255033980e-01
1.439000000000001300e+01 6.649956252854731797e-01
1.441000000000001258e+01 5.182087623809628063e-01
1.443000000000001215e+01 3.649639428847886724e-01
1.445000000000001172e+01 2.590320311898484107e-01
1.447000000000001130e+01 1.521478961185001311e-01
1.449000000000001087e+01 7.930903638917584375e-02
1.451000000000001044e+01 3.250284985309966068e-02
1.453000000000001002e+01 1.122863322782847832e-02
1.455000000000000959e+01 2.167020976811034807e-03
1.457000000000000917e+01 5.530540911070902770e-04
1.459000000000000874e+01 5.506425464763949019e-04
1.461000000000000831e+01 5.482230198571601048e-04
1.463000000000000789e+01 5.352739705592347158e-04
1.465000000000000746e+01 3.459818399530618489e-09
1.467000000000000703e+01 0.000000000000000000e+00
1.469000000000000661e+01 0.000000000000000000e+00
1.471000000000000618e+01 0.000000000000000000e+00
1.473000000000000576e+01 0.000000000000000000e+00
1.475000000000000533e+01 0.000000000000000000e+00
1.477000000000000490e+01 0.000000000000000000e+00
1.479000000000000448e+01 0.000000000000000000e+00
1.481000000000000405e+01 0.000000000000000000e+00
1.483000000000000362e+01 0.000000000000000000e+00
1.485000000000000320e+01 0.000000000000000000e+00
1.487000000000000277e+01 0.000000000000000000e+00
1.489000000000000234e+01 0.000000000000000000e+00
1.491000000000000192e+01 0.000000000000000000e+00
1.493000000000000149e+01 0.000000000000000000e+00
1.495000000000000107e+01 0.000000000000000000e+00
1.497000000000000064e+01 0.000000000000000000e+00
1.499000000000000021e+01 0.000000000000000000e+00
