# Redshift		Merger Rate Density [Gpc^-3yr^-1]
1.000000000031931770e-02 1.006860444270422335e+02
3.000000000031888964e-02 1.055540904348080318e+02
5.000000000031846331e-02 1.108456782908130691e+02
7.000000000031804392e-02 1.161226360213828457e+02
9.000000000031761760e-02 1.215842218052722359e+02
1.100000000003171913e-01 1.273064818194326762e+02
1.300000000003167511e-01 1.329480868030596241e+02
1.500000000003163247e-01 1.389188320300999635e+02
1.700000000003158984e-01 1.448668976825571804e+02
1.900000000003154721e-01 1.510509424794285280e+02
2.100000000003150458e-01 1.575191973033196007e+02
2.300000000003146194e-01 1.637934465353611699e+02
2.500000000003141931e-01 1.701702953617430012e+02
2.700000000003137668e-01 1.772518555738545842e+02
2.900000000003133405e-01 1.840784723213735390e+02
3.100000000003129141e-01 1.912101351780512744e+02
3.300000000003124878e-01 1.980200848143585972e+02
3.500000000003120615e-01 2.057763897024078403e+02
3.700000000003116352e-01 2.130982917979700630e+02
3.900000000003112088e-01 2.205008316479708412e+02
4.100000000003107825e-01 2.287415199706918543e+02
4.300000000003103562e-01 2.362285360926333624e+02
4.500000000003099299e-01 2.439784305564411682e+02
4.700000000003095035e-01 2.522503000719405577e+02
4.900000000003090772e-01 2.605869362900855322e+02
5.100000000003086509e-01 2.692082790113849455e+02
5.300000000003082246e-01 2.777083251481797674e+02
5.500000000003077982e-01 2.870426857398135780e+02
5.700000000003073719e-01 2.951811533794821685e+02
5.900000000003069456e-01 3.046157087832828552e+02
6.100000000003065193e-01 3.140644126839102341e+02
6.300000000003060929e-01 3.226726269301716457e+02
6.500000000003056666e-01 3.325819146840477742e+02
6.700000000003052403e-01 3.418684430610881577e+02
6.900000000003048140e-01 3.510645933986138516e+02
7.100000000003043876e-01 3.613125181731491580e+02
7.300000000003039613e-01 3.706995712163629833e+02
7.500000000003035350e-01 3.809389674855414682e+02
7.700000000003031086e-01 3.906889940355287649e+02
7.900000000003026823e-01 4.016217018734012072e+02
8.100000000003022560e-01 4.113775718664545593e+02
8.300000000003018297e-01 4.214274084352979912e+02
8.500000000003014033e-01 4.328872747093238900e+02
8.700000000003009770e-01 4.422556226026484865e+02
8.900000000003005507e-01 4.530523772437891807e+02
9.100000000003001244e-01 4.648209775843391753e+02
9.300000000002996980e-01 4.745981427147207228e+02
9.500000000002992717e-01 4.847075966715421487e+02
9.700000000002988454e-01 4.969031764639341873e+02
9.900000000002984191e-01 5.065105152417456793e+02
1.010000000000297993e+00 5.164113208993014723e+02
1.030000000000297566e+00 5.280770148559287236e+02
1.050000000000297140e+00 5.385689534283412740e+02
1.070000000000296714e+00 5.496155422879652406e+02
1.090000000000296287e+00 5.603791957074942047e+02
1.110000000000295861e+00 5.711635573015611271e+02
1.130000000000295435e+00 5.810147098607341150e+02
1.150000000000295008e+00 5.920031696874438012e+02
1.170000000000294582e+00 6.020679488535315613e+02
1.190000000000294156e+00 6.134169106812452128e+02
1.210000000000293729e+00 6.227417683729100872e+02
1.230000000000293303e+00 6.322623086837389792e+02
1.250000000000292877e+00 6.439054883903328346e+02
1.270000000000292451e+00 6.529418721656613798e+02
1.290000000000292024e+00 6.638615436767975098e+02
1.310000000000291598e+00 6.734709352920975789e+02
1.330000000000291172e+00 6.821122594422259908e+02
1.350000000000290745e+00 6.901961625041051320e+02
1.370000000000290319e+00 7.004769527728249159e+02
1.390000000000289893e+00 7.090680790400806472e+02
1.410000000000289466e+00 7.182272598846719802e+02
1.430000000000289040e+00 7.265531882587127939e+02
1.450000000000288614e+00 7.357507605388934735e+02
1.470000000000288187e+00 7.452785446369987312e+02
1.490000000000287761e+00 7.539986836610805767e+02
1.510000000000287335e+00 7.608355026536968353e+02
1.530000000000286908e+00 7.674141439035454368e+02
1.550000000000286482e+00 7.742613683815834520e+02
1.570000000000286056e+00 7.839856808517547506e+02
1.590000000000285629e+00 7.897589003851451253e+02
1.610000000000285203e+00 7.984814490296522536e+02
1.630000000000284777e+00 8.059749025955338766e+02
1.650000000000284350e+00 8.155905464097884305e+02
1.670000000000283924e+00 8.195895178582267135e+02
1.690000000000283498e+00 8.309202382870785186e+02
1.710000000000283071e+00 8.368524661417160360e+02
1.730000000000282645e+00 8.419129168668687271e+02
1.750000000000282219e+00 8.383443832249387242e+02
1.770000000000281792e+00 8.358402162032635943e+02
1.790000000000281366e+00 8.347761209001253064e+02
1.810000000000280940e+00 8.358647506343728537e+02
1.830000000000280513e+00 8.358671478905346248e+02
1.850000000000280087e+00 8.363270487907666393e+02
1.870000000000279661e+00 8.378538778860332741e+02
1.890000000000279234e+00 8.391463705503672372e+02
1.910000000000278808e+00 8.412430136956096476e+02
1.930000000000278382e+00 8.441984888056672389e+02
1.950000000000277955e+00 8.485924421424393813e+02
1.970000000000277529e+00 8.440347901799998453e+02
1.990000000000277103e+00 8.414616740822440306e+02
2.010000000000276899e+00 8.389504690245308893e+02
2.030000000000276472e+00 8.350420623203051491e+02
2.050000000000276046e+00 8.345392305325677853e+02
2.070000000000275620e+00 8.314489356789922567e+02
2.090000000000275193e+00 8.323720528818279263e+02
2.110000000000274767e+00 8.301810839104733759e+02
2.130000000000274341e+00 8.260416511192735243e+02
2.150000000000273914e+00 8.249048777854329728e+02
2.170000000000273488e+00 8.191532446858916501e+02
2.190000000000273062e+00 8.132185496653194150e+02
2.210000000000272635e+00 8.089473814057652135e+02
2.230000000000272209e+00 7.982010292335995700e+02
2.250000000000271783e+00 7.928296862785944086e+02
2.270000000000271356e+00 7.818365939003701897e+02
2.290000000000270930e+00 7.735695319581072908e+02
2.310000000000270504e+00 7.669421210507030082e+02
2.330000000000270077e+00 7.617885591087249395e+02
2.350000000000269651e+00 7.546847135423117834e+02
2.370000000000269225e+00 7.491471106238719813e+02
2.390000000000268798e+00 7.459272030442126606e+02
2.410000000000268372e+00 7.374188516151588146e+02
2.430000000000267946e+00 7.298169206194733079e+02
2.450000000000267519e+00 7.213950594259558784e+02
2.470000000000267093e+00 7.131023943999769017e+02
2.490000000000266667e+00 7.070906710348098159e+02
2.510000000000266240e+00 7.006084013276210953e+02
2.530000000000265814e+00 6.896812241552088381e+02
2.550000000000265388e+00 6.816168603451120589e+02
2.570000000000264961e+00 6.732326765852345716e+02
2.590000000000264535e+00 6.667988467863673350e+02
2.610000000000264109e+00 6.572683947944339025e+02
2.630000000000263682e+00 6.505816064507512237e+02
2.650000000000263256e+00 6.430124498522097838e+02
2.670000000000262830e+00 6.352906487324011096e+02
2.690000000000262403e+00 6.277743320181732543e+02
2.710000000000261977e+00 6.195768691278675533e+02
2.730000000000261551e+00 6.123232911769771363e+02
2.750000000000261124e+00 6.050697107114176561e+02
2.770000000000260698e+00 5.974018733331942030e+02
2.790000000000260272e+00 5.897767296049012202e+02
2.810000000000259845e+00 5.824918977901713788e+02
2.830000000000259419e+00 5.755032036502414030e+02
2.850000000000258993e+00 5.684068259556137264e+02
2.870000000000258567e+00 5.617258031889283529e+02
2.890000000000258140e+00 5.549546145284696195e+02
2.910000000000257714e+00 5.470905623373083699e+02
2.930000000000257288e+00 5.405466845432808896e+02
2.950000000000256861e+00 5.331835647149036959e+02
2.970000000000256435e+00 5.245958686870334304e+02
2.990000000000256009e+00 5.170442707458872746e+02
3.010000000000255582e+00 5.101363571131037133e+02
3.030000000000255156e+00 5.039583781406172989e+02
3.050000000000254730e+00 4.966430784736224382e+02
3.070000000000254303e+00 4.900287164033516660e+02
3.090000000000253877e+00 4.830095514986792296e+02
3.110000000000253451e+00 4.767372426281231697e+02
3.130000000000253024e+00 4.712772632065376115e+02
3.150000000000252598e+00 4.638032590846532344e+02
3.170000000000252172e+00 4.603761304177887155e+02
3.190000000000251745e+00 4.524092385929391185e+02
3.210000000000251319e+00 4.477420057338146648e+02
3.230000000000250893e+00 4.421492247305574779e+02
3.250000000000250466e+00 4.361344932362991358e+02
3.270000000000250040e+00 4.308166456889056235e+02
3.290000000000249614e+00 4.222639772792873032e+02
3.310000000000249187e+00 4.140594601136937172e+02
3.330000000000248761e+00 4.063470212503185053e+02
3.350000000000248335e+00 3.972997592140782217e+02
3.370000000000247908e+00 3.911485875089454680e+02
3.390000000000247482e+00 3.844093030829877762e+02
3.410000000000247056e+00 3.788240491800171412e+02
3.430000000000246629e+00 3.724643426482621749e+02
3.450000000000246203e+00 3.673743169197596785e+02
3.470000000000245777e+00 3.618036487706060598e+02
3.490000000000245350e+00 3.565574463426669354e+02
3.510000000000244924e+00 3.506851210438023259e+02
3.530000000000244498e+00 3.455932528451035068e+02
3.550000000000244071e+00 3.410421575666719605e+02
3.570000000000243645e+00 3.370923263275436170e+02
3.590000000000243219e+00 3.329434380617135503e+02
3.610000000000242792e+00 3.285405815077859870e+02
3.630000000000242366e+00 3.227402687002653465e+02
3.650000000000241940e+00 3.172928732372224658e+02
3.670000000000241513e+00 3.114835720747388450e+02
3.690000000000241087e+00 3.068656387512183983e+02
3.710000000000240661e+00 3.022741475753736040e+02
3.730000000000240234e+00 2.976828917632481648e+02
3.750000000000239808e+00 2.929646750224682705e+02
3.770000000000239382e+00 2.898489514962157045e+02
3.790000000000238956e+00 2.851227555904096675e+02
3.810000000000238529e+00 2.810959723251539799e+02
3.830000000000238103e+00 2.776276262607590297e+02
3.850000000000237677e+00 2.734704645382826129e+02
3.870000000000237250e+00 2.689070191530605030e+02
3.890000000000236824e+00 2.643798099097989507e+02
3.910000000000236398e+00 2.605331685394469901e+02
3.930000000000235971e+00 2.564406971459065403e+02
3.950000000000235545e+00 2.530579696583081386e+02
3.970000000000235119e+00 2.492943610598464375e+02
3.990000000000234692e+00 2.454171009234609926e+02
4.010000000000234266e+00 2.411091537204314079e+02
4.030000000000233840e+00 2.371368903638612267e+02
4.050000000000233413e+00 2.336877513306169476e+02
4.070000000000232987e+00 2.304022332386654739e+02
4.090000000000232561e+00 2.262502440532052219e+02
4.110000000000232134e+00 2.236540038899722447e+02
4.130000000000231708e+00 2.208477441182954522e+02
4.150000000000231282e+00 2.175521418864683767e+02
4.170000000000230855e+00 2.148620348300169383e+02
4.190000000000230429e+00 2.120563255064200519e+02
4.210000000000230003e+00 2.091181655999415909e+02
4.230000000000229576e+00 2.068314149876691488e+02
4.250000000000229150e+00 2.032531001621628945e+02
4.270000000000228724e+00 1.996141707944592838e+02
4.290000000000228297e+00 1.961134966273593818e+02
4.310000000000227871e+00 1.927930819435849230e+02
4.330000000000227445e+00 1.894586656333781889e+02
4.350000000000227018e+00 1.855609094595931197e+02
4.370000000000226592e+00 1.834490951489161432e+02
4.390000000000226166e+00 1.808019488803412855e+02
4.410000000000225739e+00 1.782215986853865104e+02
4.430000000000225313e+00 1.755867813888414162e+02
4.450000000000224887e+00 1.736313225726345308e+02
4.470000000000224460e+00 1.716630519787554476e+02
4.490000000000224034e+00 1.693408883846835238e+02
4.510000000000223608e+00 1.666389696097186004e+02
4.530000000000223181e+00 1.648124408296037871e+02
4.550000000000222755e+00 1.620205535620545163e+02
4.570000000000222329e+00 1.596518831540470558e+02
4.590000000000221902e+00 1.578026197478326935e+02
4.610000000000221476e+00 1.556483756494586430e+02
4.630000000000221050e+00 1.542999194513720340e+02
4.650000000000220624e+00 1.519654592314211641e+02
4.670000000000220197e+00 1.495301108296797281e+02
4.690000000000219771e+00 1.474654934623086149e+02
4.710000000000219345e+00 1.450470964055913043e+02
4.730000000000218918e+00 1.428865572066057155e+02
4.750000000000218492e+00 1.407437645318652812e+02
4.770000000000218066e+00 1.392396515044913485e+02
4.790000000000217639e+00 1.374567512629969599e+02
4.810000000000217213e+00 1.353252981129958812e+02
4.830000000000216787e+00 1.336617446838178580e+02
4.850000000000216360e+00 1.326222865631630157e+02
4.870000000000215934e+00 1.312466558382796791e+02
4.890000000000215508e+00 1.292614769928184444e+02
4.910000000000215081e+00 1.282024590193510676e+02
4.930000000000214655e+00 1.268231315170913263e+02
4.950000000000214229e+00 1.249775293938816105e+02
4.970000000000213802e+00 1.241606553451416488e+02
4.990000000000213376e+00 1.224450887933684982e+02
5.010000000000212950e+00 1.204766713693460218e+02
5.030000000000212523e+00 1.186185635365673789e+02
5.050000000000212097e+00 1.169050057999338605e+02
5.070000000000211671e+00 1.152632017031871072e+02
5.090000000000211244e+00 1.133610881198695637e+02
5.110000000000210818e+00 1.116390783571320640e+02
5.130000000000210392e+00 1.099206455379313923e+02
5.150000000000209965e+00 1.079667261853509501e+02
5.170000000000209539e+00 1.067401870193619544e+02
5.190000000000209113e+00 1.052171202896704187e+02
5.210000000000208686e+00 1.038190310172682587e+02
5.230000000000208260e+00 1.026018592354400738e+02
5.250000000000207834e+00 1.013217683190095784e+02
5.270000000000207407e+00 9.972538194287184865e+01
5.290000000000206981e+00 9.862076728618079358e+01
5.310000000000206555e+00 9.754277946895072660e+01
5.330000000000206128e+00 9.623148779705202571e+01
5.350000000000205702e+00 9.487006914816637959e+01
5.370000000000205276e+00 9.400007942908416680e+01
5.390000000000204849e+00 9.322496096935969945e+01
5.410000000000204423e+00 9.189558298018519622e+01
5.430000000000203997e+00 9.116673083258085342e+01
5.450000000000203570e+00 9.021528791046880258e+01
5.470000000000203144e+00 8.954811985146787379e+01
5.490000000000202718e+00 8.834402418311277927e+01
5.510000000000202292e+00 8.708874463332969640e+01
5.530000000000201865e+00 8.661064167116047940e+01
5.550000000000201439e+00 8.554298422039494199e+01
5.570000000000201013e+00 8.460027148784683959e+01
5.590000000000200586e+00 8.333491492463915051e+01
5.610000000000200160e+00 8.271850509106617721e+01
5.630000000000199734e+00 8.212105254100460172e+01
5.650000000000199307e+00 8.053726738144347053e+01
5.670000000000198881e+00 7.917342680821241174e+01
5.690000000000198455e+00 7.821604191274622053e+01
5.710000000000198028e+00 7.695381858086240356e+01
5.730000000000197602e+00 7.623900406088642967e+01
5.750000000000197176e+00 7.506254821759191032e+01
5.770000000000196749e+00 7.408259925888494024e+01
5.790000000000196323e+00 7.301287157253628379e+01
5.810000000000195897e+00 7.230062713960488452e+01
5.830000000000195470e+00 7.182415220763934371e+01
5.850000000000195044e+00 7.085358368615679581e+01
5.870000000000194618e+00 6.987783293023579745e+01
5.890000000000194191e+00 6.924550133400677510e+01
5.910000000000193765e+00 6.863198220156854745e+01
5.930000000000193339e+00 6.798892833297443872e+01
5.950000000000192912e+00 6.723166950743893722e+01
5.970000000000192486e+00 6.667817283403431361e+01
5.990000000000192060e+00 6.593276008375427466e+01
6.010000000000191633e+00 6.550526901430434634e+01
6.030000000000191207e+00 6.445007499927784522e+01
6.050000000000190781e+00 6.361506244177804348e+01
6.070000000000190354e+00 6.355999908899533324e+01
6.090000000000189928e+00 6.291517731476218955e+01
6.110000000000189502e+00 6.232074711395468114e+01
6.130000000000189075e+00 6.133483089360237273e+01
6.150000000000188649e+00 6.100287708086694494e+01
6.170000000000188223e+00 6.006743628835534565e+01
6.190000000000187796e+00 5.943326700926495221e+01
6.210000000000187370e+00 5.843212304397349044e+01
6.230000000000186944e+00 5.779581074490054249e+01
6.250000000000186517e+00 5.676198111062360852e+01
6.270000000000186091e+00 5.633732540781880971e+01
6.290000000000185665e+00 5.597540220487152141e+01
6.310000000000185238e+00 5.496579103742178773e+01
6.330000000000184812e+00 5.446483239379423935e+01
6.350000000000184386e+00 5.375134081096217642e+01
6.370000000000183960e+00 5.343550560026562124e+01
6.390000000000183533e+00 5.311812162829851047e+01
6.410000000000183107e+00 5.264973499968993309e+01
6.430000000000182681e+00 5.208223860076807910e+01
6.450000000000182254e+00 5.138114721880576496e+01
6.470000000000181828e+00 5.091937740211488972e+01
6.490000000000181402e+00 5.075378385155293159e+01
6.510000000000180975e+00 5.027463478389105944e+01
6.530000000000180549e+00 4.945045107119793215e+01
6.550000000000180123e+00 4.917636034038013548e+01
6.570000000000179696e+00 4.880768575759559980e+01
6.590000000000179270e+00 4.805414313229226053e+01
6.610000000000178844e+00 4.760487394859536181e+01
6.630000000000178417e+00 4.738074981000296759e+01
6.650000000000177991e+00 4.689569768153441487e+01
6.670000000000177565e+00 4.665844843912428530e+01
6.690000000000177138e+00 4.612841557001961235e+01
6.710000000000176712e+00 4.571121720394408783e+01
6.730000000000176286e+00 4.504879350085678169e+01
6.750000000000175859e+00 4.445508157941551985e+01
6.770000000000175433e+00 4.401436653181401937e+01
6.790000000000175007e+00 4.376143042253779214e+01
6.810000000000174580e+00 4.293543904353394680e+01
6.830000000000174154e+00 4.229833909092365474e+01
6.850000000000173728e+00 4.217939093254807403e+01
6.870000000000173301e+00 4.173266522539091739e+01
6.890000000000172875e+00 4.154584243171586877e+01
6.910000000000172449e+00 4.099390352257304926e+01
6.930000000000172022e+00 4.080368618422362914e+01
6.950000000000171596e+00 4.028029437611872510e+01
6.970000000000171170e+00 3.996169442405152239e+01
6.990000000000170743e+00 3.971552027693071096e+01
7.010000000000170317e+00 3.959659941678787476e+01
7.030000000000169891e+00 3.899615724820808538e+01
7.050000000000169464e+00 3.871073200740466547e+01
7.070000000000169038e+00 3.832956517749522618e+01
7.090000000000168612e+00 3.803944015735910256e+01
7.110000000000168185e+00 3.787517604571404206e+01
7.130000000000167759e+00 3.732372755032541534e+01
7.150000000000167333e+00 3.713876295065689703e+01
7.170000000000166906e+00 3.673330728245194621e+01
7.190000000000166480e+00 3.603957393397868714e+01
7.210000000000166054e+00 3.582644511877439442e+01
7.230000000000165628e+00 3.570448087463908138e+01
7.250000000000165201e+00 3.518500085961002810e+01
7.270000000000164775e+00 3.481806795943986543e+01
7.290000000000164349e+00 3.436309571180832734e+01
7.310000000000163922e+00 3.414438917893794212e+01
7.330000000000163496e+00 3.406266701613974845e+01
7.350000000000163070e+00 3.364351778283528915e+01
7.370000000000162643e+00 3.336881638732918987e+01
7.390000000000162217e+00 3.312818123811077697e+01
7.410000000000161791e+00 3.305468201737021872e+01
7.430000000000161364e+00 3.259250008074306493e+01
7.450000000000160938e+00 3.245793269346667387e+01
7.470000000000160512e+00 3.210999293873280891e+01
7.490000000000160085e+00 3.206857665722189665e+01
7.510000000000159659e+00 3.123946698724452276e+01
7.530000000000159233e+00 3.127536457226405986e+01
7.550000000000158806e+00 3.106937297343227655e+01
7.570000000000158380e+00 3.072069998881721631e+01
7.590000000000157954e+00 3.043590942206098404e+01
7.610000000000157527e+00 3.002934103599877247e+01
7.630000000000157101e+00 2.978376116910625626e+01
7.650000000000156675e+00 2.956082086006040655e+01
7.670000000000156248e+00 2.945706769451039619e+01
7.690000000000155822e+00 2.894227220912822673e+01
7.710000000000155396e+00 2.873992501369200880e+01
7.730000000000154969e+00 2.859414500785937463e+01
7.750000000000154543e+00 2.847240253536658017e+01
7.770000000000154117e+00 2.802640662437319463e+01
7.790000000000153690e+00 2.800145635843277958e+01
7.810000000000153264e+00 2.763260169725712956e+01
7.830000000000152838e+00 2.738705702710294787e+01
7.850000000000152411e+00 2.721447229675558432e+01
7.870000000000151985e+00 2.710170782349021223e+01
7.890000000000151559e+00 2.674666169803147042e+01
7.910000000000151132e+00 2.659873585177613720e+01
7.930000000000150706e+00 2.636778467194559994e+01
7.950000000000150280e+00 2.612830177444675073e+01
7.970000000000149853e+00 2.579958598880147846e+01
7.990000000000149427e+00 2.558222426004033778e+01
8.010000000000149001e+00 2.547309821371841565e+01
8.030000000000148574e+00 2.514107369141804682e+01
8.050000000000148148e+00 2.495786810103144049e+01
8.070000000000147722e+00 2.471904604495677304e+01
8.090000000000147296e+00 2.447962361852445312e+01
8.110000000000146869e+00 2.428278710500438820e+01
8.130000000000146443e+00 2.409065123638961836e+01
8.150000000000146017e+00 2.399828421434997239e+01
8.170000000000145590e+00 2.364988590148448822e+01
8.190000000000145164e+00 2.362605480339378516e+01
8.210000000000144738e+00 2.339869309281648668e+01
8.230000000000144311e+00 2.330099297360995791e+01
8.250000000000143885e+00 2.289669985737529956e+01
8.270000000000143459e+00 2.276055392252445841e+01
8.290000000000143032e+00 2.256351075306637810e+01
8.310000000000142606e+00 2.237680750271841390e+01
8.330000000000142180e+00 2.219491730805490093e+01
8.350000000000141753e+00 2.193485773622250790e+01
8.370000000000141327e+00 2.183779380365076861e+01
8.390000000000140901e+00 2.157545110718387349e+01
8.410000000000140474e+00 2.142743121855827937e+01
8.430000000000140048e+00 2.120186621225024837e+01
8.450000000000139622e+00 2.100873094359519300e+01
8.470000000000139195e+00 2.083955829526460235e+01
8.490000000000138769e+00 2.070805062593391099e+01
8.510000000000138343e+00 2.049343917942302440e+01
8.530000000000137916e+00 2.038542686897163847e+01
8.550000000000137490e+00 2.020733081279696464e+01
8.570000000000137064e+00 2.001619312437188114e+01
8.590000000000136637e+00 1.982834788544440840e+01
8.610000000000136211e+00 1.961570830713824520e+01
8.630000000000135785e+00 1.949410948381669328e+01
8.650000000000135358e+00 1.935447457660911041e+01
8.670000000000134932e+00 1.906181169198696423e+01
8.690000000000134506e+00 1.897332526061975955e+01
8.710000000000134079e+00 1.877593497233959141e+01
8.730000000000133653e+00 1.867030518408229867e+01
8.750000000000133227e+00 1.856426649304214749e+01
8.770000000000132800e+00 1.829107217540687103e+01
8.790000000000132374e+00 1.814661545845989110e+01
8.810000000000131948e+00 1.792226560555548431e+01
8.830000000000131521e+00 1.783767376972726382e+01
8.850000000000131095e+00 1.770898818545222753e+01
8.870000000000130669e+00 1.752314568522023208e+01
8.890000000000130242e+00 1.743078421456208815e+01
8.910000000000129816e+00 1.712096229448484763e+01
8.930000000000129390e+00 1.697424459800850371e+01
8.950000000000128964e+00 1.693511057877011083e+01
8.970000000000128537e+00 1.674835596957236206e+01
8.990000000000128111e+00 1.671686168188334065e+01
9.010000000000127685e+00 1.640938431936183761e+01
9.030000000000127258e+00 1.628038508928253947e+01
9.050000000000126832e+00 1.618975750724780838e+01
9.070000000000126406e+00 1.604561668138601505e+01
9.090000000000125979e+00 1.585841193990383680e+01
9.110000000000125553e+00 1.570785108265506658e+01
9.130000000000125127e+00 1.559372244193103008e+01
9.150000000000124700e+00 1.532937216772740641e+01
9.170000000000124274e+00 1.526397240111821674e+01
9.190000000000123848e+00 1.521777335932044650e+01
9.210000000000123421e+00 1.501960774937862908e+01
9.230000000000122995e+00 1.484809102103454492e+01
9.250000000000122569e+00 1.473061795647324779e+01
9.270000000000122142e+00 1.465480736737919010e+01
9.290000000000121716e+00 1.451949968134683644e+01
9.310000000000121290e+00 1.436180927132489415e+01
9.330000000000120863e+00 1.421640652829718476e+01
9.350000000000120437e+00 1.406852826663627454e+01
9.370000000000120011e+00 1.399390358282714431e+01
9.390000000000119584e+00 1.379833936038950526e+01
9.410000000000119158e+00 1.363135532861314303e+01
9.430000000000118732e+00 1.354119914095928401e+01
9.450000000000118305e+00 1.344592923478392166e+01
9.470000000000117879e+00 1.329455570217386651e+01
9.490000000000117453e+00 1.318138102107659648e+01
9.510000000000117026e+00 1.308102993736315689e+01
9.530000000000116600e+00 1.301234815200126782e+01
9.550000000000116174e+00 1.278976140242608572e+01
9.570000000000115747e+00 1.267915365452572729e+01
9.590000000000115321e+00 1.262695398180424888e+01
9.610000000000114895e+00 1.245622247420529050e+01
9.630000000000114468e+00 1.230456009727150324e+01
9.650000000000114042e+00 1.223574465463412153e+01
9.670000000000113616e+00 1.210407203275201127e+01
9.690000000000113189e+00 1.203392728359877317e+01
9.710000000000112763e+00 1.194716434201319899e+01
9.730000000000112337e+00 1.172393437762458568e+01
9.750000000000111910e+00 1.167793885627843942e+01
9.770000000000111484e+00 1.161312272161134729e+01
9.790000000000111058e+00 1.137698586077299012e+01
9.810000000000110632e+00 1.128278919410635517e+01
9.830000000000110205e+00 1.120644421662526113e+01
9.850000000000109779e+00 1.114725734317434025e+01
9.870000000000109353e+00 1.104911686071899624e+01
9.890000000000108926e+00 1.087217201111871745e+01
9.910000000000108500e+00 1.083715289773185297e+01
9.930000000000108074e+00 1.070394806597626136e+01
9.950000000000107647e+00 1.063345526103467442e+01
9.970000000000107221e+00 1.048656239348701824e+01
9.990000000000106795e+00 1.036496013192138044e+01
1.001000000000010637e+01 1.028449085981918643e+01
1.003000000000010594e+01 1.015361036978634957e+01
1.005000000000010552e+01 1.007497070733490219e+01
1.007000000000010509e+01 9.971400472878638510e+00
1.009000000000010466e+01 9.904660303770484120e+00
1.011000000000010424e+01 9.879736153196914117e+00
1.013000000000010381e+01 9.697535884546400808e+00
1.015000000000010338e+01 9.634548906483656694e+00
1.017000000000010296e+01 9.546994504439998863e+00
1.019000000000010253e+01 9.369444988719958900e+00
1.021000000000010210e+01 9.271616405854203435e+00
1.023000000000010168e+01 9.277966589095985483e+00
1.025000000000010125e+01 9.122670087594061172e+00
1.027000000000010083e+01 9.079656002731335107e+00
1.029000000000010040e+01 8.966156151010400421e+00
1.031000000000009997e+01 8.883541866056392067e+00
1.033000000000009955e+01 8.741693935643095159e+00
1.035000000000009912e+01 8.688462315009623183e+00
1.037000000000009869e+01 8.609179765567551712e+00
1.039000000000009827e+01 8.528646238044936823e+00
1.041000000000009784e+01 8.458733341393495309e+00
1.043000000000009742e+01 8.380210821603077065e+00
1.045000000000009699e+01 8.277106188613919002e+00
1.047000000000009656e+01 8.137069525474355913e+00
1.049000000000009614e+01 8.072077897304160032e+00
1.051000000000009571e+01 8.030537698390121548e+00
1.053000000000009528e+01 7.885901873709249443e+00
1.055000000000009486e+01 7.873963768922549455e+00
1.057000000000009443e+01 7.781527146172692255e+00
1.059000000000009400e+01 7.666035371580620428e+00
1.061000000000009358e+01 7.576508843875442878e+00
1.063000000000009315e+01 7.532439166988818435e+00
1.065000000000009273e+01 7.436159296670729724e+00
1.067000000000009230e+01 7.339406213697541759e+00
1.069000000000009187e+01 7.221775648068338604e+00
1.071000000000009145e+01 7.270916111249583480e+00
1.073000000000009102e+01 7.145575289739820590e+00
1.075000000000009059e+01 7.007985770192607156e+00
1.077000000000009017e+01 6.949018239433446986e+00
1.079000000000008974e+01 6.850906950435878606e+00
1.081000000000008932e+01 6.827653750023094048e+00
1.083000000000008889e+01 6.758905102474788151e+00
1.085000000000008846e+01 6.647622942443114802e+00
1.087000000000008804e+01 6.626380135112140302e+00
1.089000000000008761e+01 6.455566034296059463e+00
1.091000000000008718e+01 6.380533036481545572e+00
1.093000000000008676e+01 6.336878025342958409e+00
1.095000000000008633e+01 6.297465810958104981e+00
1.097000000000008590e+01 6.213006954392025882e+00
1.099000000000008548e+01 6.141786711799585241e+00
1.101000000000008505e+01 6.104891089385058756e+00
1.103000000000008463e+01 5.972384075890778021e+00
1.105000000000008420e+01 5.884457301581663025e+00
1.107000000000008377e+01 5.836352906220837689e+00
1.109000000000008335e+01 5.774647543755746071e+00
1.111000000000008292e+01 5.674035463013040292e+00
1.113000000000008249e+01 5.603032895174998806e+00
1.115000000000008207e+01 5.536776421189377295e+00
1.117000000000008164e+01 5.506785277888837093e+00
1.119000000000008122e+01 5.423989910732733399e+00
1.121000000000008079e+01 5.328173142946710072e+00
1.123000000000008036e+01 5.269820999616780632e+00
1.125000000000007994e+01 5.202879134693796814e+00
1.127000000000007951e+01 5.150653134465763117e+00
1.129000000000007908e+01 5.056672196326981172e+00
1.131000000000007866e+01 4.986701820831752840e+00
1.133000000000007823e+01 4.917200285812118210e+00
1.135000000000007780e+01 4.850857761132828294e+00
1.137000000000007738e+01 4.777947648934470770e+00
1.139000000000007695e+01 4.769811315201613944e+00
1.141000000000007653e+01 4.641557033648205710e+00
1.143000000000007610e+01 4.571546799236577918e+00
1.145000000000007567e+01 4.510680184874826359e+00
1.147000000000007525e+01 4.479650648434060578e+00
1.149000000000007482e+01 4.418872223318079939e+00
1.151000000000007439e+01 4.318129624329055893e+00
1.153000000000007397e+01 4.274632831963188551e+00
1.155000000000007354e+01 4.184799898551240460e+00
1.157000000000007311e+01 4.132956469130416366e+00
1.159000000000007269e+01 4.033369206975105925e+00
1.161000000000007226e+01 4.057529128763463611e+00
1.163000000000007184e+01 3.901556943468050154e+00
1.165000000000007141e+01 3.936277470379225818e+00
1.167000000000007098e+01 3.811155066705431693e+00
1.169000000000007056e+01 3.780188049299664232e+00
1.171000000000007013e+01 3.722668151174971296e+00
1.173000000000006970e+01 3.609647407642627037e+00
1.175000000000006928e+01 3.558871290653690789e+00
1.177000000000006885e+01 3.537050918832848279e+00
1.179000000000006843e+01 3.468118808673691600e+00
1.181000000000006800e+01 3.391977346322447406e+00
1.183000000000006757e+01 3.408894285825142756e+00
1.185000000000006715e+01 3.295284866138341595e+00
1.187000000000006672e+01 3.197323989060537830e+00
1.189000000000006629e+01 3.194193751905582079e+00
1.191000000000006587e+01 3.090733059805482519e+00
1.193000000000006544e+01 3.092683233392242936e+00
1.195000000000006501e+01 3.029185799194734408e+00
1.197000000000006459e+01 2.956551476114518184e+00
1.199000000000006416e+01 2.889862489075317065e+00
1.201000000000006374e+01 2.859739920220068843e+00
1.203000000000006331e+01 2.830707829804191000e+00
1.205000000000006288e+01 2.738090388685324061e+00
1.207000000000006246e+01 2.709162942956452547e+00
1.209000000000006203e+01 2.646712374209603258e+00
1.211000000000006160e+01 2.546726263601688522e+00
1.213000000000006118e+01 2.584341122074040431e+00
1.215000000000006075e+01 2.521813849120739359e+00
1.217000000000006033e+01 2.431202377416028071e+00
1.219000000000005990e+01 2.426043687497011270e+00
1.221000000000005947e+01 2.354897401834219473e+00
1.223000000000005905e+01 2.316054304222729954e+00
1.225000000000005862e+01 2.259850614904174826e+00
1.227000000000005819e+01 2.207821408061147572e+00
1.229000000000005777e+01 2.189206972315810962e+00
1.231000000000005734e+01 2.124354773010776132e+00
1.233000000000005691e+01 2.117627658391169732e+00
1.235000000000005649e+01 2.046609215992791331e+00
1.237000000000005606e+01 1.998953696022200077e+00
1.239000000000005564e+01 1.965868495107740754e+00
1.241000000000005521e+01 1.912332939902282369e+00
1.243000000000005478e+01 1.910807459903067773e+00
1.245000000000005436e+01 1.822947520145891342e+00
1.247000000000005393e+01 1.827337259423185145e+00
1.249000000000005350e+01 1.793203016147739692e+00
1.251000000000005308e+01 1.709165494716015976e+00
1.253000000000005265e+01 1.677836122500148797e+00
1.255000000000005222e+01 1.676497725487865464e+00
1.257000000000005180e+01 1.601434658233107378e+00
1.259000000000005137e+01 1.604919952323986987e+00
1.261000000000005095e+01 1.562812705916118317e+00
1.263000000000005052e+01 1.534091783801728948e+00
1.265000000000005009e+01 1.505462762273441779e+00
1.267000000000004967e+01 1.453241525393563327e+00
1.269000000000004924e+01 1.408705485759674136e+00
1.271000000000004881e+01 1.383738056967846131e+00
1.273000000000004839e+01 1.386294467882141834e+00
1.275000000000004796e+01 1.301334698903665377e+00
1.277000000000004754e+01 1.348787093032572937e+00
1.279000000000004711e+01 1.277550652193238268e+00
1.281000000000004668e+01 1.234288320296847319e+00
1.283000000000004626e+01 1.229360122024264035e+00
1.285000000000004583e+01 1.184207606396840529e+00
1.287000000000004540e+01 1.178678468258570478e+00
1.289000000000004498e+01 1.157024850483472145e+00
1.291000000000004455e+01 1.128146336390569271e+00
1.293000000000004412e+01 1.095349035750713629e+00
1.295000000000004370e+01 1.062899384335001640e+00
1.297000000000004327e+01 1.050884668309258974e+00
1.299000000000004285e+01 1.027869291861675416e+00
1.301000000000004242e+01 1.011361788428163377e+00
1.303000000000004199e+01 9.904857384455123537e-01
1.305000000000004157e+01 9.468897612433204714e-01
1.307000000000004114e+01 9.412243691288475489e-01
1.309000000000004071e+01 9.253471061252035446e-01
1.311000000000004029e+01 9.158774503330233685e-01
1.313000000000003986e+01 9.062713613259186785e-01
1.315000000000003944e+01 8.473013051380414717e-01
1.317000000000003901e+01 8.475394726166450843e-01
1.319000000000003858e+01 8.188194592762471080e-01
1.321000000000003816e+01 8.115933991150624527e-01
1.323000000000003773e+01 7.890186365461224760e-01
1.325000000000003730e+01 7.925544110916479257e-01
1.327000000000003688e+01 7.443481926682474770e-01
1.329000000000003645e+01 7.970894872598742742e-01
1.331000000000003602e+01 7.278054640646747231e-01
1.333000000000003560e+01 7.042967506496446983e-01
1.335000000000003517e+01 7.069444382681959738e-01
1.337000000000003475e+01 7.037762266497544772e-01
1.339000000000003432e+01 6.770342840867212830e-01
1.341000000000003389e+01 6.765813845284980310e-01
1.343000000000003347e+01 6.432537055684067751e-01
1.345000000000003304e+01 6.366140217836242510e-01
1.347000000000003261e+01 6.489899100708009794e-01
1.349000000000003219e+01 6.013772049516102891e-01
1.351000000000003176e+01 6.120333110796107867e-01
1.353000000000003133e+01 5.973110090844515607e-01
1.355000000000003091e+01 5.880127971879929305e-01
1.357000000000003048e+01 5.638451540643768523e-01
1.359000000000003006e+01 5.631563762459396161e-01
1.361000000000002963e+01 5.345136027299172143e-01
1.363000000000002920e+01 5.576276522939014324e-01
1.365000000000002878e+01 5.373370413275717627e-01
1.367000000000002835e+01 5.169994382591206472e-01
1.369000000000002792e+01 4.988181871517615718e-01
1.371000000000002750e+01 4.924635097370376191e-01
1.373000000000002707e+01 4.748472498474508585e-01
1.375000000000002665e+01 4.974940121695282658e-01
1.377000000000002622e+01 4.600698412924009717e-01
1.379000000000002579e+01 4.547800503672168038e-01
1.381000000000002537e+01 4.193649410748807593e-01
1.383000000000002494e+01 4.143195863629095532e-01
1.385000000000002451e+01 3.907803104902894953e-01
1.387000000000002409e+01 3.734825102643161143e-01
1.389000000000002366e+01 3.741827197977504182e-01
1.391000000000002323e+01 3.372993890735217493e-01
1.393000000000002281e+01 3.259238188794467139e-01
1.395000000000002238e+01 3.111177143012157642e-01
1.397000000000002196e+01 2.852536943661401203e-01
1.399000000000002153e+01 2.331467497200429562e-01
1.401000000000002110e+01 1.904145953161718585e-01
1.403000000000002068e+01 1.680200803769497930e-01
1.405000000000002025e+01 1.760328139141139336e-01
1.407000000000001982e+01 1.548959632416499754e-01
1.409000000000001940e+01 1.408262150159694803e-01
1.411000000000001897e+01 1.474275418282925965e-01
1.413000000000001855e+01 1.302227668687932494e-01
1.415000000000001812e+01 1.125292237585039795e-01
1.417000000000001769e+01 1.088564302247794213e-01
1.419000000000001727e+01 8.889297314167335373e-02
1.421000000000001684e+01 8.752500721766033609e-02
1.423000000000001641e+01 7.909189648003386863e-02
1.425000000000001599e+01 7.104853060630625383e-02
1.427000000000001556e+01 5.703786286369594283e-02
1.429000000000001513e+01 4.021887098084269557e-02
1.431000000000001471e+01 3.942713526018914311e-02
1.433000000000001428e+01 2.359313476306020355e-02
1.435000000000001386e+01 1.796709982082327420e-02
1.437000000000001343e+01 1.216580421032086717e-02
1.439000000000001300e+01 1.168438006500248545e-02
1.441000000000001258e+01 1.129273524419113078e-02
1.443000000000001215e+01 5.625513699214992717e-03
1.445000000000001172e+01 2.917750302174235491e-03
1.447000000000001130e+01 1.237571405053077478e-04
1.449000000000001087e+01 1.153043430653726383e-04
1.451000000000001044e+01 5.832206238798806755e-05
1.453000000000001002e+01 5.523647116826230837e-05
1.455000000000000959e+01 1.715551201900774112e-07
1.457000000000000917e+01 1.596416993216069365e-07
1.459000000000000874e+01 2.224845112120686829e-15
1.461000000000000831e+01 2.756264217687868136e-18
1.463000000000000789e+01 1.223724684616512200e-18
1.465000000000000746e+01 0.000000000000000000e+00
1.467000000000000703e+01 0.000000000000000000e+00
1.469000000000000661e+01 0.000000000000000000e+00
1.471000000000000618e+01 0.000000000000000000e+00
1.473000000000000576e+01 0.000000000000000000e+00
1.475000000000000533e+01 0.000000000000000000e+00
1.477000000000000490e+01 0.000000000000000000e+00
1.479000000000000448e+01 0.000000000000000000e+00
1.481000000000000405e+01 0.000000000000000000e+00
1.483000000000000362e+01 0.000000000000000000e+00
1.485000000000000320e+01 0.000000000000000000e+00
1.487000000000000277e+01 0.000000000000000000e+00
1.489000000000000234e+01 0.000000000000000000e+00
1.491000000000000192e+01 0.000000000000000000e+00
1.493000000000000149e+01 0.000000000000000000e+00
1.495000000000000107e+01 0.000000000000000000e+00
1.497000000000000064e+01 0.000000000000000000e+00
1.499000000000000021e+01 0.000000000000000000e+00
