# Redshift		Merger Rate Density [Gpc^-3yr^-1]
1.000000000031931770e-02 2.087492685844550806e+02
3.000000000031888964e-02 2.195118116655239078e+02
5.000000000031846331e-02 2.304454407941666148e+02
7.000000000031804392e-02 2.420696839502554667e+02
9.000000000031761760e-02 2.538245408387896589e+02
1.100000000003171913e-01 2.658455156476303500e+02
1.300000000003167511e-01 2.782967627582036130e+02
1.500000000003163247e-01 2.909836110285159521e+02
1.700000000003158984e-01 3.037595382904586927e+02
1.900000000003154721e-01 3.171359800615061886e+02
2.100000000003150458e-01 3.307843451320384247e+02
2.300000000003146194e-01 3.451701580120242738e+02
2.500000000003141931e-01 3.599869035028956432e+02
2.700000000003137668e-01 3.739726348389801274e+02
2.900000000003133405e-01 3.887576342214325109e+02
3.100000000003129141e-01 4.046932897130934634e+02
3.300000000003124878e-01 4.201794622787065805e+02
3.500000000003120615e-01 4.365864206609419966e+02
3.700000000003116352e-01 4.518316167256473932e+02
3.900000000003112088e-01 4.685511655729264362e+02
4.100000000003107825e-01 4.861104294537697683e+02
4.300000000003103562e-01 5.029962063924910467e+02
4.500000000003099299e-01 5.206150143983591079e+02
4.700000000003095035e-01 5.380606006336616929e+02
4.900000000003090772e-01 5.567009760019670921e+02
5.100000000003086509e-01 5.749492042374185985e+02
5.300000000003082246e-01 5.928879191357194713e+02
5.500000000003077982e-01 6.131852833735023296e+02
5.700000000003073719e-01 6.318008035929468633e+02
5.900000000003069456e-01 6.509629727069940373e+02
6.100000000003065193e-01 6.706738130742354542e+02
6.300000000003060929e-01 6.903133720289542907e+02
6.500000000003056666e-01 7.108812409901257752e+02
6.700000000003052403e-01 7.314145060753947973e+02
6.900000000003048140e-01 7.513815945336714321e+02
7.100000000003043876e-01 7.742428561591381140e+02
7.300000000003039613e-01 7.936160439030285261e+02
7.500000000003035350e-01 8.152750987048959814e+02
7.700000000003031086e-01 8.364233355576290023e+02
7.900000000003026823e-01 8.585594188854776121e+02
8.100000000003022560e-01 8.812053584908408084e+02
8.300000000003018297e-01 9.032372552876820464e+02
8.500000000003014033e-01 9.258894542028157275e+02
8.700000000003009770e-01 9.474284749517704540e+02
8.900000000003005507e-01 9.712573982863893889e+02
9.100000000003001244e-01 9.930701848794087709e+02
9.300000000002996980e-01 1.016856727762532500e+03
9.500000000002992717e-01 1.038713592226049059e+03
9.700000000002988454e-01 1.061968765318240003e+03
9.900000000002984191e-01 1.084811470106960996e+03
1.010000000000297993e+00 1.107060452332096702e+03
1.030000000000297566e+00 1.128208222807331140e+03
1.050000000000297140e+00 1.150684014547219476e+03
1.070000000000296714e+00 1.175576860912316306e+03
1.090000000000296287e+00 1.196580734313184394e+03
1.110000000000295861e+00 1.221095012011754307e+03
1.130000000000295435e+00 1.241465570984112674e+03
1.150000000000295008e+00 1.264482930322064703e+03
1.170000000000294582e+00 1.286545496047592451e+03
1.190000000000294156e+00 1.307566147342473414e+03
1.210000000000293729e+00 1.329466996186199367e+03
1.230000000000293303e+00 1.351280420501458366e+03
1.250000000000292877e+00 1.373525233301087837e+03
1.270000000000292451e+00 1.392990517422724906e+03
1.290000000000292024e+00 1.413451855185710656e+03
1.310000000000291598e+00 1.433008178263578657e+03
1.330000000000291172e+00 1.451704867390720437e+03
1.350000000000290745e+00 1.472080287455034295e+03
1.370000000000290319e+00 1.488473217286769341e+03
1.390000000000289893e+00 1.508375532219951310e+03
1.410000000000289466e+00 1.524320098779186310e+03
1.430000000000289040e+00 1.541640244365927174e+03
1.450000000000288614e+00 1.559080729636735214e+03
1.470000000000288187e+00 1.575419070496382574e+03
1.490000000000287761e+00 1.590836312931604425e+03
1.510000000000287335e+00 1.606268387442535868e+03
1.530000000000286908e+00 1.622125946341749568e+03
1.550000000000286482e+00 1.639301937862079740e+03
1.570000000000286056e+00 1.651755072765337900e+03
1.590000000000285629e+00 1.665064727394367765e+03
1.610000000000285203e+00 1.680949430602524444e+03
1.630000000000284777e+00 1.688519462874991177e+03
1.650000000000284350e+00 1.703796302728948604e+03
1.670000000000283924e+00 1.713519009558595599e+03
1.690000000000283498e+00 1.729457286469943938e+03
1.710000000000283071e+00 1.746726685936194144e+03
1.730000000000282645e+00 1.759034448360186389e+03
1.750000000000282219e+00 1.758882913429562677e+03
1.770000000000281792e+00 1.750890026900878183e+03
1.790000000000281366e+00 1.753847860225738714e+03
1.810000000000280940e+00 1.749562276532617943e+03
1.830000000000280513e+00 1.750195057172331417e+03
1.850000000000280087e+00 1.746985392343364083e+03
1.870000000000279661e+00 1.749991530994709819e+03
1.890000000000279234e+00 1.750372888712590793e+03
1.910000000000278808e+00 1.750908768378232935e+03
1.930000000000278382e+00 1.757336416825139622e+03
1.950000000000277955e+00 1.771610670687493894e+03
1.970000000000277529e+00 1.770381498643477244e+03
1.990000000000277103e+00 1.770090139614541840e+03
2.010000000000276899e+00 1.758370323173982342e+03
2.030000000000276472e+00 1.750717021333814955e+03
2.050000000000276046e+00 1.753412932425663030e+03
2.070000000000275620e+00 1.739967537309552426e+03
2.090000000000275193e+00 1.732522717282307212e+03
2.110000000000274767e+00 1.730282523038158843e+03
2.130000000000274341e+00 1.718805831647768628e+03
2.150000000000273914e+00 1.710714846603204933e+03
2.170000000000273488e+00 1.698140280694175772e+03
2.190000000000273062e+00 1.688190303562461395e+03
2.210000000000272635e+00 1.675359854972885842e+03
2.230000000000272209e+00 1.654953901810668867e+03
2.250000000000271783e+00 1.624881877078557181e+03
2.270000000000271356e+00 1.594648490827592695e+03
2.290000000000270930e+00 1.576457002922216361e+03
2.310000000000270504e+00 1.556835648851301130e+03
2.330000000000270077e+00 1.543656438391167285e+03
2.350000000000269651e+00 1.528092600301104312e+03
2.370000000000269225e+00 1.512325077238683434e+03
2.390000000000268798e+00 1.496852689195013681e+03
2.410000000000268372e+00 1.482826082047891077e+03
2.430000000000267946e+00 1.465087673801609299e+03
2.450000000000267519e+00 1.447981007792280707e+03
2.470000000000267093e+00 1.429081575363602951e+03
2.490000000000266667e+00 1.413143333454159119e+03
2.510000000000266240e+00 1.397790457047652581e+03
2.530000000000265814e+00 1.379535534743346716e+03
2.550000000000265388e+00 1.363049216810393318e+03
2.570000000000264961e+00 1.349210580163518216e+03
2.590000000000264535e+00 1.330661564228016005e+03
2.610000000000264109e+00 1.311947074627950087e+03
2.630000000000263682e+00 1.294692321468554155e+03
2.650000000000263256e+00 1.278638944299517334e+03
2.670000000000262830e+00 1.262117407526919123e+03
2.690000000000262403e+00 1.245699615475806468e+03
2.710000000000261977e+00 1.227221061370436701e+03
2.730000000000261551e+00 1.211420175113885534e+03
2.750000000000261124e+00 1.195956197783007383e+03
2.770000000000260698e+00 1.178527613713679557e+03
2.790000000000260272e+00 1.160736438319756644e+03
2.810000000000259845e+00 1.145992033846599043e+03
2.830000000000259419e+00 1.128528614187825724e+03
2.850000000000258993e+00 1.112437654806111823e+03
2.870000000000258567e+00 1.096381953854294807e+03
2.890000000000258140e+00 1.081543111240729559e+03
2.910000000000257714e+00 1.066170936773508629e+03
2.930000000000257288e+00 1.050795932440370052e+03
2.950000000000256861e+00 1.036715226721399404e+03
2.970000000000256435e+00 1.022220656651502736e+03
2.990000000000256009e+00 1.004832790883597909e+03
3.010000000000255582e+00 9.894990243400433201e+02
3.030000000000255156e+00 9.741302324813900668e+02
3.050000000000254730e+00 9.605135001658327383e+02
3.070000000000254303e+00 9.455544765531076337e+02
3.090000000000253877e+00 9.324095856598029286e+02
3.110000000000253451e+00 9.196581401232843973e+02
3.130000000000253024e+00 9.063848242869661362e+02
3.150000000000252598e+00 8.920330378729498761e+02
3.170000000000252172e+00 8.812337813231949895e+02
3.190000000000251745e+00 8.686967973187101961e+02
3.210000000000251319e+00 8.563838921680902558e+02
3.230000000000250893e+00 8.455032849559083843e+02
3.250000000000250466e+00 8.337242229297661424e+02
3.270000000000250040e+00 8.196283791937242995e+02
3.290000000000249614e+00 8.077708895921624617e+02
3.310000000000249187e+00 7.920746818473477333e+02
3.330000000000248761e+00 7.771208074404497665e+02
3.350000000000248335e+00 7.629618356094675846e+02
3.370000000000247908e+00 7.500788677991087070e+02
3.390000000000247482e+00 7.368338479644160088e+02
3.410000000000247056e+00 7.258716395683979954e+02
3.430000000000246629e+00 7.145723048316940549e+02
3.450000000000246203e+00 7.013204630750751676e+02
3.470000000000245777e+00 6.931274828108550992e+02
3.490000000000245350e+00 6.828552510988920403e+02
3.510000000000244924e+00 6.731967646111177146e+02
3.530000000000244498e+00 6.632992585897831077e+02
3.550000000000244071e+00 6.538353286052695239e+02
3.570000000000243645e+00 6.485180749088881385e+02
3.590000000000243219e+00 6.401106413531517774e+02
3.610000000000242792e+00 6.349233188107212982e+02
3.630000000000242366e+00 6.241786313283463414e+02
3.650000000000241940e+00 6.118170936367466766e+02
3.670000000000241513e+00 6.016782906926249552e+02
3.690000000000241087e+00 5.903440804675519757e+02
3.710000000000240661e+00 5.810671596314584804e+02
3.730000000000240234e+00 5.708489160143602703e+02
3.750000000000239808e+00 5.618374083407211401e+02
3.770000000000239382e+00 5.545586613136215419e+02
3.790000000000238956e+00 5.476031125657613075e+02
3.810000000000238529e+00 5.395175628584094056e+02
3.830000000000238103e+00 5.326167425853678878e+02
3.850000000000237677e+00 5.282796113961821902e+02
3.870000000000237250e+00 5.179094754549431627e+02
3.890000000000236824e+00 5.110791977579432910e+02
3.910000000000236398e+00 5.039122957570858716e+02
3.930000000000235971e+00 4.969137514882722257e+02
3.950000000000235545e+00 4.899689170277660537e+02
3.970000000000235119e+00 4.822229381629477416e+02
3.990000000000234692e+00 4.750922418551796795e+02
4.010000000000234266e+00 4.664321050609653980e+02
4.030000000000233840e+00 4.598364126063719368e+02
4.050000000000233413e+00 4.533037685175577280e+02
4.070000000000232987e+00 4.458192060526351383e+02
4.090000000000232561e+00 4.388515952946931975e+02
4.110000000000232134e+00 4.334470833248125246e+02
4.130000000000231708e+00 4.302335901538543226e+02
4.150000000000231282e+00 4.240591547771484784e+02
4.170000000000230855e+00 4.176220012466167759e+02
4.190000000000230429e+00 4.144768891545655265e+02
4.210000000000230003e+00 4.073973827410248987e+02
4.230000000000229576e+00 4.051972762522262883e+02
4.250000000000229150e+00 3.967581568833211350e+02
4.270000000000228724e+00 3.907633947887644581e+02
4.290000000000228297e+00 3.846610789648390778e+02
4.310000000000227871e+00 3.792805744863737232e+02
4.330000000000227445e+00 3.737382605206797734e+02
4.350000000000227018e+00 3.692635117655358385e+02
4.370000000000226592e+00 3.632832143432734711e+02
4.390000000000226166e+00 3.588688217494498645e+02
4.410000000000225739e+00 3.551114800307116184e+02
4.430000000000225313e+00 3.500053592890716914e+02
4.450000000000224887e+00 3.461204899362888909e+02
4.470000000000224460e+00 3.427050097534486213e+02
4.490000000000224034e+00 3.392909258356594933e+02
4.510000000000223608e+00 3.362264415147274121e+02
4.530000000000223181e+00 3.318484506061377033e+02
4.550000000000222755e+00 3.281896157690009090e+02
4.570000000000222329e+00 3.239117718824334133e+02
4.590000000000221902e+00 3.200507178681618257e+02
4.610000000000221476e+00 3.172893514501272989e+02
4.630000000000221050e+00 3.136373834652528103e+02
4.650000000000220624e+00 3.108318035273188684e+02
4.670000000000220197e+00 3.057261035041013315e+02
4.690000000000219771e+00 3.020685980554105754e+02
4.710000000000219345e+00 2.977513745081918159e+02
4.730000000000218918e+00 2.925835980955020545e+02
4.750000000000218492e+00 2.896952733857633007e+02
4.770000000000218066e+00 2.860793310247806289e+02
4.790000000000217639e+00 2.826737576869953159e+02
4.810000000000217213e+00 2.787795442717231253e+02
4.830000000000216787e+00 2.763592483106748432e+02
4.850000000000216360e+00 2.733336956546127112e+02
4.870000000000215934e+00 2.717704868195046402e+02
4.890000000000215508e+00 2.684781948161787568e+02
4.910000000000215081e+00 2.657823277387865346e+02
4.930000000000214655e+00 2.631695212170666878e+02
4.950000000000214229e+00 2.598488907349788519e+02
4.970000000000213802e+00 2.576957983901456828e+02
4.990000000000213376e+00 2.550700448525041679e+02
5.010000000000212950e+00 2.504942192390728053e+02
5.030000000000212523e+00 2.486267445031628540e+02
5.050000000000212097e+00 2.450421008281312822e+02
5.070000000000211671e+00 2.416080847550421993e+02
5.090000000000211244e+00 2.390730774061536010e+02
5.110000000000210818e+00 2.363180410962615667e+02
5.130000000000210392e+00 2.321019352461512995e+02
5.150000000000209965e+00 2.288651011027022548e+02
5.170000000000209539e+00 2.255485354171530048e+02
5.190000000000209113e+00 2.231712130057311185e+02
5.210000000000208686e+00 2.196469134921165391e+02
5.230000000000208260e+00 2.176749800090234146e+02
5.250000000000207834e+00 2.158613583224487513e+02
5.270000000000207407e+00 2.127280637720868413e+02
5.290000000000206981e+00 2.111919881128640100e+02
5.310000000000206555e+00 2.091376785454944525e+02
5.330000000000206128e+00 2.065074420267593780e+02
5.350000000000205702e+00 2.037366909674061901e+02
5.370000000000205276e+00 2.026084904594647469e+02
5.390000000000204849e+00 2.010697406382741690e+02
5.410000000000204423e+00 1.985981646595965060e+02
5.430000000000203997e+00 1.966963768093666260e+02
5.450000000000203570e+00 1.946086402430851479e+02
5.470000000000203144e+00 1.920389715813399789e+02
5.490000000000202718e+00 1.902895082397519104e+02
5.510000000000202292e+00 1.875493818352898074e+02
5.530000000000201865e+00 1.858743794381057910e+02
5.550000000000201439e+00 1.836328229108587777e+02
5.570000000000201013e+00 1.817434004985902902e+02
5.590000000000200586e+00 1.802591237798723682e+02
5.610000000000200160e+00 1.783175920466941307e+02
5.630000000000199734e+00 1.761717798603435199e+02
5.650000000000199307e+00 1.736027358149179065e+02
5.670000000000198881e+00 1.712434065277059574e+02
5.690000000000198455e+00 1.695072303362962316e+02
5.710000000000198028e+00 1.671205043563765571e+02
5.730000000000197602e+00 1.655464905730287910e+02
5.750000000000197176e+00 1.638407440372158703e+02
5.770000000000196749e+00 1.627314826279122997e+02
5.790000000000196323e+00 1.600042699545049629e+02
5.810000000000195897e+00 1.586772056466877530e+02
5.830000000000195470e+00 1.569447867756275343e+02
5.850000000000195044e+00 1.550241171177438844e+02
5.870000000000194618e+00 1.533555723673453031e+02
5.890000000000194191e+00 1.521697142784832693e+02
5.910000000000193765e+00 1.507975454656730676e+02
5.930000000000193339e+00 1.491770944702992949e+02
5.950000000000192912e+00 1.481045896240880495e+02
5.970000000000192486e+00 1.454031539966936180e+02
5.990000000000192060e+00 1.445271880003875822e+02
6.010000000000191633e+00 1.429257843305703943e+02
6.030000000000191207e+00 1.415645826250428172e+02
6.050000000000190781e+00 1.401637410141306077e+02
6.070000000000190354e+00 1.387414449571512023e+02
6.090000000000189928e+00 1.368623670377567123e+02
6.110000000000189502e+00 1.353707587723574193e+02
6.130000000000189075e+00 1.338889309728647845e+02
6.150000000000188649e+00 1.324741981592713955e+02
6.170000000000188223e+00 1.308583842401413904e+02
6.190000000000187796e+00 1.289151202277639356e+02
6.210000000000187370e+00 1.269932156472582108e+02
6.230000000000186944e+00 1.250749301863809535e+02
6.250000000000186517e+00 1.236697544146237675e+02
6.270000000000186091e+00 1.217909844760913387e+02
6.290000000000185665e+00 1.208267356110515749e+02
6.310000000000185238e+00 1.196137253759429768e+02
6.330000000000184812e+00 1.186267704242388987e+02
6.350000000000184386e+00 1.169869413622111978e+02
6.370000000000183960e+00 1.157299824499627050e+02
6.390000000000183533e+00 1.143835467914710051e+02
6.410000000000183107e+00 1.134054750755866792e+02
6.430000000000182681e+00 1.126726692919010873e+02
6.450000000000182254e+00 1.113291192855209886e+02
6.470000000000181828e+00 1.107558891061004260e+02
6.490000000000181402e+00 1.091669106142668824e+02
6.510000000000180975e+00 1.086755918338957372e+02
6.530000000000180549e+00 1.068914307471413281e+02
6.550000000000180123e+00 1.057339533961592224e+02
6.570000000000179696e+00 1.050745590450005267e+02
6.590000000000179270e+00 1.039416307251574239e+02
6.610000000000178844e+00 1.025750106714751837e+02
6.630000000000178417e+00 1.014993605526562561e+02
6.650000000000177991e+00 1.015513473026185238e+02
6.670000000000177565e+00 9.992373515750222168e+01
6.690000000000177138e+00 9.843101783310143560e+01
6.710000000000176712e+00 9.682140543825872214e+01
6.730000000000176286e+00 9.630260113115173226e+01
6.750000000000175859e+00 9.449160602305222767e+01
6.770000000000175433e+00 9.330003257496896651e+01
6.790000000000175007e+00 9.266124451345002910e+01
6.810000000000174580e+00 9.152052318643065121e+01
6.830000000000174154e+00 9.071818471571155840e+01
6.850000000000173728e+00 8.902213206326263162e+01
6.870000000000173301e+00 8.833487655672801964e+01
6.890000000000172875e+00 8.753083814793252770e+01
6.910000000000172449e+00 8.661601053958389684e+01
6.930000000000172022e+00 8.593372738435411406e+01
6.950000000000171596e+00 8.475699340511093283e+01
6.970000000000171170e+00 8.477952915398202549e+01
6.990000000000170743e+00 8.381711300821068278e+01
7.010000000000170317e+00 8.278734518793139330e+01
7.030000000000169891e+00 8.181419417040808639e+01
7.050000000000169464e+00 8.094825586127751649e+01
7.070000000000169038e+00 7.983263856404886383e+01
7.090000000000168612e+00 7.972444910902014215e+01
7.110000000000168185e+00 7.867527526791307935e+01
7.130000000000167759e+00 7.789530103764607816e+01
7.150000000000167333e+00 7.716871754121606841e+01
7.170000000000166906e+00 7.682407517055938229e+01
7.190000000000166480e+00 7.596569431276040518e+01
7.210000000000166054e+00 7.478907413176379748e+01
7.230000000000165628e+00 7.431381441406837496e+01
7.250000000000165201e+00 7.310985207202783442e+01
7.270000000000164775e+00 7.208752348246008523e+01
7.290000000000164349e+00 7.170813187000361211e+01
7.310000000000163922e+00 7.049305494469085431e+01
7.330000000000163496e+00 7.032384683650916202e+01
7.350000000000163070e+00 6.932438803160019347e+01
7.370000000000162643e+00 6.905025150319477234e+01
7.390000000000162217e+00 6.820606198664916064e+01
7.410000000000161791e+00 6.748894861160778191e+01
7.430000000000161364e+00 6.663127856320140552e+01
7.450000000000160938e+00 6.652046972966378746e+01
7.470000000000160512e+00 6.565778175944750217e+01
7.490000000000160085e+00 6.505733545339754187e+01
7.510000000000159659e+00 6.463806723546441901e+01
7.530000000000159233e+00 6.406496369692244741e+01
7.550000000000158806e+00 6.344023338314856630e+01
7.570000000000158380e+00 6.285777765984039434e+01
7.590000000000157954e+00 6.202375715807628609e+01
7.610000000000157527e+00 6.109035885983094261e+01
7.630000000000157101e+00 6.083904609631326110e+01
7.650000000000156675e+00 5.996834247688707364e+01
7.670000000000156248e+00 5.967248798221756800e+01
7.690000000000155822e+00 5.919375214759597270e+01
7.710000000000155396e+00 5.855623360333414240e+01
7.730000000000154969e+00 5.787107717285510944e+01
7.750000000000154543e+00 5.708160562316040654e+01
7.770000000000154117e+00 5.630610952977212236e+01
7.790000000000153690e+00 5.603985912502040634e+01
7.810000000000153264e+00 5.537708521151651553e+01
7.830000000000152838e+00 5.488773142501058544e+01
7.850000000000152411e+00 5.452674027077144814e+01
7.870000000000151985e+00 5.391695614452299168e+01
7.890000000000151559e+00 5.384768529029000916e+01
7.910000000000151132e+00 5.290677203514297844e+01
7.930000000000150706e+00 5.235194605878101726e+01
7.950000000000150280e+00 5.155768937711372502e+01
7.970000000000149853e+00 5.095084744940762533e+01
7.990000000000149427e+00 5.057920082506434056e+01
8.010000000000149001e+00 5.015342774238916945e+01
8.030000000000148574e+00 4.974471371198145420e+01
8.050000000000148148e+00 4.922985837658966801e+01
8.070000000000147722e+00 4.856451011575367716e+01
8.090000000000147296e+00 4.849102634283043756e+01
8.110000000000146869e+00 4.763307864427759597e+01
8.130000000000146443e+00 4.716418309440082623e+01
8.150000000000146017e+00 4.683420961241886715e+01
8.170000000000145590e+00 4.624185554186988156e+01
8.190000000000145164e+00 4.591606923154565578e+01
8.210000000000144738e+00 4.530708055552226199e+01
8.230000000000144311e+00 4.500940473944671538e+01
8.250000000000143885e+00 4.426748890086779653e+01
8.270000000000143459e+00 4.390762785623009989e+01
8.290000000000143032e+00 4.359085978304700859e+01
8.310000000000142606e+00 4.308447358502004221e+01
8.330000000000142180e+00 4.279996127791687144e+01
8.350000000000141753e+00 4.231927959850047927e+01
8.370000000000141327e+00 4.187469614622747116e+01
8.390000000000140901e+00 4.135911278867539664e+01
8.410000000000140474e+00 4.110544652325918946e+01
8.430000000000140048e+00 4.079133512617404733e+01
8.450000000000139622e+00 4.032433820190166784e+01
8.470000000000139195e+00 3.983609170782158770e+01
8.490000000000138769e+00 3.939572047287156664e+01
8.510000000000138343e+00 3.946729904569087211e+01
8.530000000000137916e+00 3.892322008751406770e+01
8.550000000000137490e+00 3.875729416076990930e+01
8.570000000000137064e+00 3.814012554694075874e+01
8.590000000000136637e+00 3.796944633011671044e+01
8.610000000000136211e+00 3.766479217671533064e+01
8.630000000000135785e+00 3.740309260375976663e+01
8.650000000000135358e+00 3.710029445889163924e+01
8.670000000000134932e+00 3.685470183700716973e+01
8.690000000000134506e+00 3.647013097933851355e+01
8.710000000000134079e+00 3.616774010398700057e+01
8.730000000000133653e+00 3.580031585164115171e+01
8.750000000000133227e+00 3.565363489506912487e+01
8.770000000000132800e+00 3.523098529440769511e+01
8.790000000000132374e+00 3.498975072438101108e+01
8.810000000000131948e+00 3.475025070206051936e+01
8.830000000000131521e+00 3.446553375773625305e+01
8.850000000000131095e+00 3.451309250446056609e+01
8.870000000000130669e+00 3.414102129201646108e+01
8.890000000000130242e+00 3.402448427239421846e+01
8.910000000000129816e+00 3.361409315125623465e+01
8.930000000000129390e+00 3.335302607946995579e+01
8.950000000000128964e+00 3.320895366401033755e+01
8.970000000000128537e+00 3.314294118430166236e+01
8.990000000000128111e+00 3.281828735976650790e+01
9.010000000000127685e+00 3.249522990013566925e+01
9.030000000000127258e+00 3.231645283486048470e+01
9.050000000000126832e+00 3.214490983519196732e+01
9.070000000000126406e+00 3.185636659870707632e+01
9.090000000000125979e+00 3.145383691786861746e+01
9.110000000000125553e+00 3.124284223485383905e+01
9.130000000000125127e+00 3.112494052907323194e+01
9.150000000000124700e+00 3.062036585539711098e+01
9.170000000000124274e+00 3.062367960045659743e+01
9.190000000000123848e+00 3.028934168478843247e+01
9.210000000000123421e+00 2.998992904826804562e+01
9.230000000000122995e+00 2.997303083305815008e+01
9.250000000000122569e+00 2.967013530688847567e+01
9.270000000000122142e+00 2.932836688024844918e+01
9.290000000000121716e+00 2.916314136343041596e+01
9.310000000000121290e+00 2.880259471987265130e+01
9.330000000000120863e+00 2.857980671488358837e+01
9.350000000000120437e+00 2.812055781938493126e+01
9.370000000000120011e+00 2.782272993281275575e+01
9.390000000000119584e+00 2.749263514991231006e+01
9.410000000000119158e+00 2.707414044019042265e+01
9.430000000000118732e+00 2.675464955996005401e+01
9.450000000000118305e+00 2.650964545282854345e+01
9.470000000000117879e+00 2.609391706419162560e+01
9.490000000000117453e+00 2.586621715617139827e+01
9.510000000000117026e+00 2.560759665943655961e+01
9.530000000000116600e+00 2.506510473109883463e+01
9.550000000000116174e+00 2.461468143498250072e+01
9.570000000000115747e+00 2.421415704382328471e+01
9.590000000000115321e+00 2.392117890192702845e+01
9.610000000000114895e+00 2.349421207130690448e+01
9.630000000000114468e+00 2.297756407404233059e+01
9.650000000000114042e+00 2.264648300998581476e+01
9.670000000000113616e+00 2.216306190081804672e+01
9.690000000000113189e+00 2.170722071036422562e+01
9.710000000000112763e+00 2.131172565123962315e+01
9.730000000000112337e+00 2.082015182500497019e+01
9.750000000000111910e+00 2.034250039609519334e+01
9.770000000000111484e+00 1.981260364171535571e+01
9.790000000000111058e+00 1.941910892578437497e+01
9.810000000000110632e+00 1.898401914189226858e+01
9.830000000000110205e+00 1.843905388898395259e+01
9.850000000000109779e+00 1.797191574992490359e+01
9.870000000000109353e+00 1.757101090118426612e+01
9.890000000000108926e+00 1.703034241497173795e+01
9.910000000000108500e+00 1.650865791738697297e+01
9.930000000000108074e+00 1.608728060800459758e+01
9.950000000000107647e+00 1.552124941460044560e+01
9.970000000000107221e+00 1.496058907033862795e+01
9.990000000000106795e+00 1.473618486670503636e+01
1.001000000000010637e+01 1.422949342161933117e+01
1.003000000000010594e+01 1.369528418671654002e+01
1.005000000000010552e+01 1.324610998854454280e+01
1.007000000000010509e+01 1.283675332612097719e+01
1.009000000000010466e+01 1.237462775353006350e+01
1.011000000000010424e+01 1.199024332985997354e+01
1.013000000000010381e+01 1.156773984037668690e+01
1.015000000000010338e+01 1.111523274529210070e+01
1.017000000000010296e+01 1.077361383362025471e+01
1.019000000000010253e+01 1.043874444646664301e+01
1.021000000000010210e+01 1.004379544608057984e+01
1.023000000000010168e+01 9.715388244662179318e+00
1.025000000000010125e+01 9.358490819165693253e+00
1.027000000000010083e+01 9.199770746359918761e+00
1.029000000000010040e+01 8.799819844434990657e+00
1.031000000000009997e+01 8.539751676065753472e+00
1.033000000000009955e+01 8.188309283457794407e+00
1.035000000000009912e+01 8.048798851839890744e+00
1.037000000000009869e+01 7.834997103201478019e+00
1.039000000000009827e+01 7.651635866517961126e+00
1.041000000000009784e+01 7.500676564879772634e+00
1.043000000000009742e+01 7.301535740505493699e+00
1.045000000000009699e+01 7.212507595095080326e+00
1.047000000000009656e+01 7.127666679785293447e+00
1.049000000000009614e+01 6.954486062627589504e+00
1.051000000000009571e+01 6.920491387870582933e+00
1.053000000000009528e+01 6.891803906244297728e+00
1.055000000000009486e+01 6.798561633546679417e+00
1.057000000000009443e+01 6.816784213834264250e+00
1.059000000000009400e+01 6.716130936108784866e+00
1.061000000000009358e+01 6.794278457535579463e+00
1.063000000000009315e+01 6.876449953992454844e+00
1.065000000000009273e+01 6.878034468345023633e+00
1.067000000000009230e+01 6.987353993013432962e+00
1.069000000000009187e+01 6.974620995645245181e+00
1.071000000000009145e+01 7.032614003067517494e+00
1.073000000000009102e+01 7.230118828165642775e+00
1.075000000000009059e+01 7.300161395512413165e+00
1.077000000000009017e+01 7.356806295582832611e+00
1.079000000000008974e+01 7.476486371704395673e+00
1.081000000000008932e+01 7.661688856553800164e+00
1.083000000000008889e+01 7.746696981617516187e+00
1.085000000000008846e+01 7.883215682305301009e+00
1.087000000000008804e+01 8.008779885076990013e+00
1.089000000000008761e+01 8.208167810250008856e+00
1.091000000000008718e+01 8.313544015881898730e+00
1.093000000000008676e+01 8.347923074385924735e+00
1.095000000000008633e+01 8.570522665205373869e+00
1.097000000000008590e+01 8.674178418021579517e+00
1.099000000000008548e+01 8.896636133475807284e+00
1.101000000000008505e+01 9.101633463441649141e+00
1.103000000000008463e+01 9.007938712333135811e+00
1.105000000000008420e+01 9.272166666804569246e+00
1.107000000000008377e+01 9.190373579613213550e+00
1.109000000000008335e+01 9.404802716606084800e+00
1.111000000000008292e+01 9.597669743138856902e+00
1.113000000000008249e+01 9.671399067691989870e+00
1.115000000000008207e+01 9.670274815339391594e+00
1.117000000000008164e+01 9.787169452866349317e+00
1.119000000000008122e+01 9.814639796377477410e+00
1.121000000000008079e+01 9.900065258373796695e+00
1.123000000000008036e+01 9.896644452997351848e+00
1.125000000000007994e+01 1.000920001433189022e+01
1.127000000000007951e+01 9.988820808110673966e+00
1.129000000000007908e+01 9.895955688766958858e+00
1.131000000000007866e+01 1.011140624572033886e+01
1.133000000000007823e+01 1.005951249233101308e+01
1.135000000000007780e+01 9.924848673255077358e+00
1.137000000000007738e+01 9.905734854890340557e+00
1.139000000000007695e+01 9.928109234117087567e+00
1.141000000000007653e+01 9.835587065802512186e+00
1.143000000000007610e+01 9.795289912648577513e+00
1.145000000000007567e+01 9.825215239866494699e+00
1.147000000000007525e+01 9.646175952104750095e+00
1.149000000000007482e+01 9.511104418553522066e+00
1.151000000000007439e+01 9.317603994592786876e+00
1.153000000000007397e+01 9.377191302387249294e+00
1.155000000000007354e+01 9.191801877801106357e+00
1.157000000000007311e+01 9.113139901185002500e+00
1.159000000000007269e+01 8.933261818197598458e+00
1.161000000000007226e+01 8.848566974636760563e+00
1.163000000000007184e+01 8.550690375880328986e+00
1.165000000000007141e+01 8.471101208689161055e+00
1.167000000000007098e+01 8.284509224862297572e+00
1.169000000000007056e+01 8.100058630001997884e+00
1.171000000000007013e+01 7.854909597305556268e+00
1.173000000000006970e+01 7.778797608342678416e+00
1.175000000000006928e+01 7.516271384204277872e+00
1.177000000000006885e+01 7.331223745290150084e+00
1.179000000000006843e+01 7.108105027820625033e+00
1.181000000000006800e+01 6.974701300293927098e+00
1.183000000000006757e+01 6.695065501186808099e+00
1.185000000000006715e+01 6.447885822059876482e+00
1.187000000000006672e+01 6.200262030838945115e+00
1.189000000000006629e+01 6.050972968256800755e+00
1.191000000000006587e+01 5.759860584354440149e+00
1.193000000000006544e+01 5.623674299643639074e+00
1.195000000000006501e+01 5.336547565279332161e+00
1.197000000000006459e+01 5.215356364309779558e+00
1.199000000000006416e+01 4.878446537541109684e+00
1.201000000000006374e+01 4.689650443165130689e+00
1.203000000000006331e+01 4.487238439366624476e+00
1.205000000000006288e+01 4.242705820569113051e+00
1.207000000000006246e+01 4.040712243314341201e+00
1.209000000000006203e+01 3.870209555372706500e+00
1.211000000000006160e+01 3.694013872249748420e+00
1.213000000000006118e+01 3.412109281092467139e+00
1.215000000000006075e+01 3.309844922851613358e+00
1.217000000000006033e+01 3.036999063426343515e+00
1.219000000000005990e+01 2.854931957186769953e+00
1.221000000000005947e+01 2.753828094314696884e+00
1.223000000000005905e+01 2.572698337713835937e+00
1.225000000000005862e+01 2.401440089546774903e+00
1.227000000000005819e+01 2.228195069717310073e+00
1.229000000000005777e+01 2.077271446275030797e+00
1.231000000000005734e+01 1.929558793386460414e+00
1.233000000000005691e+01 1.819920058034218524e+00
1.235000000000005649e+01 1.681369013491862408e+00
1.237000000000005606e+01 1.568137498491005921e+00
1.239000000000005564e+01 1.460620106589394451e+00
1.241000000000005521e+01 1.339823304156423145e+00
1.243000000000005478e+01 1.239414181341881527e+00
1.245000000000005436e+01 1.145280774234693544e+00
1.247000000000005393e+01 1.052448263364230474e+00
1.249000000000005350e+01 9.739056938080777881e-01
1.251000000000005308e+01 8.922329323617100849e-01
1.253000000000005265e+01 8.077931402544042960e-01
1.255000000000005222e+01 7.604731516744815956e-01
1.257000000000005180e+01 7.019154448392119772e-01
1.259000000000005137e+01 6.377994535560864708e-01
1.261000000000005095e+01 5.890531334996922386e-01
1.263000000000005052e+01 5.329964087728840116e-01
1.265000000000005009e+01 4.775771661762794884e-01
1.267000000000004967e+01 4.549883456990803654e-01
1.269000000000004924e+01 4.210486601655114569e-01
1.271000000000004881e+01 3.849469452352078380e-01
1.273000000000004839e+01 3.409762149072169124e-01
1.275000000000004796e+01 3.222624935364412635e-01
1.277000000000004754e+01 2.969249772237319562e-01
1.279000000000004711e+01 2.698815699591682882e-01
1.281000000000004668e+01 2.727700874034585388e-01
1.283000000000004626e+01 2.244865157584118309e-01
1.285000000000004583e+01 2.164233206316734659e-01
1.287000000000004540e+01 1.918823867725794330e-01
1.289000000000004498e+01 2.088906749578528510e-01
1.291000000000004455e+01 1.684127130753674817e-01
1.293000000000004412e+01 1.824562714592428136e-01
1.295000000000004370e+01 1.545841193885650333e-01
1.297000000000004327e+01 1.482839909930933620e-01
1.299000000000004285e+01 1.348677614805298408e-01
1.301000000000004242e+01 1.526036867783384376e-01
1.303000000000004199e+01 1.242276610684018429e-01
1.305000000000004157e+01 1.267139147652357745e-01
1.307000000000004114e+01 1.283498530679091088e-01
1.309000000000004071e+01 1.111867129034044277e-01
1.311000000000004029e+01 1.164591543520970690e-01
1.313000000000003986e+01 1.162760539393116327e-01
1.315000000000003944e+01 1.018682243547696098e-01
1.317000000000003901e+01 9.894259154304189952e-02
1.319000000000003858e+01 1.092816671176561338e-01
1.321000000000003816e+01 1.018663111375426866e-01
1.323000000000003773e+01 1.114344964828584694e-01
1.325000000000003730e+01 9.444405904592535761e-02
1.327000000000003688e+01 9.620955360845818982e-02
1.329000000000003645e+01 8.308644917730240165e-02
1.331000000000003602e+01 9.974475754189732202e-02
1.333000000000003560e+01 9.500345955835583223e-02
1.335000000000003517e+01 9.175117240346007674e-02
1.337000000000003475e+01 8.809805712072890649e-02
1.339000000000003432e+01 9.603034046116470934e-02
1.341000000000003389e+01 8.989612990109696611e-02
1.343000000000003347e+01 9.367339731948563786e-02
1.345000000000003304e+01 8.470249498643631081e-02
1.347000000000003261e+01 8.713895783201501544e-02
1.349000000000003219e+01 8.072611505388402331e-02
1.351000000000003176e+01 9.182832852751651731e-02
1.353000000000003133e+01 9.308257768703555313e-02
1.355000000000003091e+01 8.190368122507039883e-02
1.357000000000003048e+01 8.171213981329397691e-02
1.359000000000003006e+01 8.685639834571499962e-02
1.361000000000002963e+01 8.299989888904954483e-02
1.363000000000002920e+01 9.012609986319700117e-02
1.365000000000002878e+01 7.659311703590743203e-02
1.367000000000002835e+01 8.745876380233377767e-02
1.369000000000002792e+01 7.310521123665190968e-02
1.371000000000002750e+01 8.583720163402522307e-02
1.373000000000002707e+01 8.781698046456556939e-02
1.375000000000002665e+01 7.970959097651489356e-02
1.377000000000002622e+01 7.396366067170517811e-02
1.379000000000002579e+01 7.927364711114767704e-02
1.381000000000002537e+01 7.582201126500989763e-02
1.383000000000002494e+01 8.603033107158666870e-02
1.385000000000002451e+01 6.016175808582882589e-02
1.387000000000002409e+01 7.006681808047454663e-02
1.389000000000002366e+01 6.230330156592110008e-02
1.391000000000002323e+01 6.428668166169537734e-02
1.393000000000002281e+01 6.393022209122363464e-02
1.395000000000002238e+01 6.623852117090427150e-02
1.397000000000002196e+01 5.397484838550019315e-02
1.399000000000002153e+01 4.327704046988962994e-02
1.401000000000002110e+01 1.584819556851198644e-02
1.403000000000002068e+01 1.081950624524242142e-02
1.405000000000002025e+01 1.345782990123305101e-02
1.407000000000001982e+01 1.070358370484580761e-02
1.409000000000001940e+01 1.321897325960410749e-02
1.411000000000001897e+01 1.318092515339877244e-02
1.413000000000001855e+01 1.052407070545799059e-02
1.415000000000001812e+01 1.067977371775511233e-02
1.417000000000001769e+01 7.892905374761484405e-03
1.419000000000001727e+01 7.897636353153457411e-03
1.421000000000001684e+01 5.269348063455473602e-03
1.423000000000001641e+01 2.683395141387450670e-03
1.425000000000001599e+01 2.671621846340301119e-03
1.427000000000001556e+01 2.659918055292876445e-03
1.429000000000001513e+01 2.648279399724447463e-03
1.431000000000001471e+01 2.636710428430788251e-03
1.433000000000001428e+01 2.625207935153895788e-03
1.435000000000001386e+01 6.818360806923034642e-09
1.437000000000001343e+01 3.786849820823999309e-09
1.439000000000001300e+01 1.926594809395957340e-09
1.441000000000001258e+01 6.872469847544645566e-10
1.443000000000001215e+01 0.000000000000000000e+00
1.445000000000001172e+01 0.000000000000000000e+00
1.447000000000001130e+01 0.000000000000000000e+00
1.449000000000001087e+01 0.000000000000000000e+00
1.451000000000001044e+01 0.000000000000000000e+00
1.453000000000001002e+01 0.000000000000000000e+00
1.455000000000000959e+01 0.000000000000000000e+00
1.457000000000000917e+01 0.000000000000000000e+00
1.459000000000000874e+01 0.000000000000000000e+00
1.461000000000000831e+01 0.000000000000000000e+00
1.463000000000000789e+01 0.000000000000000000e+00
1.465000000000000746e+01 0.000000000000000000e+00
1.467000000000000703e+01 0.000000000000000000e+00
1.469000000000000661e+01 0.000000000000000000e+00
1.471000000000000618e+01 0.000000000000000000e+00
1.473000000000000576e+01 0.000000000000000000e+00
1.475000000000000533e+01 0.000000000000000000e+00
1.477000000000000490e+01 0.000000000000000000e+00
1.479000000000000448e+01 0.000000000000000000e+00
1.481000000000000405e+01 0.000000000000000000e+00
1.483000000000000362e+01 0.000000000000000000e+00
1.485000000000000320e+01 0.000000000000000000e+00
1.487000000000000277e+01 0.000000000000000000e+00
1.489000000000000234e+01 0.000000000000000000e+00
1.491000000000000192e+01 0.000000000000000000e+00
1.493000000000000149e+01 0.000000000000000000e+00
1.495000000000000107e+01 0.000000000000000000e+00
1.497000000000000064e+01 0.000000000000000000e+00
1.499000000000000021e+01 0.000000000000000000e+00
