# Redshift		Merger Rate Density [Gpc^-3yr^-1]
1.000000000031931770e-02 9.851225330648233580e+01
3.000000000031888964e-02 1.036578162871628450e+02
5.000000000031846331e-02 1.078055494130736633e+02
7.000000000031804392e-02 1.132066770125631621e+02
9.000000000031761760e-02 1.188368911939111854e+02
1.100000000003171913e-01 1.233505736893408624e+02
1.300000000003167511e-01 1.280660337947160770e+02
1.500000000003163247e-01 1.338089241012879711e+02
1.700000000003158984e-01 1.389061558524989550e+02
1.900000000003154721e-01 1.448247494110649143e+02
2.100000000003150458e-01 1.510588424667275262e+02
2.300000000003146194e-01 1.557925946610356220e+02
2.500000000003141931e-01 1.612586616504158883e+02
2.700000000003137668e-01 1.664605146960089996e+02
2.900000000003133405e-01 1.734306697809152524e+02
3.100000000003129141e-01 1.792205072387561984e+02
3.300000000003124878e-01 1.863697776058458828e+02
3.500000000003120615e-01 1.912190416912603439e+02
3.700000000003116352e-01 1.989300268642095091e+02
3.900000000003112088e-01 2.049579592367397254e+02
4.100000000003107825e-01 2.108731001874473634e+02
4.300000000003103562e-01 2.190572074801156361e+02
4.500000000003099299e-01 2.241210221350865481e+02
4.700000000003095035e-01 2.326110227831948976e+02
4.900000000003090772e-01 2.389596828838990916e+02
5.100000000003086509e-01 2.463296150243156148e+02
5.300000000003082246e-01 2.534535769064076760e+02
5.500000000003077982e-01 2.611189020418127598e+02
5.700000000003073719e-01 2.679301344354267371e+02
5.900000000003069456e-01 2.759337335038736683e+02
6.100000000003065193e-01 2.817653657208788331e+02
6.300000000003060929e-01 2.904046417371590678e+02
6.500000000003056666e-01 2.976256471618680166e+02
6.700000000003052403e-01 3.064932302661674726e+02
6.900000000003048140e-01 3.128407466680448010e+02
7.100000000003043876e-01 3.205201252172479940e+02
7.300000000003039613e-01 3.281804015177798988e+02
7.500000000003035350e-01 3.364831020850566006e+02
7.700000000003031086e-01 3.421196585479925147e+02
7.900000000003026823e-01 3.519772315359655863e+02
8.100000000003022560e-01 3.591359934751563401e+02
8.300000000003018297e-01 3.678749841366431497e+02
8.500000000003014033e-01 3.743561486235298048e+02
8.700000000003009770e-01 3.806198788721843016e+02
8.900000000003005507e-01 3.908906904525413211e+02
9.100000000003001244e-01 3.979782460133840800e+02
9.300000000002996980e-01 4.068993551743140529e+02
9.500000000002992717e-01 4.120219865057797506e+02
9.700000000002988454e-01 4.235469130340489983e+02
9.900000000002984191e-01 4.285907214653927895e+02
1.010000000000297993e+00 4.374882352332183473e+02
1.030000000000297566e+00 4.435325383646534760e+02
1.050000000000297140e+00 4.526079943296170427e+02
1.070000000000296714e+00 4.581283239630812432e+02
1.090000000000296287e+00 4.678297983191785079e+02
1.110000000000295861e+00 4.756788907661119765e+02
1.130000000000295435e+00 4.826497374355116676e+02
1.150000000000295008e+00 4.899361574534880219e+02
1.170000000000294582e+00 4.938919725448274107e+02
1.190000000000294156e+00 5.033217305089364118e+02
1.210000000000293729e+00 5.112519220907506678e+02
1.230000000000293303e+00 5.178443352361962297e+02
1.250000000000292877e+00 5.243051158993415584e+02
1.270000000000292451e+00 5.308265055957919003e+02
1.290000000000292024e+00 5.355099716641261693e+02
1.310000000000291598e+00 5.434431843044613970e+02
1.330000000000291172e+00 5.482434784011940110e+02
1.350000000000290745e+00 5.562036969393102481e+02
1.370000000000290319e+00 5.610124789212973155e+02
1.390000000000289893e+00 5.656893811840386661e+02
1.410000000000289466e+00 5.728359231868444112e+02
1.430000000000289040e+00 5.753432655713131680e+02
1.450000000000288614e+00 5.827613969113303938e+02
1.470000000000288187e+00 5.857431897233717564e+02
1.490000000000287761e+00 5.931699055976627051e+02
1.510000000000287335e+00 5.949075970600157461e+02
1.530000000000286908e+00 6.014838147536706856e+02
1.550000000000286482e+00 6.051412085612550982e+02
1.570000000000286056e+00 6.075754644280158345e+02
1.590000000000285629e+00 6.136869146641787438e+02
1.610000000000285203e+00 6.176798639885656712e+02
1.630000000000284777e+00 6.240270401609063811e+02
1.650000000000284350e+00 6.256681775621995030e+02
1.670000000000283924e+00 6.310100822328911363e+02
1.690000000000283498e+00 6.314386410439993824e+02
1.710000000000283071e+00 6.351002065876615461e+02
1.730000000000282645e+00 6.369090564103703400e+02
1.750000000000282219e+00 6.441535845701191647e+02
1.770000000000281792e+00 6.463588423508543883e+02
1.790000000000281366e+00 6.434795990361682243e+02
1.810000000000280940e+00 6.417613782298773231e+02
1.830000000000280513e+00 6.427199496096267239e+02
1.850000000000280087e+00 6.410538400647503749e+02
1.870000000000279661e+00 6.423593280151339968e+02
1.890000000000279234e+00 6.385087717303803174e+02
1.910000000000278808e+00 6.351965137862925985e+02
1.930000000000278382e+00 6.319660446872759394e+02
1.950000000000277955e+00 6.319506713151515669e+02
1.970000000000277529e+00 6.256367805962432840e+02
1.990000000000277103e+00 6.217049575546611777e+02
2.010000000000276899e+00 6.179584498007770890e+02
2.030000000000276472e+00 6.165073716609894063e+02
2.050000000000276046e+00 6.125349401319792833e+02
2.070000000000275620e+00 6.081812274673841330e+02
2.090000000000275193e+00 6.035612939120694591e+02
2.110000000000274767e+00 6.025323207929824321e+02
2.130000000000274341e+00 5.976565859000435239e+02
2.150000000000273914e+00 5.927471876030740532e+02
2.170000000000273488e+00 5.911460067281797137e+02
2.190000000000273062e+00 5.874113757878122897e+02
2.210000000000272635e+00 5.835702018132406010e+02
2.230000000000272209e+00 5.808680240848954099e+02
2.250000000000271783e+00 5.771640817683602336e+02
2.270000000000271356e+00 5.702562976693660630e+02
2.290000000000270930e+00 5.686636312813586756e+02
2.310000000000270504e+00 5.616060630277693235e+02
2.330000000000270077e+00 5.554930571249238938e+02
2.350000000000269651e+00 5.502503744513390984e+02
2.370000000000269225e+00 5.447967466046953859e+02
2.390000000000268798e+00 5.383674459599741340e+02
2.410000000000268372e+00 5.328161745746333509e+02
2.430000000000267946e+00 5.258104636391791473e+02
2.450000000000267519e+00 5.207567060681041085e+02
2.470000000000267093e+00 5.138671549407154089e+02
2.490000000000266667e+00 5.099174127189293131e+02
2.510000000000266240e+00 5.050763644588057559e+02
2.530000000000265814e+00 4.971131443820073059e+02
2.550000000000265388e+00 4.912394681795374822e+02
2.570000000000264961e+00 4.872378088480381848e+02
2.590000000000264535e+00 4.803555423650257694e+02
2.610000000000264109e+00 4.751314274349511493e+02
2.630000000000263682e+00 4.693209457962995543e+02
2.650000000000263256e+00 4.641754807006386727e+02
2.670000000000262830e+00 4.590002017484208636e+02
2.690000000000262403e+00 4.528117781106589632e+02
2.710000000000261977e+00 4.469255221646426435e+02
2.730000000000261551e+00 4.414866939342549017e+02
2.750000000000261124e+00 4.370681396973517394e+02
2.770000000000260698e+00 4.306799500871666737e+02
2.790000000000260272e+00 4.249415493526444720e+02
2.810000000000259845e+00 4.196491774347546766e+02
2.830000000000259419e+00 4.146468040539638196e+02
2.850000000000258993e+00 4.086063894912866772e+02
2.870000000000258567e+00 4.034960807402856631e+02
2.890000000000258140e+00 3.990264043881159637e+02
2.910000000000257714e+00 3.929920723960660780e+02
2.930000000000257288e+00 3.883518672222183454e+02
2.950000000000256861e+00 3.841106452746584523e+02
2.970000000000256435e+00 3.791962669797219974e+02
2.990000000000256009e+00 3.727907850343607379e+02
3.010000000000255582e+00 3.679576869625240647e+02
3.030000000000255156e+00 3.635354209332188020e+02
3.050000000000254730e+00 3.601365792029166641e+02
3.070000000000254303e+00 3.532177498001067306e+02
3.090000000000253877e+00 3.496408297650977488e+02
3.110000000000253451e+00 3.463734732897460162e+02
3.130000000000253024e+00 3.417316098948205081e+02
3.150000000000252598e+00 3.373488583204589304e+02
3.170000000000252172e+00 3.339134830750617766e+02
3.190000000000251745e+00 3.286522123906372030e+02
3.210000000000251319e+00 3.239635726803311400e+02
3.230000000000250893e+00 3.182740660627537181e+02
3.250000000000250466e+00 3.147544704923730023e+02
3.270000000000250040e+00 3.100780943309478062e+02
3.290000000000249614e+00 3.057431229510642652e+02
3.310000000000249187e+00 3.021477492665479758e+02
3.330000000000248761e+00 2.991191987759331710e+02
3.350000000000248335e+00 2.940823017309813281e+02
3.370000000000247908e+00 2.889965207212555924e+02
3.390000000000247482e+00 2.836947856787038518e+02
3.410000000000247056e+00 2.783817168831272966e+02
3.430000000000246629e+00 2.747834375694835103e+02
3.450000000000246203e+00 2.705979621262402475e+02
3.470000000000245777e+00 2.680476445342856096e+02
3.490000000000245350e+00 2.636334314376139787e+02
3.510000000000244924e+00 2.602756158970105957e+02
3.530000000000244498e+00 2.557488771157500196e+02
3.550000000000244071e+00 2.511852612920387742e+02
3.570000000000243645e+00 2.477776613983571679e+02
3.590000000000243219e+00 2.436337689846250498e+02
3.610000000000242792e+00 2.398717412228981516e+02
3.630000000000242366e+00 2.368385174748091799e+02
3.650000000000241940e+00 2.328924819741732790e+02
3.670000000000241513e+00 2.288999253310924473e+02
3.690000000000241087e+00 2.247429720798441224e+02
3.710000000000240661e+00 2.223477275663421722e+02
3.730000000000240234e+00 2.188826892256338397e+02
3.750000000000239808e+00 2.154289830065992817e+02
3.770000000000239382e+00 2.120251560590054396e+02
3.790000000000238956e+00 2.092641573868549756e+02
3.810000000000238529e+00 2.065744057790146258e+02
3.830000000000238103e+00 2.039104660142503462e+02
3.850000000000237677e+00 2.015033963409570390e+02
3.870000000000237250e+00 1.982178727400758760e+02
3.890000000000236824e+00 1.957058741716900272e+02
3.910000000000236398e+00 1.929864261761873934e+02
3.930000000000235971e+00 1.898910158986142278e+02
3.950000000000235545e+00 1.878546193886867286e+02
3.970000000000235119e+00 1.857076371244018844e+02
3.990000000000234692e+00 1.822031767497203418e+02
4.010000000000234266e+00 1.810921157903601113e+02
4.030000000000233840e+00 1.795304022127851056e+02
4.050000000000233413e+00 1.761562665851997735e+02
4.070000000000232987e+00 1.741348275853890470e+02
4.090000000000232561e+00 1.718068294714908006e+02
4.110000000000232134e+00 1.697671678239403548e+02
4.130000000000231708e+00 1.671956781968892756e+02
4.150000000000231282e+00 1.647792581128491349e+02
4.170000000000230855e+00 1.622016788748260296e+02
4.190000000000230429e+00 1.596865970320722852e+02
4.210000000000230003e+00 1.575096767504633704e+02
4.230000000000229576e+00 1.554252451966645765e+02
4.250000000000229150e+00 1.521060724631562096e+02
4.270000000000228724e+00 1.506026113210993174e+02
4.290000000000228297e+00 1.484817670914055725e+02
4.310000000000227871e+00 1.469965215949629851e+02
4.330000000000227445e+00 1.453836326253992866e+02
4.350000000000227018e+00 1.419686825505729644e+02
4.370000000000226592e+00 1.395894492232500852e+02
4.390000000000226166e+00 1.372560082156155374e+02
4.410000000000225739e+00 1.353035047965638284e+02
4.430000000000225313e+00 1.338111240926278356e+02
4.450000000000224887e+00 1.321971048919189684e+02
4.470000000000224460e+00 1.306551329522853564e+02
4.490000000000224034e+00 1.289847635479016503e+02
4.510000000000223608e+00 1.269429958014971760e+02
4.530000000000223181e+00 1.256004709154103409e+02
4.550000000000222755e+00 1.244433222987787815e+02
4.570000000000222329e+00 1.224060355120483905e+02
4.590000000000221902e+00 1.206715331924633716e+02
4.610000000000221476e+00 1.189677247789910695e+02
4.630000000000221050e+00 1.170769882518910521e+02
4.650000000000220624e+00 1.153496248566122375e+02
4.670000000000220197e+00 1.140863187986703480e+02
4.690000000000219771e+00 1.131334792807287215e+02
4.710000000000219345e+00 1.112030096940613930e+02
4.730000000000218918e+00 1.097751964745263962e+02
4.750000000000218492e+00 1.082755096982998708e+02
4.770000000000218066e+00 1.066453230705928803e+02
4.790000000000217639e+00 1.056447564148241725e+02
4.810000000000217213e+00 1.045379255101505578e+02
4.830000000000216787e+00 1.027946501781736544e+02
4.850000000000216360e+00 1.011930259766023283e+02
4.870000000000215934e+00 1.003010101099842331e+02
4.890000000000215508e+00 9.903283838122084148e+01
4.910000000000215081e+00 9.741456061074897832e+01
4.930000000000214655e+00 9.614499561333748545e+01
4.950000000000214229e+00 9.464615907006464113e+01
4.970000000000213802e+00 9.355297729509801741e+01
4.990000000000213376e+00 9.217267263590282766e+01
5.010000000000212950e+00 9.095662164472390998e+01
5.030000000000212523e+00 9.007182353054948010e+01
5.050000000000212097e+00 8.925172361850849256e+01
5.070000000000211671e+00 8.798933301574744803e+01
5.090000000000211244e+00 8.724020288427644232e+01
5.110000000000210818e+00 8.624686900203356288e+01
5.130000000000210392e+00 8.505539901285935400e+01
5.150000000000209965e+00 8.353252518528654491e+01
5.170000000000209539e+00 8.287802713440208890e+01
5.190000000000209113e+00 8.156534117933202310e+01
5.210000000000208686e+00 8.063896830118915204e+01
5.230000000000208260e+00 7.937349266910223378e+01
5.250000000000207834e+00 7.859018431639943003e+01
5.270000000000207407e+00 7.753925816841999108e+01
5.290000000000206981e+00 7.744601349011203695e+01
5.310000000000206555e+00 7.566289995707164451e+01
5.330000000000206128e+00 7.494063093056927016e+01
5.350000000000205702e+00 7.421923131267149643e+01
5.370000000000205276e+00 7.300869114187348430e+01
5.390000000000204849e+00 7.224888404933871300e+01
5.410000000000204423e+00 7.163284570627928360e+01
5.430000000000203997e+00 7.093609671593836197e+01
5.450000000000203570e+00 7.006379836440451925e+01
5.470000000000203144e+00 6.893159786429308156e+01
5.490000000000202718e+00 6.863599096805242539e+01
5.510000000000202292e+00 6.753868117357198742e+01
5.530000000000201865e+00 6.653587397427830297e+01
5.550000000000201439e+00 6.564270501253500356e+01
5.570000000000201013e+00 6.452081860514599043e+01
5.590000000000200586e+00 6.376783813149867797e+01
5.610000000000200160e+00 6.330096464017675117e+01
5.630000000000199734e+00 6.255655244593565811e+01
5.650000000000199307e+00 6.219554301560367549e+01
5.670000000000198881e+00 6.137918818278347999e+01
5.690000000000198455e+00 6.062996247628489499e+01
5.710000000000198028e+00 5.991143927716741047e+01
5.730000000000197602e+00 5.960414033346894769e+01
5.750000000000197176e+00 5.874146866175553328e+01
5.770000000000196749e+00 5.781506297185107002e+01
5.790000000000196323e+00 5.688189559075403423e+01
5.810000000000195897e+00 5.670371561260326132e+01
5.830000000000195470e+00 5.615872896619072918e+01
5.850000000000195044e+00 5.554576866706359084e+01
5.870000000000194618e+00 5.461119903143033127e+01
5.890000000000194191e+00 5.414881537770865805e+01
5.910000000000193765e+00 5.378629728517221764e+01
5.930000000000193339e+00 5.328504910926720584e+01
5.950000000000192912e+00 5.267192418966665457e+01
5.970000000000192486e+00 5.215122693338125259e+01
5.990000000000192060e+00 5.179507664730542160e+01
6.010000000000191633e+00 5.093891723705065999e+01
6.030000000000191207e+00 5.078883305930565939e+01
6.050000000000190781e+00 5.011570109399083606e+01
6.070000000000190354e+00 4.946105301103732899e+01
6.090000000000189928e+00 4.947307164889135578e+01
6.110000000000189502e+00 4.886847993978108207e+01
6.130000000000189075e+00 4.804775812048109174e+01
6.150000000000188649e+00 4.755499515667615640e+01
6.170000000000188223e+00 4.686595840578974759e+01
6.190000000000187796e+00 4.651950875750858216e+01
6.210000000000187370e+00 4.592529965309507389e+01
6.230000000000186944e+00 4.580217499420483307e+01
6.250000000000186517e+00 4.486658479216863071e+01
6.270000000000186091e+00 4.457145069417441618e+01
6.290000000000185665e+00 4.418766697099750473e+01
6.310000000000185238e+00 4.394120679044951316e+01
6.330000000000184812e+00 4.339683150756167151e+01
6.350000000000184386e+00 4.267522222642779184e+01
6.370000000000183960e+00 4.248599996659596911e+01
6.390000000000183533e+00 4.182709752177275675e+01
6.410000000000183107e+00 4.169803009343943501e+01
6.430000000000182681e+00 4.169623442668628144e+01
6.450000000000182254e+00 4.100216593082292604e+01
6.470000000000181828e+00 4.069264928621999644e+01
6.490000000000181402e+00 4.063829482353422407e+01
6.510000000000180975e+00 4.001832630594257267e+01
6.530000000000180549e+00 3.961607837225230355e+01
6.550000000000180123e+00 3.902825725932228096e+01
6.570000000000179696e+00 3.871487641011214720e+01
6.590000000000179270e+00 3.834932969202529307e+01
6.610000000000178844e+00 3.767091313674831099e+01
6.630000000000178417e+00 3.754931732710230818e+01
6.650000000000177991e+00 3.706697067153191938e+01
6.670000000000177565e+00 3.673743234427168858e+01
6.690000000000177138e+00 3.657929764577203713e+01
6.710000000000176712e+00 3.608731345451798234e+01
6.730000000000176286e+00 3.590148229219549592e+01
6.750000000000175859e+00 3.562117237491893462e+01
6.770000000000175433e+00 3.518134448296989802e+01
6.790000000000175007e+00 3.503284901193242007e+01
6.810000000000174580e+00 3.448866624857555507e+01
6.830000000000174154e+00 3.417071651813729005e+01
6.850000000000173728e+00 3.394222927690784530e+01
6.870000000000173301e+00 3.359758779819380692e+01
6.890000000000172875e+00 3.362842999425895840e+01
6.910000000000172449e+00 3.347762959142063011e+01
6.930000000000172022e+00 3.275860579164410069e+01
6.950000000000171596e+00 3.268630116495906890e+01
6.970000000000171170e+00 3.217307449108237449e+01
6.990000000000170743e+00 3.162320776408225598e+01
7.010000000000170317e+00 3.161039307680917076e+01
7.030000000000169891e+00 3.113467476414741597e+01
7.050000000000169464e+00 3.081227085059802917e+01
7.070000000000169038e+00 3.054971682930056431e+01
7.090000000000168612e+00 3.040571844650771638e+01
7.110000000000168185e+00 3.013474012296289573e+01
7.130000000000167759e+00 2.993864073447482710e+01
7.150000000000167333e+00 2.950936269053957162e+01
7.170000000000166906e+00 2.917521832195445697e+01
7.190000000000166480e+00 2.886230493067605707e+01
7.210000000000166054e+00 2.851879853588506819e+01
7.230000000000165628e+00 2.835421001144668551e+01
7.250000000000165201e+00 2.866016080975144931e+01
7.270000000000164775e+00 2.820466312837589840e+01
7.290000000000164349e+00 2.759251220108897229e+01
7.310000000000163922e+00 2.741435306527499804e+01
7.330000000000163496e+00 2.723081721480999207e+01
7.350000000000163070e+00 2.701817668455548116e+01
7.370000000000162643e+00 2.690447924692647419e+01
7.390000000000162217e+00 2.622534802405484555e+01
7.410000000000161791e+00 2.612512207872801540e+01
7.430000000000161364e+00 2.587186638001417194e+01
7.450000000000160938e+00 2.569831581500787365e+01
7.470000000000160512e+00 2.542236457506274760e+01
7.490000000000160085e+00 2.527696225155946763e+01
7.510000000000159659e+00 2.499518382356531632e+01
7.530000000000159233e+00 2.474894122034828570e+01
7.550000000000158806e+00 2.440008476517100888e+01
7.570000000000158380e+00 2.416976053153399917e+01
7.590000000000157954e+00 2.406105664195699845e+01
7.610000000000157527e+00 2.368891135599664466e+01
7.630000000000157101e+00 2.360779173003498599e+01
7.650000000000156675e+00 2.327131482878779423e+01
7.670000000000156248e+00 2.312495750335282452e+01
7.690000000000155822e+00 2.275229550414801594e+01
7.710000000000155396e+00 2.277944067040249720e+01
7.730000000000154969e+00 2.244931050451326016e+01
7.750000000000154543e+00 2.218482872632304037e+01
7.770000000000154117e+00 2.193776074721512614e+01
7.790000000000153690e+00 2.184530826013299176e+01
7.810000000000153264e+00 2.166560392277541780e+01
7.830000000000152838e+00 2.142481480125371007e+01
7.850000000000152411e+00 2.100828468724331444e+01
7.870000000000151985e+00 2.081742133150606122e+01
7.890000000000151559e+00 2.079938421607990762e+01
7.910000000000151132e+00 2.057711260846045320e+01
7.930000000000150706e+00 2.012965918309799562e+01
7.950000000000150280e+00 1.993485839659044956e+01
7.970000000000149853e+00 1.981358401698481586e+01
7.990000000000149427e+00 1.958174828675640811e+01
8.010000000000149001e+00 1.952136125389317201e+01
8.030000000000148574e+00 1.926658352129548035e+01
8.050000000000148148e+00 1.906589256366122243e+01
8.070000000000147722e+00 1.892238312148320745e+01
8.090000000000147296e+00 1.853864418984387541e+01
8.110000000000146869e+00 1.850502648486107304e+01
8.130000000000146443e+00 1.826621181679973915e+01
8.150000000000146017e+00 1.811915282893141566e+01
8.170000000000145590e+00 1.778302757670367740e+01
8.190000000000145164e+00 1.766545166313793302e+01
8.210000000000144738e+00 1.753642701520431757e+01
8.230000000000144311e+00 1.726346425102943627e+01
8.250000000000143885e+00 1.704728289674225294e+01
8.270000000000143459e+00 1.688250678814911154e+01
8.290000000000143032e+00 1.664780604207853187e+01
8.310000000000142606e+00 1.649223666563083768e+01
8.330000000000142180e+00 1.635337998585738362e+01
8.350000000000141753e+00 1.603868031868322319e+01
8.370000000000141327e+00 1.605637106020602545e+01
8.390000000000140901e+00 1.585225412492526331e+01
8.410000000000140474e+00 1.562597714218518696e+01
8.430000000000140048e+00 1.550063993329470868e+01
8.450000000000139622e+00 1.515984104849297331e+01
8.470000000000139195e+00 1.516296140029460204e+01
8.490000000000138769e+00 1.493320191023481769e+01
8.510000000000138343e+00 1.468813550210202656e+01
8.530000000000137916e+00 1.452935117875562376e+01
8.550000000000137490e+00 1.438516620620787023e+01
8.570000000000137064e+00 1.412236136573100964e+01
8.590000000000136637e+00 1.389814174248157563e+01
8.610000000000136211e+00 1.395338671877640024e+01
8.630000000000135785e+00 1.375981016350226405e+01
8.650000000000135358e+00 1.357427918308061621e+01
8.670000000000134932e+00 1.338730871805761424e+01
8.690000000000134506e+00 1.321186684033289183e+01
8.710000000000134079e+00 1.312361019973439902e+01
8.730000000000133653e+00 1.293477345556840774e+01
8.750000000000133227e+00 1.274899452217843177e+01
8.770000000000132800e+00 1.258005696138116569e+01
8.790000000000132374e+00 1.235404658615995288e+01
8.810000000000131948e+00 1.235037243157330877e+01
8.830000000000131521e+00 1.203906140099445388e+01
8.850000000000131095e+00 1.189197778492941993e+01
8.870000000000130669e+00 1.180735876233022985e+01
8.890000000000130242e+00 1.157203403564549760e+01
8.910000000000129816e+00 1.157337425363596495e+01
8.930000000000129390e+00 1.140832998458363612e+01
8.950000000000128964e+00 1.132674727916613300e+01
8.970000000000128537e+00 1.113874068302526510e+01
8.990000000000128111e+00 1.092963935969998168e+01
9.010000000000127685e+00 1.086366469411903246e+01
9.030000000000127258e+00 1.071208389265816585e+01
9.050000000000126832e+00 1.054399960768070166e+01
9.070000000000126406e+00 1.036480658171835145e+01
9.090000000000125979e+00 1.019130049418910566e+01
9.110000000000125553e+00 1.003469580551233165e+01
9.130000000000125127e+00 1.000171210546624501e+01
9.150000000000124700e+00 9.854208957339965380e+00
9.170000000000124274e+00 9.766044599981354324e+00
9.190000000000123848e+00 9.681444179151080576e+00
9.210000000000123421e+00 9.593583505404804868e+00
9.230000000000122995e+00 9.448245655482349292e+00
9.250000000000122569e+00 9.324445208445730771e+00
9.270000000000122142e+00 9.184833564968101882e+00
9.290000000000121716e+00 8.979591085587186328e+00
9.310000000000121290e+00 8.923417409767608888e+00
9.330000000000120863e+00 8.783720384935145731e+00
9.350000000000120437e+00 8.633635467996759516e+00
9.370000000000120011e+00 8.501741154015968860e+00
9.390000000000119584e+00 8.491434871825790154e+00
9.410000000000119158e+00 8.396193540290223467e+00
9.430000000000118732e+00 8.230553777365694046e+00
9.450000000000118305e+00 8.160519864820956926e+00
9.470000000000117879e+00 8.054097091162136124e+00
9.490000000000117453e+00 8.014341104532347160e+00
9.510000000000117026e+00 7.974512490335028403e+00
9.530000000000116600e+00 7.784352640907286514e+00
9.550000000000116174e+00 7.680407351926728410e+00
9.570000000000115747e+00 7.590808413931630305e+00
9.590000000000115321e+00 7.371317462960703892e+00
9.610000000000114895e+00 7.290627832192060787e+00
9.630000000000114468e+00 7.282820271010279178e+00
9.650000000000114042e+00 7.244349447065129510e+00
9.670000000000113616e+00 7.140280751198503140e+00
9.690000000000113189e+00 6.977960391469252066e+00
9.710000000000112763e+00 6.968044690971845867e+00
9.730000000000112337e+00 6.913275274745035226e+00
9.750000000000111910e+00 6.819779728183202216e+00
9.770000000000111484e+00 6.657350352069205890e+00
9.790000000000111058e+00 6.668737800249038727e+00
9.810000000000110632e+00 6.515088274982709926e+00
9.830000000000110205e+00 6.483046745234583241e+00
9.850000000000109779e+00 6.352092761250013098e+00
9.870000000000109353e+00 6.267714427198537663e+00
9.890000000000108926e+00 6.251320865339634381e+00
9.910000000000108500e+00 6.125170793866276497e+00
9.930000000000108074e+00 6.165234751806212721e+00
9.950000000000107647e+00 6.075735399117708546e+00
9.970000000000107221e+00 5.977908740147053201e+00
9.990000000000106795e+00 5.840063379323078507e+00
1.001000000000010637e+01 5.829511568425828294e+00
1.003000000000010594e+01 5.744898024093338940e+00
1.005000000000010552e+01 5.689620861082829606e+00
1.007000000000010509e+01 5.607152310542804940e+00
1.009000000000010466e+01 5.598268417498984739e+00
1.011000000000010424e+01 5.503672373049719901e+00
1.013000000000010381e+01 5.434956247824689335e+00
1.015000000000010338e+01 5.375002226713048614e+00
1.017000000000010296e+01 5.321866934372785352e+00
1.019000000000010253e+01 5.250559600585024356e+00
1.021000000000010210e+01 5.198565801725690605e+00
1.023000000000010168e+01 5.189352970595259684e+00
1.025000000000010125e+01 5.135103559603741097e+00
1.027000000000010083e+01 4.999787066360819487e+00
1.029000000000010040e+01 4.966378076541407616e+00
1.031000000000009997e+01 4.931546574027279917e+00
1.033000000000009955e+01 4.861130860740796145e+00
1.035000000000009912e+01 4.829002278700086137e+00
1.037000000000009869e+01 4.782019602551228488e+00
1.039000000000009827e+01 4.724309433573508521e+00
1.041000000000009784e+01 4.654689117696907630e+00
1.043000000000009742e+01 4.690762557906047014e+00
1.045000000000009699e+01 4.599387857189729090e+00
1.047000000000009656e+01 4.498842179690711873e+00
1.049000000000009614e+01 4.476904623675305395e+00
1.051000000000009571e+01 4.434025032673920563e+00
1.053000000000009528e+01 4.406149066604418962e+00
1.055000000000009486e+01 4.357099952922699693e+00
1.057000000000009443e+01 4.306558341070857665e+00
1.059000000000009400e+01 4.256757311097612906e+00
1.061000000000009358e+01 4.251900448488771467e+00
1.063000000000009315e+01 4.200445339471382766e+00
1.065000000000009273e+01 4.125936137007142790e+00
1.067000000000009230e+01 4.076425969416424877e+00
1.069000000000009187e+01 4.066061782149470893e+00
1.071000000000009145e+01 4.033920589070578266e+00
1.073000000000009102e+01 4.031674308658355521e+00
1.075000000000009059e+01 3.954844764593114181e+00
1.077000000000009017e+01 3.939449852105837202e+00
1.079000000000008974e+01 3.894573994369893821e+00
1.081000000000008932e+01 3.881830227766865260e+00
1.083000000000008889e+01 3.794535886526510193e+00
1.085000000000008846e+01 3.778370403444704095e+00
1.087000000000008804e+01 3.719891392927626939e+00
1.089000000000008761e+01 3.767403899155703950e+00
1.091000000000008718e+01 3.696066293932390057e+00
1.093000000000008676e+01 3.660681846883261592e+00
1.095000000000008633e+01 3.691703761326456945e+00
1.097000000000008590e+01 3.621520130727216458e+00
1.099000000000008548e+01 3.587347955335136618e+00
1.101000000000008505e+01 3.553246511509168482e+00
1.103000000000008463e+01 3.572208007764370308e+00
1.105000000000008420e+01 3.543179573941566574e+00
1.107000000000008377e+01 3.491928276789066476e+00
1.109000000000008335e+01 3.480436196708337260e+00
1.111000000000008292e+01 3.443027826859592189e+00
1.113000000000008249e+01 3.418478839502550493e+00
1.115000000000008207e+01 3.436468042690222102e+00
1.117000000000008164e+01 3.419064497199761909e+00
1.119000000000008122e+01 3.424156598196395507e+00
1.121000000000008079e+01 3.361296719845839220e+00
1.123000000000008036e+01 3.381250209896577541e+00
1.125000000000007994e+01 3.347370223976321668e+00
1.127000000000007951e+01 3.289693346577782673e+00
1.129000000000007908e+01 3.338570568810288020e+00
1.131000000000007866e+01 3.341245662473129485e+00
1.133000000000007823e+01 3.273329402034685476e+00
1.135000000000007780e+01 3.334907055422055233e+00
1.137000000000007738e+01 3.272059235056919757e+00
1.139000000000007695e+01 3.276508438565334025e+00
1.141000000000007653e+01 3.296674255353464478e+00
1.143000000000007610e+01 3.247059318549640139e+00
1.145000000000007567e+01 3.275009742041523619e+00
1.147000000000007525e+01 3.257444139751274559e+00
1.149000000000007482e+01 3.249487635491889570e+00
1.151000000000007439e+01 3.214041190456859542e+00
1.153000000000007397e+01 3.274790400416901726e+00
1.155000000000007354e+01 3.234631942123062487e+00
1.157000000000007311e+01 3.292938112995930311e+00
1.159000000000007269e+01 3.223728156821774604e+00
1.161000000000007226e+01 3.249151960368873659e+00
1.163000000000007184e+01 3.265445886642599049e+00
1.165000000000007141e+01 3.234081374926648600e+00
1.167000000000007098e+01 3.221627395373781955e+00
1.169000000000007056e+01 3.295622472333795017e+00
1.171000000000007013e+01 3.248023208318868260e+00
1.173000000000006970e+01 3.267956935190955647e+00
1.175000000000006928e+01 3.254573154180123495e+00
1.177000000000006885e+01 3.296511986961352392e+00
1.179000000000006843e+01 3.240662323071948236e+00
1.181000000000006800e+01 3.318897873531387877e+00
1.183000000000006757e+01 3.244836263871011983e+00
1.185000000000006715e+01 3.313072045916935160e+00
1.187000000000006672e+01 3.303522442736021691e+00
1.189000000000006629e+01 3.310373627408656816e+00
1.191000000000006587e+01 3.290112086156247173e+00
1.193000000000006544e+01 3.305050806901995930e+00
1.195000000000006501e+01 3.314196127444103634e+00
1.197000000000006459e+01 3.374610826330293190e+00
1.199000000000006416e+01 3.313867507601246487e+00
1.201000000000006374e+01 3.354441991918089894e+00
1.203000000000006331e+01 3.355180109361374008e+00
1.205000000000006288e+01 3.343453478785590072e+00
1.207000000000006246e+01 3.362000666814616512e+00
1.209000000000006203e+01 3.393994234595130166e+00
1.211000000000006160e+01 3.329429152118075219e+00
1.213000000000006118e+01 3.358202775197935530e+00
1.215000000000006075e+01 3.404487361360016617e+00
1.217000000000006033e+01 3.427710636966065927e+00
1.219000000000005990e+01 3.419071039888619712e+00
1.221000000000005947e+01 3.358732994514629144e+00
1.223000000000005905e+01 3.399828831951211772e+00
1.225000000000005862e+01 3.390720187877553915e+00
1.227000000000005819e+01 3.429642999688389260e+00
1.229000000000005777e+01 3.450525542291959180e+00
1.231000000000005734e+01 3.424816050830300274e+00
1.233000000000005691e+01 3.449694317828102541e+00
1.235000000000005649e+01 3.377831167293223746e+00
1.237000000000005606e+01 3.426276907484862910e+00
1.239000000000005564e+01 3.476605156360134341e+00
1.241000000000005521e+01 3.430500608103030036e+00
1.243000000000005478e+01 3.473051362977381373e+00
1.245000000000005436e+01 3.414944394594558119e+00
1.247000000000005393e+01 3.402303345989951211e+00
1.249000000000005350e+01 3.494496287401847034e+00
1.251000000000005308e+01 3.440144400663452728e+00
1.253000000000005265e+01 3.428826409236789274e+00
1.255000000000005222e+01 3.420418207463600702e+00
1.257000000000005180e+01 3.422810030342589904e+00
1.259000000000005137e+01 3.451608289517011041e+00
1.261000000000005095e+01 3.463108843623088795e+00
1.263000000000005052e+01 3.391181561434722713e+00
1.265000000000005009e+01 3.428671274176842143e+00
1.267000000000004967e+01 3.416730310496586487e+00
1.269000000000004924e+01 3.487911358626458735e+00
1.271000000000004881e+01 3.395310510460062048e+00
1.273000000000004839e+01 3.346712456867757091e+00
1.275000000000004796e+01 3.372914940070084189e+00
1.277000000000004754e+01 3.460608924650308893e+00
1.279000000000004711e+01 3.407108854512650442e+00
1.281000000000004668e+01 3.375231755182269477e+00
1.283000000000004626e+01 3.384243849492981848e+00
1.285000000000004583e+01 3.323114260064573333e+00
1.287000000000004540e+01 3.365601427234441445e+00
1.289000000000004498e+01 3.409481909590843074e+00
1.291000000000004455e+01 3.324524730821639018e+00
1.293000000000004412e+01 3.310721618775763986e+00
1.295000000000004370e+01 3.330014484419045129e+00
1.297000000000004327e+01 3.334758275482408774e+00
1.299000000000004285e+01 3.300846108394535516e+00
1.301000000000004242e+01 3.301426350962623157e+00
1.303000000000004199e+01 3.264614744492966736e+00
1.305000000000004157e+01 3.277338940093438069e+00
1.307000000000004114e+01 3.256423498906740210e+00
1.309000000000004071e+01 3.248459867254898992e+00
1.311000000000004029e+01 3.249807178484504622e+00
1.313000000000003986e+01 3.240914977081606363e+00
1.315000000000003944e+01 3.249913606656210874e+00
1.317000000000003901e+01 3.159117682864687637e+00
1.319000000000003858e+01 3.190754659997015796e+00
1.321000000000003816e+01 3.180055898522554880e+00
1.323000000000003773e+01 3.195282239195635476e+00
1.325000000000003730e+01 3.188618284335168251e+00
1.327000000000003688e+01 3.066918397977672850e+00
1.329000000000003645e+01 3.127445294913095086e+00
1.331000000000003602e+01 3.086159015740977285e+00
1.333000000000003560e+01 3.157781917974854302e+00
1.335000000000003517e+01 3.100518460254572783e+00
1.337000000000003475e+01 3.046272931830037223e+00
1.339000000000003432e+01 3.042097939174899235e+00
1.341000000000003389e+01 3.056045662977865174e+00
1.343000000000003347e+01 3.017444706586646319e+00
1.345000000000003304e+01 3.047272845561979970e+00
1.347000000000003261e+01 2.937723058859549763e+00
1.349000000000003219e+01 3.028676823414973907e+00
1.351000000000003176e+01 2.984096119392172675e+00
1.353000000000003133e+01 2.934891584864591785e+00
1.355000000000003091e+01 2.903095143704837344e+00
1.357000000000003048e+01 2.937960296018068185e+00
1.359000000000003006e+01 2.846292065125867410e+00
1.361000000000002963e+01 2.747707692779360222e+00
1.363000000000002920e+01 2.619694746011952180e+00
1.365000000000002878e+01 2.388526569822639889e+00
1.367000000000002835e+01 2.287775645481631148e+00
1.369000000000002792e+01 2.130239367255597926e+00
1.371000000000002750e+01 1.932043281511329758e+00
1.373000000000002707e+01 1.806899849462180407e+00
1.375000000000002665e+01 1.723640059463346530e+00
1.377000000000002622e+01 1.646691322976605809e+00
1.379000000000002579e+01 1.605516570179754021e+00
1.381000000000002537e+01 1.570805289459118459e+00
1.383000000000002494e+01 1.514187139141930816e+00
1.385000000000002451e+01 1.421569584891036575e+00
1.387000000000002409e+01 1.349291627192030329e+00
1.389000000000002366e+01 1.243807818570983548e+00
1.391000000000002323e+01 1.131276922332739909e+00
1.393000000000002281e+01 1.094542284903282203e+00
1.395000000000002238e+01 9.473423547733068606e-01
1.397000000000002196e+01 8.243100645122766190e-01
1.399000000000002153e+01 7.510467025824059117e-01
1.401000000000002110e+01 6.675446465314077704e-01
1.403000000000002068e+01 5.801713302328334043e-01
1.405000000000002025e+01 5.063431058944048990e-01
1.407000000000001982e+01 3.931537738190664655e-01
1.409000000000001940e+01 3.190566349351974806e-01
1.411000000000001897e+01 2.542381033962312076e-01
1.413000000000001855e+01 1.848982179638821999e-01
1.415000000000001812e+01 1.309291229154221636e-01
1.417000000000001769e+01 1.052527428669172427e-01
1.419000000000001727e+01 1.002152370454554436e-01
1.421000000000001684e+01 6.078114953455089620e-02
1.423000000000001641e+01 4.785298194958009094e-02
1.425000000000001599e+01 4.257933950843530851e-02
1.427000000000001556e+01 2.158613751760186245e-02
1.429000000000001513e+01 1.905018626905069512e-02
1.431000000000001471e+01 1.625590897771896776e-02
1.433000000000001428e+01 1.357377392961237744e-02
1.435000000000001386e+01 1.352416417439180132e-02
1.437000000000001343e+01 1.609154629349178467e-02
1.439000000000001300e+01 1.339224336395306025e-02
1.441000000000001258e+01 8.051779033686562448e-03
1.443000000000001215e+01 5.428490646221941635e-03
1.445000000000001172e+01 2.696726026282883840e-03
1.447000000000001130e+01 2.677562879360276087e-03
1.449000000000001087e+01 2.826953958928227358e-08
1.451000000000001044e+01 0.000000000000000000e+00
1.453000000000001002e+01 0.000000000000000000e+00
1.455000000000000959e+01 0.000000000000000000e+00
1.457000000000000917e+01 0.000000000000000000e+00
1.459000000000000874e+01 0.000000000000000000e+00
1.461000000000000831e+01 0.000000000000000000e+00
1.463000000000000789e+01 0.000000000000000000e+00
1.465000000000000746e+01 0.000000000000000000e+00
1.467000000000000703e+01 0.000000000000000000e+00
1.469000000000000661e+01 0.000000000000000000e+00
1.471000000000000618e+01 0.000000000000000000e+00
1.473000000000000576e+01 0.000000000000000000e+00
1.475000000000000533e+01 0.000000000000000000e+00
1.477000000000000490e+01 0.000000000000000000e+00
1.479000000000000448e+01 0.000000000000000000e+00
1.481000000000000405e+01 0.000000000000000000e+00
1.483000000000000362e+01 0.000000000000000000e+00
1.485000000000000320e+01 0.000000000000000000e+00
1.487000000000000277e+01 0.000000000000000000e+00
1.489000000000000234e+01 0.000000000000000000e+00
1.491000000000000192e+01 0.000000000000000000e+00
1.493000000000000149e+01 0.000000000000000000e+00
1.495000000000000107e+01 0.000000000000000000e+00
1.497000000000000064e+01 0.000000000000000000e+00
1.499000000000000021e+01 0.000000000000000000e+00
