# Redshift		Merger Rate Density [Gpc^-3yr^-1]
1.000000000031931770e-02 3.014573717825595356e+00
3.000000000031888964e-02 3.139983096329593604e+00
5.000000000031846331e-02 3.337098648665622225e+00
7.000000000031804392e-02 3.503467856653138757e+00
9.000000000031761760e-02 3.676689957647373497e+00
1.100000000003171913e-01 3.809377573036322406e+00
1.300000000003167511e-01 4.031058097998426071e+00
1.500000000003163247e-01 4.177412263692392713e+00
1.700000000003158984e-01 4.238199914271382873e+00
1.900000000003154721e-01 4.473370079396569388e+00
2.100000000003150458e-01 4.602715418410473269e+00
2.300000000003146194e-01 4.654281397656435004e+00
2.500000000003141931e-01 4.858185842327074511e+00
2.700000000003137668e-01 5.099431928993688246e+00
2.900000000003133405e-01 5.123047757972172711e+00
3.100000000003129141e-01 5.196491843946676070e+00
3.300000000003124878e-01 5.381974715659071151e+00
3.500000000003120615e-01 5.484466361026302472e+00
3.700000000003116352e-01 5.681399202735021525e+00
3.900000000003112088e-01 5.883419003024766170e+00
4.100000000003107825e-01 6.005621910036255784e+00
4.300000000003103562e-01 6.172856977833673930e+00
4.500000000003099299e-01 6.422103060832464294e+00
4.700000000003095035e-01 6.515216059482181521e+00
4.900000000003090772e-01 6.810312199818165269e+00
5.100000000003086509e-01 6.877347141433083344e+00
5.300000000003082246e-01 7.111642418021573597e+00
5.500000000003077982e-01 7.300137835388585295e+00
5.700000000003073719e-01 7.434284217701232045e+00
5.900000000003069456e-01 7.595594431709856487e+00
6.100000000003065193e-01 7.955897877480653690e+00
6.300000000003060929e-01 8.051192443888972150e+00
6.500000000003056666e-01 8.348959964822464386e+00
6.700000000003052403e-01 8.485169102460934809e+00
6.900000000003048140e-01 8.564739391568062743e+00
7.100000000003043876e-01 8.942076072848461621e+00
7.300000000003039613e-01 9.163188294880974638e+00
7.500000000003035350e-01 9.515355711944112116e+00
7.700000000003031086e-01 9.587900368278170049e+00
7.900000000003026823e-01 9.828985585088318544e+00
8.100000000003022560e-01 1.010519379018369968e+01
8.300000000003018297e-01 1.033349420636961646e+01
8.500000000003014033e-01 1.056257373729434512e+01
8.700000000003009770e-01 1.084333583520120037e+01
8.900000000003005507e-01 1.096810534887531219e+01
9.100000000003001244e-01 1.137191910145539531e+01
9.300000000002996980e-01 1.153394823557750470e+01
9.500000000002992717e-01 1.162406957905093563e+01
9.700000000002988454e-01 1.193379953007177363e+01
9.900000000002984191e-01 1.223407932467797821e+01
1.010000000000297993e+00 1.224923194139461380e+01
1.030000000000297566e+00 1.252698255832330787e+01
1.050000000000297140e+00 1.305070181160158249e+01
1.070000000000296714e+00 1.322173609141825601e+01
1.090000000000296287e+00 1.317706501779950123e+01
1.110000000000295861e+00 1.368362517881839580e+01
1.130000000000295435e+00 1.364291515783010489e+01
1.150000000000295008e+00 1.413430484838521473e+01
1.170000000000294582e+00 1.410670168518899104e+01
1.190000000000294156e+00 1.445584531600795408e+01
1.210000000000293729e+00 1.477563129145410414e+01
1.230000000000293303e+00 1.471925141243978885e+01
1.250000000000292877e+00 1.542330309193203242e+01
1.270000000000292451e+00 1.522264273920578681e+01
1.290000000000292024e+00 1.540755767212392513e+01
1.310000000000291598e+00 1.585345200435683743e+01
1.330000000000291172e+00 1.594853928444749158e+01
1.350000000000290745e+00 1.600353264476527926e+01
1.370000000000290319e+00 1.638642379011528405e+01
1.390000000000289893e+00 1.658569835945966275e+01
1.410000000000289466e+00 1.692117451094963698e+01
1.430000000000289040e+00 1.682592915149552937e+01
1.450000000000288614e+00 1.690077284844905137e+01
1.470000000000288187e+00 1.749249835930464059e+01
1.490000000000287761e+00 1.713633319580966585e+01
1.510000000000287335e+00 1.743285366611121390e+01
1.530000000000286908e+00 1.753057187258660576e+01
1.550000000000286482e+00 1.792576705897089795e+01
1.570000000000286056e+00 1.787704390036536495e+01
1.590000000000285629e+00 1.802566922818115813e+01
1.610000000000285203e+00 1.806742469761027436e+01
1.630000000000284777e+00 1.817947921387661125e+01
1.650000000000284350e+00 1.823665939093327282e+01
1.670000000000283924e+00 1.857678168327711887e+01
1.690000000000283498e+00 1.847144176882094868e+01
1.710000000000283071e+00 1.853468674285764450e+01
1.730000000000282645e+00 1.856885999362507178e+01
1.750000000000282219e+00 1.895002659357478692e+01
1.770000000000281792e+00 1.867449335062564231e+01
1.790000000000281366e+00 1.865436459634417687e+01
1.810000000000280940e+00 1.874486419661943870e+01
1.830000000000280513e+00 1.878984361865224884e+01
1.850000000000280087e+00 1.885664372410516876e+01
1.870000000000279661e+00 1.901117401764631154e+01
1.890000000000279234e+00 1.941821716232486494e+01
1.910000000000278808e+00 1.882222221407575447e+01
1.930000000000278382e+00 1.890436048789948131e+01
1.950000000000277955e+00 1.876937289027170408e+01
1.970000000000277529e+00 1.919518180951744668e+01
1.990000000000277103e+00 1.891232281180231212e+01
2.010000000000276899e+00 1.867535953976132035e+01
2.030000000000276472e+00 1.926555572959172835e+01
2.050000000000276046e+00 1.896350139400860257e+01
2.070000000000275620e+00 1.854543300495623370e+01
2.090000000000275193e+00 1.835940015859231522e+01
2.110000000000274767e+00 1.861006694233902437e+01
2.130000000000274341e+00 1.817941507436301407e+01
2.150000000000273914e+00 1.821822250940764576e+01
2.170000000000273488e+00 1.838779111694099555e+01
2.190000000000273062e+00 1.787288247958439413e+01
2.210000000000272635e+00 1.793598032393121500e+01
2.230000000000272209e+00 1.770616260586360013e+01
2.250000000000271783e+00 1.751572675434318782e+01
2.270000000000271356e+00 1.737309464284154359e+01
2.290000000000270930e+00 1.776624957967836238e+01
2.310000000000270504e+00 1.741753675461017536e+01
2.330000000000270077e+00 1.758573322561195340e+01
2.350000000000269651e+00 1.723120399692822957e+01
2.370000000000269225e+00 1.685879922548350507e+01
2.390000000000268798e+00 1.655848862359417595e+01
2.410000000000268372e+00 1.662469874484357391e+01
2.430000000000267946e+00 1.629153075102754755e+01
2.450000000000267519e+00 1.653368537339105515e+01
2.470000000000267093e+00 1.604017065984012191e+01
2.490000000000266667e+00 1.602625577731295792e+01
2.510000000000266240e+00 1.605506295690425134e+01
2.530000000000265814e+00 1.590279537693157863e+01
2.550000000000265388e+00 1.545804619720756357e+01
2.570000000000264961e+00 1.497756010302355456e+01
2.590000000000264535e+00 1.523878822686560852e+01
2.610000000000264109e+00 1.488246561891773290e+01
2.630000000000263682e+00 1.502894032685053105e+01
2.650000000000263256e+00 1.483004597442416461e+01
2.670000000000262830e+00 1.455102530413478235e+01
2.690000000000262403e+00 1.412064700389942828e+01
2.710000000000261977e+00 1.415957241889869778e+01
2.730000000000261551e+00 1.421040704075473649e+01
2.750000000000261124e+00 1.358520227385172419e+01
2.770000000000260698e+00 1.370704944155959737e+01
2.790000000000260272e+00 1.345432585774025647e+01
2.810000000000259845e+00 1.320513289457119832e+01
2.830000000000259419e+00 1.322867506547827432e+01
2.850000000000258993e+00 1.301752400288340183e+01
2.870000000000258567e+00 1.296447701698634880e+01
2.890000000000258140e+00 1.255138317887999477e+01
2.910000000000257714e+00 1.261307510222245298e+01
2.930000000000257288e+00 1.229167876949327365e+01
2.950000000000256861e+00 1.206778499098014201e+01
2.970000000000256435e+00 1.208799653732834578e+01
2.990000000000256009e+00 1.184431472610883773e+01
3.010000000000255582e+00 1.180274008158743726e+01
3.030000000000255156e+00 1.155922780040644504e+01
3.050000000000254730e+00 1.127532256915533004e+01
3.070000000000254303e+00 1.116396300080122828e+01
3.090000000000253877e+00 1.117720320299692638e+01
3.110000000000253451e+00 1.106046572205537259e+01
3.130000000000253024e+00 1.076483768283967102e+01
3.150000000000252598e+00 1.087254292264184841e+01
3.170000000000252172e+00 1.037634183714578207e+01
3.190000000000251745e+00 1.038008606836259595e+01
3.210000000000251319e+00 1.021085550479619819e+01
3.230000000000250893e+00 1.015140657952382419e+01
3.250000000000250466e+00 1.013020337246884139e+01
3.270000000000250040e+00 1.011764506606911240e+01
3.290000000000249614e+00 9.683475997962888826e+00
3.310000000000249187e+00 9.763409713091867559e+00
3.330000000000248761e+00 9.755509031083974492e+00
3.350000000000248335e+00 9.313644545515490591e+00
3.370000000000247908e+00 9.189616020509168592e+00
3.390000000000247482e+00 9.114055435740052502e+00
3.410000000000247056e+00 8.991941401246526411e+00
3.430000000000246629e+00 8.913760438595408786e+00
3.450000000000246203e+00 8.806936947624061318e+00
3.470000000000245777e+00 8.547221200886310655e+00
3.490000000000245350e+00 8.921002766267431383e+00
3.510000000000244924e+00 8.426265928227268276e+00
3.530000000000244498e+00 8.441766763962604614e+00
3.550000000000244071e+00 8.109180495114726384e+00
3.570000000000243645e+00 8.249484869051419977e+00
3.590000000000243219e+00 7.991219816604756332e+00
3.610000000000242792e+00 8.016029226313628797e+00
3.630000000000242366e+00 7.920382999014884184e+00
3.650000000000241940e+00 7.816196907249227444e+00
3.670000000000241513e+00 7.689752567243402837e+00
3.690000000000241087e+00 7.701672056275914002e+00
3.710000000000240661e+00 7.564674075432901823e+00
3.730000000000240234e+00 7.492874401635572390e+00
3.750000000000239808e+00 7.434577349158086434e+00
3.770000000000239382e+00 7.194053600435089457e+00
3.790000000000238956e+00 7.154816323298760494e+00
3.810000000000238529e+00 7.077279676974067790e+00
3.830000000000238103e+00 7.048635793835257957e+00
3.850000000000237677e+00 6.723612185461411705e+00
3.870000000000237250e+00 6.699307033984175597e+00
3.890000000000236824e+00 6.658195332603440875e+00
3.910000000000236398e+00 6.495947775612952668e+00
3.930000000000235971e+00 6.502324966889331925e+00
3.950000000000235545e+00 6.489691178764974921e+00
3.970000000000235119e+00 6.429859765010605521e+00
3.990000000000234692e+00 6.234582340982971260e+00
4.010000000000234266e+00 6.120876153048278923e+00
4.030000000000233840e+00 6.034482621096493915e+00
4.050000000000233413e+00 6.026693623845755354e+00
4.070000000000232987e+00 5.942350169309928098e+00
4.090000000000232561e+00 5.871910863195563657e+00
4.110000000000232134e+00 5.824941988734538612e+00
4.130000000000231708e+00 5.826485814328982826e+00
4.150000000000231282e+00 5.679478739000451526e+00
4.170000000000230855e+00 5.705750082852349081e+00
4.190000000000230429e+00 5.597973996414284947e+00
4.210000000000230003e+00 5.502324638573068860e+00
4.230000000000229576e+00 5.518118282256173401e+00
4.250000000000229150e+00 5.428966738565580208e+00
4.270000000000228724e+00 5.231765885763553392e+00
4.290000000000228297e+00 5.274134177211349694e+00
4.310000000000227871e+00 5.196152796924129902e+00
4.330000000000227445e+00 5.182760529664543370e+00
4.350000000000227018e+00 5.063526801541188505e+00
4.370000000000226592e+00 5.063452908755322390e+00
4.390000000000226166e+00 4.937582834619078653e+00
4.410000000000225739e+00 4.966991458628769784e+00
4.430000000000225313e+00 4.920048449821071479e+00
4.450000000000224887e+00 4.755162784688418576e+00
4.470000000000224460e+00 4.764301114407618165e+00
4.490000000000224034e+00 4.742651548442130327e+00
4.510000000000223608e+00 4.695619286587320751e+00
4.530000000000223181e+00 4.567023930823927103e+00
4.550000000000222755e+00 4.428749559245561684e+00
4.570000000000222329e+00 4.494029101889058353e+00
4.590000000000221902e+00 4.438107108503883680e+00
4.610000000000221476e+00 4.452460146159535448e+00
4.630000000000221050e+00 4.447955567142505728e+00
4.650000000000220624e+00 4.360006122750426094e+00
4.670000000000220197e+00 4.243869619586268627e+00
4.690000000000219771e+00 4.187190875392471590e+00
4.710000000000219345e+00 4.195593688997941939e+00
4.730000000000218918e+00 4.119489912531520304e+00
4.750000000000218492e+00 4.027651351968405180e+00
4.770000000000218066e+00 3.995627257685990141e+00
4.790000000000217639e+00 4.081730730828482479e+00
4.810000000000217213e+00 3.977051211034096756e+00
4.830000000000216787e+00 3.958003581596938769e+00
4.850000000000216360e+00 3.975539142417701566e+00
4.870000000000215934e+00 3.821717241402627252e+00
4.890000000000215508e+00 3.878324486899616286e+00
4.910000000000215081e+00 3.731902910316243993e+00
4.930000000000214655e+00 3.743926180848574869e+00
4.950000000000214229e+00 3.665857995075191056e+00
4.970000000000213802e+00 3.732872866628873965e+00
4.990000000000213376e+00 3.587818181325020728e+00
5.010000000000212950e+00 3.624088415138791319e+00
5.030000000000212523e+00 3.435584508478368715e+00
5.050000000000212097e+00 3.480378460103447313e+00
5.070000000000211671e+00 3.538094493459427170e+00
5.090000000000211244e+00 3.432370425596085184e+00
5.110000000000210818e+00 3.350070573207535318e+00
5.130000000000210392e+00 3.284174844778340763e+00
5.150000000000209965e+00 3.302040066920823413e+00
5.170000000000209539e+00 3.292047074698923215e+00
5.190000000000209113e+00 3.219924950075545134e+00
5.210000000000208686e+00 3.171651035416791942e+00
5.230000000000208260e+00 3.247393688230723718e+00
5.250000000000207834e+00 3.135053260506924122e+00
5.270000000000207407e+00 3.141037317500969817e+00
5.290000000000206981e+00 3.097522569676365300e+00
5.310000000000206555e+00 3.084745337610939497e+00
5.330000000000206128e+00 3.045462445933139861e+00
5.350000000000205702e+00 2.982670321255126211e+00
5.370000000000205276e+00 2.976158944667626649e+00
5.390000000000204849e+00 3.033431881081543047e+00
5.410000000000204423e+00 2.916105416159125774e+00
5.430000000000203997e+00 2.921388629779245960e+00
5.450000000000203570e+00 2.865225342094409378e+00
5.470000000000203144e+00 2.849263820023843152e+00
5.490000000000202718e+00 2.834680072059604594e+00
5.510000000000202292e+00 2.791856282430932978e+00
5.530000000000201865e+00 2.765339158292533739e+00
5.550000000000201439e+00 2.755468042700586651e+00
5.570000000000201013e+00 2.707489308627311519e+00
5.590000000000200586e+00 2.631115587251805277e+00
5.610000000000200160e+00 2.636947246471334161e+00
5.630000000000199734e+00 2.657848111142941061e+00
5.650000000000199307e+00 2.644989275453451860e+00
5.670000000000198881e+00 2.642073070954048752e+00
5.690000000000198455e+00 2.601652707117068086e+00
5.710000000000198028e+00 2.507982546648257927e+00
5.730000000000197602e+00 2.510337233332383899e+00
5.750000000000197176e+00 2.554057710435504447e+00
5.770000000000196749e+00 2.439702861128893563e+00
5.790000000000196323e+00 2.496475934609068581e+00
5.810000000000195897e+00 2.334164606778785345e+00
5.830000000000195470e+00 2.334610142608863903e+00
5.850000000000195044e+00 2.348210875805854858e+00
5.870000000000194618e+00 2.301504704540672908e+00
5.890000000000194191e+00 2.255806332269238546e+00
5.910000000000193765e+00 2.212102816093044044e+00
5.930000000000193339e+00 2.283156763371902542e+00
5.950000000000192912e+00 2.244759611044399694e+00
5.970000000000192486e+00 2.224204465582426682e+00
5.990000000000192060e+00 2.264471000445323678e+00
6.010000000000191633e+00 2.146591098333566094e+00
6.030000000000191207e+00 2.150556085473898094e+00
6.050000000000190781e+00 2.093313410611304271e+00
6.070000000000190354e+00 2.108101975885694035e+00
6.090000000000189928e+00 2.059167979248100799e+00
6.110000000000189502e+00 2.120712793269187380e+00
6.130000000000189075e+00 2.075120780572466295e+00
6.150000000000188649e+00 2.098890522425239435e+00
6.170000000000188223e+00 2.017100700225939125e+00
6.190000000000187796e+00 2.003374787956579528e+00
6.210000000000187370e+00 2.094331725026696400e+00
6.230000000000186944e+00 2.003852513104097177e+00
6.250000000000186517e+00 2.045021154780964689e+00
6.270000000000186091e+00 1.930520821424508870e+00
6.290000000000185665e+00 1.905662506448752680e+00
6.310000000000185238e+00 1.894743230997929073e+00
6.330000000000184812e+00 1.869059793587930951e+00
6.350000000000184386e+00 1.880913085015946562e+00
6.370000000000183960e+00 1.818502678582216925e+00
6.390000000000183533e+00 1.835575130127697241e+00
6.410000000000183107e+00 1.798424024675301602e+00
6.430000000000182681e+00 1.771787747749307584e+00
6.450000000000182254e+00 1.757909969077748213e+00
6.470000000000181828e+00 1.778870462159296562e+00
6.490000000000181402e+00 1.744914950607936666e+00
6.510000000000180975e+00 1.728049691285465483e+00
6.530000000000180549e+00 1.709572591359190374e+00
6.550000000000180123e+00 1.723032624797698364e+00
6.570000000000179696e+00 1.650199915332830169e+00
6.590000000000179270e+00 1.658876492191952989e+00
6.610000000000178844e+00 1.602997008668330503e+00
6.630000000000178417e+00 1.676002481089728047e+00
6.650000000000177991e+00 1.652541151851071533e+00
6.670000000000177565e+00 1.612041232076980357e+00
6.690000000000177138e+00 1.597293353821943596e+00
6.710000000000176712e+00 1.599956071021409798e+00
6.730000000000176286e+00 1.592633309432864630e+00
6.750000000000175859e+00 1.512339779617219993e+00
6.770000000000175433e+00 1.540701393208798065e+00
6.790000000000175007e+00 1.482888593270501598e+00
6.810000000000174580e+00 1.491402699397332610e+00
6.830000000000174154e+00 1.498084777628946984e+00
6.850000000000173728e+00 1.532043479106991901e+00
6.870000000000173301e+00 1.465623075649740370e+00
6.890000000000172875e+00 1.474856354607256836e+00
6.910000000000172449e+00 1.502358457780370138e+00
6.930000000000172022e+00 1.483857602771677664e+00
6.950000000000171596e+00 1.399998743928150935e+00
6.970000000000171170e+00 1.435440260801224444e+00
6.990000000000170743e+00 1.382884687416741532e+00
7.010000000000170317e+00 1.482056337717387873e+00
7.030000000000169891e+00 1.388818802309983891e+00
7.050000000000169464e+00 1.365637022558336522e+00
7.070000000000169038e+00 1.418653618735859823e+00
7.090000000000168612e+00 1.325091585008545847e+00
7.110000000000168185e+00 1.391864677713939846e+00
7.130000000000167759e+00 1.341067411065341775e+00
7.150000000000167333e+00 1.272997564111522539e+00
7.170000000000166906e+00 1.287390700955744816e+00
7.190000000000166480e+00 1.297423928992718967e+00
7.210000000000166054e+00 1.259784394991042777e+00
7.230000000000165628e+00 1.282395656353059632e+00
7.250000000000165201e+00 1.291700217785827665e+00
7.270000000000164775e+00 1.256180503554395145e+00
7.290000000000164349e+00 1.260328446733678387e+00
7.310000000000163922e+00 1.279908100402936455e+00
7.330000000000163496e+00 1.209992221031400694e+00
7.350000000000163070e+00 1.205632802545349325e+00
7.370000000000162643e+00 1.227104885792464462e+00
7.390000000000162217e+00 1.219700331301771135e+00
7.410000000000161791e+00 1.173248453930115343e+00
7.430000000000161364e+00 1.232656356910357021e+00
7.450000000000160938e+00 1.169527241857790667e+00
7.470000000000160512e+00 1.139217196710743618e+00
7.490000000000160085e+00 1.153814777955466164e+00
7.510000000000159659e+00 1.146902832192453703e+00
7.530000000000159233e+00 1.158873837976218901e+00
7.550000000000158806e+00 1.142942063392131224e+00
7.570000000000158380e+00 1.113557333339429745e+00
7.590000000000157954e+00 1.127889611995548158e+00
7.610000000000157527e+00 1.107867266470417000e+00
7.630000000000157101e+00 1.118079031851472838e+00
7.650000000000156675e+00 1.083603452894271069e+00
7.670000000000156248e+00 1.098589802015393024e+00
7.690000000000155822e+00 1.102814620761048303e+00
7.710000000000155396e+00 1.104695476422244749e+00
7.730000000000154969e+00 1.057109586975288229e+00
7.750000000000154543e+00 1.087584622438261928e+00
7.770000000000154117e+00 1.065427020100109479e+00
7.790000000000153690e+00 1.041164207484192916e+00
7.810000000000153264e+00 1.029497080037682810e+00
7.830000000000152838e+00 9.975592046984101957e-01
7.850000000000152411e+00 1.000580629087594930e+00
7.870000000000151985e+00 1.021270272825144376e+00
7.890000000000151559e+00 9.894193321910134120e-01
7.910000000000151132e+00 1.027727199588661655e+00
7.930000000000150706e+00 1.006087106033836776e+00
7.950000000000150280e+00 9.540577722936803839e-01
7.970000000000149853e+00 9.638698795288912491e-01
7.990000000000149427e+00 9.359714809295998084e-01
8.010000000000149001e+00 9.348853320419420188e-01
8.030000000000148574e+00 9.957955438132263248e-01
8.050000000000148148e+00 9.455487447709813864e-01
8.070000000000147722e+00 9.007329290970578217e-01
8.090000000000147296e+00 9.529033646348811226e-01
8.110000000000146869e+00 9.451772297657685673e-01
8.130000000000146443e+00 9.148920578816415183e-01
8.150000000000146017e+00 9.171120618772181654e-01
8.170000000000145590e+00 8.913443631250936861e-01
8.190000000000145164e+00 8.657222715642566291e-01
8.210000000000144738e+00 8.963771766838806165e-01
8.230000000000144311e+00 8.933398501279781190e-01
8.250000000000143885e+00 8.585398931889022256e-01
8.270000000000143459e+00 8.837323876830895930e-01
8.290000000000143032e+00 8.645257452357529848e-01
8.310000000000142606e+00 8.756158084037864997e-01
8.330000000000142180e+00 8.432924236205184831e-01
8.350000000000141753e+00 8.066911182160313443e-01
8.370000000000141327e+00 8.333212496783235501e-01
8.390000000000140901e+00 8.174094191072834859e-01
8.410000000000140474e+00 8.241159615164901364e-01
8.430000000000140048e+00 8.056466898614017547e-01
8.450000000000139622e+00 8.065190250688597517e-01
8.470000000000139195e+00 7.894921514923481931e-01
8.490000000000138769e+00 8.032368900750463947e-01
8.510000000000138343e+00 7.905987690722523498e-01
8.530000000000137916e+00 7.631415281732027989e-01
8.550000000000137490e+00 7.475232377359734004e-01
8.570000000000137064e+00 7.529898842958775429e-01
8.590000000000136637e+00 7.606167527293503650e-01
8.610000000000136211e+00 7.590340948259735043e-01
8.630000000000135785e+00 7.350769821277297611e-01
8.650000000000135358e+00 7.048923715590836858e-01
8.670000000000134932e+00 7.528469480426599469e-01
8.690000000000134506e+00 7.218299399069327826e-01
8.710000000000134079e+00 7.041932782033588634e-01
8.730000000000133653e+00 6.976491759066231202e-01
8.750000000000133227e+00 7.029844430590218574e-01
8.770000000000132800e+00 7.060546361299301354e-01
8.790000000000132374e+00 6.747408194097777034e-01
8.810000000000131948e+00 6.911479125130487455e-01
8.830000000000131521e+00 6.676199729746110645e-01
8.850000000000131095e+00 6.535019879836841961e-01
8.870000000000130669e+00 6.504224935774162164e-01
8.890000000000130242e+00 6.512309956916275677e-01
8.910000000000129816e+00 6.326545562888064023e-01
8.930000000000129390e+00 6.551624045359017989e-01
8.950000000000128964e+00 6.472586257315773306e-01
8.970000000000128537e+00 6.391845670548643721e-01
8.990000000000128111e+00 6.149853184540736706e-01
9.010000000000127685e+00 6.079555452049719699e-01
9.030000000000127258e+00 6.142476228563631402e-01
9.050000000000126832e+00 5.836138237759299630e-01
9.070000000000126406e+00 5.869375967398985372e-01
9.090000000000125979e+00 5.742555408282615792e-01
9.110000000000125553e+00 5.699045719239683727e-01
9.130000000000125127e+00 5.600849211125394911e-01
9.150000000000124700e+00 5.485563926927141676e-01
9.170000000000124274e+00 5.723726500687944529e-01
9.190000000000123848e+00 5.595740491385071680e-01
9.210000000000123421e+00 5.501727711865966874e-01
9.230000000000122995e+00 5.700869482781608655e-01
9.250000000000122569e+00 5.477221308900993568e-01
9.270000000000122142e+00 5.286683589518561543e-01
9.290000000000121716e+00 5.093274155003678638e-01
9.310000000000121290e+00 5.046115317411823398e-01
9.330000000000120863e+00 5.158053113260856470e-01
9.350000000000120437e+00 4.920815188785391814e-01
9.370000000000120011e+00 5.029411185294440090e-01
9.390000000000119584e+00 4.814923422860319380e-01
9.410000000000119158e+00 4.822242008601889673e-01
9.430000000000118732e+00 4.680004740405244723e-01
9.450000000000118305e+00 4.654569441985812461e-01
9.470000000000117879e+00 4.743267679769744283e-01
9.490000000000117453e+00 4.539451755356552209e-01
9.510000000000117026e+00 4.649987507750816262e-01
9.530000000000116600e+00 4.487339400392967859e-01
9.550000000000116174e+00 4.345172773076164119e-01
9.570000000000115747e+00 4.265659509933078519e-01
9.590000000000115321e+00 4.439567193799009437e-01
9.610000000000114895e+00 4.234824509555599747e-01
9.630000000000114468e+00 4.134191642950613144e-01
9.650000000000114042e+00 4.050851742304744652e-01
9.670000000000113616e+00 4.114313340318188628e-01
9.690000000000113189e+00 3.956222294963567254e-01
9.710000000000112763e+00 3.935232278012658624e-01
9.730000000000112337e+00 3.840744302971386692e-01
9.750000000000111910e+00 3.756801492592770630e-01
9.770000000000111484e+00 3.675735177167697709e-01
9.790000000000111058e+00 3.686063150787984299e-01
9.810000000000110632e+00 3.629560979210200156e-01
9.830000000000110205e+00 3.567503212645617983e-01
9.850000000000109779e+00 3.567830663718884465e-01
9.870000000000109353e+00 3.494604551336819576e-01
9.890000000000108926e+00 3.534216560558972042e-01
9.910000000000108500e+00 3.276845079620692158e-01
9.930000000000108074e+00 3.345863012322140007e-01
9.950000000000107647e+00 3.122195671431534092e-01
9.970000000000107221e+00 3.125906771009148710e-01
9.990000000000106795e+00 3.202512925925893317e-01
1.001000000000010637e+01 2.908914662064485124e-01
1.003000000000010594e+01 3.046855027997715792e-01
1.005000000000010552e+01 2.994564085664154773e-01
1.007000000000010509e+01 2.923209440464039632e-01
1.009000000000010466e+01 2.721989373199962814e-01
1.011000000000010424e+01 2.731645563263681020e-01
1.013000000000010381e+01 2.896118733644899024e-01
1.015000000000010338e+01 2.719209286234870460e-01
1.017000000000010296e+01 2.612901889090205598e-01
1.019000000000010253e+01 2.561706175057750223e-01
1.021000000000010210e+01 2.470188175285084609e-01
1.023000000000010168e+01 2.507133144579170025e-01
1.025000000000010125e+01 2.374231693786187647e-01
1.027000000000010083e+01 2.490562952396511709e-01
1.029000000000010040e+01 2.326629441940842591e-01
1.031000000000009997e+01 2.189276214536519660e-01
1.033000000000009955e+01 2.160481976573494500e-01
1.035000000000009912e+01 2.145012909893848352e-01
1.037000000000009869e+01 2.100809767293731756e-01
1.039000000000009827e+01 2.116491091861153195e-01
1.041000000000009784e+01 1.993867576158239729e-01
1.043000000000009742e+01 2.106345088734385973e-01
1.045000000000009699e+01 1.902232717324277012e-01
1.047000000000009656e+01 1.909156082238578633e-01
1.049000000000009614e+01 1.847562249752920660e-01
1.051000000000009571e+01 1.794972323280814852e-01
1.053000000000009528e+01 1.737049023269608139e-01
1.055000000000009486e+01 1.686439005868499430e-01
1.057000000000009443e+01 1.693778071806414376e-01
1.059000000000009400e+01 1.621187929143567130e-01
1.061000000000009358e+01 1.566379904059486683e-01
1.063000000000009315e+01 1.512196732265826959e-01
1.065000000000009273e+01 1.462988953822123295e-01
1.067000000000009230e+01 1.427478788312504521e-01
1.069000000000009187e+01 1.526102876006609488e-01
1.071000000000009145e+01 1.474777699070368431e-01
1.073000000000009102e+01 1.365712428381122001e-01
1.075000000000009059e+01 1.272661653108996260e-01
1.077000000000009017e+01 1.208226781584303550e-01
1.079000000000008974e+01 1.248919272601296399e-01
1.081000000000008932e+01 1.208244044565185416e-01
1.083000000000008889e+01 1.171526150521227105e-01
1.085000000000008846e+01 1.126875398776572695e-01
1.087000000000008804e+01 1.065002727560389467e-01
1.089000000000008761e+01 1.150983818408906345e-01
1.091000000000008718e+01 9.993775945016422635e-02
1.093000000000008676e+01 9.877701613451947416e-02
1.095000000000008633e+01 9.851224438696720709e-02
1.097000000000008590e+01 1.008394988455721675e-01
1.099000000000008548e+01 9.345638999369920707e-02
1.101000000000008505e+01 8.385094713937193966e-02
1.103000000000008463e+01 8.248061460437852710e-02
1.105000000000008420e+01 8.804470882556268696e-02
1.107000000000008377e+01 7.663350335232690935e-02
1.109000000000008335e+01 8.023494430313601877e-02
1.111000000000008292e+01 7.979742449754086142e-02
1.113000000000008249e+01 7.317791429517452040e-02
1.115000000000008207e+01 6.608943344180924495e-02
1.117000000000008164e+01 6.764237521873808778e-02
1.119000000000008122e+01 6.934176007646494777e-02
1.121000000000008079e+01 6.652436625457851249e-02
1.123000000000008036e+01 5.968504016265459289e-02
1.125000000000007994e+01 6.403025871413944858e-02
1.127000000000007951e+01 5.591149466629726644e-02
1.129000000000007908e+01 5.479858074973441295e-02
1.131000000000007866e+01 5.144537450941399220e-02
1.133000000000007823e+01 5.033221809279031511e-02
1.135000000000007780e+01 5.267407063358016395e-02
1.137000000000007738e+01 5.319676553956269316e-02
1.139000000000007695e+01 4.689029609729482295e-02
1.141000000000007653e+01 4.590451667246317480e-02
1.143000000000007610e+01 4.277666556112189739e-02
1.145000000000007567e+01 4.254168465968071605e-02
1.147000000000007525e+01 3.840137252191336281e-02
1.149000000000007482e+01 3.997430114479025992e-02
1.151000000000007439e+01 4.064757877293625338e-02
1.153000000000007397e+01 3.833822834180626582e-02
1.155000000000007354e+01 3.338561085380196969e-02
1.157000000000007311e+01 3.461939775717822604e-02
1.159000000000007269e+01 3.321966882438023155e-02
1.161000000000007226e+01 3.160566049602357708e-02
1.163000000000007184e+01 3.100371782950225863e-02
1.165000000000007141e+01 3.215861670413380086e-02
1.167000000000007098e+01 3.015761012810603062e-02
1.169000000000007056e+01 2.708827668408499839e-02
1.171000000000007013e+01 2.482166716386396965e-02
1.173000000000006970e+01 2.619812374366437338e-02
1.175000000000006928e+01 2.629153349701065720e-02
1.177000000000006885e+01 2.384507602701467846e-02
1.179000000000006843e+01 2.263746049089693929e-02
1.181000000000006800e+01 2.660734740985511507e-02
1.183000000000006757e+01 2.117811991826881388e-02
1.185000000000006715e+01 2.088649984803722312e-02
1.187000000000006672e+01 2.160142062832732732e-02
1.189000000000006629e+01 2.063378728624648203e-02
1.191000000000006587e+01 1.799114627438544445e-02
1.193000000000006544e+01 1.919124544915782118e-02
1.195000000000006501e+01 1.956271338155134848e-02
1.197000000000006459e+01 1.704711449089205133e-02
1.199000000000006416e+01 1.702059072972311737e-02
1.201000000000006374e+01 1.777473323731484228e-02
1.203000000000006331e+01 1.788499367953131497e-02
1.205000000000006288e+01 1.446761971347268992e-02
1.207000000000006246e+01 1.607840104028866388e-02
1.209000000000006203e+01 1.604270880302210295e-02
1.211000000000006160e+01 1.330364112312603861e-02
1.213000000000006118e+01 1.297583575479095697e-02
1.215000000000006075e+01 1.544558651968272814e-02
1.217000000000006033e+01 1.538783430826046704e-02
1.219000000000005990e+01 1.366432557596743494e-02
1.221000000000005947e+01 1.312419586736527678e-02
1.223000000000005905e+01 1.184171324846980053e-02
1.225000000000005862e+01 1.121067840271466713e-02
1.227000000000005819e+01 1.379722491525862266e-02
1.229000000000005777e+01 1.346745321281834877e-02
1.231000000000005734e+01 1.077785134029354656e-02
1.233000000000005691e+01 1.151695168645389122e-02
1.235000000000005649e+01 1.137313303170790768e-02
1.237000000000005606e+01 9.865609418051922083e-03
1.239000000000005564e+01 9.954623491786693951e-03
1.241000000000005521e+01 1.221040069820546713e-02
1.243000000000005478e+01 1.223669715119569436e-02
1.245000000000005436e+01 1.009149913418172853e-02
1.247000000000005393e+01 9.054279884068998710e-03
1.249000000000005350e+01 1.003783870918904114e-02
1.251000000000005308e+01 8.682757632560678465e-03
1.253000000000005265e+01 1.155670232577296098e-02
1.255000000000005222e+01 1.143388492353320310e-02
1.257000000000005180e+01 9.028033364356456009e-03
1.259000000000005137e+01 8.256770910278465533e-03
1.261000000000005095e+01 8.874059247180177482e-03
1.263000000000005052e+01 8.118357925759142613e-03
1.265000000000005009e+01 7.937286152556490004e-03
1.267000000000004967e+01 1.079006990692091272e-02
1.269000000000004924e+01 1.116100010042385751e-02
1.271000000000004881e+01 7.608237977188566509e-03
1.273000000000004839e+01 7.572297238858343230e-03
1.275000000000004796e+01 7.993715585784313613e-03
1.277000000000004754e+01 7.414350983912474172e-03
1.279000000000004711e+01 1.037804289231401833e-02
1.281000000000004668e+01 1.056878297428473154e-02
1.283000000000004626e+01 7.129780264626574618e-03
1.285000000000004583e+01 7.087446347713636380e-03
1.287000000000004540e+01 7.424182757196699095e-03
1.289000000000004498e+01 6.946367264934640365e-03
1.291000000000004455e+01 9.907543321309516746e-03
1.293000000000004412e+01 1.009465002930395004e-02
1.295000000000004370e+01 6.798826169139945974e-03
1.297000000000004327e+01 6.731867837826170306e-03
1.299000000000004285e+01 6.931386527333228617e-03
1.301000000000004242e+01 6.599114064253380936e-03
1.303000000000004199e+01 9.528049109267619499e-03
1.305000000000004157e+01 9.680365193164999424e-03
1.307000000000004114e+01 6.461979719725635500e-03
1.309000000000004071e+01 6.410425020896474632e-03
1.311000000000004029e+01 6.554010363460675490e-03
1.313000000000003986e+01 6.325918999600469925e-03
1.315000000000003944e+01 9.215962309463577445e-03
1.317000000000003901e+01 9.284632217978469604e-03
1.319000000000003858e+01 6.169802642576441114e-03
1.321000000000003816e+01 6.143486455480696648e-03
1.323000000000003773e+01 6.242734335012743892e-03
1.325000000000003730e+01 6.073940013211750165e-03
1.327000000000003688e+01 9.000251756004341505e-03
1.329000000000003645e+01 8.841522545988378737e-03
1.331000000000003602e+01 5.941967475348195089e-03
1.333000000000003560e+01 5.902963279437786932e-03
1.335000000000003517e+01 5.962171256469701863e-03
1.337000000000003475e+01 5.839035348138783658e-03
1.339000000000003432e+01 8.680795968598390561e-03
1.341000000000003389e+01 8.561548243874535571e-03
1.343000000000003347e+01 5.714496726107709881e-03
1.345000000000003304e+01 5.688569903505415540e-03
1.347000000000003261e+01 5.718497653852512401e-03
1.349000000000003219e+01 8.418104398939176003e-03
1.351000000000003176e+01 5.584079406505572732e-03
1.353000000000003133e+01 8.280793459959353425e-03
1.355000000000003091e+01 5.513647882793382658e-03
1.357000000000003048e+01 5.489862602888192361e-03
1.359000000000003006e+01 5.500085875668814413e-03
1.361000000000002963e+01 8.127716553357668822e-03
1.363000000000002920e+01 8.046633238651791989e-03
1.365000000000002878e+01 5.349223194600709851e-03
1.367000000000002835e+01 5.325433575268392894e-03
1.369000000000002792e+01 5.323725322582132519e-03
1.371000000000002750e+01 5.292482703397133337e-03
1.373000000000002707e+01 7.837877387773852997e-03
1.375000000000002665e+01 7.786560407481361683e-03
1.377000000000002622e+01 5.168093713410352834e-03
1.379000000000002579e+01 5.144984162910887053e-03
1.381000000000002537e+01 5.147506228755619959e-03
1.383000000000002494e+01 7.616564348654872481e-03
1.385000000000002451e+01 7.565781658076305843e-03
1.387000000000002409e+01 5.017347577840294837e-03
1.389000000000002366e+01 4.995843330403661707e-03
1.391000000000002323e+01 4.982715006692784755e-03
1.393000000000002281e+01 4.945461983006658666e-03
1.395000000000002238e+01 4.924592327033421382e-03
1.397000000000002196e+01 1.021335831933796785e-06
1.399000000000002153e+01 8.618492257009373391e-07
1.401000000000002110e+01 5.769045982684987381e-07
1.403000000000002068e+01 5.168043496402668798e-07
1.405000000000002025e+01 5.380429918506564115e-07
1.407000000000001982e+01 4.390241717859156151e-07
1.409000000000001940e+01 4.116720865715533512e-07
1.411000000000001897e+01 2.908117318400116006e-07
1.413000000000001855e+01 2.829289402860797391e-07
1.415000000000001812e+01 2.521356453479905804e-07
1.417000000000001769e+01 1.777165001597169712e-07
1.419000000000001727e+01 1.579335435747454712e-07
1.421000000000001684e+01 1.672385919729383910e-07
1.423000000000001641e+01 9.782677213350590520e-08
1.425000000000001599e+01 6.254970966190558924e-08
1.427000000000001556e+01 3.165658433740079439e-08
1.429000000000001513e+01 3.356971013720845329e-09
1.431000000000001471e+01 2.070520006222361521e-09
1.433000000000001428e+01 1.182194776484978108e-09
1.435000000000001386e+01 6.775746981757961755e-10
1.437000000000001343e+01 2.951342613886032903e-10
1.439000000000001300e+01 1.373623022857805639e-10
1.441000000000001258e+01 1.539228138422568745e-12
1.443000000000001215e+01 2.328280001309227991e-14
1.445000000000001172e+01 1.952634489471398348e-14
1.447000000000001130e+01 1.702589972802512950e-16
1.449000000000001087e+01 1.396499279324221412e-16
1.451000000000001044e+01 9.386278672550182538e-17
1.453000000000001002e+01 2.528896143867510372e-17
1.455000000000000959e+01 0.000000000000000000e+00
1.457000000000000917e+01 0.000000000000000000e+00
1.459000000000000874e+01 0.000000000000000000e+00
1.461000000000000831e+01 0.000000000000000000e+00
1.463000000000000789e+01 0.000000000000000000e+00
1.465000000000000746e+01 0.000000000000000000e+00
1.467000000000000703e+01 0.000000000000000000e+00
1.469000000000000661e+01 0.000000000000000000e+00
1.471000000000000618e+01 0.000000000000000000e+00
1.473000000000000576e+01 0.000000000000000000e+00
1.475000000000000533e+01 0.000000000000000000e+00
1.477000000000000490e+01 0.000000000000000000e+00
1.479000000000000448e+01 0.000000000000000000e+00
1.481000000000000405e+01 0.000000000000000000e+00
1.483000000000000362e+01 0.000000000000000000e+00
1.485000000000000320e+01 0.000000000000000000e+00
1.487000000000000277e+01 0.000000000000000000e+00
1.489000000000000234e+01 0.000000000000000000e+00
1.491000000000000192e+01 0.000000000000000000e+00
1.493000000000000149e+01 0.000000000000000000e+00
1.495000000000000107e+01 0.000000000000000000e+00
1.497000000000000064e+01 0.000000000000000000e+00
1.499000000000000021e+01 0.000000000000000000e+00
