# Redshift		Merger Rate Density [Gpc^-3yr^-1]
1.000000000031931770e-02 1.148912319957646986e+02
3.000000000031888964e-02 1.206679422069814507e+02
5.000000000031846331e-02 1.265834566949498736e+02
7.000000000031804392e-02 1.325793107265909043e+02
9.000000000031761760e-02 1.388250268901055335e+02
1.100000000003171913e-01 1.450081150701172987e+02
1.300000000003167511e-01 1.517802903686016691e+02
1.500000000003163247e-01 1.585438913019879408e+02
1.700000000003158984e-01 1.653828922012744442e+02
1.900000000003154721e-01 1.726239028599433709e+02
2.100000000003150458e-01 1.796982991843821367e+02
2.300000000003146194e-01 1.870830005246399139e+02
2.500000000003141931e-01 1.948168781231291575e+02
2.700000000003137668e-01 2.026189146783135868e+02
2.900000000003133405e-01 2.105111614790439205e+02
3.100000000003129141e-01 2.189760252538586656e+02
3.300000000003124878e-01 2.268072459640613090e+02
3.500000000003120615e-01 2.354724044418827305e+02
3.700000000003116352e-01 2.439131380052660631e+02
3.900000000003112088e-01 2.528204061368885220e+02
4.100000000003107825e-01 2.615106297574120617e+02
4.300000000003103562e-01 2.705473453994507054e+02
4.500000000003099299e-01 2.800794820047126450e+02
4.700000000003095035e-01 2.891250310185500894e+02
4.900000000003090772e-01 2.986279692155653152e+02
5.100000000003086509e-01 3.083746818385571942e+02
5.300000000003082246e-01 3.180059500651066742e+02
5.500000000003077982e-01 3.278673752968442727e+02
5.700000000003073719e-01 3.382967427107319622e+02
5.900000000003069456e-01 3.482744652484769858e+02
6.100000000003065193e-01 3.586080584804113869e+02
6.300000000003060929e-01 3.692070718001990599e+02
6.500000000003056666e-01 3.798926961173590939e+02
6.700000000003052403e-01 3.901889156499119053e+02
6.900000000003048140e-01 4.013764327702946844e+02
7.100000000003043876e-01 4.126404596077637734e+02
7.300000000003039613e-01 4.234110013615506318e+02
7.500000000003035350e-01 4.345160268340308107e+02
7.700000000003031086e-01 4.455577772038550393e+02
7.900000000003026823e-01 4.572132737913486835e+02
8.100000000003022560e-01 4.684600239541599080e+02
8.300000000003018297e-01 4.800135366052443828e+02
8.500000000003014033e-01 4.915401998391872098e+02
8.700000000003009770e-01 5.037648823914722698e+02
8.900000000003005507e-01 5.149922477929912930e+02
9.100000000003001244e-01 5.266643729932582119e+02
9.300000000002996980e-01 5.383788310929658110e+02
9.500000000002992717e-01 5.505989754581662510e+02
9.700000000002988454e-01 5.619410002426427582e+02
9.900000000002984191e-01 5.737128356197146104e+02
1.010000000000297993e+00 5.852386707586439343e+02
1.030000000000297566e+00 5.970361754670677783e+02
1.050000000000297140e+00 6.087844701721923002e+02
1.070000000000296714e+00 6.203659085189381130e+02
1.090000000000296287e+00 6.311684427755811839e+02
1.110000000000295861e+00 6.437207180524801515e+02
1.130000000000295435e+00 6.548256548528486292e+02
1.150000000000295008e+00 6.654540937225202697e+02
1.170000000000294582e+00 6.765120109058874505e+02
1.190000000000294156e+00 6.879695749008084249e+02
1.210000000000293729e+00 6.990757708962978541e+02
1.230000000000293303e+00 7.094384095702098421e+02
1.250000000000292877e+00 7.202287637250555008e+02
1.270000000000292451e+00 7.302059708244256626e+02
1.290000000000292024e+00 7.406915631960436031e+02
1.310000000000291598e+00 7.508021287622675572e+02
1.330000000000291172e+00 7.605363060291583679e+02
1.350000000000290745e+00 7.701251497663112104e+02
1.370000000000290319e+00 7.792595105359251875e+02
1.390000000000289893e+00 7.877777513933895079e+02
1.410000000000289466e+00 7.967222843444270666e+02
1.430000000000289040e+00 8.053221452458682279e+02
1.450000000000288614e+00 8.128408818316020188e+02
1.470000000000288187e+00 8.208324653964853042e+02
1.490000000000287761e+00 8.286928772608972622e+02
1.510000000000287335e+00 8.372595147793564365e+02
1.530000000000286908e+00 8.441387080127933586e+02
1.550000000000286482e+00 8.526709358141951043e+02
1.570000000000286056e+00 8.591056820203414190e+02
1.590000000000285629e+00 8.649442852402034987e+02
1.610000000000285203e+00 8.712771392121946974e+02
1.630000000000284777e+00 8.789116051390248003e+02
1.650000000000284350e+00 8.855485849621367151e+02
1.670000000000283924e+00 8.922092332906255479e+02
1.690000000000283498e+00 9.000005490809769526e+02
1.710000000000283071e+00 9.083909443524023573e+02
1.730000000000282645e+00 9.149415181688497114e+02
1.750000000000282219e+00 9.131639416645906522e+02
1.770000000000281792e+00 9.071052788693232287e+02
1.790000000000281366e+00 9.012001777235727786e+02
1.810000000000280940e+00 8.984334858143602105e+02
1.830000000000280513e+00 8.976540583443120340e+02
1.850000000000280087e+00 8.967879979089259450e+02
1.870000000000279661e+00 8.965680048273773082e+02
1.890000000000279234e+00 8.940191895361615479e+02
1.910000000000278808e+00 8.959635652048109478e+02
1.930000000000278382e+00 8.983566685483569927e+02
1.950000000000277955e+00 9.007968829746038182e+02
1.970000000000277529e+00 8.998859091401814112e+02
1.990000000000277103e+00 8.971986225550493828e+02
2.010000000000276899e+00 8.920702446942025290e+02
2.030000000000276472e+00 8.875650118287232999e+02
2.050000000000276046e+00 8.804672124363527246e+02
2.070000000000275620e+00 8.780520422917958285e+02
2.090000000000275193e+00 8.738710101629405926e+02
2.110000000000274767e+00 8.692946664109263111e+02
2.130000000000274341e+00 8.642738974551558613e+02
2.150000000000273914e+00 8.598157988516715022e+02
2.170000000000273488e+00 8.523827507185407057e+02
2.190000000000273062e+00 8.473892692704368983e+02
2.210000000000272635e+00 8.380704030984644533e+02
2.230000000000272209e+00 8.288991303701831157e+02
2.250000000000271783e+00 8.154283637198450378e+02
2.270000000000271356e+00 8.018693916083564091e+02
2.290000000000270930e+00 7.928533667078763756e+02
2.310000000000270504e+00 7.853840214915150000e+02
2.330000000000270077e+00 7.781637008689201593e+02
2.350000000000269651e+00 7.701436453558810626e+02
2.370000000000269225e+00 7.612829952550703183e+02
2.390000000000268798e+00 7.541588066839661906e+02
2.410000000000268372e+00 7.442833505889094567e+02
2.430000000000267946e+00 7.331612823912766999e+02
2.450000000000267519e+00 7.224528756997759729e+02
2.470000000000267093e+00 7.132887847092379161e+02
2.490000000000266667e+00 7.040655868335804826e+02
2.510000000000266240e+00 6.944988877236610278e+02
2.530000000000265814e+00 6.863098958561048448e+02
2.550000000000265388e+00 6.777475723962716074e+02
2.570000000000264961e+00 6.687679034892258869e+02
2.590000000000264535e+00 6.599249471821441375e+02
2.610000000000264109e+00 6.512220896079882095e+02
2.630000000000263682e+00 6.427925064422551031e+02
2.650000000000263256e+00 6.340109571280581804e+02
2.670000000000262830e+00 6.253784496903250556e+02
2.690000000000262403e+00 6.164152342512918494e+02
2.710000000000261977e+00 6.081604724127005284e+02
2.730000000000261551e+00 5.994355048591070272e+02
2.750000000000261124e+00 5.916050359124163833e+02
2.770000000000260698e+00 5.821970260273849362e+02
2.790000000000260272e+00 5.742105225327269409e+02
2.810000000000259845e+00 5.658315481910894960e+02
2.830000000000259419e+00 5.575078066405586696e+02
2.850000000000258993e+00 5.495669057740044536e+02
2.870000000000258567e+00 5.417979031255460995e+02
2.890000000000258140e+00 5.338420629696862534e+02
2.910000000000257714e+00 5.261143408670301369e+02
2.930000000000257288e+00 5.198647860291766847e+02
2.950000000000256861e+00 5.123694275148111501e+02
2.970000000000256435e+00 5.045399096617113628e+02
2.990000000000256009e+00 4.973278333178892012e+02
3.010000000000255582e+00 4.887273307518915999e+02
3.030000000000255156e+00 4.812383796770928939e+02
3.050000000000254730e+00 4.742054218361515154e+02
3.070000000000254303e+00 4.674639763083747539e+02
3.090000000000253877e+00 4.604500960336667390e+02
3.110000000000253451e+00 4.542528501707718078e+02
3.130000000000253024e+00 4.483356604800799801e+02
3.150000000000252598e+00 4.423433642746979899e+02
3.170000000000252172e+00 4.364951479658831772e+02
3.190000000000251745e+00 4.306637545944626595e+02
3.210000000000251319e+00 4.252110845450332590e+02
3.230000000000250893e+00 4.196173296848097607e+02
3.250000000000250466e+00 4.143198029604064345e+02
3.270000000000250040e+00 4.083841441545513931e+02
3.290000000000249614e+00 4.007156447255330818e+02
3.310000000000249187e+00 3.921464018150940660e+02
3.330000000000248761e+00 3.851901341758526769e+02
3.350000000000248335e+00 3.777409719834910220e+02
3.370000000000247908e+00 3.706146934072094723e+02
3.390000000000247482e+00 3.637062436464012194e+02
3.410000000000247056e+00 3.580061392354857617e+02
3.430000000000246629e+00 3.522523547094824607e+02
3.450000000000246203e+00 3.467132060197054102e+02
3.470000000000245777e+00 3.416750928186369833e+02
3.490000000000245350e+00 3.372748185513343060e+02
3.510000000000244924e+00 3.328254174945236628e+02
3.530000000000244498e+00 3.283011171103403285e+02
3.550000000000244071e+00 3.242549545804790228e+02
3.570000000000243645e+00 3.214622631934533956e+02
3.590000000000243219e+00 3.170727064768303194e+02
3.610000000000242792e+00 3.136068956002529262e+02
3.630000000000242366e+00 3.090254007762690662e+02
3.650000000000241940e+00 3.031860441406261089e+02
3.670000000000241513e+00 2.987349679170971513e+02
3.690000000000241087e+00 2.930036960538807307e+02
3.710000000000240661e+00 2.869799694384857389e+02
3.730000000000240234e+00 2.824948561484540619e+02
3.750000000000239808e+00 2.786463174509428313e+02
3.770000000000239382e+00 2.752559768078011757e+02
3.790000000000238956e+00 2.711798750699949778e+02
3.810000000000238529e+00 2.679025808000801021e+02
3.830000000000238103e+00 2.648040326974285676e+02
3.850000000000237677e+00 2.619948516492801787e+02
3.870000000000237250e+00 2.580112273431212202e+02
3.890000000000236824e+00 2.540443688396257187e+02
3.910000000000236398e+00 2.498850150629078541e+02
3.930000000000235971e+00 2.461253340013561512e+02
3.950000000000235545e+00 2.429651332169610782e+02
3.970000000000235119e+00 2.391587128102443671e+02
3.990000000000234692e+00 2.357664279664117259e+02
4.010000000000234266e+00 2.323080318828562554e+02
4.030000000000233840e+00 2.283650027110310248e+02
4.050000000000233413e+00 2.251388390212181889e+02
4.070000000000232987e+00 2.221163345360875780e+02
4.090000000000232561e+00 2.196242705290756874e+02
4.110000000000232134e+00 2.171558208250992266e+02
4.130000000000231708e+00 2.140098388933503486e+02
4.150000000000231282e+00 2.114815971164913719e+02
4.170000000000230855e+00 2.093923889545978909e+02
4.190000000000230429e+00 2.066508206652130468e+02
4.210000000000230003e+00 2.043204335574479273e+02
4.230000000000229576e+00 2.013456488155415798e+02
4.250000000000229150e+00 1.979719248672525111e+02
4.270000000000228724e+00 1.946818278961532940e+02
4.290000000000228297e+00 1.909088808851251997e+02
4.310000000000227871e+00 1.878780133256167062e+02
4.330000000000227445e+00 1.850456593848538773e+02
4.350000000000227018e+00 1.824472478566673885e+02
4.370000000000226592e+00 1.797416723829369403e+02
4.390000000000226166e+00 1.773839587662493216e+02
4.410000000000225739e+00 1.750196050849623077e+02
4.430000000000225313e+00 1.727719478694433235e+02
4.450000000000224887e+00 1.705029849142287617e+02
4.470000000000224460e+00 1.689644997748574724e+02
4.490000000000224034e+00 1.673181536988527398e+02
4.510000000000223608e+00 1.657762230431447961e+02
4.530000000000223181e+00 1.637904753495859609e+02
4.550000000000222755e+00 1.619478136497260721e+02
4.570000000000222329e+00 1.598316775315009295e+02
4.590000000000221902e+00 1.574871342789779476e+02
4.610000000000221476e+00 1.558566974914087666e+02
4.630000000000221050e+00 1.538991188788854743e+02
4.650000000000220624e+00 1.522204558664680007e+02
4.670000000000220197e+00 1.500421888483221267e+02
4.690000000000219771e+00 1.479132076489914880e+02
4.710000000000219345e+00 1.458889682706434883e+02
4.730000000000218918e+00 1.434466136907151679e+02
4.750000000000218492e+00 1.412868098018541332e+02
4.770000000000218066e+00 1.393541588255455963e+02
4.790000000000217639e+00 1.381483541372246293e+02
4.810000000000217213e+00 1.362173199910598953e+02
4.830000000000216787e+00 1.354688590386593319e+02
4.850000000000216360e+00 1.332479360550913725e+02
4.870000000000215934e+00 1.318861473379508880e+02
4.890000000000215508e+00 1.303907188483306641e+02
4.910000000000215081e+00 1.288687241502936729e+02
4.930000000000214655e+00 1.276586306019925416e+02
4.950000000000214229e+00 1.262108868235272325e+02
4.970000000000213802e+00 1.248995890651698488e+02
4.990000000000213376e+00 1.230161968227303504e+02
5.010000000000212950e+00 1.213710214787834474e+02
5.030000000000212523e+00 1.191426037972597243e+02
5.050000000000212097e+00 1.177022409105537548e+02
5.070000000000211671e+00 1.156935096791838333e+02
5.090000000000211244e+00 1.144295282458513014e+02
5.110000000000210818e+00 1.124582560522954537e+02
5.130000000000210392e+00 1.106587581164904037e+02
5.150000000000209965e+00 1.088134653082953349e+02
5.170000000000209539e+00 1.072338446810178425e+02
5.190000000000209113e+00 1.055648422546065035e+02
5.210000000000208686e+00 1.041912874118098102e+02
5.230000000000208260e+00 1.028069570320430159e+02
5.250000000000207834e+00 1.019964356989875824e+02
5.270000000000207407e+00 1.005568793919698578e+02
5.290000000000206981e+00 9.946030011239837165e+01
5.310000000000206555e+00 9.847539624224458521e+01
5.330000000000206128e+00 9.712934854328254630e+01
5.350000000000205702e+00 9.630430246902785996e+01
5.370000000000205276e+00 9.500484202599827199e+01
5.390000000000204849e+00 9.400638496174548209e+01
5.410000000000204423e+00 9.304988006037410742e+01
5.430000000000203997e+00 9.234265880164302587e+01
5.450000000000203570e+00 9.120058522112012156e+01
5.470000000000203144e+00 8.963950017102345669e+01
5.490000000000202718e+00 8.889438568478945513e+01
5.510000000000202292e+00 8.758055046362677842e+01
5.530000000000201865e+00 8.644523730656646876e+01
5.550000000000201439e+00 8.581799892659645934e+01
5.570000000000201013e+00 8.452123498736165175e+01
5.590000000000200586e+00 8.365996198911436466e+01
5.610000000000200160e+00 8.264508422226887774e+01
5.630000000000199734e+00 8.137170164212425050e+01
5.650000000000199307e+00 7.995793328128843314e+01
5.670000000000198881e+00 7.912731322515533350e+01
5.690000000000198455e+00 7.753326563327154020e+01
5.710000000000198028e+00 7.674441061752010285e+01
5.730000000000197602e+00 7.556010752493142490e+01
5.750000000000197176e+00 7.438422708614359635e+01
5.770000000000196749e+00 7.342236105337039476e+01
5.790000000000196323e+00 7.255299256836177335e+01
5.810000000000195897e+00 7.175111062744328194e+01
5.830000000000195470e+00 7.103560108031760478e+01
5.850000000000195044e+00 7.006935181549907554e+01
5.870000000000194618e+00 6.933556838213620210e+01
5.890000000000194191e+00 6.845560334786605949e+01
5.910000000000193765e+00 6.789800041013018017e+01
5.930000000000193339e+00 6.720549316772643067e+01
5.950000000000192912e+00 6.636672521445366613e+01
5.970000000000192486e+00 6.591611145437437358e+01
5.990000000000192060e+00 6.532219531488712505e+01
6.010000000000191633e+00 6.444799987609356151e+01
6.030000000000191207e+00 6.381896973714416532e+01
6.050000000000190781e+00 6.319099397184808709e+01
6.070000000000190354e+00 6.245039842866628277e+01
6.090000000000189928e+00 6.184159882349641890e+01
6.110000000000189502e+00 6.112240644056625172e+01
6.130000000000189075e+00 6.012304137754884437e+01
6.150000000000188649e+00 5.941888100391506811e+01
6.170000000000188223e+00 5.866529010919184373e+01
6.190000000000187796e+00 5.790259850767723293e+01
6.210000000000187370e+00 5.706472060810845193e+01
6.230000000000186944e+00 5.618421354017774405e+01
6.250000000000186517e+00 5.539837341816985372e+01
6.270000000000186091e+00 5.485375053475357277e+01
6.290000000000185665e+00 5.405263264288552705e+01
6.310000000000185238e+00 5.352683207624794193e+01
6.330000000000184812e+00 5.287723353592928532e+01
6.350000000000184386e+00 5.244725593113841455e+01
6.370000000000183960e+00 5.184006230440292029e+01
6.390000000000183533e+00 5.137648988592106747e+01
6.410000000000183107e+00 5.092424845829637547e+01
6.430000000000182681e+00 5.041754637626010549e+01
6.450000000000182254e+00 5.008595984230861831e+01
6.470000000000181828e+00 4.939032417008674969e+01
6.490000000000181402e+00 4.876972576926006298e+01
6.510000000000180975e+00 4.836672758788658655e+01
6.530000000000180549e+00 4.774408385922042442e+01
6.550000000000180123e+00 4.743822514250236821e+01
6.570000000000179696e+00 4.694848792684308592e+01
6.590000000000179270e+00 4.657709380720404369e+01
6.610000000000178844e+00 4.601665356349576541e+01
6.630000000000178417e+00 4.565591456990036789e+01
6.650000000000177991e+00 4.497607201803750598e+01
6.670000000000177565e+00 4.458500661352501737e+01
6.690000000000177138e+00 4.407860082463982110e+01
6.710000000000176712e+00 4.360506361603351877e+01
6.730000000000176286e+00 4.283205098034284219e+01
6.750000000000175859e+00 4.229926362939826134e+01
6.770000000000175433e+00 4.194331151581001649e+01
6.790000000000175007e+00 4.140461968686586403e+01
6.810000000000174580e+00 4.083209218861396295e+01
6.830000000000174154e+00 4.059319903355488890e+01
6.850000000000173728e+00 4.007293364781327938e+01
6.870000000000173301e+00 3.960008863336619811e+01
6.890000000000172875e+00 3.939495880877201017e+01
6.910000000000172449e+00 3.881018955334231180e+01
6.930000000000172022e+00 3.875583113743298469e+01
6.950000000000171596e+00 3.819780107778434797e+01
6.970000000000171170e+00 3.798753221310253281e+01
6.990000000000170743e+00 3.751712173910863868e+01
7.010000000000170317e+00 3.721809262584181255e+01
7.030000000000169891e+00 3.675594847533707110e+01
7.050000000000169464e+00 3.651471627537939924e+01
7.070000000000169038e+00 3.616890814258557185e+01
7.090000000000168612e+00 3.573593728822781657e+01
7.110000000000168185e+00 3.527130269631440029e+01
7.130000000000167759e+00 3.512266650813680968e+01
7.150000000000167333e+00 3.464933967630179268e+01
7.170000000000166906e+00 3.447446003502587786e+01
7.190000000000166480e+00 3.404366547281537692e+01
7.210000000000166054e+00 3.388434719327437250e+01
7.230000000000165628e+00 3.338079769618951786e+01
7.250000000000165201e+00 3.308526760804633682e+01
7.270000000000164775e+00 3.267535618755461257e+01
7.290000000000164349e+00 3.250417619325866525e+01
7.310000000000163922e+00 3.205193006937665956e+01
7.330000000000163496e+00 3.177606956991380827e+01
7.350000000000163070e+00 3.160252811063397615e+01
7.370000000000162643e+00 3.129148408435378315e+01
7.390000000000162217e+00 3.098976354944665701e+01
7.410000000000161791e+00 3.069367017791514485e+01
7.430000000000161364e+00 3.044305971737542293e+01
7.450000000000160938e+00 3.035151566222134889e+01
7.470000000000160512e+00 3.006446653391938995e+01
7.490000000000160085e+00 2.983536934580475730e+01
7.510000000000159659e+00 2.965086213956039529e+01
7.530000000000159233e+00 2.950255822644114900e+01
7.550000000000158806e+00 2.916927479977852400e+01
7.570000000000158380e+00 2.871961618406279726e+01
7.590000000000157954e+00 2.864148474460956706e+01
7.610000000000157527e+00 2.860088197345659111e+01
7.630000000000157101e+00 2.811519527842188992e+01
7.650000000000156675e+00 2.795569212988655750e+01
7.670000000000156248e+00 2.790034111071033962e+01
7.690000000000155822e+00 2.759509802240186360e+01
7.710000000000155396e+00 2.730289423016335348e+01
7.730000000000154969e+00 2.708755991356637338e+01
7.750000000000154543e+00 2.688813394195718587e+01
7.770000000000154117e+00 2.667061054884982596e+01
7.790000000000153690e+00 2.658711475387486800e+01
7.810000000000153264e+00 2.641073189713763725e+01
7.830000000000152838e+00 2.637811026967093753e+01
7.850000000000152411e+00 2.603681307326118244e+01
7.870000000000151985e+00 2.607266269410829906e+01
7.890000000000151559e+00 2.582119893215138262e+01
7.910000000000151132e+00 2.553643377148246785e+01
7.930000000000150706e+00 2.548654982739203945e+01
7.950000000000150280e+00 2.526623058253840881e+01
7.970000000000149853e+00 2.520046910692885334e+01
7.990000000000149427e+00 2.499540739673228629e+01
8.010000000000149001e+00 2.480603236339558038e+01
8.030000000000148574e+00 2.465513678355855731e+01
8.050000000000148148e+00 2.449112419236870863e+01
8.070000000000147722e+00 2.437280366959824462e+01
8.090000000000147296e+00 2.423257806416105353e+01
8.110000000000146869e+00 2.405826524444343661e+01
8.130000000000146443e+00 2.397882407812107886e+01
8.150000000000146017e+00 2.396958429836804427e+01
8.170000000000145590e+00 2.378018495179929204e+01
8.190000000000145164e+00 2.366604837954723806e+01
8.210000000000144738e+00 2.338696163592348043e+01
8.230000000000144311e+00 2.336386126071840508e+01
8.250000000000143885e+00 2.316966443910387952e+01
8.270000000000143459e+00 2.305870584619171026e+01
8.290000000000143032e+00 2.293637189497958317e+01
8.310000000000142606e+00 2.287396392762720865e+01
8.330000000000142180e+00 2.276823029896113582e+01
8.350000000000141753e+00 2.268962814793168192e+01
8.370000000000141327e+00 2.251146407400409188e+01
8.390000000000140901e+00 2.239720883973901522e+01
8.410000000000140474e+00 2.223488142931033096e+01
8.430000000000140048e+00 2.219693649069149899e+01
8.450000000000139622e+00 2.203429489228782501e+01
8.470000000000139195e+00 2.193039133199698654e+01
8.490000000000138769e+00 2.178240471038908055e+01
8.510000000000138343e+00 2.179831916899604494e+01
8.530000000000137916e+00 2.166038901978927100e+01
8.550000000000137490e+00 2.163130083825716454e+01
8.570000000000137064e+00 2.147930845348516016e+01
8.590000000000136637e+00 2.146896726715290526e+01
8.610000000000136211e+00 2.134027726488578480e+01
8.630000000000135785e+00 2.129962887945256966e+01
8.650000000000135358e+00 2.113431817663699164e+01
8.670000000000134932e+00 2.105892729068880698e+01
8.690000000000134506e+00 2.096469098916376694e+01
8.710000000000134079e+00 2.087332034493547184e+01
8.730000000000133653e+00 2.074717424615861461e+01
8.750000000000133227e+00 2.064661374912168412e+01
8.770000000000132800e+00 2.061401487431056267e+01
8.790000000000132374e+00 2.055124243148018692e+01
8.810000000000131948e+00 2.046609704976278721e+01
8.830000000000131521e+00 2.037915917766066798e+01
8.850000000000131095e+00 2.035848277820558749e+01
8.870000000000130669e+00 2.025745630960588528e+01
8.890000000000130242e+00 2.018849927655501375e+01
8.910000000000129816e+00 2.012591397381808989e+01
8.930000000000129390e+00 2.011222471577333692e+01
8.950000000000128964e+00 2.001579160134092916e+01
8.970000000000128537e+00 1.984937117578189714e+01
8.990000000000128111e+00 1.984241011702648194e+01
9.010000000000127685e+00 1.979581115014654813e+01
9.030000000000127258e+00 1.965200757084446792e+01
9.050000000000126832e+00 1.961361507959584571e+01
9.070000000000126406e+00 1.954303196837373235e+01
9.090000000000125979e+00 1.942999127390387670e+01
9.110000000000125553e+00 1.935014545798262731e+01
9.130000000000125127e+00 1.921412909991021323e+01
9.150000000000124700e+00 1.916615546066826425e+01
9.170000000000124274e+00 1.903072247025684760e+01
9.190000000000123848e+00 1.892133744075895763e+01
9.210000000000123421e+00 1.889142914098606951e+01
9.230000000000122995e+00 1.872008797320462037e+01
9.250000000000122569e+00 1.868266117732027354e+01
9.270000000000122142e+00 1.852668586277766494e+01
9.290000000000121716e+00 1.851182826175236684e+01
9.310000000000121290e+00 1.834820672975357070e+01
9.330000000000120863e+00 1.829171498466299894e+01
9.350000000000120437e+00 1.805947476909477700e+01
9.370000000000120011e+00 1.785200520968668769e+01
9.390000000000119584e+00 1.775821486349956757e+01
9.410000000000119158e+00 1.754148595277365175e+01
9.430000000000118732e+00 1.739153682783155475e+01
9.450000000000118305e+00 1.727484127787930035e+01
9.470000000000117879e+00 1.705800412441906744e+01
9.490000000000117453e+00 1.690010528375080412e+01
9.510000000000117026e+00 1.668408050474393889e+01
9.530000000000116600e+00 1.660985854793792882e+01
9.550000000000116174e+00 1.636722295286434914e+01
9.570000000000115747e+00 1.617221382565150023e+01
9.590000000000115321e+00 1.588661705667264457e+01
9.610000000000114895e+00 1.570564439294238035e+01
9.630000000000114468e+00 1.545259620547033741e+01
9.650000000000114042e+00 1.526645222911090549e+01
9.670000000000113616e+00 1.498479623220511847e+01
9.690000000000113189e+00 1.475577468669328773e+01
9.710000000000112763e+00 1.447070147475367641e+01
9.730000000000112337e+00 1.423268437052595203e+01
9.750000000000111910e+00 1.397351317422229222e+01
9.770000000000111484e+00 1.372226417142065991e+01
9.790000000000111058e+00 1.344126260644567417e+01
9.810000000000110632e+00 1.319122050892651465e+01
9.830000000000110205e+00 1.288179088726851695e+01
9.850000000000109779e+00 1.262750639113485995e+01
9.870000000000109353e+00 1.233777696406166591e+01
9.890000000000108926e+00 1.202699092986575735e+01
9.910000000000108500e+00 1.175633399545264979e+01
9.930000000000108074e+00 1.144614830804135330e+01
9.950000000000107647e+00 1.118263763389755105e+01
9.970000000000107221e+00 1.092633372222641341e+01
9.990000000000106795e+00 1.059130118726750602e+01
1.001000000000010637e+01 1.039149494006696450e+01
1.003000000000010594e+01 1.005884214949234945e+01
1.005000000000010552e+01 9.727426576316267059e+00
1.007000000000010509e+01 9.488235241869290348e+00
1.009000000000010466e+01 9.205063728139855073e+00
1.011000000000010424e+01 9.034745941637057243e+00
1.013000000000010381e+01 8.694334097901382563e+00
1.015000000000010338e+01 8.493458827832705893e+00
1.017000000000010296e+01 8.277995891567000442e+00
1.019000000000010253e+01 8.026600900301321673e+00
1.021000000000010210e+01 7.774223073440928111e+00
1.023000000000010168e+01 7.541321995159945502e+00
1.025000000000010125e+01 7.330277726086372958e+00
1.027000000000010083e+01 7.159571226554456658e+00
1.029000000000010040e+01 6.962139669925939245e+00
1.031000000000009997e+01 6.819382233998671161e+00
1.033000000000009955e+01 6.629455296705880407e+00
1.035000000000009912e+01 6.450646145427848310e+00
1.037000000000009869e+01 6.382107520523778277e+00
1.039000000000009827e+01 6.250205243831841173e+00
1.041000000000009784e+01 6.073380898752659185e+00
1.043000000000009742e+01 5.977551777383487419e+00
1.045000000000009699e+01 5.906135520248152915e+00
1.047000000000009656e+01 5.827233101468142884e+00
1.049000000000009614e+01 5.757392594531530072e+00
1.051000000000009571e+01 5.689126768925619082e+00
1.053000000000009528e+01 5.677173400036753748e+00
1.055000000000009486e+01 5.626453241890160939e+00
1.057000000000009443e+01 5.587483275908486924e+00
1.059000000000009400e+01 5.575030772494898201e+00
1.061000000000009358e+01 5.586249759510896418e+00
1.063000000000009315e+01 5.571488265251846705e+00
1.065000000000009273e+01 5.568961684248513677e+00
1.067000000000009230e+01 5.636846172028923796e+00
1.069000000000009187e+01 5.670170029402491707e+00
1.071000000000009145e+01 5.726106292818092136e+00
1.073000000000009102e+01 5.779581209498493521e+00
1.075000000000009059e+01 5.820229461283074279e+00
1.077000000000009017e+01 5.865869249706666011e+00
1.079000000000008974e+01 5.955418363176751662e+00
1.081000000000008932e+01 5.986960503245768450e+00
1.083000000000008889e+01 6.077709780597523981e+00
1.085000000000008846e+01 6.151741157507814250e+00
1.087000000000008804e+01 6.222714292161889205e+00
1.089000000000008761e+01 6.351870908164673146e+00
1.091000000000008718e+01 6.437838303143238683e+00
1.093000000000008676e+01 6.497979715682812518e+00
1.095000000000008633e+01 6.561359257311547566e+00
1.097000000000008590e+01 6.671438654487929831e+00
1.099000000000008548e+01 6.729480338530247963e+00
1.101000000000008505e+01 6.861780259419743899e+00
1.103000000000008463e+01 6.909181214522070569e+00
1.105000000000008420e+01 6.953315366421943367e+00
1.107000000000008377e+01 7.032817537564724830e+00
1.109000000000008335e+01 7.087070247431625170e+00
1.111000000000008292e+01 7.216876369499379607e+00
1.113000000000008249e+01 7.258957482340766987e+00
1.115000000000008207e+01 7.292184841530190198e+00
1.117000000000008164e+01 7.339130636644847883e+00
1.119000000000008122e+01 7.381767400710926630e+00
1.121000000000008079e+01 7.416328442381622921e+00
1.123000000000008036e+01 7.488791451997143689e+00
1.125000000000007994e+01 7.435306664539078625e+00
1.127000000000007951e+01 7.570746692634298114e+00
1.129000000000007908e+01 7.449970520698733445e+00
1.131000000000007866e+01 7.523753014520011995e+00
1.133000000000007823e+01 7.527762929094716782e+00
1.135000000000007780e+01 7.510814542465065635e+00
1.137000000000007738e+01 7.530330601245069033e+00
1.139000000000007695e+01 7.467954498149270925e+00
1.141000000000007653e+01 7.421796975863069967e+00
1.143000000000007610e+01 7.407006830989386614e+00
1.145000000000007567e+01 7.388833199324610135e+00
1.147000000000007525e+01 7.297373951076606247e+00
1.149000000000007482e+01 7.263772459332295206e+00
1.151000000000007439e+01 7.221505527855502038e+00
1.153000000000007397e+01 7.123724463887286973e+00
1.155000000000007354e+01 7.093763509031630221e+00
1.157000000000007311e+01 6.999833661800474616e+00
1.159000000000007269e+01 6.846386171906428508e+00
1.161000000000007226e+01 6.779137933774735281e+00
1.163000000000007184e+01 6.737786243028791588e+00
1.165000000000007141e+01 6.585764606841637558e+00
1.167000000000007098e+01 6.492311241778327968e+00
1.169000000000007056e+01 6.392488858224543158e+00
1.171000000000007013e+01 6.236310641142751798e+00
1.173000000000006970e+01 6.140929182238433093e+00
1.175000000000006928e+01 6.000035019012919690e+00
1.177000000000006885e+01 5.843169291233432538e+00
1.179000000000006843e+01 5.762122504727352101e+00
1.181000000000006800e+01 5.592587787704301761e+00
1.183000000000006757e+01 5.472372337511879792e+00
1.185000000000006715e+01 5.296464404413215199e+00
1.187000000000006672e+01 5.154704505113558710e+00
1.189000000000006629e+01 5.033737621849628141e+00
1.191000000000006587e+01 4.842441138135957779e+00
1.193000000000006544e+01 4.716439069714223109e+00
1.195000000000006501e+01 4.574976187164295105e+00
1.197000000000006459e+01 4.412299998305210913e+00
1.199000000000006416e+01 4.270846613847373519e+00
1.201000000000006374e+01 4.124633520091379957e+00
1.203000000000006331e+01 3.940414053646789316e+00
1.205000000000006288e+01 3.791757282954328456e+00
1.207000000000006246e+01 3.663289009233031468e+00
1.209000000000006203e+01 3.509183349482771330e+00
1.211000000000006160e+01 3.371098184205250092e+00
1.213000000000006118e+01 3.241547194195017134e+00
1.215000000000006075e+01 3.083513676693089067e+00
1.217000000000006033e+01 2.934057273389308662e+00
1.219000000000005990e+01 2.821724224335131481e+00
1.221000000000005947e+01 2.686832326868152432e+00
1.223000000000005905e+01 2.567477314487832452e+00
1.225000000000005862e+01 2.450661143730845204e+00
1.227000000000005819e+01 2.318364709743608643e+00
1.229000000000005777e+01 2.210125464170126897e+00
1.231000000000005734e+01 2.100024016589820075e+00
1.233000000000005691e+01 1.984418213972178879e+00
1.235000000000005649e+01 1.902795203987477368e+00
1.237000000000005606e+01 1.801869968886642859e+00
1.239000000000005564e+01 1.707982669178306878e+00
1.241000000000005521e+01 1.610548744381210096e+00
1.243000000000005478e+01 1.539609428302552763e+00
1.245000000000005436e+01 1.457658612626302252e+00
1.247000000000005393e+01 1.390040425056226603e+00
1.249000000000005350e+01 1.310662642454438087e+00
1.251000000000005308e+01 1.244255417902408345e+00
1.253000000000005265e+01 1.189830042739865146e+00
1.255000000000005222e+01 1.135977088260625711e+00
1.257000000000005180e+01 1.065966930378259292e+00
1.259000000000005137e+01 1.017753472758577304e+00
1.261000000000005095e+01 9.774242297867353768e-01
1.263000000000005052e+01 9.249703399065581921e-01
1.265000000000005009e+01 8.899401183210213784e-01
1.267000000000004967e+01 8.534155414743525014e-01
1.269000000000004924e+01 8.204732032292105792e-01
1.271000000000004881e+01 7.890985815763769118e-01
1.273000000000004839e+01 7.619597746788995263e-01
1.275000000000004796e+01 7.307239897455646283e-01
1.277000000000004754e+01 6.965834207515384513e-01
1.279000000000004711e+01 6.716211274581279644e-01
1.281000000000004668e+01 6.584129202092128264e-01
1.283000000000004626e+01 6.367485481469750130e-01
1.285000000000004583e+01 6.163768961314632921e-01
1.287000000000004540e+01 6.133003418179331367e-01
1.289000000000004498e+01 5.886078403174068718e-01
1.291000000000004455e+01 5.782291357052423697e-01
1.293000000000004412e+01 5.572628236518587519e-01
1.295000000000004370e+01 5.491720007905193102e-01
1.297000000000004327e+01 5.478665333742223087e-01
1.299000000000004285e+01 5.249564283403075349e-01
1.301000000000004242e+01 5.290941626483851579e-01
1.303000000000004199e+01 5.168464770638492300e-01
1.305000000000004157e+01 5.050976159281261868e-01
1.307000000000004114e+01 4.959222891807878453e-01
1.309000000000004071e+01 4.901061792584497367e-01
1.311000000000004029e+01 4.860806792095037632e-01
1.313000000000003986e+01 4.886170912932298882e-01
1.315000000000003944e+01 4.769197109386884015e-01
1.317000000000003901e+01 4.757035140303448317e-01
1.319000000000003858e+01 4.680807057068175903e-01
1.321000000000003816e+01 4.608390429166826507e-01
1.323000000000003773e+01 4.661413610554283604e-01
1.325000000000003730e+01 4.602141900530453689e-01
1.327000000000003688e+01 4.450031810385539077e-01
1.329000000000003645e+01 4.515975239265057617e-01
1.331000000000003602e+01 4.417973499307977781e-01
1.333000000000003560e+01 4.499434447168620399e-01
1.335000000000003517e+01 4.426110863632658488e-01
1.337000000000003475e+01 4.359634536076661959e-01
1.339000000000003432e+01 4.371321822249010780e-01
1.341000000000003389e+01 4.359758035598561565e-01
1.343000000000003347e+01 4.231864456423152787e-01
1.345000000000003304e+01 4.230746907017080005e-01
1.347000000000003261e+01 4.309627616451769394e-01
1.349000000000003219e+01 4.205783724563743053e-01
1.351000000000003176e+01 4.194097654564541977e-01
1.353000000000003133e+01 4.220946935216574047e-01
1.355000000000003091e+01 4.155241986958100320e-01
1.357000000000003048e+01 4.097864174128914017e-01
1.359000000000003006e+01 4.113471086893598638e-01
1.361000000000002963e+01 4.015648057440339702e-01
1.363000000000002920e+01 4.127756160364177695e-01
1.365000000000002878e+01 4.050155291019510440e-01
1.367000000000002835e+01 3.976377047300855838e-01
1.369000000000002792e+01 4.045797085927356207e-01
1.371000000000002750e+01 4.013441539478981301e-01
1.373000000000002707e+01 3.849437240706871655e-01
1.375000000000002665e+01 3.973500037106382776e-01
1.377000000000002622e+01 3.874508092761616007e-01
1.379000000000002579e+01 3.831192313588140941e-01
1.381000000000002537e+01 3.680333485360263723e-01
1.383000000000002494e+01 3.533675787054852413e-01
1.385000000000002451e+01 3.362600093562609915e-01
1.387000000000002409e+01 3.254202651965494852e-01
1.389000000000002366e+01 3.096765245562764779e-01
1.391000000000002323e+01 2.998838647725207140e-01
1.393000000000002281e+01 2.987215266508237432e-01
1.395000000000002238e+01 2.712756987906665418e-01
1.397000000000002196e+01 2.453433752717100458e-01
1.399000000000002153e+01 2.096488291195387210e-01
1.401000000000002110e+01 1.790743575108681707e-01
1.403000000000002068e+01 1.564464800577050063e-01
1.405000000000002025e+01 1.472326043956356245e-01
1.407000000000001982e+01 1.408526048786335749e-01
1.409000000000001940e+01 1.341907104476422474e-01
1.411000000000001897e+01 1.281563330260847011e-01
1.413000000000001855e+01 1.211079681313003420e-01
1.415000000000001812e+01 1.202426372732077337e-01
1.417000000000001769e+01 1.054754558898111511e-01
1.419000000000001727e+01 9.286723840744896818e-02
1.421000000000001684e+01 8.484784283880436595e-02
1.423000000000001641e+01 7.169532036220634119e-02
1.425000000000001599e+01 6.091993672166387541e-02
1.427000000000001556e+01 6.123268282084102371e-02
1.429000000000001513e+01 5.107243426710528916e-02
1.431000000000001471e+01 4.054025761587840698e-02
1.433000000000001428e+01 2.838711666942137293e-02
1.435000000000001386e+01 2.309407723411379190e-02
1.437000000000001343e+01 2.246392617348011086e-02
1.439000000000001300e+01 2.027633945842085422e-02
1.441000000000001258e+01 1.755555855604829657e-02
1.443000000000001215e+01 1.273181710413803618e-02
1.445000000000001172e+01 1.594099195078467132e-03
1.447000000000001130e+01 1.974661301338028627e-09
1.449000000000001087e+01 1.145655284309838276e-09
1.451000000000001044e+01 7.191418962053896376e-10
1.453000000000001002e+01 4.607362713031789387e-10
1.455000000000000959e+01 6.976991154855405356e-11
1.457000000000000917e+01 0.000000000000000000e+00
1.459000000000000874e+01 0.000000000000000000e+00
1.461000000000000831e+01 0.000000000000000000e+00
1.463000000000000789e+01 0.000000000000000000e+00
1.465000000000000746e+01 0.000000000000000000e+00
1.467000000000000703e+01 0.000000000000000000e+00
1.469000000000000661e+01 0.000000000000000000e+00
1.471000000000000618e+01 0.000000000000000000e+00
1.473000000000000576e+01 0.000000000000000000e+00
1.475000000000000533e+01 0.000000000000000000e+00
1.477000000000000490e+01 0.000000000000000000e+00
1.479000000000000448e+01 0.000000000000000000e+00
1.481000000000000405e+01 0.000000000000000000e+00
1.483000000000000362e+01 0.000000000000000000e+00
1.485000000000000320e+01 0.000000000000000000e+00
1.487000000000000277e+01 0.000000000000000000e+00
1.489000000000000234e+01 0.000000000000000000e+00
1.491000000000000192e+01 0.000000000000000000e+00
1.493000000000000149e+01 0.000000000000000000e+00
1.495000000000000107e+01 0.000000000000000000e+00
1.497000000000000064e+01 0.000000000000000000e+00
1.499000000000000021e+01 0.000000000000000000e+00
