# Redshift		Merger Rate Density [Gpc^-3yr^-1]
1.000000000031931770e-02 1.214387678983907470e+01
3.000000000031888964e-02 1.238245417343875232e+01
5.000000000031846331e-02 1.317329187054179584e+01
7.000000000031804392e-02 1.368618996773010821e+01
9.000000000031761760e-02 1.429859387143298832e+01
1.100000000003171913e-01 1.476943030852961236e+01
1.300000000003167511e-01 1.565748605772748370e+01
1.500000000003163247e-01 1.594229253058412255e+01
1.700000000003158984e-01 1.627468587835192437e+01
1.900000000003154721e-01 1.701435528131532848e+01
2.100000000003150458e-01 1.764444955721549135e+01
2.300000000003146194e-01 1.832663331367945858e+01
2.500000000003141931e-01 1.901527886409345314e+01
2.700000000003137668e-01 1.970710915928505713e+01
2.900000000003133405e-01 1.993911729499373564e+01
3.100000000003129141e-01 2.139586695860186438e+01
3.300000000003124878e-01 2.188905187927336726e+01
3.500000000003120615e-01 2.255239344015839009e+01
3.700000000003116352e-01 2.335789641004868855e+01
3.900000000003112088e-01 2.424251962374825098e+01
4.100000000003107825e-01 2.455847681872284838e+01
4.300000000003103562e-01 2.584234297817018344e+01
4.500000000003099299e-01 2.580357548720886030e+01
4.700000000003095035e-01 2.705052843076435920e+01
4.900000000003090772e-01 2.806220243096661804e+01
5.100000000003086509e-01 2.845938702731779557e+01
5.300000000003082246e-01 2.907386858424760945e+01
5.500000000003077982e-01 3.047029145593927879e+01
5.700000000003073719e-01 3.040926742254327309e+01
5.900000000003069456e-01 3.249348377653782194e+01
6.100000000003065193e-01 3.243716653752952794e+01
6.300000000003060929e-01 3.394787687952265287e+01
6.500000000003056666e-01 3.404379416034952754e+01
6.700000000003052403e-01 3.551361229525085861e+01
6.900000000003048140e-01 3.600214312365183389e+01
7.100000000003043876e-01 3.736885984373490288e+01
7.300000000003039613e-01 3.789330833865906811e+01
7.500000000003035350e-01 3.879776309972918824e+01
7.700000000003031086e-01 3.945908846748373122e+01
7.900000000003026823e-01 4.151989947164069150e+01
8.100000000003022560e-01 4.200294576266119861e+01
8.300000000003018297e-01 4.202218756470590222e+01
8.500000000003014033e-01 4.357084290861745046e+01
8.700000000003009770e-01 4.469905787332218239e+01
8.900000000003005507e-01 4.607099123196863388e+01
9.100000000003001244e-01 4.651292142733004908e+01
9.300000000002996980e-01 4.789738328066983541e+01
9.500000000002992717e-01 4.825662841899849553e+01
9.700000000002988454e-01 4.938058351239968147e+01
9.900000000002984191e-01 5.055315590543861504e+01
1.010000000000297993e+00 5.160134226993848472e+01
1.030000000000297566e+00 5.256310221796794480e+01
1.050000000000297140e+00 5.268128696640572883e+01
1.070000000000296714e+00 5.494628433974547477e+01
1.090000000000296287e+00 5.552046482482933243e+01
1.110000000000295861e+00 5.641409669370898428e+01
1.130000000000295435e+00 5.721153418870272844e+01
1.150000000000295008e+00 5.755745020173365845e+01
1.170000000000294582e+00 5.892279380107662945e+01
1.190000000000294156e+00 5.958399451448453021e+01
1.210000000000293729e+00 6.008210333121881064e+01
1.230000000000293303e+00 6.143432178030826663e+01
1.250000000000292877e+00 6.165994641993047765e+01
1.270000000000292451e+00 6.257232998492467146e+01
1.290000000000292024e+00 6.161827826497208349e+01
1.310000000000291598e+00 6.499895563705888435e+01
1.330000000000291172e+00 6.413215404099145189e+01
1.350000000000290745e+00 6.703457614882968585e+01
1.370000000000290319e+00 6.509242845901320607e+01
1.390000000000289893e+00 6.672731045054766241e+01
1.410000000000289466e+00 6.716261782190484553e+01
1.430000000000289040e+00 6.815982470397024429e+01
1.450000000000288614e+00 6.862265494187001025e+01
1.470000000000288187e+00 6.805020664804385433e+01
1.490000000000287761e+00 6.961341616180231995e+01
1.510000000000287335e+00 6.940510373243415643e+01
1.530000000000286908e+00 7.090662608276264223e+01
1.550000000000286482e+00 7.025329795440779890e+01
1.570000000000286056e+00 7.065992621120230410e+01
1.590000000000285629e+00 7.103156618327317062e+01
1.610000000000285203e+00 7.207715719359993045e+01
1.630000000000284777e+00 7.242080475300500098e+01
1.650000000000284350e+00 7.236175707466543372e+01
1.670000000000283924e+00 7.275661250710514594e+01
1.690000000000283498e+00 7.274037104366720996e+01
1.710000000000283071e+00 7.217492213789411437e+01
1.730000000000282645e+00 7.323314213447112309e+01
1.750000000000282219e+00 7.365012669100204334e+01
1.770000000000281792e+00 7.363643729923734327e+01
1.790000000000281366e+00 7.270384060384628810e+01
1.810000000000280940e+00 7.270370940197231846e+01
1.830000000000280513e+00 7.311615807033827252e+01
1.850000000000280087e+00 7.211419155039300222e+01
1.870000000000279661e+00 7.385475009812223846e+01
1.890000000000279234e+00 7.282425296636502310e+01
1.910000000000278808e+00 7.339738068271203986e+01
1.930000000000278382e+00 7.351276367187912797e+01
1.950000000000277955e+00 7.281728206007139192e+01
1.970000000000277529e+00 7.199199647102228994e+01
1.990000000000277103e+00 7.167367315220272417e+01
2.010000000000276899e+00 7.257288131650548735e+01
2.030000000000276472e+00 7.170527055642260450e+01
2.050000000000276046e+00 7.067463857268754168e+01
2.070000000000275620e+00 7.053346024205292508e+01
2.090000000000275193e+00 7.032230025876300772e+01
2.110000000000274767e+00 6.868790406225592449e+01
2.130000000000274341e+00 6.812408262133739356e+01
2.150000000000273914e+00 6.830788885489893403e+01
2.170000000000273488e+00 6.863922645237209963e+01
2.190000000000273062e+00 6.713969790508265589e+01
2.210000000000272635e+00 6.598023355450885674e+01
2.230000000000272209e+00 6.624888902177845296e+01
2.250000000000271783e+00 6.493224305693770759e+01
2.270000000000271356e+00 6.555224579133481200e+01
2.290000000000270930e+00 6.405473242178729265e+01
2.310000000000270504e+00 6.352396213149241788e+01
2.330000000000270077e+00 6.328039953119806427e+01
2.350000000000269651e+00 6.252250254854007494e+01
2.370000000000269225e+00 6.129396267396541731e+01
2.390000000000268798e+00 6.171660862486142207e+01
2.410000000000268372e+00 6.032127071768722004e+01
2.430000000000267946e+00 5.938748808643277499e+01
2.450000000000267519e+00 5.843785204710673042e+01
2.470000000000267093e+00 5.848938275589090807e+01
2.490000000000266667e+00 5.848332411000449582e+01
2.510000000000266240e+00 5.859074050489723362e+01
2.530000000000265814e+00 5.628657812413290884e+01
2.550000000000265388e+00 5.693661642920024235e+01
2.570000000000264961e+00 5.526012452072013303e+01
2.590000000000264535e+00 5.491059289810351629e+01
2.610000000000264109e+00 5.436265500786153382e+01
2.630000000000263682e+00 5.295740149090273263e+01
2.650000000000263256e+00 5.301812416513334369e+01
2.670000000000262830e+00 5.242782712541853840e+01
2.690000000000262403e+00 5.159893455650887972e+01
2.710000000000261977e+00 5.078945913267377676e+01
2.730000000000261551e+00 5.040754708887324398e+01
2.750000000000261124e+00 4.987419247014030788e+01
2.770000000000260698e+00 4.838044152256446750e+01
2.790000000000260272e+00 4.856557714289379390e+01
2.810000000000259845e+00 4.852882898470794970e+01
2.830000000000259419e+00 4.727013191135124259e+01
2.850000000000258993e+00 4.626311732174553271e+01
2.870000000000258567e+00 4.581372814541153815e+01
2.890000000000258140e+00 4.467878696822593554e+01
2.910000000000257714e+00 4.480339121563169158e+01
2.930000000000257288e+00 4.428197992768129154e+01
2.950000000000256861e+00 4.271383429903950457e+01
2.970000000000256435e+00 4.335947181029133901e+01
2.990000000000256009e+00 4.248360494275276977e+01
3.010000000000255582e+00 4.183559183457494157e+01
3.030000000000255156e+00 4.191919604900923702e+01
3.050000000000254730e+00 4.027899508480924595e+01
3.070000000000254303e+00 4.062196425711305636e+01
3.090000000000253877e+00 3.907132061166555559e+01
3.110000000000253451e+00 3.974616635692225231e+01
3.130000000000253024e+00 3.867928799761470060e+01
3.150000000000252598e+00 3.839927273256488860e+01
3.170000000000252172e+00 3.771199026816079680e+01
3.190000000000251745e+00 3.676220232359351314e+01
3.210000000000251319e+00 3.650211787818621190e+01
3.230000000000250893e+00 3.586385589952379149e+01
3.250000000000250466e+00 3.597861418618631291e+01
3.270000000000250040e+00 3.494726378268562428e+01
3.290000000000249614e+00 3.464838870194957110e+01
3.310000000000249187e+00 3.436380731055481874e+01
3.330000000000248761e+00 3.404399363357915576e+01
3.350000000000248335e+00 3.296173792743872610e+01
3.370000000000247908e+00 3.289213346347883515e+01
3.390000000000247482e+00 3.228385698398093240e+01
3.410000000000247056e+00 3.214704253304155657e+01
3.430000000000246629e+00 3.125638712394971108e+01
3.450000000000246203e+00 3.099010648221205244e+01
3.470000000000245777e+00 3.027430761993870689e+01
3.490000000000245350e+00 3.015624532995575180e+01
3.510000000000244924e+00 2.979935909164170837e+01
3.530000000000244498e+00 2.979164927189557943e+01
3.550000000000244071e+00 2.906992473299776947e+01
3.570000000000243645e+00 2.816903001138199159e+01
3.590000000000243219e+00 2.796682755504679463e+01
3.610000000000242792e+00 2.844334655245661025e+01
3.630000000000242366e+00 2.703666727982691853e+01
3.650000000000241940e+00 2.694419470754399626e+01
3.670000000000241513e+00 2.603487570455362388e+01
3.690000000000241087e+00 2.630631086769897564e+01
3.710000000000240661e+00 2.581516186110501820e+01
3.730000000000240234e+00 2.591859574198485916e+01
3.750000000000239808e+00 2.538303170593555791e+01
3.770000000000239382e+00 2.459030691169147786e+01
3.790000000000238956e+00 2.407527749007054041e+01
3.810000000000238529e+00 2.381182778618031293e+01
3.830000000000238103e+00 2.363724148230108923e+01
3.850000000000237677e+00 2.345947959323431320e+01
3.870000000000237250e+00 2.291796318242964148e+01
3.890000000000236824e+00 2.269360592303703328e+01
3.910000000000236398e+00 2.245939568035765532e+01
3.930000000000235971e+00 2.247620420469403157e+01
3.950000000000235545e+00 2.136661067203367281e+01
3.970000000000235119e+00 2.170543244047264508e+01
3.990000000000234692e+00 2.119255022452039938e+01
4.010000000000234266e+00 2.059675874752358737e+01
4.030000000000233840e+00 2.056384871912209533e+01
4.050000000000233413e+00 2.041629190874298416e+01
4.070000000000232987e+00 2.009021866340639306e+01
4.090000000000232561e+00 2.000498701555545011e+01
4.110000000000232134e+00 1.968550130876165127e+01
4.130000000000231708e+00 1.921382345281433146e+01
4.150000000000231282e+00 1.919664960929531361e+01
4.170000000000230855e+00 1.909755832184424307e+01
4.190000000000230429e+00 1.856458681855537662e+01
4.210000000000230003e+00 1.832837856788262343e+01
4.230000000000229576e+00 1.818862616351560746e+01
4.250000000000229150e+00 1.814614324978656157e+01
4.270000000000228724e+00 1.766793118360303794e+01
4.290000000000228297e+00 1.767058402453706378e+01
4.310000000000227871e+00 1.758275848031437860e+01
4.330000000000227445e+00 1.692571790985651248e+01
4.350000000000227018e+00 1.726523886788200812e+01
4.370000000000226592e+00 1.684651284149119377e+01
4.390000000000226166e+00 1.672813825432807988e+01
4.410000000000225739e+00 1.648385515851564875e+01
4.430000000000225313e+00 1.629803108689217694e+01
4.450000000000224887e+00 1.636654645551289278e+01
4.470000000000224460e+00 1.576832373847654267e+01
4.490000000000224034e+00 1.589973358885732502e+01
4.510000000000223608e+00 1.579814598279563320e+01
4.530000000000223181e+00 1.545208081872589823e+01
4.550000000000222755e+00 1.534991718083360190e+01
4.570000000000222329e+00 1.533301198373411189e+01
4.590000000000221902e+00 1.514332037333860015e+01
4.610000000000221476e+00 1.527848247183810315e+01
4.630000000000221050e+00 1.474051576013526876e+01
4.650000000000220624e+00 1.475910463265489092e+01
4.670000000000220197e+00 1.434109066084594630e+01
4.690000000000219771e+00 1.463632110341643688e+01
4.710000000000219345e+00 1.467535492539115971e+01
4.730000000000218918e+00 1.424040116804315659e+01
4.750000000000218492e+00 1.428348503762262389e+01
4.770000000000218066e+00 1.384755089763314118e+01
4.790000000000217639e+00 1.420538622506502158e+01
4.810000000000217213e+00 1.378104311654287351e+01
4.830000000000216787e+00 1.365975807032974032e+01
4.850000000000216360e+00 1.392213281596132823e+01
4.870000000000215934e+00 1.365676523662975228e+01
4.890000000000215508e+00 1.376458289537295343e+01
4.910000000000215081e+00 1.343322222139366851e+01
4.930000000000214655e+00 1.314060556121768286e+01
4.950000000000214229e+00 1.316544148824142546e+01
4.970000000000213802e+00 1.300749759998879895e+01
4.990000000000213376e+00 1.279539547962955659e+01
5.010000000000212950e+00 1.288531202012729970e+01
5.030000000000212523e+00 1.255856743816426402e+01
5.050000000000212097e+00 1.246449263695059351e+01
5.070000000000211671e+00 1.249476497539370534e+01
5.090000000000211244e+00 1.238521067043765989e+01
5.110000000000210818e+00 1.219427658654827518e+01
5.130000000000210392e+00 1.225175855260716418e+01
5.150000000000209965e+00 1.185982295692138067e+01
5.170000000000209539e+00 1.211952480551006772e+01
5.190000000000209113e+00 1.184763708738783627e+01
5.210000000000208686e+00 1.198665029647856173e+01
5.230000000000208260e+00 1.162922336423237191e+01
5.250000000000207834e+00 1.168184320970694401e+01
5.270000000000207407e+00 1.138636516743980565e+01
5.290000000000206981e+00 1.142319177957808840e+01
5.310000000000206555e+00 1.130960726615892931e+01
5.330000000000206128e+00 1.107072135148988323e+01
5.350000000000205702e+00 1.106872066551520994e+01
5.370000000000205276e+00 1.099339129685874816e+01
5.390000000000204849e+00 1.080582994326185897e+01
5.410000000000204423e+00 1.084758119858558878e+01
5.430000000000203997e+00 1.069620749753237554e+01
5.450000000000203570e+00 1.091252610608053786e+01
5.470000000000203144e+00 1.059611823854474011e+01
5.490000000000202718e+00 1.050416357686524194e+01
5.510000000000202292e+00 1.019765370642916480e+01
5.530000000000201865e+00 1.054064733070377891e+01
5.550000000000201439e+00 1.015089393128222284e+01
5.570000000000201013e+00 9.967077258241310744e+00
5.590000000000200586e+00 1.011281350119971911e+01
5.610000000000200160e+00 1.014380345304053854e+01
5.630000000000199734e+00 1.023092490277179145e+01
5.650000000000199307e+00 9.874059281115870945e+00
5.670000000000198881e+00 1.007505556050281470e+01
5.690000000000198455e+00 9.904191161404687804e+00
5.710000000000198028e+00 9.723098684993042085e+00
5.730000000000197602e+00 9.908900191195998630e+00
5.750000000000197176e+00 9.785979675471336847e+00
5.770000000000196749e+00 9.843673795581295849e+00
5.790000000000196323e+00 9.627531042885804524e+00
5.810000000000195897e+00 9.871479413886989462e+00
5.830000000000195470e+00 9.676357460117953835e+00
5.850000000000195044e+00 9.669719480963077984e+00
5.870000000000194618e+00 9.622438824066332330e+00
5.890000000000194191e+00 9.572157073627391100e+00
5.910000000000193765e+00 9.546062235748534519e+00
5.930000000000193339e+00 9.706122396753935178e+00
5.950000000000192912e+00 9.552639164394213012e+00
5.970000000000192486e+00 9.718992651135902605e+00
5.990000000000192060e+00 9.684191607155838710e+00
6.010000000000191633e+00 9.743857173370493285e+00
6.030000000000191207e+00 9.587860569909786079e+00
6.050000000000190781e+00 9.745908799905702580e+00
6.070000000000190354e+00 9.912616130491070265e+00
6.090000000000189928e+00 9.705759931693847875e+00
6.110000000000189502e+00 9.843261298067790932e+00
6.130000000000189075e+00 9.820326747960058000e+00
6.150000000000188649e+00 9.851202213480638292e+00
6.170000000000188223e+00 9.882936384584462886e+00
6.190000000000187796e+00 1.016050954543611695e+01
6.210000000000187370e+00 1.015432158308087374e+01
6.230000000000186944e+00 1.027771017184451630e+01
6.250000000000186517e+00 9.902491140781162215e+00
6.270000000000186091e+00 1.029783158814244537e+01
6.290000000000185665e+00 1.022866688418223369e+01
6.310000000000185238e+00 1.045482237404196191e+01
6.330000000000184812e+00 1.065317726138374077e+01
6.350000000000184386e+00 1.065962945112503846e+01
6.370000000000183960e+00 1.044138252978373060e+01
6.390000000000183533e+00 1.092192563501752645e+01
6.410000000000183107e+00 1.056790860000101695e+01
6.430000000000182681e+00 1.081018190696534731e+01
6.450000000000182254e+00 1.080883295997777260e+01
6.470000000000181828e+00 1.096292898346504430e+01
6.490000000000181402e+00 1.121827441689021576e+01
6.510000000000180975e+00 1.103967661948215628e+01
6.530000000000180549e+00 1.136685020820165448e+01
6.550000000000180123e+00 1.141749914847695457e+01
6.570000000000179696e+00 1.143894817797549557e+01
6.590000000000179270e+00 1.147684974820292503e+01
6.610000000000178844e+00 1.148118925666456214e+01
6.630000000000178417e+00 1.145114085221126210e+01
6.650000000000177991e+00 1.150830550018374154e+01
6.670000000000177565e+00 1.202246734922120197e+01
6.690000000000177138e+00 1.185974642358118025e+01
6.710000000000176712e+00 1.183936317171795949e+01
6.730000000000176286e+00 1.211426605378030530e+01
6.750000000000175859e+00 1.205841959316197354e+01
6.770000000000175433e+00 1.207361223401049699e+01
6.790000000000175007e+00 1.195585661400020250e+01
6.810000000000174580e+00 1.257313062102317502e+01
6.830000000000174154e+00 1.226100006201759207e+01
6.850000000000173728e+00 1.229048607221245071e+01
6.870000000000173301e+00 1.227830694278655344e+01
6.890000000000172875e+00 1.258733774929133631e+01
6.910000000000172449e+00 1.244389707958348268e+01
6.930000000000172022e+00 1.257081472803648126e+01
6.950000000000171596e+00 1.244511634149202983e+01
6.970000000000171170e+00 1.249406217683109510e+01
6.990000000000170743e+00 1.251388147379556237e+01
7.010000000000170317e+00 1.253259410604780655e+01
7.030000000000169891e+00 1.242355331659980777e+01
7.050000000000169464e+00 1.235816719474298786e+01
7.070000000000169038e+00 1.256901020529797997e+01
7.090000000000168612e+00 1.265447385285959747e+01
7.110000000000168185e+00 1.283564330416589883e+01
7.130000000000167759e+00 1.256078515592179556e+01
7.150000000000167333e+00 1.293929226457555970e+01
7.170000000000166906e+00 1.247284488331309582e+01
7.190000000000166480e+00 1.258036830161385033e+01
7.210000000000166054e+00 1.268124269319526753e+01
7.230000000000165628e+00 1.268745769959644676e+01
7.250000000000165201e+00 1.255003854134950458e+01
7.270000000000164775e+00 1.241498019132033370e+01
7.290000000000164349e+00 1.250028139469968735e+01
7.310000000000163922e+00 1.267739884870386113e+01
7.330000000000163496e+00 1.250012979682540504e+01
7.350000000000163070e+00 1.238451646316198484e+01
7.370000000000162643e+00 1.239778758017443216e+01
7.390000000000162217e+00 1.241286857282757872e+01
7.410000000000161791e+00 1.243141007058061476e+01
7.430000000000161364e+00 1.237281870035080900e+01
7.450000000000160938e+00 1.220985047517857325e+01
7.470000000000160512e+00 1.235379116364674523e+01
7.490000000000160085e+00 1.240793734782670654e+01
7.510000000000159659e+00 1.216948442979538569e+01
7.530000000000159233e+00 1.238087639007533092e+01
7.550000000000158806e+00 1.246142843855660942e+01
7.570000000000158380e+00 1.235344409518587483e+01
7.590000000000157954e+00 1.214413620519772685e+01
7.610000000000157527e+00 1.211334074129601390e+01
7.630000000000157101e+00 1.230787475217618443e+01
7.650000000000156675e+00 1.210795873065855233e+01
7.670000000000156248e+00 1.241530602179468268e+01
7.690000000000155822e+00 1.219304633399095650e+01
7.710000000000155396e+00 1.213270204245406703e+01
7.730000000000154969e+00 1.212068169778829052e+01
7.750000000000154543e+00 1.206604948039460723e+01
7.770000000000154117e+00 1.205226336166325218e+01
7.790000000000153690e+00 1.230006362023757127e+01
7.810000000000153264e+00 1.207485767602151050e+01
7.830000000000152838e+00 1.195819130785388396e+01
7.850000000000152411e+00 1.198049616626135716e+01
7.870000000000151985e+00 1.205936156163377326e+01
7.890000000000151559e+00 1.210744821268681193e+01
7.910000000000151132e+00 1.207440049858239206e+01
7.930000000000150706e+00 1.218668743497587492e+01
7.950000000000150280e+00 1.216061863359446527e+01
7.970000000000149853e+00 1.202363525195153038e+01
7.990000000000149427e+00 1.212106643542509943e+01
8.010000000000149001e+00 1.206856016034888057e+01
8.030000000000148574e+00 1.205651889438659730e+01
8.050000000000148148e+00 1.199739286684394735e+01
8.070000000000147722e+00 1.223248276028067494e+01
8.090000000000147296e+00 1.193509050900780011e+01
8.110000000000146869e+00 1.206449970715201836e+01
8.130000000000146443e+00 1.211678968369585263e+01
8.150000000000146017e+00 1.212502928149790549e+01
8.170000000000145590e+00 1.206777392702242935e+01
8.190000000000145164e+00 1.209101798290142149e+01
8.210000000000144738e+00 1.206816059324589396e+01
8.230000000000144311e+00 1.204223217069077734e+01
8.250000000000143885e+00 1.197283963139603102e+01
8.270000000000143459e+00 1.191162061491306723e+01
8.290000000000143032e+00 1.203471934012152822e+01
8.310000000000142606e+00 1.217973178604306916e+01
8.330000000000142180e+00 1.209429515320547388e+01
8.350000000000141753e+00 1.204736021287289738e+01
8.370000000000141327e+00 1.195233350961231267e+01
8.390000000000140901e+00 1.209067041647936591e+01
8.410000000000140474e+00 1.206783915904091309e+01
8.430000000000140048e+00 1.196544474381883916e+01
8.450000000000139622e+00 1.199128186440796462e+01
8.470000000000139195e+00 1.197375714233364619e+01
8.490000000000138769e+00 1.189508204588674900e+01
8.510000000000138343e+00 1.190001239981901549e+01
8.530000000000137916e+00 1.185408742957222827e+01
8.550000000000137490e+00 1.198121569300798761e+01
8.570000000000137064e+00 1.199396461723945428e+01
8.590000000000136637e+00 1.188043177059811661e+01
8.610000000000136211e+00 1.190015455723306026e+01
8.630000000000135785e+00 1.190354648650872171e+01
8.650000000000135358e+00 1.180863493313212942e+01
8.670000000000134932e+00 1.190004052509079280e+01
8.690000000000134506e+00 1.180046443446337179e+01
8.710000000000134079e+00 1.188001332890136830e+01
8.730000000000133653e+00 1.176311202014941948e+01
8.750000000000133227e+00 1.181083952559741590e+01
8.770000000000132800e+00 1.175755266387749565e+01
8.790000000000132374e+00 1.201013506310044754e+01
8.810000000000131948e+00 1.175420020791272080e+01
8.830000000000131521e+00 1.179679605153544841e+01
8.850000000000131095e+00 1.166135143590260093e+01
8.870000000000130669e+00 1.166853495449085187e+01
8.890000000000130242e+00 1.174114621015308835e+01
8.910000000000129816e+00 1.178291883566818399e+01
8.930000000000129390e+00 1.163307247690002200e+01
8.950000000000128964e+00 1.176287760218211886e+01
8.970000000000128537e+00 1.173065006379641773e+01
8.990000000000128111e+00 1.162955523047134321e+01
9.010000000000127685e+00 1.171280542709560635e+01
9.030000000000127258e+00 1.166886675627920944e+01
9.050000000000126832e+00 1.173625591411783375e+01
9.070000000000126406e+00 1.171665635584355059e+01
9.090000000000125979e+00 1.166252223435008162e+01
9.110000000000125553e+00 1.171154339156589863e+01
9.130000000000125127e+00 1.173751590178597226e+01
9.150000000000124700e+00 1.163731822322514198e+01
9.170000000000124274e+00 1.180607175775852369e+01
9.190000000000123848e+00 1.181157278448124259e+01
9.210000000000123421e+00 1.175853751115563384e+01
9.230000000000122995e+00 1.175017462355405229e+01
9.250000000000122569e+00 1.171320146430702991e+01
9.270000000000122142e+00 1.181563200195216368e+01
9.290000000000121716e+00 1.172045725451568643e+01
9.310000000000121290e+00 1.175468118281019692e+01
9.330000000000120863e+00 1.169071009661990423e+01
9.350000000000120437e+00 1.181112921335746435e+01
9.370000000000120011e+00 1.180701679827958372e+01
9.390000000000119584e+00 1.190761111709204201e+01
9.410000000000119158e+00 1.181830337740495551e+01
9.430000000000118732e+00 1.178990818712283328e+01
9.450000000000118305e+00 1.192809130118896555e+01
9.470000000000117879e+00 1.178873446873135933e+01
9.490000000000117453e+00 1.182485967669649618e+01
9.510000000000117026e+00 1.190639023695936416e+01
9.530000000000116600e+00 1.187139058628276089e+01
9.550000000000116174e+00 1.196766779100893885e+01
9.570000000000115747e+00 1.206894593241335478e+01
9.590000000000115321e+00 1.196769855552551576e+01
9.610000000000114895e+00 1.210286961539997819e+01
9.630000000000114468e+00 1.186840010541438417e+01
9.650000000000114042e+00 1.192672820167443959e+01
9.670000000000113616e+00 1.196614674885443463e+01
9.690000000000113189e+00 1.213364233248138291e+01
9.710000000000112763e+00 1.203904433863621293e+01
9.730000000000112337e+00 1.195911654231186816e+01
9.750000000000111910e+00 1.215275348778532560e+01
9.770000000000111484e+00 1.218446928634644522e+01
9.790000000000111058e+00 1.210696733525648661e+01
9.810000000000110632e+00 1.217060971403850722e+01
9.830000000000110205e+00 1.209177353544250444e+01
9.850000000000109779e+00 1.232899324644784400e+01
9.870000000000109353e+00 1.201568943781404819e+01
9.890000000000108926e+00 1.222050119046489236e+01
9.910000000000108500e+00 1.228516093321622193e+01
9.930000000000108074e+00 1.216354715998063618e+01
9.950000000000107647e+00 1.225182042675995753e+01
9.970000000000107221e+00 1.228932773926569411e+01
9.990000000000106795e+00 1.229951183354898170e+01
1.001000000000010637e+01 1.222198529741327988e+01
1.003000000000010594e+01 1.228272889955891678e+01
1.005000000000010552e+01 1.219397321867785600e+01
1.007000000000010509e+01 1.230600673785802712e+01
1.009000000000010466e+01 1.225857081928724313e+01
1.011000000000010424e+01 1.234748935269698045e+01
1.013000000000010381e+01 1.226211888024519681e+01
1.015000000000010338e+01 1.230390853354107783e+01
1.017000000000010296e+01 1.228433350094233134e+01
1.019000000000010253e+01 1.228829227783848310e+01
1.021000000000010210e+01 1.232591806357623909e+01
1.023000000000010168e+01 1.232790546479279215e+01
1.025000000000010125e+01 1.229593768202016868e+01
1.027000000000010083e+01 1.230270168384633500e+01
1.029000000000010040e+01 1.226410435278025446e+01
1.031000000000009997e+01 1.216484553850801476e+01
1.033000000000009955e+01 1.216841158757888230e+01
1.035000000000009912e+01 1.219913644008677700e+01
1.037000000000009869e+01 1.213398016048250838e+01
1.039000000000009827e+01 1.224774795874865774e+01
1.041000000000009784e+01 1.212809825506462147e+01
1.043000000000009742e+01 1.209868293424018404e+01
1.045000000000009699e+01 1.207149962617123329e+01
1.047000000000009656e+01 1.192181316053119566e+01
1.049000000000009614e+01 1.189828690089390584e+01
1.051000000000009571e+01 1.195430496920016417e+01
1.053000000000009528e+01 1.201372678805471850e+01
1.055000000000009486e+01 1.196848219536314772e+01
1.057000000000009443e+01 1.185504427438957364e+01
1.059000000000009400e+01 1.175924085831882948e+01
1.061000000000009358e+01 1.169228951746853973e+01
1.063000000000009315e+01 1.168978173795513698e+01
1.065000000000009273e+01 1.157826652085573116e+01
1.067000000000009230e+01 1.165866181529157153e+01
1.069000000000009187e+01 1.144118539141111057e+01
1.071000000000009145e+01 1.147868326894550073e+01
1.073000000000009102e+01 1.157797156811913197e+01
1.075000000000009059e+01 1.142509627549858742e+01
1.077000000000009017e+01 1.124234814011183481e+01
1.079000000000008974e+01 1.120218447573053666e+01
1.081000000000008932e+01 1.118512509163182322e+01
1.083000000000008889e+01 1.122917076501135725e+01
1.085000000000008846e+01 1.105724041985749828e+01
1.087000000000008804e+01 1.096944792298720905e+01
1.089000000000008761e+01 1.097793668365767950e+01
1.091000000000008718e+01 1.091327957853480513e+01
1.093000000000008676e+01 1.080307542000025300e+01
1.095000000000008633e+01 1.077831302222906906e+01
1.097000000000008590e+01 1.067322964016269005e+01
1.099000000000008548e+01 1.064949566676154724e+01
1.101000000000008505e+01 1.058598223107104097e+01
1.103000000000008463e+01 1.059903016435636935e+01
1.105000000000008420e+01 1.064814598522564459e+01
1.107000000000008377e+01 1.037329602268754059e+01
1.109000000000008335e+01 1.030146127391094879e+01
1.111000000000008292e+01 1.028496348733833443e+01
1.113000000000008249e+01 1.027379453365676376e+01
1.115000000000008207e+01 1.010931068521222187e+01
1.117000000000008164e+01 1.010435551986041958e+01
1.119000000000008122e+01 1.009180829032994531e+01
1.121000000000008079e+01 9.914669854274366756e+00
1.123000000000008036e+01 1.000918969568991912e+01
1.125000000000007994e+01 9.966754390631452409e+00
1.127000000000007951e+01 9.871051700896140702e+00
1.129000000000007908e+01 9.809398277244396169e+00
1.131000000000007866e+01 9.773953514000004006e+00
1.133000000000007823e+01 9.630930918988603651e+00
1.135000000000007780e+01 9.616166391169452154e+00
1.137000000000007738e+01 9.680649688292792376e+00
1.139000000000007695e+01 9.484296298895744215e+00
1.141000000000007653e+01 9.387844801516047610e+00
1.143000000000007610e+01 9.430544002166440620e+00
1.145000000000007567e+01 9.420343680238932649e+00
1.147000000000007525e+01 9.426714255353727978e+00
1.149000000000007482e+01 9.327577107346812113e+00
1.151000000000007439e+01 9.176583511344340138e+00
1.153000000000007397e+01 9.356018790028866050e+00
1.155000000000007354e+01 9.173435536914457344e+00
1.157000000000007311e+01 9.177024778040840047e+00
1.159000000000007269e+01 9.043167785517667312e+00
1.161000000000007226e+01 9.146441142582146355e+00
1.163000000000007184e+01 9.090843841672814563e+00
1.165000000000007141e+01 9.069476892767168508e+00
1.167000000000007098e+01 8.939452576634673520e+00
1.169000000000007056e+01 8.954776954971681135e+00
1.171000000000007013e+01 8.931061523796236301e+00
1.173000000000006970e+01 8.968814706985297036e+00
1.175000000000006928e+01 8.944821012819746286e+00
1.177000000000006885e+01 8.859925389241604776e+00
1.179000000000006843e+01 8.821238384820080825e+00
1.181000000000006800e+01 8.846580443395628990e+00
1.183000000000006757e+01 8.924405256483680660e+00
1.185000000000006715e+01 8.801616904390570539e+00
1.187000000000006672e+01 8.790606118310451578e+00
1.189000000000006629e+01 8.708772443755009363e+00
1.191000000000006587e+01 8.781472326153988206e+00
1.193000000000006544e+01 8.716545386634564352e+00
1.195000000000006501e+01 8.752546455105413514e+00
1.197000000000006459e+01 8.747728351597293894e+00
1.199000000000006416e+01 8.641232840106116697e+00
1.201000000000006374e+01 8.700244629190070356e+00
1.203000000000006331e+01 8.716179308440038298e+00
1.205000000000006288e+01 8.671894133715229103e+00
1.207000000000006246e+01 8.652604020884306024e+00
1.209000000000006203e+01 8.531888373051689456e+00
1.211000000000006160e+01 8.629914596265267690e+00
1.213000000000006118e+01 8.566007190230262580e+00
1.215000000000006075e+01 8.610342214119230064e+00
1.217000000000006033e+01 8.594349695842705472e+00
1.219000000000005990e+01 8.605637016117521298e+00
1.221000000000005947e+01 8.560422479536047291e+00
1.223000000000005905e+01 8.435105478014678582e+00
1.225000000000005862e+01 8.520249935074668102e+00
1.227000000000005819e+01 8.464493420378845556e+00
1.229000000000005777e+01 8.405124526332127033e+00
1.231000000000005734e+01 8.482095419055465157e+00
1.233000000000005691e+01 8.379676008241432328e+00
1.235000000000005649e+01 8.460705950864554126e+00
1.237000000000005606e+01 8.390107871543662554e+00
1.239000000000005564e+01 8.310522631152860384e+00
1.241000000000005521e+01 8.241508903870306213e+00
1.243000000000005478e+01 8.267093109190307487e+00
1.245000000000005436e+01 8.278759210256176004e+00
1.247000000000005393e+01 8.340969342261088215e+00
1.249000000000005350e+01 8.203574112116644557e+00
1.251000000000005308e+01 8.087882804430247319e+00
1.253000000000005265e+01 8.143152274081755237e+00
1.255000000000005222e+01 8.156997261007061795e+00
1.257000000000005180e+01 8.015219336615611923e+00
1.259000000000005137e+01 8.024939733292541177e+00
1.261000000000005095e+01 7.913079202243123333e+00
1.263000000000005052e+01 8.017135103617762937e+00
1.265000000000005009e+01 7.908058507346434673e+00
1.267000000000004967e+01 7.893673833451489763e+00
1.269000000000004924e+01 7.873879922171427737e+00
1.271000000000004881e+01 7.744305750916245401e+00
1.273000000000004839e+01 7.835035202403130228e+00
1.275000000000004796e+01 7.716595093324363219e+00
1.277000000000004754e+01 7.666699967022635676e+00
1.279000000000004711e+01 7.601077502873272884e+00
1.281000000000004668e+01 7.653639843716653957e+00
1.283000000000004626e+01 7.482159677655623398e+00
1.285000000000004583e+01 7.558136969520171000e+00
1.287000000000004540e+01 7.493913873502825673e+00
1.289000000000004498e+01 7.372579606357409610e+00
1.291000000000004455e+01 7.425108104410327314e+00
1.293000000000004412e+01 7.395555248640591550e+00
1.295000000000004370e+01 7.241534399791800247e+00
1.297000000000004327e+01 7.276699696897431124e+00
1.299000000000004285e+01 7.234524582788242064e+00
1.301000000000004242e+01 7.180813637058505172e+00
1.303000000000004199e+01 7.029596129934375881e+00
1.305000000000004157e+01 7.045722226558721601e+00
1.307000000000004114e+01 7.114016073254943784e+00
1.309000000000004071e+01 6.962089891503286054e+00
1.311000000000004029e+01 7.043291464364439314e+00
1.313000000000003986e+01 6.878042474078734259e+00
1.315000000000003944e+01 6.796012851889281947e+00
1.317000000000003901e+01 6.716550937430825208e+00
1.319000000000003858e+01 6.848289085457489378e+00
1.321000000000003816e+01 6.734239430737792631e+00
1.323000000000003773e+01 6.703913850675425223e+00
1.325000000000003730e+01 6.612617973818260886e+00
1.327000000000003688e+01 6.558073535918665264e+00
1.329000000000003645e+01 6.516029266732319414e+00
1.331000000000003602e+01 6.447385028470772994e+00
1.333000000000003560e+01 6.422525386686882776e+00
1.335000000000003517e+01 6.293737403591245894e+00
1.337000000000003475e+01 6.408839882603793114e+00
1.339000000000003432e+01 6.292075162777360120e+00
1.341000000000003389e+01 6.249073162953903804e+00
1.343000000000003347e+01 6.137593924133783574e+00
1.345000000000003304e+01 6.056830559199991804e+00
1.347000000000003261e+01 6.045834747391471531e+00
1.349000000000003219e+01 6.088823854322317430e+00
1.351000000000003176e+01 5.877143843362997444e+00
1.353000000000003133e+01 5.880100839992262074e+00
1.355000000000003091e+01 5.802531369988408905e+00
1.357000000000003048e+01 5.745492468441259604e+00
1.359000000000003006e+01 5.732214572914445583e+00
1.361000000000002963e+01 5.587159180028197447e+00
1.363000000000002920e+01 5.660732581633630467e+00
1.365000000000002878e+01 5.503245027190020622e+00
1.367000000000002835e+01 5.424709519530479973e+00
1.369000000000002792e+01 5.368044195798411522e+00
1.371000000000002750e+01 5.219196299962379548e+00
1.373000000000002707e+01 5.193417907088021757e+00
1.375000000000002665e+01 5.092447973818536866e+00
1.377000000000002622e+01 5.009199856330837974e+00
1.379000000000002579e+01 4.931643726484395529e+00
1.381000000000002537e+01 4.808139160721130345e+00
1.383000000000002494e+01 4.804829635954682487e+00
1.385000000000002451e+01 4.653339620542995547e+00
1.387000000000002409e+01 4.563338653470029094e+00
1.389000000000002366e+01 4.413840879890647884e+00
1.391000000000002323e+01 4.388642546731845506e+00
1.393000000000002281e+01 4.218597452610494791e+00
1.395000000000002238e+01 4.166590293254144761e+00
1.397000000000002196e+01 4.044743290233468791e+00
1.399000000000002153e+01 3.900248761289278221e+00
1.401000000000002110e+01 3.781521473892923257e+00
1.403000000000002068e+01 3.629137023965400832e+00
1.405000000000002025e+01 3.413824806296767989e+00
1.407000000000001982e+01 3.253204807658983011e+00
1.409000000000001940e+01 3.046748852297298971e+00
1.411000000000001897e+01 2.896530781343372496e+00
1.413000000000001855e+01 2.686643872540936950e+00
1.415000000000001812e+01 2.598987042025737271e+00
1.417000000000001769e+01 2.426012315843192546e+00
1.419000000000001727e+01 2.277147973975444550e+00
1.421000000000001684e+01 2.070354767904796223e+00
1.423000000000001641e+01 1.863665149913934949e+00
1.425000000000001599e+01 1.638535910137817186e+00
1.427000000000001556e+01 1.442833419429285113e+00
1.429000000000001513e+01 1.287295482933695112e+00
1.431000000000001471e+01 1.077854069162112127e+00
1.433000000000001428e+01 9.322921457191422068e-01
1.435000000000001386e+01 7.892410568068953802e-01
1.437000000000001343e+01 6.573176654608514635e-01
1.439000000000001300e+01 5.087985215919292870e-01
1.441000000000001258e+01 3.714575614113016511e-01
1.443000000000001215e+01 3.066031111757449024e-01
1.445000000000001172e+01 1.825592239086322732e-01
1.447000000000001130e+01 1.282031136732626198e-01
1.449000000000001087e+01 1.038036839760053259e-01
1.451000000000001044e+01 7.103080847748982629e-02
1.453000000000001002e+01 3.829971684603085402e-02
1.455000000000000959e+01 1.923244759096127965e-02
1.457000000000000917e+01 1.102215240676392496e-02
1.459000000000000874e+01 5.539104179818213694e-03
1.461000000000000831e+01 8.261370177674148482e-03
1.463000000000000789e+01 0.000000000000000000e+00
1.465000000000000746e+01 0.000000000000000000e+00
1.467000000000000703e+01 0.000000000000000000e+00
1.469000000000000661e+01 0.000000000000000000e+00
1.471000000000000618e+01 0.000000000000000000e+00
1.473000000000000576e+01 0.000000000000000000e+00
1.475000000000000533e+01 0.000000000000000000e+00
1.477000000000000490e+01 0.000000000000000000e+00
1.479000000000000448e+01 0.000000000000000000e+00
1.481000000000000405e+01 0.000000000000000000e+00
1.483000000000000362e+01 0.000000000000000000e+00
1.485000000000000320e+01 0.000000000000000000e+00
1.487000000000000277e+01 0.000000000000000000e+00
1.489000000000000234e+01 0.000000000000000000e+00
1.491000000000000192e+01 0.000000000000000000e+00
1.493000000000000149e+01 0.000000000000000000e+00
1.495000000000000107e+01 0.000000000000000000e+00
1.497000000000000064e+01 0.000000000000000000e+00
1.499000000000000021e+01 0.000000000000000000e+00
