# Redshift		Merger Rate Density [Gpc^-3yr^-1]
1.000000000031931770e-02 1.684408869906857831e+02
3.000000000031888964e-02 1.774643978142846663e+02
5.000000000031846331e-02 1.843494498265254720e+02
7.000000000031804392e-02 1.938957236649914080e+02
9.000000000031761760e-02 2.008528263971107322e+02
1.100000000003171913e-01 2.089835711627019066e+02
1.300000000003167511e-01 2.190408551504888806e+02
1.500000000003163247e-01 2.272560146213967869e+02
1.700000000003158984e-01 2.345123841508826956e+02
1.900000000003154721e-01 2.446319388636509302e+02
2.100000000003150458e-01 2.541111283715150080e+02
2.300000000003146194e-01 2.629339979880376745e+02
2.500000000003141931e-01 2.740250075046852203e+02
2.700000000003137668e-01 2.828680302974619849e+02
2.900000000003133405e-01 2.933465743821415117e+02
3.100000000003129141e-01 3.040363223619211794e+02
3.300000000003124878e-01 3.135435998640119806e+02
3.500000000003120615e-01 3.246206539630204588e+02
3.700000000003116352e-01 3.355559577928530075e+02
3.900000000003112088e-01 3.459373109682028371e+02
4.100000000003107825e-01 3.571688819674344018e+02
4.300000000003103562e-01 3.674118852933799531e+02
4.500000000003099299e-01 3.795405951832777305e+02
4.700000000003095035e-01 3.928329885688106629e+02
4.900000000003090772e-01 4.000102809660368735e+02
5.100000000003086509e-01 4.145460531668415456e+02
5.300000000003082246e-01 4.250647253962287095e+02
5.500000000003077982e-01 4.385562709998320656e+02
5.700000000003073719e-01 4.495021607038485740e+02
5.900000000003069456e-01 4.591894339952314112e+02
6.100000000003065193e-01 4.733161668808864988e+02
6.300000000003060929e-01 4.822087791351190162e+02
6.500000000003056666e-01 4.967456431288094905e+02
6.700000000003052403e-01 5.072765914924946173e+02
6.900000000003048140e-01 5.198208057614335758e+02
7.100000000003043876e-01 5.330443793988788457e+02
7.300000000003039613e-01 5.440528535639241454e+02
7.500000000003035350e-01 5.557134726286139994e+02
7.700000000003031086e-01 5.668417660098431270e+02
7.900000000003026823e-01 5.787480106504988271e+02
8.100000000003022560e-01 5.898211429192234618e+02
8.300000000003018297e-01 6.001239647862421407e+02
8.500000000003014033e-01 6.154481784003110079e+02
8.700000000003009770e-01 6.219530667787855691e+02
8.900000000003005507e-01 6.389176449259933861e+02
9.100000000003001244e-01 6.444983946882670125e+02
9.300000000002996980e-01 6.565571193445366589e+02
9.500000000002992717e-01 6.689985666214611228e+02
9.700000000002988454e-01 6.776883304507509820e+02
9.900000000002984191e-01 6.887251932924070843e+02
1.010000000000297993e+00 6.955355885721761524e+02
1.030000000000297566e+00 7.068969768744500470e+02
1.050000000000297140e+00 7.158856003915562951e+02
1.070000000000296714e+00 7.270322582114539500e+02
1.090000000000296287e+00 7.348118790233093023e+02
1.110000000000295861e+00 7.462024554095946769e+02
1.130000000000295435e+00 7.482820919571529430e+02
1.150000000000295008e+00 7.585950750154730713e+02
1.170000000000294582e+00 7.661335372347881503e+02
1.190000000000294156e+00 7.737212794504719113e+02
1.210000000000293729e+00 7.823693138771843678e+02
1.230000000000293303e+00 7.872771697115313145e+02
1.250000000000292877e+00 7.927696418016251982e+02
1.270000000000292451e+00 8.039702624920313383e+02
1.290000000000292024e+00 8.011908714530189854e+02
1.310000000000291598e+00 8.085311151589180554e+02
1.330000000000291172e+00 8.185022130181514513e+02
1.350000000000290745e+00 8.176058185684740920e+02
1.370000000000290319e+00 8.272531322158412195e+02
1.390000000000289893e+00 8.258836848877817829e+02
1.410000000000289466e+00 8.312163774330824708e+02
1.430000000000289040e+00 8.334789146188365976e+02
1.450000000000288614e+00 8.367226366308174192e+02
1.470000000000288187e+00 8.412749530707618533e+02
1.490000000000287761e+00 8.421545683426627420e+02
1.510000000000287335e+00 8.440461378246783397e+02
1.530000000000286908e+00 8.437518865075969643e+02
1.550000000000286482e+00 8.469996210635297302e+02
1.570000000000286056e+00 8.442134182902686916e+02
1.590000000000285629e+00 8.456229961783543558e+02
1.610000000000285203e+00 8.473018225962828183e+02
1.630000000000284777e+00 8.413976433733146223e+02
1.650000000000284350e+00 8.487306192426033249e+02
1.670000000000283924e+00 8.405545825242835463e+02
1.690000000000283498e+00 8.399869633644490250e+02
1.710000000000283071e+00 8.454031586271705692e+02
1.730000000000282645e+00 8.371637826493216608e+02
1.750000000000282219e+00 8.382443695312795171e+02
1.770000000000281792e+00 8.296132938631385514e+02
1.790000000000281366e+00 8.290672259593890203e+02
1.810000000000280940e+00 8.255552150671235268e+02
1.830000000000280513e+00 8.206103868572672582e+02
1.850000000000280087e+00 8.202262271741141149e+02
1.870000000000279661e+00 8.130740024527053720e+02
1.890000000000279234e+00 8.087552721512009839e+02
1.910000000000278808e+00 8.005771671156243201e+02
1.930000000000278382e+00 7.969310327741859510e+02
1.950000000000277955e+00 7.941782965386793194e+02
1.970000000000277529e+00 7.844290700990786718e+02
1.990000000000277103e+00 7.807521992852817903e+02
2.010000000000276899e+00 7.732430558276034844e+02
2.030000000000276472e+00 7.678771564247972492e+02
2.050000000000276046e+00 7.637668710062336004e+02
2.070000000000275620e+00 7.522141743204896329e+02
2.090000000000275193e+00 7.461782713832161562e+02
2.110000000000274767e+00 7.401991131840967455e+02
2.130000000000274341e+00 7.346901515185962808e+02
2.150000000000273914e+00 7.244310258047804609e+02
2.170000000000273488e+00 7.184126288377615310e+02
2.190000000000273062e+00 7.098958156772541770e+02
2.210000000000272635e+00 7.043286602427908747e+02
2.230000000000272209e+00 6.956370766815255138e+02
2.250000000000271783e+00 6.863725610494300327e+02
2.270000000000271356e+00 6.786870332785109667e+02
2.290000000000270930e+00 6.717709672860751198e+02
2.310000000000270504e+00 6.633466475665106827e+02
2.330000000000270077e+00 6.534501606737421753e+02
2.350000000000269651e+00 6.484507356132356790e+02
2.370000000000269225e+00 6.401644782969605103e+02
2.390000000000268798e+00 6.307579821987302466e+02
2.410000000000268372e+00 6.223077600708779755e+02
2.430000000000267946e+00 6.160281489694272068e+02
2.450000000000267519e+00 6.078429027424601827e+02
2.470000000000267093e+00 5.963087949700355921e+02
2.490000000000266667e+00 5.879193135947152768e+02
2.510000000000266240e+00 5.832162234829480667e+02
2.530000000000265814e+00 5.727962053577164170e+02
2.550000000000265388e+00 5.678515573887966639e+02
2.570000000000264961e+00 5.580371278809415116e+02
2.590000000000264535e+00 5.494089778928735086e+02
2.610000000000264109e+00 5.404860881632387191e+02
2.630000000000263682e+00 5.352521287025765560e+02
2.650000000000263256e+00 5.258512308199263998e+02
2.670000000000262830e+00 5.184131230526488707e+02
2.690000000000262403e+00 5.115053422595032657e+02
2.710000000000261977e+00 5.014884318030864847e+02
2.730000000000261551e+00 4.954884463976524103e+02
2.750000000000261124e+00 4.879870072908436214e+02
2.770000000000260698e+00 4.797471017034823717e+02
2.790000000000260272e+00 4.731893731925470092e+02
2.810000000000259845e+00 4.650302675710035487e+02
2.830000000000259419e+00 4.593976423296372786e+02
2.850000000000258993e+00 4.531968342186356722e+02
2.870000000000258567e+00 4.446760082651500738e+02
2.890000000000258140e+00 4.382131940773725773e+02
2.910000000000257714e+00 4.313232315904807592e+02
2.930000000000257288e+00 4.256441653513330721e+02
2.950000000000256861e+00 4.174474193202739798e+02
2.970000000000256435e+00 4.108447077123245776e+02
2.990000000000256009e+00 4.033574866988735721e+02
3.010000000000255582e+00 3.986890075841045018e+02
3.030000000000255156e+00 3.937433716976696019e+02
3.050000000000254730e+00 3.869630569543593310e+02
3.070000000000254303e+00 3.794913343006217588e+02
3.090000000000253877e+00 3.736096742689969119e+02
3.110000000000253451e+00 3.671737067545296895e+02
3.130000000000253024e+00 3.610026863950648135e+02
3.150000000000252598e+00 3.570225687131143673e+02
3.170000000000252172e+00 3.507498492167279664e+02
3.190000000000251745e+00 3.446413688635627750e+02
3.210000000000251319e+00 3.394417585801909354e+02
3.230000000000250893e+00 3.348655062861550959e+02
3.250000000000250466e+00 3.286625840417127051e+02
3.270000000000250040e+00 3.231386748677234095e+02
3.290000000000249614e+00 3.182971933849025277e+02
3.310000000000249187e+00 3.125585737866745717e+02
3.330000000000248761e+00 3.099618605343881654e+02
3.350000000000248335e+00 3.028924108129216393e+02
3.370000000000247908e+00 2.997731694832451126e+02
3.390000000000247482e+00 2.927180087005626206e+02
3.410000000000247056e+00 2.892303535258648139e+02
3.430000000000246629e+00 2.841478845511899181e+02
3.450000000000246203e+00 2.810440643889169223e+02
3.470000000000245777e+00 2.758729201319966933e+02
3.490000000000245350e+00 2.704676666586952365e+02
3.510000000000244924e+00 2.661143568364828980e+02
3.530000000000244498e+00 2.637362709425810863e+02
3.550000000000244071e+00 2.592750430468806258e+02
3.570000000000243645e+00 2.543793536202592236e+02
3.590000000000243219e+00 2.510133619985617770e+02
3.610000000000242792e+00 2.474124184014863204e+02
3.630000000000242366e+00 2.432913927042116313e+02
3.650000000000241940e+00 2.390927001261397891e+02
3.670000000000241513e+00 2.353293684361661917e+02
3.690000000000241087e+00 2.324943423516531311e+02
3.710000000000240661e+00 2.288262237527592333e+02
3.730000000000240234e+00 2.246867370132633823e+02
3.750000000000239808e+00 2.215411280887123269e+02
3.770000000000239382e+00 2.185252333615786142e+02
3.790000000000238956e+00 2.139303565601534842e+02
3.810000000000238529e+00 2.118576490603795435e+02
3.830000000000238103e+00 2.090910586753717553e+02
3.850000000000237677e+00 2.050903649842037169e+02
3.870000000000237250e+00 2.026015731145446637e+02
3.890000000000236824e+00 1.996749738670968668e+02
3.910000000000236398e+00 1.971579949897693211e+02
3.930000000000235971e+00 1.931663131846592592e+02
3.950000000000235545e+00 1.910341380442004606e+02
3.970000000000235119e+00 1.884930883963401698e+02
3.990000000000234692e+00 1.865431620168322695e+02
4.010000000000234266e+00 1.823235315996328723e+02
4.030000000000233840e+00 1.806694275485398009e+02
4.050000000000233413e+00 1.788447680464616383e+02
4.070000000000232987e+00 1.748385655176171838e+02
4.090000000000232561e+00 1.736518611917624924e+02
4.110000000000232134e+00 1.704925478772424867e+02
4.130000000000231708e+00 1.690430049313514758e+02
4.150000000000231282e+00 1.666841333860466250e+02
4.170000000000230855e+00 1.640699607253392855e+02
4.190000000000230429e+00 1.620860628071980329e+02
4.210000000000230003e+00 1.589461899547725352e+02
4.230000000000229576e+00 1.577735312093458901e+02
4.250000000000229150e+00 1.548833844855713266e+02
4.270000000000228724e+00 1.537988327167353759e+02
4.290000000000228297e+00 1.509729775068809658e+02
4.310000000000227871e+00 1.493718048206762887e+02
4.330000000000227445e+00 1.470423524706390879e+02
4.350000000000227018e+00 1.452996896465062093e+02
4.370000000000226592e+00 1.439839622261385728e+02
4.390000000000226166e+00 1.417614308103811425e+02
4.410000000000225739e+00 1.403059605473571594e+02
4.430000000000225313e+00 1.386658532080260500e+02
4.450000000000224887e+00 1.368823625591434165e+02
4.470000000000224460e+00 1.348744045068450248e+02
4.490000000000224034e+00 1.335148750250226328e+02
4.510000000000223608e+00 1.317417376302934997e+02
4.530000000000223181e+00 1.298866655289242544e+02
4.550000000000222755e+00 1.286339595953143657e+02
4.570000000000222329e+00 1.270611501234837846e+02
4.590000000000221902e+00 1.262636974269308467e+02
4.610000000000221476e+00 1.241669820748659987e+02
4.630000000000221050e+00 1.233962705681926906e+02
4.650000000000220624e+00 1.211883185255409785e+02
4.670000000000220197e+00 1.198789175273661556e+02
4.690000000000219771e+00 1.188633914202405606e+02
4.710000000000219345e+00 1.170253932984365690e+02
4.730000000000218918e+00 1.157885578808428590e+02
4.750000000000218492e+00 1.145542844704088594e+02
4.770000000000218066e+00 1.128570456890165445e+02
4.790000000000217639e+00 1.121037535241552945e+02
4.810000000000217213e+00 1.107341713343864456e+02
4.830000000000216787e+00 1.095359783103710640e+02
4.850000000000216360e+00 1.085569530342314550e+02
4.870000000000215934e+00 1.073864021963573521e+02
4.890000000000215508e+00 1.059673530295604991e+02
4.910000000000215081e+00 1.050620213319678555e+02
4.930000000000214655e+00 1.038539823044929875e+02
4.950000000000214229e+00 1.027493525786582325e+02
4.970000000000213802e+00 1.020124520851910859e+02
4.990000000000213376e+00 1.011845532052376200e+02
5.010000000000212950e+00 9.966265190807300201e+01
5.030000000000212523e+00 9.911944993746161003e+01
5.050000000000212097e+00 9.830248379485743726e+01
5.070000000000211671e+00 9.640540297263325442e+01
5.090000000000211244e+00 9.643698576853526561e+01
5.110000000000210818e+00 9.525543003059605951e+01
5.130000000000210392e+00 9.407178091532064457e+01
5.150000000000209965e+00 9.339871357080474468e+01
5.170000000000209539e+00 9.280116806230905979e+01
5.190000000000209113e+00 9.175467187141343572e+01
5.210000000000208686e+00 9.079920507428299459e+01
5.230000000000208260e+00 9.032834344757173994e+01
5.250000000000207834e+00 8.884495283436304192e+01
5.270000000000207407e+00 8.870918751740342145e+01
5.290000000000206981e+00 8.752388821338313107e+01
5.310000000000206555e+00 8.694233439943567987e+01
5.330000000000206128e+00 8.690291360857857228e+01
5.350000000000205702e+00 8.591746116171631797e+01
5.370000000000205276e+00 8.468751095816224961e+01
5.390000000000204849e+00 8.439458441738682382e+01
5.410000000000204423e+00 8.367780715717961471e+01
5.430000000000203997e+00 8.345590620760543743e+01
5.450000000000203570e+00 8.263671399832708175e+01
5.470000000000203144e+00 8.198170589594111846e+01
5.490000000000202718e+00 8.105903143479797279e+01
5.510000000000202292e+00 8.063010135369378872e+01
5.530000000000201865e+00 8.035303098944561384e+01
5.550000000000201439e+00 7.944630301919460180e+01
5.570000000000201013e+00 7.826875078759560722e+01
5.590000000000200586e+00 7.811305985438082189e+01
5.610000000000200160e+00 7.781279257349217460e+01
5.630000000000199734e+00 7.683439537640555272e+01
5.650000000000199307e+00 7.624764814881712027e+01
5.670000000000198881e+00 7.613366987855700074e+01
5.690000000000198455e+00 7.532383813105215609e+01
5.710000000000198028e+00 7.483447171245649088e+01
5.730000000000197602e+00 7.428288051689337124e+01
5.750000000000197176e+00 7.387548930654381252e+01
5.770000000000196749e+00 7.342386437576973890e+01
5.790000000000196323e+00 7.289452967213611601e+01
5.810000000000195897e+00 7.240365491462108594e+01
5.830000000000195470e+00 7.196946974144051978e+01
5.850000000000195044e+00 7.157449587057480755e+01
5.870000000000194618e+00 7.147468614604751735e+01
5.890000000000194191e+00 7.062548789638773883e+01
5.910000000000193765e+00 7.048529264309519249e+01
5.930000000000193339e+00 7.025108412708630112e+01
5.950000000000192912e+00 6.965509703629622607e+01
5.970000000000192486e+00 6.947369387182853018e+01
5.990000000000192060e+00 6.921731873951002001e+01
6.010000000000191633e+00 6.886223310358346339e+01
6.030000000000191207e+00 6.858709623587591864e+01
6.050000000000190781e+00 6.797776088780081238e+01
6.070000000000190354e+00 6.794236669280250851e+01
6.090000000000189928e+00 6.746430026920893397e+01
6.110000000000189502e+00 6.723117276809452392e+01
6.130000000000189075e+00 6.706364127582051538e+01
6.150000000000188649e+00 6.668184420204116236e+01
6.170000000000188223e+00 6.612819815969132264e+01
6.190000000000187796e+00 6.587408140315191929e+01
6.210000000000187370e+00 6.562523086855398446e+01
6.230000000000186944e+00 6.532026169028270601e+01
6.250000000000186517e+00 6.519289194371980045e+01
6.270000000000186091e+00 6.462310951640496626e+01
6.290000000000185665e+00 6.426465476526497866e+01
6.310000000000185238e+00 6.416048627593966103e+01
6.330000000000184812e+00 6.374718911945991096e+01
6.350000000000184386e+00 6.378775282517865008e+01
6.370000000000183960e+00 6.347766108404588437e+01
6.390000000000183533e+00 6.315403868430028922e+01
6.410000000000183107e+00 6.299175887606163116e+01
6.430000000000182681e+00 6.270794571524773175e+01
6.450000000000182254e+00 6.289922696261228907e+01
6.470000000000181828e+00 6.218016417765463189e+01
6.490000000000181402e+00 6.211459379311758511e+01
6.510000000000180975e+00 6.194526335212670176e+01
6.530000000000180549e+00 6.232629525695809747e+01
6.550000000000180123e+00 6.164693553924919200e+01
6.570000000000179696e+00 6.161731512130332789e+01
6.590000000000179270e+00 6.134839112521860471e+01
6.610000000000178844e+00 6.103738634331149626e+01
6.630000000000178417e+00 6.110215026226415347e+01
6.650000000000177991e+00 6.105999334896755215e+01
6.670000000000177565e+00 6.057973687047942946e+01
6.690000000000177138e+00 6.065144118816991892e+01
6.710000000000176712e+00 6.067434495392151206e+01
6.730000000000176286e+00 6.049074684276641989e+01
6.750000000000175859e+00 6.030811835954709466e+01
6.770000000000175433e+00 5.996100002907905235e+01
6.790000000000175007e+00 5.987526784559157278e+01
6.810000000000174580e+00 5.994216512504652883e+01
6.830000000000174154e+00 5.945258922409459501e+01
6.850000000000173728e+00 5.974113592144360751e+01
6.870000000000173301e+00 5.944501957201234177e+01
6.890000000000172875e+00 5.938209382622981281e+01
6.910000000000172449e+00 5.933748280936276842e+01
6.930000000000172022e+00 5.918231252833215450e+01
6.950000000000171596e+00 5.894281179732491438e+01
6.970000000000171170e+00 5.879497881448201468e+01
6.990000000000170743e+00 5.887562730025031499e+01
7.010000000000170317e+00 5.866480181045139375e+01
7.030000000000169891e+00 5.841264415143064781e+01
7.050000000000169464e+00 5.822545547060053650e+01
7.070000000000169038e+00 5.823079555691692377e+01
7.090000000000168612e+00 5.831659488691282434e+01
7.110000000000168185e+00 5.814663727888565603e+01
7.130000000000167759e+00 5.810978653341386035e+01
7.150000000000167333e+00 5.794636012838726202e+01
7.170000000000166906e+00 5.812929862522204161e+01
7.190000000000166480e+00 5.787921080150065478e+01
7.210000000000166054e+00 5.803324462762093816e+01
7.230000000000165628e+00 5.793746751184622212e+01
7.250000000000165201e+00 5.770883793864894074e+01
7.270000000000164775e+00 5.769672022566709302e+01
7.290000000000164349e+00 5.766431096740935658e+01
7.310000000000163922e+00 5.760200646174527606e+01
7.330000000000163496e+00 5.738903057714985323e+01
7.350000000000163070e+00 5.727161843998719348e+01
7.370000000000162643e+00 5.728437982350726543e+01
7.390000000000162217e+00 5.721498205756252986e+01
7.410000000000161791e+00 5.703454791420453773e+01
7.430000000000161364e+00 5.687742732352637631e+01
7.450000000000160938e+00 5.698517388551186258e+01
7.470000000000160512e+00 5.695485775613889246e+01
7.490000000000160085e+00 5.662058312260083426e+01
7.510000000000159659e+00 5.663360553436486811e+01
7.530000000000159233e+00 5.686402857390218202e+01
7.550000000000158806e+00 5.645774712903568826e+01
7.570000000000158380e+00 5.648735407255509244e+01
7.590000000000157954e+00 5.640845928783419794e+01
7.610000000000157527e+00 5.627530411010340572e+01
7.630000000000157101e+00 5.641275469642712892e+01
7.650000000000156675e+00 5.630159511434330710e+01
7.670000000000156248e+00 5.624544700797451924e+01
7.690000000000155822e+00 5.632062807819219330e+01
7.710000000000155396e+00 5.605572528068294957e+01
7.730000000000154969e+00 5.607383944241014717e+01
7.750000000000154543e+00 5.584084892541778089e+01
7.770000000000154117e+00 5.593382032189847308e+01
7.790000000000153690e+00 5.546526595287740946e+01
7.810000000000153264e+00 5.566956187127073719e+01
7.830000000000152838e+00 5.587198035876576085e+01
7.850000000000152411e+00 5.558703251948755053e+01
7.870000000000151985e+00 5.542101092043712640e+01
7.890000000000151559e+00 5.525780492160402702e+01
7.910000000000151132e+00 5.518925174908224562e+01
7.930000000000150706e+00 5.510981475805562013e+01
7.950000000000150280e+00 5.524054584647792154e+01
7.970000000000149853e+00 5.483704706787587924e+01
7.990000000000149427e+00 5.471191312056700440e+01
8.010000000000149001e+00 5.480897953742580597e+01
8.030000000000148574e+00 5.483984415921459998e+01
8.050000000000148148e+00 5.460631169000878771e+01
8.070000000000147722e+00 5.444455945919817452e+01
8.090000000000147296e+00 5.444966947620397235e+01
8.110000000000146869e+00 5.437100784034880263e+01
8.130000000000146443e+00 5.434946267711694645e+01
8.150000000000146017e+00 5.394033970463451766e+01
8.170000000000145590e+00 5.404776321900911995e+01
8.190000000000145164e+00 5.396308579253053495e+01
8.210000000000144738e+00 5.387982657476236170e+01
8.230000000000144311e+00 5.368345037883361215e+01
8.250000000000143885e+00 5.351100840769687750e+01
8.270000000000143459e+00 5.359814432554535557e+01
8.290000000000143032e+00 5.315348149851291737e+01
8.310000000000142606e+00 5.314419328383526420e+01
8.330000000000142180e+00 5.301233813148635932e+01
8.350000000000141753e+00 5.272142961730134658e+01
8.370000000000141327e+00 5.271916654697549376e+01
8.390000000000140901e+00 5.267116918888855537e+01
8.410000000000140474e+00 5.242440013549802558e+01
8.430000000000140048e+00 5.251138245379210900e+01
8.450000000000139622e+00 5.214712598318508441e+01
8.470000000000139195e+00 5.193915284703998481e+01
8.490000000000138769e+00 5.184374292886033686e+01
8.510000000000138343e+00 5.195337036287168075e+01
8.530000000000137916e+00 5.181167754948278770e+01
8.550000000000137490e+00 5.124662323696132660e+01
8.570000000000137064e+00 5.143779230658076784e+01
8.590000000000136637e+00 5.113353527766382456e+01
8.610000000000136211e+00 5.109465286228295611e+01
8.630000000000135785e+00 5.065887074801062084e+01
8.650000000000135358e+00 5.052332836529345883e+01
8.670000000000134932e+00 5.057960273713681687e+01
8.690000000000134506e+00 5.025513893102841223e+01
8.710000000000134079e+00 5.005800050011939817e+01
8.730000000000133653e+00 4.983871057400205018e+01
8.750000000000133227e+00 4.986699651993971116e+01
8.770000000000132800e+00 4.964836870324005957e+01
8.790000000000132374e+00 4.946145433054765306e+01
8.810000000000131948e+00 4.917063112989629303e+01
8.830000000000131521e+00 4.909354329503413794e+01
8.850000000000131095e+00 4.900477780334880151e+01
8.870000000000130669e+00 4.856890230483023885e+01
8.890000000000130242e+00 4.831250288516860536e+01
8.910000000000129816e+00 4.828060562522357202e+01
8.930000000000129390e+00 4.826426107082618699e+01
8.950000000000128964e+00 4.771099850699076939e+01
8.970000000000128537e+00 4.767398140092441849e+01
8.990000000000128111e+00 4.736759770474841247e+01
9.010000000000127685e+00 4.725167906351502012e+01
9.030000000000127258e+00 4.712069039340491372e+01
9.050000000000126832e+00 4.693300455287508299e+01
9.070000000000126406e+00 4.671853152104431928e+01
9.090000000000125979e+00 4.637850660924192425e+01
9.110000000000125553e+00 4.621213512709808668e+01
9.130000000000125127e+00 4.598174840423022403e+01
9.150000000000124700e+00 4.596784671314242132e+01
9.170000000000124274e+00 4.557512737860874807e+01
9.190000000000123848e+00 4.522255252246661428e+01
9.210000000000123421e+00 4.518268544465541225e+01
9.230000000000122995e+00 4.483355619565639927e+01
9.250000000000122569e+00 4.470524502908629216e+01
9.270000000000122142e+00 4.451876276414713374e+01
9.290000000000121716e+00 4.425035990121567409e+01
9.310000000000121290e+00 4.406763633240285571e+01
9.330000000000120863e+00 4.381826166153088309e+01
9.350000000000120437e+00 4.356551970698509990e+01
9.370000000000120011e+00 4.343874565437294422e+01
9.390000000000119584e+00 4.310825586248355989e+01
9.410000000000119158e+00 4.291867628925303535e+01
9.430000000000118732e+00 4.272103074478791029e+01
9.450000000000118305e+00 4.235349315884535315e+01
9.470000000000117879e+00 4.225115672533743805e+01
9.490000000000117453e+00 4.192643402388021912e+01
9.510000000000117026e+00 4.192883074005153077e+01
9.530000000000116600e+00 4.160383655441663819e+01
9.550000000000116174e+00 4.130792960819853477e+01
9.570000000000115747e+00 4.103986148745071461e+01
9.590000000000115321e+00 4.083085435936961716e+01
9.610000000000114895e+00 4.065065155719402412e+01
9.630000000000114468e+00 4.046546357282137052e+01
9.650000000000114042e+00 4.024140368919643151e+01
9.670000000000113616e+00 4.000910618608214975e+01
9.690000000000113189e+00 3.960313283501715631e+01
9.710000000000112763e+00 3.948737415780968973e+01
9.730000000000112337e+00 3.936888368466333077e+01
9.750000000000111910e+00 3.905150679904662780e+01
9.770000000000111484e+00 3.884540122185472200e+01
9.790000000000111058e+00 3.881402417051120324e+01
9.810000000000110632e+00 3.835695916808019490e+01
9.830000000000110205e+00 3.814580443539603749e+01
9.850000000000109779e+00 3.798387487341351942e+01
9.870000000000109353e+00 3.784761380053820545e+01
9.890000000000108926e+00 3.751173167373259787e+01
9.910000000000108500e+00 3.733428580952406151e+01
9.930000000000108074e+00 3.703109354413923171e+01
9.950000000000107647e+00 3.689695636127944312e+01
9.970000000000107221e+00 3.667728630591057026e+01
9.990000000000106795e+00 3.654663274361334402e+01
1.001000000000010637e+01 3.628782162984702353e+01
1.003000000000010594e+01 3.603108255364322332e+01
1.005000000000010552e+01 3.585782731226160536e+01
1.007000000000010509e+01 3.574239226653537571e+01
1.009000000000010466e+01 3.555939733471873154e+01
1.011000000000010424e+01 3.523416289550272751e+01
1.013000000000010381e+01 3.515134569895080574e+01
1.015000000000010338e+01 3.483934193317463013e+01
1.017000000000010296e+01 3.468500997903515071e+01
1.019000000000010253e+01 3.449379490780825819e+01
1.021000000000010210e+01 3.431767036524752967e+01
1.023000000000010168e+01 3.404310959510901569e+01
1.025000000000010125e+01 3.392081972678291635e+01
1.027000000000010083e+01 3.384337940580427073e+01
1.029000000000010040e+01 3.350127248415812176e+01
1.031000000000009997e+01 3.340926045032325220e+01
1.033000000000009955e+01 3.343992054904661160e+01
1.035000000000009912e+01 3.300038239915005533e+01
1.037000000000009869e+01 3.294817550684044249e+01
1.039000000000009827e+01 3.274427417099663984e+01
1.041000000000009784e+01 3.251160524504201277e+01
1.043000000000009742e+01 3.237594225195986297e+01
1.045000000000009699e+01 3.234024176635571735e+01
1.047000000000009656e+01 3.197321221800186919e+01
1.049000000000009614e+01 3.200226363244390626e+01
1.051000000000009571e+01 3.174259893303784708e+01
1.053000000000009528e+01 3.161586107374583321e+01
1.055000000000009486e+01 3.152843339756710250e+01
1.057000000000009443e+01 3.138927647390723763e+01
1.059000000000009400e+01 3.115106634058312807e+01
1.061000000000009358e+01 3.118797264274219216e+01
1.063000000000009315e+01 3.092126474609890607e+01
1.065000000000009273e+01 3.067917834223102602e+01
1.067000000000009230e+01 3.064096093114194730e+01
1.069000000000009187e+01 3.046504980284129971e+01
1.071000000000009145e+01 3.048310333800665006e+01
1.073000000000009102e+01 3.041009849131003762e+01
1.075000000000009059e+01 3.018152575959700812e+01
1.077000000000009017e+01 2.998541580598932654e+01
1.079000000000008974e+01 2.989612090308575176e+01
1.081000000000008932e+01 2.982336533511016441e+01
1.083000000000008889e+01 2.970962622157861688e+01
1.085000000000008846e+01 2.972045646109293671e+01
1.087000000000008804e+01 2.947734872332038947e+01
1.089000000000008761e+01 2.936415951000158842e+01
1.091000000000008718e+01 2.925804625678090076e+01
1.093000000000008676e+01 2.914411668705876224e+01
1.095000000000008633e+01 2.916685436277814247e+01
1.097000000000008590e+01 2.901139780268291091e+01
1.099000000000008548e+01 2.889869938328223853e+01
1.101000000000008505e+01 2.873286899552933704e+01
1.103000000000008463e+01 2.882159987098960130e+01
1.105000000000008420e+01 2.869577732933174374e+01
1.107000000000008377e+01 2.848283939269828480e+01
1.109000000000008335e+01 2.843396492292904298e+01
1.111000000000008292e+01 2.846946423991757058e+01
1.113000000000008249e+01 2.820980599480759565e+01
1.115000000000008207e+01 2.834808427507062589e+01
1.117000000000008164e+01 2.806792461985161324e+01
1.119000000000008122e+01 2.809997442893507724e+01
1.121000000000008079e+01 2.807074896648924778e+01
1.123000000000008036e+01 2.805143906502019746e+01
1.125000000000007994e+01 2.797324533939512747e+01
1.127000000000007951e+01 2.774286224345533114e+01
1.129000000000007908e+01 2.768311638294683519e+01
1.131000000000007866e+01 2.767941027442825686e+01
1.133000000000007823e+01 2.757799461371504535e+01
1.135000000000007780e+01 2.758327109271520428e+01
1.137000000000007738e+01 2.770599065685143003e+01
1.139000000000007695e+01 2.738899615976573187e+01
1.141000000000007653e+01 2.745456063726574669e+01
1.143000000000007610e+01 2.733759711778571599e+01
1.145000000000007567e+01 2.730139961636693968e+01
1.147000000000007525e+01 2.724562468925227066e+01
1.149000000000007482e+01 2.713257726073612375e+01
1.151000000000007439e+01 2.725989181634818692e+01
1.153000000000007397e+01 2.706350894520068451e+01
1.155000000000007354e+01 2.693540920149698081e+01
1.157000000000007311e+01 2.705992790823206562e+01
1.159000000000007269e+01 2.707577884726869044e+01
1.161000000000007226e+01 2.687946994165047343e+01
1.163000000000007184e+01 2.691057555570090543e+01
1.165000000000007141e+01 2.676225183112902428e+01
1.167000000000007098e+01 2.672025329689591189e+01
1.169000000000007056e+01 2.672195092153601692e+01
1.171000000000007013e+01 2.664061801403135732e+01
1.173000000000006970e+01 2.671360645204365269e+01
1.175000000000006928e+01 2.673055249572564662e+01
1.177000000000006885e+01 2.654884394950574489e+01
1.179000000000006843e+01 2.644593764599327912e+01
1.181000000000006800e+01 2.637615779201754762e+01
1.183000000000006757e+01 2.647346252703694347e+01
1.185000000000006715e+01 2.654603249390084940e+01
1.187000000000006672e+01 2.637296835298165476e+01
1.189000000000006629e+01 2.640713680170102862e+01
1.191000000000006587e+01 2.619090417194381359e+01
1.193000000000006544e+01 2.626156065019401353e+01
1.195000000000006501e+01 2.614210242626904090e+01
1.197000000000006459e+01 2.612029700726349901e+01
1.199000000000006416e+01 2.606934279156421042e+01
1.201000000000006374e+01 2.600125949079318488e+01
1.203000000000006331e+01 2.607959135617589297e+01
1.205000000000006288e+01 2.610370746482580273e+01
1.207000000000006246e+01 2.603888812985150736e+01
1.209000000000006203e+01 2.585110886468374858e+01
1.211000000000006160e+01 2.572084230536412264e+01
1.213000000000006118e+01 2.584909067742445643e+01
1.215000000000006075e+01 2.575960473169828546e+01
1.217000000000006033e+01 2.568147784540263601e+01
1.219000000000005990e+01 2.574204411132101100e+01
1.221000000000005947e+01 2.567603569873943314e+01
1.223000000000005905e+01 2.564562534463471266e+01
1.225000000000005862e+01 2.536682661424526586e+01
1.227000000000005819e+01 2.553853642924301326e+01
1.229000000000005777e+01 2.546241734927469125e+01
1.231000000000005734e+01 2.528109477593978127e+01
1.233000000000005691e+01 2.549646152300854496e+01
1.235000000000005649e+01 2.521794446852711502e+01
1.237000000000005606e+01 2.525694914981394490e+01
1.239000000000005564e+01 2.516347005318148788e+01
1.241000000000005521e+01 2.521582507069628676e+01
1.243000000000005478e+01 2.506632037512920874e+01
1.245000000000005436e+01 2.491460143326122889e+01
1.247000000000005393e+01 2.500083874047253829e+01
1.249000000000005350e+01 2.494591656180970674e+01
1.251000000000005308e+01 2.480354399667327314e+01
1.253000000000005265e+01 2.473792811014125803e+01
1.255000000000005222e+01 2.486265879751027441e+01
1.257000000000005180e+01 2.470297386177820442e+01
1.259000000000005137e+01 2.454128667979221490e+01
1.261000000000005095e+01 2.449529071784340672e+01
1.263000000000005052e+01 2.446956113396798571e+01
1.265000000000005009e+01 2.441703116091802883e+01
1.267000000000004967e+01 2.442192293941485204e+01
1.269000000000004924e+01 2.435140455520946645e+01
1.271000000000004881e+01 2.421211473654756929e+01
1.273000000000004839e+01 2.408659718198190447e+01
1.275000000000004796e+01 2.400001568435187238e+01
1.277000000000004754e+01 2.398467063400329735e+01
1.279000000000004711e+01 2.401062772692501213e+01
1.281000000000004668e+01 2.384843885963972809e+01
1.283000000000004626e+01 2.390848733531615977e+01
1.285000000000004583e+01 2.365506856932524116e+01
1.287000000000004540e+01 2.368753952132099272e+01
1.289000000000004498e+01 2.359476218958903004e+01
1.291000000000004455e+01 2.338571332020550386e+01
1.293000000000004412e+01 2.331932710381906304e+01
1.295000000000004370e+01 2.331894440651011990e+01
1.297000000000004327e+01 2.334464537778815796e+01
1.299000000000004285e+01 2.325922180985778454e+01
1.301000000000004242e+01 2.309967388555826062e+01
1.303000000000004199e+01 2.294314821483206401e+01
1.305000000000004157e+01 2.281990013733913258e+01
1.307000000000004114e+01 2.285148234509038190e+01
1.309000000000004071e+01 2.274648072049771841e+01
1.311000000000004029e+01 2.281502423449968120e+01
1.313000000000003986e+01 2.261529906341364082e+01
1.315000000000003944e+01 2.248268221341327688e+01
1.317000000000003901e+01 2.239662304628442868e+01
1.319000000000003858e+01 2.231960115541194156e+01
1.321000000000003816e+01 2.223837307942347863e+01
1.323000000000003773e+01 2.222154351821849261e+01
1.325000000000003730e+01 2.200205682547492358e+01
1.327000000000003688e+01 2.201081259251345656e+01
1.329000000000003645e+01 2.181017791317342258e+01
1.331000000000003602e+01 2.170092265155093614e+01
1.333000000000003560e+01 2.183899713534757936e+01
1.335000000000003517e+01 2.167514606840223124e+01
1.337000000000003475e+01 2.137262862956539422e+01
1.339000000000003432e+01 2.125315053855991465e+01
1.341000000000003389e+01 2.141558323927432994e+01
1.343000000000003347e+01 2.131194796625454302e+01
1.345000000000003304e+01 2.090993024979379200e+01
1.347000000000003261e+01 2.099912973997942700e+01
1.349000000000003219e+01 2.094603846339580500e+01
1.351000000000003176e+01 2.082077228956306669e+01
1.353000000000003133e+01 2.061328730382330221e+01
1.355000000000003091e+01 2.044489015987304015e+01
1.357000000000003048e+01 2.026824000219182409e+01
1.359000000000003006e+01 2.006796783541915730e+01
1.361000000000002963e+01 1.979373303311702514e+01
1.363000000000002920e+01 1.928012711941791579e+01
1.365000000000002878e+01 1.894381764939345558e+01
1.367000000000002835e+01 1.842080482432794497e+01
1.369000000000002792e+01 1.802032421296110698e+01
1.371000000000002750e+01 1.772644588876544702e+01
1.373000000000002707e+01 1.699202778101568256e+01
1.375000000000002665e+01 1.640388628042259711e+01
1.377000000000002622e+01 1.596579689027943161e+01
1.379000000000002579e+01 1.532708027081305069e+01
1.381000000000002537e+01 1.494059726101040120e+01
1.383000000000002494e+01 1.442979623047313353e+01
1.385000000000002451e+01 1.393832013261063629e+01
1.387000000000002409e+01 1.354652709705603897e+01
1.389000000000002366e+01 1.312418993082342311e+01
1.391000000000002323e+01 1.280385858098302343e+01
1.393000000000002281e+01 1.217430815416316037e+01
1.395000000000002238e+01 1.179547182364560776e+01
1.397000000000002196e+01 1.134772029111143432e+01
1.399000000000002153e+01 1.088708783641761713e+01
1.401000000000002110e+01 1.015539736715165020e+01
1.403000000000002068e+01 9.460808909482295803e+00
1.405000000000002025e+01 8.630357437243500129e+00
1.407000000000001982e+01 7.879001852201590772e+00
1.409000000000001940e+01 7.052322988964085049e+00
1.411000000000001897e+01 6.384309748175283517e+00
1.413000000000001855e+01 5.648145373689707149e+00
1.415000000000001812e+01 4.937496844624307712e+00
1.417000000000001769e+01 4.384211208286393990e+00
1.419000000000001727e+01 3.850229459489688200e+00
1.421000000000001684e+01 3.451411437373710811e+00
1.423000000000001641e+01 3.012151883313487488e+00
1.425000000000001599e+01 2.685279554803490676e+00
1.427000000000001556e+01 2.231554073393700488e+00
1.429000000000001513e+01 1.868097010868587038e+00
1.431000000000001471e+01 1.624402993754674673e+00
1.433000000000001428e+01 1.433923609981214486e+00
1.435000000000001386e+01 1.231114121509383708e+00
1.437000000000001343e+01 9.372852987275968051e-01
1.439000000000001300e+01 6.843656928724266564e-01
1.441000000000001258e+01 5.138488366065707691e-01
1.443000000000001215e+01 3.780652172908400277e-01
1.445000000000001172e+01 2.608061540196299211e-01
1.447000000000001130e+01 1.441896824585749970e-01
1.449000000000001087e+01 5.364336062724352899e-02
1.451000000000001044e+01 1.067039736855841282e-02
1.453000000000001002e+01 1.029271746903196056e-05
1.455000000000000959e+01 9.542025207829584000e-06
1.457000000000000917e+01 3.791072358325988673e-09
1.459000000000000874e+01 1.275674896469785632e-10
1.461000000000000831e+01 1.158785562635857146e-10
1.463000000000000789e+01 1.213363525371217299e-16
1.465000000000000746e+01 4.971962038324177753e-17
1.467000000000000703e+01 0.000000000000000000e+00
1.469000000000000661e+01 0.000000000000000000e+00
1.471000000000000618e+01 0.000000000000000000e+00
1.473000000000000576e+01 0.000000000000000000e+00
1.475000000000000533e+01 0.000000000000000000e+00
1.477000000000000490e+01 0.000000000000000000e+00
1.479000000000000448e+01 0.000000000000000000e+00
1.481000000000000405e+01 0.000000000000000000e+00
1.483000000000000362e+01 0.000000000000000000e+00
1.485000000000000320e+01 0.000000000000000000e+00
1.487000000000000277e+01 0.000000000000000000e+00
1.489000000000000234e+01 0.000000000000000000e+00
1.491000000000000192e+01 0.000000000000000000e+00
1.493000000000000149e+01 0.000000000000000000e+00
1.495000000000000107e+01 0.000000000000000000e+00
1.497000000000000064e+01 0.000000000000000000e+00
1.499000000000000021e+01 0.000000000000000000e+00
