# Redshift		Merger Rate Density [Gpc^-3yr^-1]
1.000000000031931770e-02 3.268099512915277671e+01
3.000000000031888964e-02 3.428726550934499073e+01
5.000000000031846331e-02 3.606019943803432426e+01
7.000000000031804392e-02 3.702195870008709733e+01
9.000000000031761760e-02 3.884137295949582125e+01
1.100000000003171913e-01 4.015001485495429279e+01
1.300000000003167511e-01 4.137814065403963326e+01
1.500000000003163247e-01 4.255653925901838619e+01
1.700000000003158984e-01 4.383498748108716114e+01
1.900000000003154721e-01 4.498213199199787482e+01
2.100000000003150458e-01 4.625946089626399527e+01
2.300000000003146194e-01 4.656346244479279051e+01
2.500000000003141931e-01 4.835020421015103409e+01
2.700000000003137668e-01 4.920921270121132807e+01
2.900000000003133405e-01 5.049170145833252121e+01
3.100000000003129141e-01 5.274051545427172272e+01
3.300000000003124878e-01 5.363295183075707939e+01
3.500000000003120615e-01 5.455190508469659250e+01
3.700000000003116352e-01 5.674259164461832228e+01
3.900000000003112088e-01 5.830368870892063882e+01
4.100000000003107825e-01 5.886354759439638684e+01
4.300000000003103562e-01 6.037601380208381130e+01
4.500000000003099299e-01 6.239762598501003765e+01
4.700000000003095035e-01 6.347779164195593893e+01
4.900000000003090772e-01 6.512645007374830186e+01
5.100000000003086509e-01 6.727911462539877618e+01
5.300000000003082246e-01 6.769051042339037849e+01
5.500000000003077982e-01 6.931289731038341984e+01
5.700000000003073719e-01 7.023850688639903694e+01
5.900000000003069456e-01 7.245126733996595192e+01
6.100000000003065193e-01 7.367806536723956867e+01
6.300000000003060929e-01 7.492088154179469939e+01
6.500000000003056666e-01 7.596869605100209810e+01
6.700000000003052403e-01 7.839617036386646021e+01
6.900000000003048140e-01 7.838638735524934020e+01
7.100000000003043876e-01 7.987887531154778742e+01
7.300000000003039613e-01 8.105409934053233201e+01
7.500000000003035350e-01 8.280367267079026306e+01
7.700000000003031086e-01 8.433787175331092101e+01
7.900000000003026823e-01 8.573364243887954217e+01
8.100000000003022560e-01 8.703267433727151570e+01
8.300000000003018297e-01 8.776463608537567040e+01
8.500000000003014033e-01 9.021041085391269121e+01
8.700000000003009770e-01 9.167212331948712745e+01
8.900000000003005507e-01 9.155569579303487160e+01
9.100000000003001244e-01 9.343129095257258143e+01
9.300000000002996980e-01 9.435112440324583361e+01
9.500000000002992717e-01 9.650946811762234745e+01
9.700000000002988454e-01 9.634340153136199092e+01
9.900000000002984191e-01 9.762260349016551686e+01
1.010000000000297993e+00 9.891877158751216825e+01
1.030000000000297566e+00 1.000495024883269224e+02
1.050000000000297140e+00 1.005006074071994107e+02
1.070000000000296714e+00 1.002368589194932156e+02
1.090000000000296287e+00 1.003621545249130236e+02
1.110000000000295861e+00 1.034604343272205398e+02
1.130000000000295435e+00 1.038862834632631689e+02
1.150000000000295008e+00 1.037613805385086181e+02
1.170000000000294582e+00 1.043411317482772063e+02
1.190000000000294156e+00 1.052184680356303659e+02
1.210000000000293729e+00 1.055509851710923641e+02
1.230000000000293303e+00 1.078438458019473387e+02
1.250000000000292877e+00 1.070951403607355417e+02
1.270000000000292451e+00 1.085085065904754202e+02
1.290000000000292024e+00 1.079770442694454999e+02
1.310000000000291598e+00 1.096536975990090781e+02
1.330000000000291172e+00 1.099384851321440379e+02
1.350000000000290745e+00 1.104451087155883187e+02
1.370000000000290319e+00 1.100042878632109478e+02
1.390000000000289893e+00 1.101447760837326513e+02
1.410000000000289466e+00 1.097776766079973783e+02
1.430000000000289040e+00 1.116657881331326081e+02
1.450000000000288614e+00 1.109401975133206548e+02
1.470000000000288187e+00 1.112601363378233543e+02
1.490000000000287761e+00 1.108690470864286084e+02
1.510000000000287335e+00 1.122265544716894681e+02
1.530000000000286908e+00 1.108355831337801618e+02
1.550000000000286482e+00 1.107454999607936941e+02
1.570000000000286056e+00 1.108549323691650130e+02
1.590000000000285629e+00 1.122380478696929629e+02
1.610000000000285203e+00 1.117042188579353592e+02
1.630000000000284777e+00 1.099768706462484715e+02
1.650000000000284350e+00 1.128731593486048155e+02
1.670000000000283924e+00 1.098021265889850611e+02
1.690000000000283498e+00 1.120865334279809531e+02
1.710000000000283071e+00 1.111184336928718182e+02
1.730000000000282645e+00 1.085227203051995843e+02
1.750000000000282219e+00 1.104338566877393504e+02
1.770000000000281792e+00 1.114101944175556440e+02
1.790000000000281366e+00 1.106180171363930214e+02
1.810000000000280940e+00 1.090494183173406810e+02
1.830000000000280513e+00 1.091211391109881390e+02
1.850000000000280087e+00 1.088869955607087974e+02
1.870000000000279661e+00 1.081964955966324737e+02
1.890000000000279234e+00 1.082282259691209561e+02
1.910000000000278808e+00 1.090889648529124543e+02
1.930000000000278382e+00 1.073202312417126194e+02
1.950000000000277955e+00 1.062593065361845959e+02
1.970000000000277529e+00 1.046480059670144698e+02
1.990000000000277103e+00 1.045139375095353529e+02
2.010000000000276899e+00 1.046849572033897715e+02
2.030000000000276472e+00 1.042568312275805908e+02
2.050000000000276046e+00 1.019928090695484855e+02
2.070000000000275620e+00 1.015729399753080173e+02
2.090000000000275193e+00 1.020520740875012251e+02
2.110000000000274767e+00 9.937552959532074226e+01
2.130000000000274341e+00 9.857222538665725153e+01
2.150000000000273914e+00 9.942509499697436581e+01
2.170000000000273488e+00 9.723107857947798038e+01
2.190000000000273062e+00 9.712793377692908336e+01
2.210000000000272635e+00 9.542773742776024903e+01
2.230000000000272209e+00 9.516139830174884651e+01
2.250000000000271783e+00 9.494205826136061432e+01
2.270000000000271356e+00 9.226054603361328077e+01
2.290000000000270930e+00 9.098605259673448131e+01
2.310000000000270504e+00 9.022622507373775136e+01
2.330000000000270077e+00 8.962049821638736091e+01
2.350000000000269651e+00 8.796192395205287085e+01
2.370000000000269225e+00 8.744644542973446733e+01
2.390000000000268798e+00 8.518284594338069837e+01
2.410000000000268372e+00 8.448000306698087059e+01
2.430000000000267946e+00 8.405648609722672404e+01
2.450000000000267519e+00 8.352785311276474545e+01
2.470000000000267093e+00 8.167444156281246137e+01
2.490000000000266667e+00 8.123036972328925742e+01
2.510000000000266240e+00 8.075939674917381694e+01
2.530000000000265814e+00 7.714703683174317916e+01
2.550000000000265388e+00 7.768426223608915393e+01
2.570000000000264961e+00 7.652476954111610041e+01
2.590000000000264535e+00 7.566381411731565265e+01
2.610000000000264109e+00 7.524155701635808668e+01
2.630000000000263682e+00 7.302948323923550333e+01
2.650000000000263256e+00 7.167072017040280230e+01
2.670000000000262830e+00 7.209213108050091989e+01
2.690000000000262403e+00 7.039776126657289979e+01
2.710000000000261977e+00 6.873006439988411387e+01
2.730000000000261551e+00 6.804313476182765896e+01
2.750000000000261124e+00 6.742498228539784577e+01
2.770000000000260698e+00 6.649053294885895582e+01
2.790000000000260272e+00 6.523411109050013579e+01
2.810000000000259845e+00 6.354928452564338670e+01
2.830000000000259419e+00 6.258552602612011384e+01
2.850000000000258993e+00 6.253785740236593682e+01
2.870000000000258567e+00 6.164251802087942878e+01
2.890000000000258140e+00 5.931162210706392557e+01
2.910000000000257714e+00 5.941752377718562173e+01
2.930000000000257288e+00 5.949129844413177892e+01
2.950000000000256861e+00 5.632932990256985306e+01
2.970000000000256435e+00 5.670180308788193457e+01
2.990000000000256009e+00 5.550916710174038116e+01
3.010000000000255582e+00 5.430582372495484123e+01
3.030000000000255156e+00 5.274896475950813368e+01
3.050000000000254730e+00 5.375761867833912078e+01
3.070000000000254303e+00 5.166535234095459117e+01
3.090000000000253877e+00 5.075438453319431886e+01
3.110000000000253451e+00 4.946226596690747357e+01
3.130000000000253024e+00 5.000927031702950387e+01
3.150000000000252598e+00 4.809715256652833659e+01
3.170000000000252172e+00 4.761551782602041527e+01
3.190000000000251745e+00 4.688955285608880530e+01
3.210000000000251319e+00 4.600612566180539176e+01
3.230000000000250893e+00 4.570964665588041953e+01
3.250000000000250466e+00 4.461488927803570448e+01
3.270000000000250040e+00 4.329847575600845744e+01
3.290000000000249614e+00 4.337849210676528600e+01
3.310000000000249187e+00 4.292071882201931743e+01
3.330000000000248761e+00 4.128404878759736363e+01
3.350000000000248335e+00 4.096730452350368523e+01
3.370000000000247908e+00 4.077229712069631518e+01
3.390000000000247482e+00 3.982933621941815971e+01
3.410000000000247056e+00 3.883511514537990195e+01
3.430000000000246629e+00 3.846233506818461478e+01
3.450000000000246203e+00 3.765673614311798900e+01
3.470000000000245777e+00 3.726966069823962613e+01
3.490000000000245350e+00 3.798340683356468617e+01
3.510000000000244924e+00 3.645217215370730202e+01
3.530000000000244498e+00 3.549495851709081506e+01
3.550000000000244071e+00 3.553460843480281994e+01
3.570000000000243645e+00 3.467856430664148348e+01
3.590000000000243219e+00 3.413635112018084783e+01
3.610000000000242792e+00 3.340673061304397606e+01
3.630000000000242366e+00 3.308203041537704792e+01
3.650000000000241940e+00 3.228371737032019695e+01
3.670000000000241513e+00 3.284224812701641838e+01
3.690000000000241087e+00 3.131664849410892160e+01
3.710000000000240661e+00 3.125178477624366380e+01
3.730000000000240234e+00 3.093610645082207711e+01
3.750000000000239808e+00 3.052554626013748873e+01
3.770000000000239382e+00 3.001918920374407662e+01
3.790000000000238956e+00 2.902812392193724023e+01
3.810000000000238529e+00 2.932855704412218145e+01
3.830000000000238103e+00 2.887725308277803293e+01
3.850000000000237677e+00 2.819946923341075973e+01
3.870000000000237250e+00 2.765232951051990185e+01
3.890000000000236824e+00 2.767800296278797845e+01
3.910000000000236398e+00 2.703052347525218480e+01
3.930000000000235971e+00 2.687896599888680882e+01
3.950000000000235545e+00 2.648652836302195368e+01
3.970000000000235119e+00 2.632875234595157465e+01
3.990000000000234692e+00 2.587973207468438375e+01
4.010000000000234266e+00 2.551987985143600568e+01
4.030000000000233840e+00 2.502483156862917468e+01
4.050000000000233413e+00 2.475197697848539846e+01
4.070000000000232987e+00 2.480927011907501623e+01
4.090000000000232561e+00 2.481765564094788346e+01
4.110000000000232134e+00 2.373483568507914399e+01
4.130000000000231708e+00 2.358012389557158883e+01
4.150000000000231282e+00 2.321432378260798046e+01
4.170000000000230855e+00 2.326103660378002402e+01
4.190000000000230429e+00 2.272431902054699293e+01
4.210000000000230003e+00 2.273518174952345561e+01
4.230000000000229576e+00 2.205543577921501353e+01
4.250000000000229150e+00 2.209144891602264948e+01
4.270000000000228724e+00 2.185168654261228838e+01
4.290000000000228297e+00 2.182881148116673131e+01
4.310000000000227871e+00 2.125865153218556358e+01
4.330000000000227445e+00 2.125545887592723560e+01
4.350000000000227018e+00 2.094905470225968713e+01
4.370000000000226592e+00 2.060305736614801475e+01
4.390000000000226166e+00 2.089739669361470931e+01
4.410000000000225739e+00 2.063828768524540536e+01
4.430000000000225313e+00 2.027208406221730996e+01
4.450000000000224887e+00 2.032310652258747297e+01
4.470000000000224460e+00 2.001289691944002769e+01
4.490000000000224034e+00 1.992008733955887934e+01
4.510000000000223608e+00 1.963467826341796396e+01
4.530000000000223181e+00 1.941573943908150923e+01
4.550000000000222755e+00 1.942858304229455157e+01
4.570000000000222329e+00 1.887275845001461150e+01
4.590000000000221902e+00 1.921396906609128052e+01
4.610000000000221476e+00 1.846719623549094891e+01
4.630000000000221050e+00 1.894309187057294963e+01
4.650000000000220624e+00 1.832911234404904732e+01
4.670000000000220197e+00 1.827491878649737700e+01
4.690000000000219771e+00 1.832614348320038644e+01
4.710000000000219345e+00 1.772319405635344935e+01
4.730000000000218918e+00 1.793072521365678895e+01
4.750000000000218492e+00 1.779062017293787079e+01
4.770000000000218066e+00 1.734657633716107128e+01
4.790000000000217639e+00 1.724299816426805521e+01
4.810000000000217213e+00 1.719191316378551804e+01
4.830000000000216787e+00 1.706848373168743294e+01
4.850000000000216360e+00 1.678473092082201745e+01
4.870000000000215934e+00 1.669548521432740884e+01
4.890000000000215508e+00 1.650638008528466116e+01
4.910000000000215081e+00 1.630488391790132852e+01
4.930000000000214655e+00 1.608437579357139313e+01
4.950000000000214229e+00 1.630369532416127853e+01
4.970000000000213802e+00 1.601532382500776563e+01
4.990000000000213376e+00 1.585945986785509909e+01
5.010000000000212950e+00 1.570588681163275169e+01
5.030000000000212523e+00 1.606886393237505217e+01
5.050000000000212097e+00 1.567654577851641484e+01
5.070000000000211671e+00 1.534800630774200059e+01
5.090000000000211244e+00 1.531222078168920753e+01
5.110000000000210818e+00 1.490211011412298525e+01
5.130000000000210392e+00 1.541109091754759675e+01
5.150000000000209965e+00 1.500101338897249192e+01
5.170000000000209539e+00 1.466070781948293700e+01
5.190000000000209113e+00 1.499839040361044340e+01
5.210000000000208686e+00 1.478366520815612617e+01
5.230000000000208260e+00 1.464319761613444193e+01
5.250000000000207834e+00 1.430552810219063886e+01
5.270000000000207407e+00 1.438036851859127019e+01
5.290000000000206981e+00 1.439482227907339507e+01
5.310000000000206555e+00 1.403570563114776171e+01
5.330000000000206128e+00 1.440331414528599119e+01
5.350000000000205702e+00 1.430438471068384843e+01
5.370000000000205276e+00 1.396603976139435765e+01
5.390000000000204849e+00 1.376381573997649532e+01
5.410000000000204423e+00 1.370843278662736076e+01
5.430000000000203997e+00 1.367879792129438243e+01
5.450000000000203570e+00 1.407203627785722233e+01
5.470000000000203144e+00 1.355190014002644538e+01
5.490000000000202718e+00 1.367028873074881012e+01
5.510000000000202292e+00 1.373278173879336173e+01
5.530000000000201865e+00 1.365794157385024299e+01
5.550000000000201439e+00 1.346759972432106878e+01
5.570000000000201013e+00 1.353673965281329750e+01
5.590000000000200586e+00 1.354101402622762507e+01
5.610000000000200160e+00 1.320043288709050167e+01
5.630000000000199734e+00 1.316146905962793667e+01
5.650000000000199307e+00 1.354334752341880765e+01
5.670000000000198881e+00 1.348938518653164564e+01
5.690000000000198455e+00 1.330831378623866534e+01
5.710000000000198028e+00 1.339738224388201360e+01
5.730000000000197602e+00 1.331123420484891184e+01
5.750000000000197176e+00 1.312090478360074464e+01
5.770000000000196749e+00 1.304819909863744698e+01
5.790000000000196323e+00 1.316524284906842368e+01
5.810000000000195897e+00 1.332919197146996027e+01
5.830000000000195470e+00 1.306600447976935087e+01
5.850000000000195044e+00 1.300785928971218297e+01
5.870000000000194618e+00 1.307667225838705605e+01
5.890000000000194191e+00 1.303257870184972234e+01
5.910000000000193765e+00 1.324088285469423987e+01
5.930000000000193339e+00 1.294998744186008111e+01
5.950000000000192912e+00 1.306685299463144467e+01
5.970000000000192486e+00 1.291172078731855244e+01
5.990000000000192060e+00 1.318429037298210282e+01
6.010000000000191633e+00 1.321723892358953734e+01
6.030000000000191207e+00 1.333059944247040640e+01
6.050000000000190781e+00 1.308622433103557370e+01
6.070000000000190354e+00 1.294809509484838372e+01
6.090000000000189928e+00 1.308632909170713177e+01
6.110000000000189502e+00 1.329969859367985485e+01
6.130000000000189075e+00 1.315689918245597489e+01
6.150000000000188649e+00 1.324800251176373322e+01
6.170000000000188223e+00 1.341837222795059681e+01
6.190000000000187796e+00 1.317940759339301060e+01
6.210000000000187370e+00 1.318891687673219515e+01
6.230000000000186944e+00 1.337179407308964230e+01
6.250000000000186517e+00 1.351789992391570117e+01
6.270000000000186091e+00 1.342115642476549731e+01
6.290000000000185665e+00 1.320969820466751266e+01
6.310000000000185238e+00 1.347202688414492933e+01
6.330000000000184812e+00 1.318561824026717666e+01
6.350000000000184386e+00 1.350564478891072184e+01
6.370000000000183960e+00 1.352224973617147086e+01
6.390000000000183533e+00 1.334156310050566674e+01
6.410000000000183107e+00 1.326923171150654035e+01
6.430000000000182681e+00 1.354747590011665714e+01
6.450000000000182254e+00 1.340028367391581554e+01
6.470000000000181828e+00 1.348498051157346289e+01
6.490000000000181402e+00 1.335292882730047914e+01
6.510000000000180975e+00 1.335894617120772487e+01
6.530000000000180549e+00 1.357316895081856423e+01
6.550000000000180123e+00 1.321963459813182773e+01
6.570000000000179696e+00 1.352263879701398075e+01
6.590000000000179270e+00 1.336261378637457220e+01
6.610000000000178844e+00 1.323202627093941786e+01
6.630000000000178417e+00 1.330428401798488736e+01
6.650000000000177991e+00 1.320010220252532562e+01
6.670000000000177565e+00 1.331224734412128541e+01
6.690000000000177138e+00 1.326786052934390625e+01
6.710000000000176712e+00 1.325768147132776420e+01
6.730000000000176286e+00 1.319476476497009543e+01
6.750000000000175859e+00 1.341521628386576559e+01
6.770000000000175433e+00 1.344087213443770423e+01
6.790000000000175007e+00 1.302644957648113078e+01
6.810000000000174580e+00 1.319410015128369551e+01
6.830000000000174154e+00 1.322804207920986208e+01
6.850000000000173728e+00 1.313763735596223725e+01
6.870000000000173301e+00 1.306298043420855848e+01
6.890000000000172875e+00 1.323428788629553132e+01
6.910000000000172449e+00 1.313985477028066740e+01
6.930000000000172022e+00 1.294683736028819609e+01
6.950000000000171596e+00 1.298610961931276897e+01
6.970000000000171170e+00 1.325811092816532089e+01
6.990000000000170743e+00 1.288569310559596559e+01
7.010000000000170317e+00 1.282778040713834145e+01
7.030000000000169891e+00 1.293343793852526602e+01
7.050000000000169464e+00 1.276124697941223829e+01
7.070000000000169038e+00 1.287639675534211570e+01
7.090000000000168612e+00 1.267863715068498820e+01
7.110000000000168185e+00 1.253727570638573496e+01
7.130000000000167759e+00 1.282364620407378020e+01
7.150000000000167333e+00 1.269808862870982047e+01
7.170000000000166906e+00 1.267483316543453853e+01
7.190000000000166480e+00 1.264511211656985701e+01
7.210000000000166054e+00 1.247831218078616011e+01
7.230000000000165628e+00 1.251029737699003697e+01
7.250000000000165201e+00 1.243374424170721504e+01
7.270000000000164775e+00 1.254772321785948641e+01
7.290000000000164349e+00 1.250580492369282837e+01
7.310000000000163922e+00 1.239024314328765541e+01
7.330000000000163496e+00 1.253816466688964937e+01
7.350000000000163070e+00 1.214095611655139528e+01
7.370000000000162643e+00 1.252543278520785996e+01
7.390000000000162217e+00 1.235288449353837237e+01
7.410000000000161791e+00 1.224770492134201838e+01
7.430000000000161364e+00 1.233786907700336144e+01
7.450000000000160938e+00 1.236422332069079033e+01
7.470000000000160512e+00 1.218939703337267488e+01
7.490000000000160085e+00 1.228695903677546752e+01
7.510000000000159659e+00 1.223431145299117695e+01
7.530000000000159233e+00 1.229114434737983430e+01
7.550000000000158806e+00 1.230003595967082930e+01
7.570000000000158380e+00 1.220042768877096506e+01
7.590000000000157954e+00 1.235414207782795870e+01
7.610000000000157527e+00 1.216150038437371705e+01
7.630000000000157101e+00 1.229827239010419149e+01
7.650000000000156675e+00 1.240055106470934554e+01
7.670000000000156248e+00 1.227527946780770307e+01
7.690000000000155822e+00 1.224194155703725251e+01
7.710000000000155396e+00 1.240159917968940739e+01
7.730000000000154969e+00 1.242900257772245531e+01
7.750000000000154543e+00 1.238192406273385160e+01
7.770000000000154117e+00 1.250778800512074262e+01
7.790000000000153690e+00 1.255561813678445304e+01
7.810000000000153264e+00 1.250850123737400033e+01
7.830000000000152838e+00 1.258777526719122264e+01
7.850000000000152411e+00 1.255750706344040779e+01
7.870000000000151985e+00 1.259500367795760845e+01
7.890000000000151559e+00 1.280378009639466086e+01
7.910000000000151132e+00 1.261803296615608261e+01
7.930000000000150706e+00 1.271643734891578781e+01
7.950000000000150280e+00 1.273835496914530729e+01
7.970000000000149853e+00 1.298221497289581983e+01
7.990000000000149427e+00 1.275927980282474117e+01
8.010000000000149001e+00 1.304708897322009520e+01
8.030000000000148574e+00 1.288877470986340867e+01
8.050000000000148148e+00 1.311350588998115185e+01
8.070000000000147722e+00 1.317431909753426922e+01
8.090000000000147296e+00 1.322385736749371077e+01
8.110000000000146869e+00 1.326443557603968770e+01
8.130000000000146443e+00 1.325094456687361166e+01
8.150000000000146017e+00 1.332418197520674674e+01
8.170000000000145590e+00 1.334280918980644337e+01
8.190000000000145164e+00 1.356188907786043174e+01
8.210000000000144738e+00 1.351011350576206915e+01
8.230000000000144311e+00 1.362297710857216337e+01
8.250000000000143885e+00 1.370001669495907848e+01
8.270000000000143459e+00 1.371412393727614543e+01
8.290000000000143032e+00 1.381559010152982836e+01
8.310000000000142606e+00 1.385327007010345213e+01
8.330000000000142180e+00 1.401440229830936879e+01
8.350000000000141753e+00 1.397556268820416037e+01
8.370000000000141327e+00 1.401075454161818357e+01
8.390000000000140901e+00 1.404467200742092636e+01
8.410000000000140474e+00 1.423809592059326157e+01
8.430000000000140048e+00 1.423721628581719045e+01
8.450000000000139622e+00 1.429807114852317795e+01
8.470000000000139195e+00 1.434089169784410700e+01
8.490000000000138769e+00 1.446794048708461844e+01
8.510000000000138343e+00 1.464819734343804924e+01
8.530000000000137916e+00 1.462837991368312807e+01
8.550000000000137490e+00 1.471306856558333287e+01
8.570000000000137064e+00 1.469747463494195827e+01
8.590000000000136637e+00 1.484991592030301355e+01
8.610000000000136211e+00 1.493754565678075963e+01
8.630000000000135785e+00 1.518907131131392774e+01
8.650000000000135358e+00 1.521188382320741539e+01
8.670000000000134932e+00 1.531627478864009895e+01
8.690000000000134506e+00 1.534159579406793306e+01
8.710000000000134079e+00 1.562192189499750583e+01
8.730000000000133653e+00 1.549556723450755946e+01
8.750000000000133227e+00 1.583677013982586779e+01
8.770000000000132800e+00 1.581040614167800484e+01
8.790000000000132374e+00 1.601163670814601048e+01
8.810000000000131948e+00 1.611107203345883931e+01
8.830000000000131521e+00 1.625702028097328267e+01
8.850000000000131095e+00 1.656108908254466883e+01
8.870000000000130669e+00 1.650728506634327886e+01
8.890000000000130242e+00 1.668565190039466728e+01
8.910000000000129816e+00 1.699517774884008148e+01
8.930000000000129390e+00 1.697580269926731589e+01
8.950000000000128964e+00 1.732416428505978701e+01
8.970000000000128537e+00 1.734509230297987514e+01
8.990000000000128111e+00 1.757383646729041615e+01
9.010000000000127685e+00 1.786997122637860613e+01
9.030000000000127258e+00 1.824529133895422106e+01
9.050000000000126832e+00 1.823612932490442873e+01
9.070000000000126406e+00 1.850705198959248321e+01
9.090000000000125979e+00 1.871057041639037521e+01
9.110000000000125553e+00 1.887498181647869799e+01
9.130000000000125127e+00 1.908323963271691781e+01
9.150000000000124700e+00 1.942241866809697726e+01
9.170000000000124274e+00 1.956912463727493900e+01
9.190000000000123848e+00 1.988983813355426733e+01
9.210000000000123421e+00 2.003380176897794485e+01
9.230000000000122995e+00 2.037074275524721401e+01
9.250000000000122569e+00 2.079006703365102027e+01
9.270000000000122142e+00 2.084952777295936244e+01
9.290000000000121716e+00 2.115148830518724665e+01
9.310000000000121290e+00 2.147660544004001437e+01
9.330000000000120863e+00 2.164747820527681910e+01
9.350000000000120437e+00 2.200618096227099230e+01
9.370000000000120011e+00 2.230411325292682179e+01
9.390000000000119584e+00 2.240153730920476249e+01
9.410000000000119158e+00 2.291877702290123864e+01
9.430000000000118732e+00 2.303363419070801044e+01
9.450000000000118305e+00 2.338237490140824448e+01
9.470000000000117879e+00 2.371803434729383753e+01
9.490000000000117453e+00 2.401857914590686605e+01
9.510000000000117026e+00 2.421904695624128934e+01
9.530000000000116600e+00 2.453164026152830246e+01
9.550000000000116174e+00 2.485548342027453117e+01
9.570000000000115747e+00 2.510203336764911697e+01
9.590000000000115321e+00 2.535077202183754963e+01
9.610000000000114895e+00 2.570501378260644998e+01
9.630000000000114468e+00 2.591002785187176727e+01
9.650000000000114042e+00 2.624405274142510791e+01
9.670000000000113616e+00 2.658332324522859480e+01
9.690000000000113189e+00 2.664953225762678457e+01
9.710000000000112763e+00 2.716355854018344829e+01
9.730000000000112337e+00 2.706347790682863064e+01
9.750000000000111910e+00 2.758538966439023099e+01
9.770000000000111484e+00 2.784688484816323495e+01
9.790000000000111058e+00 2.819708736725097609e+01
9.810000000000110632e+00 2.809576806212903932e+01
9.830000000000110205e+00 2.839343330518168429e+01
9.850000000000109779e+00 2.862470863005829713e+01
9.870000000000109353e+00 2.883054092040937277e+01
9.890000000000108926e+00 2.889112006932908017e+01
9.910000000000108500e+00 2.924580388084986282e+01
9.930000000000108074e+00 2.943026976635097114e+01
9.950000000000107647e+00 2.958267414997103373e+01
9.970000000000107221e+00 2.954532477585381045e+01
9.990000000000106795e+00 2.971997722737237169e+01
1.001000000000010637e+01 2.989412090306580083e+01
1.003000000000010594e+01 3.015572715472887566e+01
1.005000000000010552e+01 2.992062641667473599e+01
1.007000000000010509e+01 3.008511365985030039e+01
1.009000000000010466e+01 3.022752266173169033e+01
1.011000000000010424e+01 3.019902418628426233e+01
1.013000000000010381e+01 3.033972474323766022e+01
1.015000000000010338e+01 3.035914350952656449e+01
1.017000000000010296e+01 3.050374049888106143e+01
1.019000000000010253e+01 3.025368855020227699e+01
1.021000000000010210e+01 3.015728984719324757e+01
1.023000000000010168e+01 3.024454917795638309e+01
1.025000000000010125e+01 3.031106473329399265e+01
1.027000000000010083e+01 3.027910732789160875e+01
1.029000000000010040e+01 3.023095232723543546e+01
1.031000000000009997e+01 2.999974257197181160e+01
1.033000000000009955e+01 3.015433747121393537e+01
1.035000000000009912e+01 2.988200873906632893e+01
1.037000000000009869e+01 2.989248632881731282e+01
1.039000000000009827e+01 2.951012475846166438e+01
1.041000000000009784e+01 2.962991415137235407e+01
1.043000000000009742e+01 2.954019340817820094e+01
1.045000000000009699e+01 2.939400516368853999e+01
1.047000000000009656e+01 2.935745062615428225e+01
1.049000000000009614e+01 2.908845809778769720e+01
1.051000000000009571e+01 2.891943420199069692e+01
1.053000000000009528e+01 2.869720951497264139e+01
1.055000000000009486e+01 2.860066522906421582e+01
1.057000000000009443e+01 2.851831088521462831e+01
1.059000000000009400e+01 2.845353238331795964e+01
1.061000000000009358e+01 2.833806357598395564e+01
1.063000000000009315e+01 2.795728508098053666e+01
1.065000000000009273e+01 2.784000991424522908e+01
1.067000000000009230e+01 2.770751210370145046e+01
1.069000000000009187e+01 2.738866123008056164e+01
1.071000000000009145e+01 2.741585369508925396e+01
1.073000000000009102e+01 2.718754308461403824e+01
1.075000000000009059e+01 2.698233981076204913e+01
1.077000000000009017e+01 2.682222319542759692e+01
1.079000000000008974e+01 2.669963280728115151e+01
1.081000000000008932e+01 2.646331261843392468e+01
1.083000000000008889e+01 2.645985754450040162e+01
1.085000000000008846e+01 2.611201386259978818e+01
1.087000000000008804e+01 2.590135196597261924e+01
1.089000000000008761e+01 2.578377332188426152e+01
1.091000000000008718e+01 2.575965717333091476e+01
1.093000000000008676e+01 2.559606575547293517e+01
1.095000000000008633e+01 2.550088102614116892e+01
1.097000000000008590e+01 2.531925807928411132e+01
1.099000000000008548e+01 2.518399471564975656e+01
1.101000000000008505e+01 2.509854193960580915e+01
1.103000000000008463e+01 2.479264383614717460e+01
1.105000000000008420e+01 2.483673978358200074e+01
1.107000000000008377e+01 2.480963488727994815e+01
1.109000000000008335e+01 2.469407099368565284e+01
1.111000000000008292e+01 2.444937403944300769e+01
1.113000000000008249e+01 2.436068335373099458e+01
1.115000000000008207e+01 2.426121344937512347e+01
1.117000000000008164e+01 2.425345013945370098e+01
1.119000000000008122e+01 2.410592608980327611e+01
1.121000000000008079e+01 2.413784198308992757e+01
1.123000000000008036e+01 2.408177147208430924e+01
1.125000000000007994e+01 2.399505310522463830e+01
1.127000000000007951e+01 2.398701465365452634e+01
1.129000000000007908e+01 2.378867487714857631e+01
1.131000000000007866e+01 2.408216577039237194e+01
1.133000000000007823e+01 2.379383845328871772e+01
1.135000000000007780e+01 2.364744905990791324e+01
1.137000000000007738e+01 2.363374300253578753e+01
1.139000000000007695e+01 2.362245129368006502e+01
1.141000000000007653e+01 2.369079722291595402e+01
1.143000000000007610e+01 2.388325261318463077e+01
1.145000000000007567e+01 2.356177087977191675e+01
1.147000000000007525e+01 2.352936648554708654e+01
1.149000000000007482e+01 2.349540858228584739e+01
1.151000000000007439e+01 2.357965728114668025e+01
1.153000000000007397e+01 2.349446152762048712e+01
1.155000000000007354e+01 2.352891090115848272e+01
1.157000000000007311e+01 2.357168932041091125e+01
1.159000000000007269e+01 2.366934116112469866e+01
1.161000000000007226e+01 2.349649806091926152e+01
1.163000000000007184e+01 2.354209063379911271e+01
1.165000000000007141e+01 2.344753533215007124e+01
1.167000000000007098e+01 2.353689554265077177e+01
1.169000000000007056e+01 2.351602220344025085e+01
1.171000000000007013e+01 2.328319225733545395e+01
1.173000000000006970e+01 2.346781690518446339e+01
1.175000000000006928e+01 2.337915460346035346e+01
1.177000000000006885e+01 2.353902512275274361e+01
1.179000000000006843e+01 2.324738244423006250e+01
1.181000000000006800e+01 2.351551968232627132e+01
1.183000000000006757e+01 2.334847136778562415e+01
1.185000000000006715e+01 2.333425570535356286e+01
1.187000000000006672e+01 2.335066110705363229e+01
1.189000000000006629e+01 2.332299478698850592e+01
1.191000000000006587e+01 2.344986299168911259e+01
1.193000000000006544e+01 2.326800091835497497e+01
1.195000000000006501e+01 2.312868030412418463e+01
1.197000000000006459e+01 2.336175840499035772e+01
1.199000000000006416e+01 2.332643405468462205e+01
1.201000000000006374e+01 2.335458208027709759e+01
1.203000000000006331e+01 2.334393593269659917e+01
1.205000000000006288e+01 2.297308045213124217e+01
1.207000000000006246e+01 2.316372964081163133e+01
1.209000000000006203e+01 2.317646580390545807e+01
1.211000000000006160e+01 2.302584954466423639e+01
1.213000000000006118e+01 2.307326873613282459e+01
1.215000000000006075e+01 2.306810967383279376e+01
1.217000000000006033e+01 2.287453771290634919e+01
1.219000000000005990e+01 2.297674730310996338e+01
1.221000000000005947e+01 2.280029531525941522e+01
1.223000000000005905e+01 2.286673965654501117e+01
1.225000000000005862e+01 2.278490495084577461e+01
1.227000000000005819e+01 2.278070178985268868e+01
1.229000000000005777e+01 2.238278282821755383e+01
1.231000000000005734e+01 2.271749441406426229e+01
1.233000000000005691e+01 2.244072318412691658e+01
1.235000000000005649e+01 2.252229196926622379e+01
1.237000000000005606e+01 2.230369358868970053e+01
1.239000000000005564e+01 2.225047975097087161e+01
1.241000000000005521e+01 2.197497685256089994e+01
1.243000000000005478e+01 2.210222326087571432e+01
1.245000000000005436e+01 2.174941395204392691e+01
1.247000000000005393e+01 2.171411258732506866e+01
1.249000000000005350e+01 2.154828004851593093e+01
1.251000000000005308e+01 2.150446647085045271e+01
1.253000000000005265e+01 2.139264584238054923e+01
1.255000000000005222e+01 2.121919931103567691e+01
1.257000000000005180e+01 2.103606090135836482e+01
1.259000000000005137e+01 2.109738772641141580e+01
1.261000000000005095e+01 2.071678037861741828e+01
1.263000000000005052e+01 2.045607337837971684e+01
1.265000000000005009e+01 2.064362070425404738e+01
1.267000000000004967e+01 2.008504657587954156e+01
1.269000000000004924e+01 2.005577488456639657e+01
1.271000000000004881e+01 2.011539671234881155e+01
1.273000000000004839e+01 1.961014116621796433e+01
1.275000000000004796e+01 1.956288375407219249e+01
1.277000000000004754e+01 1.931992058122534317e+01
1.279000000000004711e+01 1.914316449177460910e+01
1.281000000000004668e+01 1.911085045178956676e+01
1.283000000000004626e+01 1.877818294162683799e+01
1.285000000000004583e+01 1.841993855112830403e+01
1.287000000000004540e+01 1.834438522420477113e+01
1.289000000000004498e+01 1.825134375581141910e+01
1.291000000000004455e+01 1.791092573833980595e+01
1.293000000000004412e+01 1.776638009397666806e+01
1.295000000000004370e+01 1.751251564222365786e+01
1.297000000000004327e+01 1.726554696758594432e+01
1.299000000000004285e+01 1.701993179317085847e+01
1.301000000000004242e+01 1.669011014843426111e+01
1.303000000000004199e+01 1.668981990400900983e+01
1.305000000000004157e+01 1.631363532306751551e+01
1.307000000000004114e+01 1.611821667594621843e+01
1.309000000000004071e+01 1.591874095654865506e+01
1.311000000000004029e+01 1.553992353578198227e+01
1.313000000000003986e+01 1.532352824581384176e+01
1.315000000000003944e+01 1.512629950623376551e+01
1.317000000000003901e+01 1.490981048450037250e+01
1.319000000000003858e+01 1.451819050164453095e+01
1.321000000000003816e+01 1.435658255294247887e+01
1.323000000000003773e+01 1.424573806576911927e+01
1.325000000000003730e+01 1.406746269769733004e+01
1.327000000000003688e+01 1.368478798762460791e+01
1.329000000000003645e+01 1.343098087214816516e+01
1.331000000000003602e+01 1.338462023363991449e+01
1.333000000000003560e+01 1.309028558663779229e+01
1.335000000000003517e+01 1.289418752957517356e+01
1.337000000000003475e+01 1.270783943498295798e+01
1.339000000000003432e+01 1.246749979217090676e+01
1.341000000000003389e+01 1.226662848275198670e+01
1.343000000000003347e+01 1.210576543716028652e+01
1.345000000000003304e+01 1.180879608035974471e+01
1.347000000000003261e+01 1.169972195337971677e+01
1.349000000000003219e+01 1.136964553679666068e+01
1.351000000000003176e+01 1.127415217180441687e+01
1.353000000000003133e+01 1.105509560676214598e+01
1.355000000000003091e+01 1.086469785950936462e+01
1.357000000000003048e+01 1.073533839222665875e+01
1.359000000000003006e+01 1.060780289129911402e+01
1.361000000000002963e+01 1.017825841537215759e+01
1.363000000000002920e+01 1.007754086232740320e+01
1.365000000000002878e+01 9.817098231165571676e+00
1.367000000000002835e+01 9.952180595808897579e+00
1.369000000000002792e+01 9.481826569071465372e+00
1.371000000000002750e+01 9.474515281999872585e+00
1.373000000000002707e+01 9.082204556347921454e+00
1.375000000000002665e+01 9.009663427450592010e+00
1.377000000000002622e+01 8.672940502323232437e+00
1.379000000000002579e+01 8.546764713347515752e+00
1.381000000000002537e+01 8.338950978872055941e+00
1.383000000000002494e+01 8.007885424798949714e+00
1.385000000000002451e+01 7.761269369914806759e+00
1.387000000000002409e+01 7.610230495828099961e+00
1.389000000000002366e+01 7.204267550376052043e+00
1.391000000000002323e+01 6.885200059528455263e+00
1.393000000000002281e+01 6.626245435432622344e+00
1.395000000000002238e+01 6.437819491687809759e+00
1.397000000000002196e+01 6.214234426364140695e+00
1.399000000000002153e+01 5.877168379233655315e+00
1.401000000000002110e+01 5.719981928494012102e+00
1.403000000000002068e+01 5.383379758018997485e+00
1.405000000000002025e+01 5.096902628748374298e+00
1.407000000000001982e+01 4.715427243747303265e+00
1.409000000000001940e+01 4.371380797840276777e+00
1.411000000000001897e+01 4.013882884420233665e+00
1.413000000000001855e+01 3.587400113948671532e+00
1.415000000000001812e+01 3.131882916229726810e+00
1.417000000000001769e+01 2.613198232319075665e+00
1.419000000000001727e+01 2.236815718644113549e+00
1.421000000000001684e+01 1.795570571993003961e+00
1.423000000000001641e+01 1.386000511882732322e+00
1.425000000000001599e+01 1.086439860075953501e+00
1.427000000000001556e+01 8.392147370318971955e-01
1.429000000000001513e+01 7.117497601257727347e-01
1.431000000000001471e+01 5.703335469290283788e-01
1.433000000000001428e+01 4.501263893909919767e-01
1.435000000000001386e+01 3.508306249762555562e-01
1.437000000000001343e+01 2.601783377726366031e-01
1.439000000000001300e+01 1.932459743087132920e-01
1.441000000000001258e+01 1.421897716163264547e-01
1.443000000000001215e+01 8.583610732526013309e-02
1.445000000000001172e+01 2.693384341337165880e-02
1.447000000000001130e+01 1.348979677413510332e-02
1.449000000000001087e+01 5.409178661037294077e-03
1.451000000000001044e+01 2.702972592053127544e-03
1.453000000000001002e+01 6.021181294922644018e-19
1.455000000000000959e+01 0.000000000000000000e+00
1.457000000000000917e+01 0.000000000000000000e+00
1.459000000000000874e+01 0.000000000000000000e+00
1.461000000000000831e+01 0.000000000000000000e+00
1.463000000000000789e+01 0.000000000000000000e+00
1.465000000000000746e+01 0.000000000000000000e+00
1.467000000000000703e+01 0.000000000000000000e+00
1.469000000000000661e+01 0.000000000000000000e+00
1.471000000000000618e+01 0.000000000000000000e+00
1.473000000000000576e+01 0.000000000000000000e+00
1.475000000000000533e+01 0.000000000000000000e+00
1.477000000000000490e+01 0.000000000000000000e+00
1.479000000000000448e+01 0.000000000000000000e+00
1.481000000000000405e+01 0.000000000000000000e+00
1.483000000000000362e+01 0.000000000000000000e+00
1.485000000000000320e+01 0.000000000000000000e+00
1.487000000000000277e+01 0.000000000000000000e+00
1.489000000000000234e+01 0.000000000000000000e+00
1.491000000000000192e+01 0.000000000000000000e+00
1.493000000000000149e+01 0.000000000000000000e+00
1.495000000000000107e+01 0.000000000000000000e+00
1.497000000000000064e+01 0.000000000000000000e+00
1.499000000000000021e+01 0.000000000000000000e+00
