2.240984833797469822e+00
2.115894602101050292e+00
2.078297063085750462e+00
3.715752790396116723e+00
3.417547292952848981e+00
2.127935612649118902e+00
2.675628700158754647e+00
2.338885221026789640e+00
2.711837570030151134e+00
1.522804303008412186e+00
1.897069913141611108e+00
3.584605191743845065e+00
1.463936657174740308e+00
1.480838292104348364e+00
3.586566484638633145e+00
2.782641359155847649e+00
2.728604156289258675e+00
8.842098444458187378e-01
1.793302503522053781e+00
1.873801724292172510e+00
1.560988530620168291e+00
1.121576591675979007e+00
2.949216973162065880e+00
1.903654384647227360e+00
3.641844301822645402e+00
3.448197596656730646e+00
1.176549255287516083e+00
2.402981220339522217e+00
2.182015789612220313e+00
1.715160849236033069e+00
1.882302390441749518e+00
2.500312160928486183e+00
1.298138422940759096e+00
6.494691073881685428e-01
2.518289826106317797e+00
1.654081886218025765e+00
1.608205596742165344e+00
2.000968252581243334e+00
3.514459929295324359e-01
2.853559971339342471e+00
1.830824084484606429e+00
1.323667951954368149e+00
2.518297034044513438e+00
1.849204703231665192e+00
2.324126996705058179e+00
2.070747120919625761e+00
2.463967021645394162e+00
3.805230553783044201e+00
1.313030308582565420e+00
3.078248191884750184e+00
9.700916218993981266e-01
2.816745244846986740e+00
3.328365825478072360e+00
3.161770215441332965e+00
5.374514391281923764e-01
1.791776285014592407e+00
4.051413635592442941e-01
1.670525283216854229e+00
1.550257876862700224e+00
2.837543584048747736e+00
3.243668217691833000e+00
1.906019932576842546e+00
2.633239281313638269e+00
4.245681361935948472e-01
4.201232021433656705e+00
9.963154602875380350e-01
2.762816163014469861e+00
5.802325865535538085e-01
3.182598147193921978e+00
1.950678621198064011e+00
2.214500008982603241e+00
8.841346144576204269e-01
2.053777182829153780e+00
5.993083108838361817e-01
1.925372172275786831e+00
2.690417244536424946e+00
2.318381077113215838e+00
4.244499749752763229e+00
3.576168121876077688e+00
3.209529852735816036e+00
2.879752525064991797e+00
2.431305707229207247e+00
2.709508358231265124e+00
3.048814746279519650e+00
3.332750100226285372e+00
1.867196426606050785e+00
2.860727518965007210e+00
2.131365769268983801e+00
2.031193685332585819e+00
2.229162214703958256e+00
3.989506051495624650e+00
2.402261861229265882e+00
1.410151631506022296e+00
9.799407220402647223e-01
1.131148405180647076e+00
1.993714860000862954e+00
3.787089556450284888e+00
8.282832393338634969e-01
2.445526356055586437e+00
2.482696371715864547e+00
8.963712319782808358e-01
2.088965946695695131e+00
1.346476385426870648e+00
1.461415287038301258e+00
1.078965240168587414e+00
1.552158972683777005e+00
1.444055164670185354e+00
2.182684136913560558e+00
3.158504790029636577e+00
3.527627995648202397e+00
3.338625901948748531e+00
2.572643035668550127e+00
4.282523411037620908e-01
3.101861629729877112e+00
3.231548790140114313e+00
2.451033862896909721e+00
1.312364728312407358e+00
2.751429977550324590e+00
2.745037882742843216e+00
1.518454285668151993e+00
2.205497887966426873e+00
3.257858507723044639e+00
3.018044794149195464e+00
1.809850654509923551e+00
1.045743420693869163e+00
2.483392703686626124e+00
1.478628559277763710e+00
1.653718798267363788e+00
1.210741698866827143e+00
1.665964849950714255e+00
1.360176037413451722e+00
2.383215115128557660e+00
4.221799503349720872e+00
2.474049374942144830e+00
1.676683916396131790e+00
2.652887989189819606e+00
1.679336831539186337e+00
2.182789321855227893e+00
1.644627109207865034e+00
2.953073129491304627e+00
8.453101316034528079e-01
8.334213962891479088e-01
1.216052685960959279e+00
2.477570461751497977e+00
1.609347926768706971e+00
2.096938150459701333e+00
2.568257352862148402e+00
7.273458156660734808e-01
2.371106102595039733e+00
1.646339193518842725e+00
1.581412489468510207e+00
1.827882748322739559e+00
3.658801945495627095e+00
4.082027093916916094e+00
1.823628866780085511e+00
1.838025105482178789e+00
1.970046294464556480e+00
3.005988151418828025e+00
1.430673805111628560e+00
2.898611638663099122e+00
2.385135201485561129e+00
1.099342726203512921e+00
2.662172358320016308e+00
3.387823667751193479e+00
2.117459470868694904e+00
1.738092424974327255e+00
2.857177280678264264e+00
1.627117542935589301e+00
2.167287470840616681e+00
2.003246350044857849e+00
6.353255580112583401e-01
2.103065621577771438e+00
2.182439467762325336e+00
3.141878281872001910e+00
3.349955393903830014e+00
2.675932407360447574e+00
2.978220666134985262e+00
8.571486820764867565e-01
1.843364927298045908e+00
2.098309198283621946e+00
1.972391201801634297e+00
2.143611758759778496e+00
1.272886703334646707e+00
1.603954616922458998e+00
1.624696375099831114e+00
3.468640602249606353e+00
1.850521212605331645e+00
1.965092288957996036e+00
1.580099030651037406e+00
2.826698571146655681e+00
2.213969861475379552e+00
8.820587099789160002e-01
3.309000105887901277e+00
4.075072372641900031e+00
1.589411194234759295e+00
1.800033658264268421e+00
5.522899148279042381e-01
2.142646511718699909e+00
2.388906054202256879e+00
3.378890246234673711e+00
1.011277815147109127e+00
2.017622429150148555e+00
2.049683181989284009e+00
5.200122142858683016e-01
1.854428724882106971e+00
1.405378142438608480e+00
6.664067988041322277e-01
2.250185221612809094e+00
1.597691110125368352e+00
1.424829211175314025e+00
2.412386072804491910e+00
1.693674488921208310e+00
2.447718733023579230e+00
2.418270269827154539e+00
1.719301968550953186e+00
2.105925467986353272e+00
1.549332623863864500e+00
9.703622659101422965e-01
1.488090618908593177e+00
1.150990661081014332e+00
1.150558074784400864e+00
1.736258553229989676e+00
1.897794914959951784e+00
2.371872834282800824e+00
2.793012975099676165e+00
2.338950516042527461e+00
7.925209415500458210e-01
1.867582005381609678e+00
1.827352841896130453e+00
1.636011993527130892e+00
3.768275954872017053e+00
2.561428110705718186e+00
3.247959970770418536e+00
1.602871740158079428e+00
9.007984547453937729e-01
1.622693957294566225e+00
2.664535986663964184e+00
1.552265477464157106e+00
2.358550575165663243e+00
2.401352871840910286e+00
1.452668559326443898e+00
2.258878844796767371e+00
3.207159978717942117e+00
2.694756989866695207e+00
1.978605640852595826e+00
2.962367189067945716e+00
1.983812708378859924e+00
3.663612959864184226e+00
1.991155000042484913e+00
9.180295133821786413e-01
1.751871923420141197e+00
1.476318640621633316e+00
2.337195711959264344e+00
1.553868766670491786e+00
2.683922473624774874e+00
2.376287395551924142e+00
1.552207611903525297e+00
1.564246620963772871e+00
2.320361953593580662e+00
1.426872383714862691e+00
2.145572547735858482e+00
2.764168918756912507e+00
4.267313495318680872e+00
3.240638584801141864e+00
1.690244805622664215e+00
2.273084812103110419e+00
2.077950115327400038e+00
3.168232247510089916e+00
2.327688609991366953e+00
2.549649058775631083e+00
3.205740747122698409e+00
4.186257906993821720e+00
1.764211066373482240e+00
1.258536754384339984e+00
2.093430016043977826e+00
1.536014092555673560e+00
1.910820341680518952e+00
3.709774075440637198e+00
3.687775764956874980e+00
3.080555164140021507e+00
2.573669729176818688e+00
2.504381278666255817e+00
2.843369611027020127e+00
1.324508593857445238e+00
1.366227489335067657e+00
3.491105451804317195e+00
2.319164084721499375e+00
1.899507626782130032e+00
2.231481142359104108e+00
2.321015123571919414e+00
2.566760601531771435e+00
3.004953157943197173e+00
1.957453544743174456e+00
9.921116770638244153e-01
5.992931424584607702e-01
3.337069273688261450e+00
2.199018124049530343e+00
