3.203113918697323648e+00
5.246214316565820823e+00
1.541735953352157074e+00
1.681764538475652992e+00
1.809545713494680630e+00
1.709747538956077451e+00
1.252631235135049925e+00
1.654505573465945734e+00
2.534702654565549107e+00
1.679102437805507053e+00
1.400286331245151450e+00
4.439582385507819140e+00
2.765873486813138715e+00
1.484569117543925287e+00
2.591154880811519678e+00
2.393002920268256339e+00
1.980212819990258444e+00
2.806738902079209286e+00
3.576653709052904695e+00
1.873705965929346684e+00
2.790382351177990827e+00
2.093002287525733696e+00
3.836075114225733440e+00
4.318016421272911742e+00
1.929387900865716210e+00
4.866953007585460789e+00
2.629784204503828438e+00
4.474978678629385698e+00
2.011498870511393644e+00
2.009658864146110169e+00
2.330086767133981773e+00
1.296380372675963732e+00
1.111635611504563137e+00
5.910762911979403622e-01
1.270162437633540087e+00
3.250428349597480615e+00
1.372067735734381566e+00
2.343685154027791651e+00
4.863786657476345532e+00
2.077915327964212633e+00
1.820502110976444321e+00
1.158089877686797387e+00
3.288848606519601425e+00
8.084024207250869454e-01
2.899664036203388306e+00
3.014002835280309878e+00
2.391991574310602608e+00
2.507144906000324358e+00
2.845441691874558643e+00
1.179170762161924957e+00
1.616930904335127650e+00
7.897134968418988432e-01
1.492860661602963823e+00
2.006363456304895987e+00
2.597283102746632988e+00
2.453277518370135635e+00
1.118395387376169170e+00
7.418440344568838496e-01
4.401259351847648382e+00
2.693451808015829840e+00
1.434417162189693506e+00
1.275611103957170922e+00
2.124699995016597232e+00
1.685812313939855756e+00
7.663805671655063989e-01
6.371894200146709375e-01
3.504325801312046185e+00
4.046466954056354481e+00
2.075775585070177787e+00
5.776622464333748042e+00
2.021052772571536149e+00
1.995942145147431512e+00
8.188620163065322144e-01
3.587700909848669628e+00
2.050014913674038652e+00
9.623359785309583136e-01
6.763287733765431575e+00
7.268362079224814920e-01
1.776122955384383362e+00
1.380074040021980419e+00
2.318675523385555159e+00
1.216826768349391630e+00
2.070927361352510765e+00
3.826456434301104270e+00
1.290695951094161797e+00
1.332630476009161180e+00
1.791028726865643073e+00
1.928509547327613705e+00
1.436670149456490408e+00
8.360897013696663160e-01
4.072013957295016473e-01
1.232395824758633518e+00
9.669883678017134887e-01
1.971781284272216883e+00
4.686689982259053089e+00
1.669015193441147682e+00
2.143798479667618384e+00
1.432355298270835853e+00
1.156189598387886486e+00
3.287336386450610437e+00
1.020928868416790758e+00
3.239310880155387373e+00
2.200824994773034948e+00
6.359588573159654423e+00
5.512336889230843973e+00
4.827913052676731653e-01
2.636119451433732497e+00
1.540758458753221927e+00
4.304197438239294460e-01
1.373923116490365359e+00
3.056237397204888406e+00
4.721041022518679853e+00
1.617778582084718364e+00
3.725798961075068139e+00
1.864602403149145937e+00
8.885752971412165246e-01
1.871011063995118517e+00
3.178766896586624480e+00
5.437414732817579255e-01
1.320769774851348721e+00
2.871305271113961388e-01
2.148700331856308932e+00
5.452591299506176492e-01
1.411932782916301976e+00
1.146745486265385638e+00
3.741637279890551504e+00
2.327562715808139782e+00
1.389604306955328550e+00
1.809131141147942268e+00
1.073791212375740267e+00
2.102005890048822767e+00
2.493143459229296255e+00
3.406561742664102166e+00
8.368286336175678741e-01
1.710628379806319543e+00
1.438929843108272655e+00
1.866922663709225549e+00
1.641358036620137906e+00
1.126749013146831624e+00
2.984637412197264528e+00
3.727686600396085126e+00
2.555610812282304689e+00
1.602681955855593587e+00
1.357190336176363976e+00
1.281415691779404842e+00
6.260405816754732733e-01
3.182792580921254277e+00
3.500675679921779748e-01
5.337450942822155930e+00
6.007593734788345685e-01
3.875582758691016871e-01
1.912554295988015518e+00
1.787684750613787843e+00
2.791528229147658191e+00
2.100255801739410177e+00
1.724027500744934827e+00
8.714163998620001461e-01
1.706737848571519001e+00
2.892149428589914972e+00
2.713560709995959552e+00
2.492889892172186261e+00
1.521792358893248043e+00
1.574847192236744853e+00
2.264022125168235089e+00
1.705992047895538599e+00
3.035002655552240025e+00
4.879520761531406792e-01
1.621988634059350121e+00
3.054854755853082970e+00
2.183604494002814089e+00
1.051647678065116498e+00
2.781659131116538841e+00
2.088346287735353357e+00
1.065027631700575794e+00
2.010298647133284877e+00
1.082029424780560634e+00
1.886235490759128774e+00
1.334860943088414409e+00
2.094565686771069135e+00
5.896968353581238942e-01
1.285636943349406813e+00
1.376017136214448433e+00
1.725808069280043489e+00
1.023464443950721448e+00
1.255141481365185996e+00
1.901630656222060844e+00
1.094329533743571670e+00
1.661588757314398590e+00
1.087012604355864109e+00
1.942286983986031945e+00
2.142892724741128685e+00
1.045258825485348764e+00
5.774828138205603256e-01
2.606604494700262009e+00
1.837053972972373828e+00
1.671983530093383186e+00
1.155471270745480172e+00
2.295602134580206677e+00
2.296419729727584791e+00
8.513759462463269534e-01
1.686176789045844338e+00
2.433946317782462732e+00
3.352143601178468213e+00
1.630642573357527159e+00
1.903795563012505410e+00
1.519734246636012420e+00
1.194242693626820451e+00
8.935738878328605139e-01
3.996362562438285693e+00
2.658930124167968589e+00
1.520653994602825021e+00
1.834717389625232009e+00
3.324226920462858725e+00
4.376765824256537485e+00
2.433907246412296388e+00
9.395560814542043282e-01
1.141049666896526649e+00
1.340257552624721127e+00
1.274755405936156771e+00
1.436354532551088248e+00
6.311299788681938860e-01
9.880839488554497008e-01
8.294808193871540114e-01
2.563089727395418738e+00
1.354800965874753738e+00
3.618540665724339078e+00
2.812511778792385009e+00
4.970113874946751942e+00
1.717664660639492968e+00
3.348451268210420606e-01
2.881398258019368885e+00
1.733867258567754144e+00
1.499166425147002935e+00
2.115090164311925314e+00
8.964213909979031891e-01
3.613446236530932332e+00
2.624553708284383724e+00
1.684748428590478131e+00
1.808627078797492294e+00
1.664789440870427351e+00
1.652376292539273761e+00
1.223498896724709573e+00
1.538809278789293966e+00
1.750943800025335673e+00
9.784381260121036705e-01
1.753923200103402413e+00
3.077067508227287362e+00
1.819191101894456208e+00
1.026812582415504549e+00
1.254220159062058748e+00
4.716813955112058920e+00
1.024521798565657615e+00
1.912496071631930805e+00
8.575255576706108940e-01
7.247268536697832886e+00
1.598455467199019209e+00
3.358323086445029748e+00
7.549617151909887580e-01
1.555160864609277827e+00
3.076832822207359985e+00
9.201995920004003571e-01
2.779228738258217923e+00
5.605785036110400910e+00
1.813520135833642133e+00
1.325136028251822085e+00
5.375610643634597174e+00
2.193392316416566956e+00
5.132841891270229162e+00
9.196626142136993254e-01
9.395160100390334001e-01
1.284322504470912341e+00
2.417165304248676705e+00
1.488798586030436910e+00
2.935060231400270947e+00
1.296134526207541215e+00
1.796337401410357248e+00
3.303987906479789682e+00
9.343726577985786985e-01
4.732950513493651812e+00
1.210602605432471890e+00
3.257432373895502220e+00
1.828702211829446256e+00
2.933917103662995185e+00
2.489934293953267819e+00
1.394930136679454868e+00
2.308472480319158748e+00
2.151708947703252495e+00
3.018496367025591542e+00
3.793800163530503422e+00
3.355930951172729326e+00
1.259537816162473067e+00
2.124034384629070793e+00
1.468793185699952986e+00
2.593841793221713932e+00
1.112309529754395565e-01
3.083875292933121681e+00
1.953434923777975118e+00
8.107731991463826837e-01
5.648359448614147515e-01
1.109365961658513200e+00
5.464803882602796925e+00
2.456699101488240888e+00
1.600876409206260842e+00
6.646012072859178943e+00
3.549594907253394993e+00
3.446027036226903206e+00
2.623849136164971174e+00
3.076849523957514432e+00
2.004768977843275124e+00
3.717479942979096563e+00
6.563881977059042860e+00
2.296584669390786981e+00
2.663253187519122545e+00
5.178017312498781166e+00
1.210341363246623336e+00
4.779878282050645244e-01
2.177463276044878882e+00
1.618996538958896281e+00
2.217638387540911360e+00
2.736270698446307659e+00
3.508448998023696586e-01
1.941275754741370818e+00
1.598123915907879278e+00
2.753313454458919729e+00
1.615305836058648081e+00
2.428050568865760983e+00
8.844064306167503942e-01
2.115206348541899040e+00
1.240316156385892432e+00
3.029924849806337139e+00
1.946444567312880958e+00
1.005005863352280038e+00
6.319123558795518569e+00
1.640260325420379361e+00
2.055630305073183450e+00
1.322247919174352360e+00
1.569283543154258442e+00
1.024772813754187162e+00
1.269553718625823224e+00
1.350347299710096927e+00
2.640018695938622706e+00
7.179682216021415764e-01
1.818739477644217173e+00
1.266011080088804475e+00
1.267503943233741381e+00
1.220821431312428818e+00
5.609613288874847115e+00
1.221186445022334199e+00
1.571776268113351360e+00
1.928934068405348867e+00
2.202634774453178235e+00
1.154328660486890756e+00
2.966041164143476294e+00
2.748307272902438925e+00
8.131917309097906887e-01
1.344815214787151492e+00
1.082864061891831708e+00
2.672182082941173764e+00
2.006219825111245747e+00
3.088924045013339725e+00
4.118374466825611258e+00
1.965561281685030526e+00
8.367926377788421632e-01
1.626148379406031186e+00
3.530494269419248710e+00
1.393143389011371580e+00
1.284513632926573612e+00
3.493925363076475499e+00
4.204475866736437695e+00
5.328156030103567531e+00
3.045494571355164215e+00
1.036579676744408873e+00
1.383807582533301161e+00
1.092842452954979615e+00
1.235105876192917895e+00
1.937879442596528667e+00
3.078689437870909984e+00
9.751075698122394497e-01
1.678551992952544536e+00
1.344271604688992428e+00
1.323709681783712622e+00
3.260097425904000978e+00
6.380481533109271020e+00
3.568002248898156203e+00
1.887793874560069085e+00
9.902839843936989128e-01
1.454228443889677980e+00
2.491021521134124228e+00
1.521815611198161111e+00
2.164030487206525244e+00
1.523078536001335914e+00
1.170050913906511392e+00
1.293152607868196524e+00
1.845910007149470289e+00
2.081841640538677485e+00
1.993730422960332094e+00
1.886135445793809762e+00
1.678022592794198298e+00
2.766553446314757192e+00
8.629345019650137560e-01
1.593924279048242632e+00
1.691067357977980690e+00
2.297423647187099238e+00
2.832586080282767149e+00
1.706826934596123557e+00
1.573270617306836483e+00
7.954291471650373202e-01
4.134928012711639234e+00
1.266278826581839656e+00
1.875701046491041080e+00
2.644423423485858238e-01
2.063617559980010174e+00
1.327848612794799932e+00
8.917703489924535543e-01
1.426588030511330762e+00
8.585400686422587357e-01
1.204292631161660854e+00
3.528050458553314339e+00
1.730247424474379958e+00
1.243893190627646472e+00
1.486089114047456583e+00
6.056552651157727674e+00
1.456988119637271373e+00
5.473613044191673049e-01
1.023067268801183038e+00
5.252866104203480768e-01
3.315985224166048351e+00
4.168619691258981241e-01
3.199318652055897605e+00
2.290806577553431200e+00
1.023366206814384727e+00
1.281137276854284579e+00
8.549922745781459721e-01
1.015081516196598255e+00
7.746181359173130998e-01
1.784266483294174366e+00
2.322138248026488050e+00
1.481033567326603961e+00
1.953300891500854730e+00
3.910485108067262572e-01
1.949327215436745364e+00
2.387939730410094441e+00
1.654605671117665988e+00
1.212409398134745242e+00
1.673258765137699555e+00
1.072159487858752147e+00
4.980726900606359031e+00
2.744623382372758602e+00
7.324109929717486089e-01
2.916444116175755941e+00
1.981870389819052614e+00
1.732144584497386397e+00
2.349215069041102222e+00
1.444106602446919130e+00
1.126117936763914695e+00
2.169620900317776879e+00
1.734534200049974828e+00
1.628398355814857590e+00
1.982240156534949893e+00
3.328620372256991367e+00
5.983840680394875378e+00
1.380911512192685375e+00
2.671579630437679320e+00
3.253171315306547573e+00
1.081103057167504211e+00
1.386386101162616402e+00
4.336525844773579941e+00
9.417583910130673530e-01
3.154877525781520919e-01
2.631071690147419595e+00
2.754138777043940056e+00
6.030500512163505356e+00
1.819368907045562533e+00
1.394186699087772485e+00
8.235554066618792080e-01
4.159421808927508679e-01
1.365767964501120257e+00
1.434237987699385597e+00
2.414396905452809161e+00
3.402336195650180972e+00
8.748458977720255936e-01
3.196465482635249877e+00
2.590052994240782613e+00
3.508218516791272723e+00
9.920962664639757511e-01
3.372172961530298885e+00
2.057245688563530628e+00
6.658617707984741951e-01
5.247820658250321735e+00
2.477799289946275518e+00
1.340940488904261096e+00
2.903047701226741939e+00
2.612188548262862842e+00
2.490564349315385950e+00
1.912580305102623779e+00
1.467698067132358286e+00
7.832259425592369428e-01
2.589592799305013404e+00
3.392960676964055011e+00
8.923287843901753780e-01
1.839497723200585799e+00
1.839062009628843919e+00
1.645866964850219105e+00
9.188175158426541422e-01
1.946001893264312832e+00
1.796040493645391756e+00
1.482752250715117404e+00
2.839915290647549551e+00
3.499016112984236315e+00
2.026515494518842164e+00
2.963860093295640930e+00
1.206444477398730841e+00
1.669241920958470793e+00
1.328771973203127565e+00
1.424291273287123571e+00
1.989536111605622937e+00
2.953289982497842026e+00
2.102370201303322528e+00
2.425350968391813744e+00
8.193906518950536677e-01
9.267998509050046074e-01
8.582286989951429801e-01
2.045037111634019578e+00
3.795691844034418949e+00
1.663264493571225522e+00
5.475354229977914544e-01
2.196661068200384648e+00
1.075500395900326644e+00
2.871770049901696265e+00
2.815747784160906431e+00
3.197056647399937113e+00
2.212759296460794278e+00
3.818845511028418294e+00
9.117121256636833149e-01
2.281598795897345155e+00
2.150728906048999800e+00
1.130558504050775737e+00
1.697970833732544982e+00
1.383853354036300498e+00
2.739219712936484807e+00
9.830860781606632903e-01
2.409731912194443826e+00
1.357541325108200914e+00
1.649262307583681642e+00
1.872630413868931587e+00
3.073888297997147134e-01
5.883773553114256538e-01
1.354025754124142722e+00
1.975655582085194428e+00
2.613581619282176138e+00
2.502030354153428782e+00
6.634607729862825209e+00
1.405021334260161625e+00
2.613451611289884013e+00
3.557659610897359048e+00
2.878065981707998766e+00
1.162824428570159219e+00
1.942380193461952231e+00
1.720292587207304935e+00
2.344610708801066146e+00
4.684517073893750272e+00
1.390756808153304824e+00
1.697385416393134783e+00
2.155971451194600430e+00
9.246381652505806237e-01
1.095370509032218109e+00
1.674775182762886061e+00
2.476672266411896750e+00
2.556147447700366282e+00
3.456758636282107222e+00
1.789616195393882503e+00
9.544596373924302268e-01
1.268730950326988571e+00
1.671456157648148144e+00
2.053956468825671955e+00
1.582169413347600528e+00
1.252727931900060820e+00
6.822611786564867220e-01
2.132824514011909756e+00
2.217889487723956332e+00
3.908694322302433299e+00
3.412293206329016115e+00
1.276853372692231314e+00
1.371151901870264922e+00
3.690315191031197539e+00
1.662230161915105642e+00
4.367890350571320690e-01
2.561358731753588192e+00
1.006115323611373569e+00
1.519639648000626009e+00
2.844708196338249784e-01
3.204302216210867638e+00
1.093196861541881670e+00
1.674227304339597433e+00
2.627686481412180086e+00
1.004606398445474724e+00
2.071607320798489749e+00
1.462362205636273504e+00
3.887149608546980328e+00
2.857876427904661121e+00
3.920510686986879434e-01
2.317139998151416691e+00
2.433701265381531531e+00
4.013491640460697951e+00
1.433998435528142990e+00
1.024106745806489416e+00
2.629242974699974589e+00
2.225735039699445750e+00
7.583268964610824225e-01
2.443749597972852960e+00
5.550731436776590311e-01
1.403167108178635214e+00
4.157399907734805389e+00
3.997880854135505757e+00
1.496819447794665470e+00
2.311264331952474826e+00
4.189396402087562699e+00
1.198816919514135382e+00
1.374390303034980221e+00
3.257603924652493266e+00
1.243890757791417334e+00
2.788534486435487292e+00
2.124426096731637070e+00
2.274731336953818239e+00
1.808400550737785828e+00
2.990591293498856107e+00
1.922682989249987484e+00
1.212076560525706004e+00
1.310119256044931291e+00
2.234303141070019816e+00
1.663531903744037033e+00
1.737225410861768182e+00
1.521266904315221602e+00
1.439230716253037778e+00
3.282557865186668700e+00
2.200118234745621848e+00
3.944797816331047091e+00
4.957984526787674873e-01
1.014816125681363257e+00
3.379477841148160522e+00
2.615541211071579664e+00
2.777714920454985137e+00
3.228560529647455546e+00
3.583106056750944290e+00
2.331990589486450549e+00
2.636794288829988897e+00
1.663850617640852292e+00
1.691941369841401865e+00
1.129059056471465983e+00
2.141914575529561215e+00
1.756386536600530901e+00
1.437112882158039229e+00
6.545842189128209254e-01
6.208104534612354231e-01
2.086433825712780354e+00
3.562960532385988977e+00
1.699678497140354683e+00
3.034011255824619724e+00
5.589567173099461161e-01
6.944758015538672336e-01
1.044144136650803301e+00
1.641610759350380810e+00
1.884507688286931382e+00
1.121943148592409401e+00
2.718610659831167453e+00
2.318862760479304175e+00
2.247176757783682088e+00
3.428431706353622488e+00
3.487371938322034737e+00
2.750416293504818199e+00
2.311555240427404456e+00
8.478917407775620196e-01
2.455469054221324221e+00
1.467323553126503866e+00
6.547119071857110395e-01
2.410601689746823428e+00
2.890557337393179438e+00
4.563937325406871359e+00
2.054862613112499403e+00
1.861046259385386259e+00
9.777999042993037460e-01
1.440950813255951646e+00
1.642861794411054399e+00
5.960043963063880845e+00
2.081979979399747549e+00
1.730877644306059393e+00
2.381119512593457888e+00
2.395229174920137094e+00
3.301202628029508368e+00
3.842212601967004981e-01
9.122075544856836915e-01
6.100750465257984700e+00
1.277295345039340058e+00
1.451725796298563465e+00
6.163069614375832117e+00
5.444544705789342576e-01
1.047176698145054763e+00
2.563309151913158335e+00
3.866995127652146813e+00
1.657228751037619130e+00
9.748149377504226054e-01
1.926774421669346316e+00
2.976306892721482189e+00
5.036754536168881025e+00
2.094677131912310752e+00
2.854231168174041322e+00
2.536966984079628951e+00
3.386323599788185756e+00
1.915982518191449380e+00
1.773135714153748266e+00
1.791019593127686216e+00
1.379923076319970354e+00
2.124331959228231148e-01
1.982966296898925007e+00
1.193894212951133404e+00
5.428176812644697868e+00
3.199917681070545417e+00
1.672035383390158225e+00
1.616336673975728555e+00
2.286481394376120413e+00
3.715605976717075265e+00
1.708994783121631444e+00
5.317757590017414548e-01
1.648624173816501948e+00
1.657041329245499517e+00
1.987152584977372793e+00
2.737269740241646598e+00
1.496164336091630132e+00
1.348973959236889453e+00
1.330555147283514428e+00
1.524787827833082865e+00
1.189173634702841431e+00
2.783354081994844798e+00
1.801351808337337879e+00
1.690468991341652405e+00
3.782607062150532773e+00
1.361147087995031368e+00
1.393028252089614671e+00
2.464216936000212410e+00
2.146494586608825195e+00
1.163116813825397777e+00
5.874700681866141139e+00
2.924340173896376349e+00
3.463951475619972964e+00
9.747198348161093540e-01
6.659289609894574191e+00
1.912199887521038644e+00
2.646736454751436263e+00
3.740333079008907102e+00
1.658701076478657166e+00
1.535486670797845843e+00
1.087303567631888734e+00
5.560937540306817972e+00
2.393326723297385605e+00
1.997780389105906496e+00
1.393840925918559792e+00
8.081607751411985507e-01
3.027419812131124210e+00
2.341486298426640911e+00
1.449560567400552280e+00
8.440545319374120892e-01
1.269741501271556272e+00
4.067831017826187612e+00
9.208412832075791865e-01
2.039038014683015820e+00
1.612078426851295321e+00
5.825352902476199191e+00
2.852500824983498440e+00
3.616272718814154685e-01
2.795336850994246447e+00
2.345613883028910607e+00
1.092490975408456633e+00
1.675016318037768626e+00
1.326935202539500924e+00
1.131461089599008707e+00
1.536862820090898474e+00
2.841259786032441781e+00
2.603539170317020535e+00
1.275187760973661932e+00
1.356437233845235291e+00
2.165079967488318324e+00
1.019727228930136453e+00
1.391602158438909109e+00
3.388471144125513312e+00
1.761969970823791254e+00
2.636463646998233212e+00
3.067571140533560836e+00
2.053234004012788549e+00
3.544737237922863105e-01
8.123643413357274357e-01
1.081038805513240053e+00
2.505289619018920000e+00
7.046604322765331885e-01
4.421847999525154727e+00
2.042691683287360505e+00
2.055065083927098080e+00
6.792237856698410958e-01
1.708118107774759142e+00
3.453722453153773575e+00
1.581038559535997701e+00
3.703845916498381685e-01
1.615658270015044584e+00
2.532115724933523104e+00
1.646342005640464956e+00
9.911430226280133482e-01
5.493198698026287019e+00
3.003508206107734946e+00
1.887427062977838021e+00
5.006837348128758691e-01
1.579315457647683774e+00
1.677539269619842344e+00
2.759574209973500114e+00
2.089045241719973856e+00
2.118589941803388221e+00
1.537728072901015874e+00
3.457201055495793707e+00
9.271639548931269736e-01
1.752814795176048879e+00
1.376403773906357264e+00
5.561879749682973051e-01
7.330610994216988363e-01
5.028533455444276434e+00
1.477224679561043530e+00
2.123533928326442055e+00
2.277291024216952842e+00
1.747091632705232378e+00
1.807318208862775055e+00
2.228310042370539978e+00
2.162046819705322864e+00
2.145045191569133092e+00
1.628449983674282509e+00
1.614862794841019022e+00
1.295925131841719091e+00
4.034166404860623167e+00
3.599746875739085361e+00
1.429756081002275137e+00
2.530969973613310220e+00
4.898209372508884663e+00
7.850261992414853118e-01
1.936902021125597839e+00
4.438701701758845708e+00
7.693594083942619788e-01
2.145227560118452281e+00
2.326255076539215594e+00
1.027261769634122190e+00
2.720553868707236145e+00
3.996718647848363504e-01
2.476706593339224050e+00
1.788758432848673197e+00
2.896254052904449594e+00
1.696682205732887638e+00
1.002782331406573135e+00
5.439435618966860231e-01
8.237275190648225554e-01
2.060036292584967121e+00
2.504871740588875628e+00
2.073885837423525835e+00
5.995011383168245445e+00
1.235020166837792255e+00
9.811798111457755711e-01
8.609804238600291537e-01
2.161170243791264767e+00
2.543721471988788174e+00
2.666050591856119922e+00
1.304239922412214314e+00
2.867520226085991553e+00
3.494553395200370893e+00
3.387594962587957781e+00
3.869482489679223480e+00
2.372289206636771119e+00
2.538706842525559004e+00
2.295092432725039266e+00
1.966198211757184788e+00
2.366395427781245786e+00
1.185185516425903973e+00
1.578423539459526737e+00
1.644708981767852851e+00
3.592427615177594902e+00
4.495724980284969696e-01
3.049335822336193491e+00
9.079816442857633341e-01
3.403524611431770985e+00
3.397725718835164610e+00
3.180009342323549149e+00
2.587945885478291075e+00
1.219963157655576502e+00
2.513754559165016556e+00
5.029201045930791203e-01
9.061526910084536368e-01
2.276684632165938194e+00
2.817337597462248322e+00
1.150919617005572992e-01
2.978158236254212277e+00
1.150678004064636717e+00
2.883420455567148988e+00
2.088693315591545030e+00
3.566233896249086932e+00
1.951521024448156449e+00
8.796928809034580965e-01
3.019832410599807115e+00
4.905022209377011833e-01
2.211892010908619088e+00
2.827440663536056942e+00
2.521531502168539607e+00
3.269124011418845122e+00
1.524870003069375590e+00
2.619210520566161549e+00
2.232285800848538670e+00
8.163454122882781716e-01
1.394175641929297882e+00
1.049394639245171623e+00
1.950710644744230171e+00
5.437234058402633075e+00
4.073303204063443594e+00
1.322424484598453409e+00
1.412059109302105320e+00
2.637528386811037517e+00
8.718803390051362845e-01
5.047570488505634945e-01
1.183285468840102661e+00
1.614861126789788326e+00
1.424678666705533114e+00
8.075182178312610981e-01
2.170612511320124671e+00
2.497480094922150506e+00
2.528659120434626040e+00
2.936023405556848154e+00
1.723325315592908247e+00
6.298183914301740405e-01
5.311974653871931018e+00
1.373419187625870785e+00
1.536011718054331121e+00
9.264697646106959672e-01
3.224860269197979523e+00
2.631168732951893130e+00
4.716251330667141417e+00
7.991424044719317443e-01
3.920038737003802343e+00
3.981915850620523667e+00
1.210948036069947387e+00
1.386211464568402274e+00
3.121850271885902917e+00
1.955213311334413673e+00
2.140059003794800851e+00
3.818854202216070970e-01
5.129883598721254323e+00
1.663289471719484602e+00
1.268435698213594476e+00
2.228588853437829531e+00
1.133168815152326481e+00
2.497986857267201266e+00
1.701211893487768023e+00
2.387323896846911708e+00
1.514776085281823059e+00
9.232580412444647555e-01
1.110142088844589425e+00
4.273931327727400920e+00
1.956473389453305289e+00
7.835716652039340646e-01
1.867619134613740739e+00
9.038700903844300028e-01
1.111540433875312539e+00
1.632906078325991883e+00
6.644908791232057022e-01
3.693150583830790090e+00
1.186641448246462005e+00
3.813331388531634447e-01
2.796254646070497341e-01
1.678649783897036452e+00
2.350096083954210879e+00
1.290644645202966068e+00
1.249992098958134124e+00
1.752481108406212407e+00
2.605314099072707723e+00
1.441393067896261870e+00
6.701500226206019706e-01
2.447010200991445839e+00
2.868350687230558194e+00
2.924649939234893470e+00
2.161808630663225372e+00
2.824368063873934798e+00
1.701098267419998811e+00
8.477001877421986853e-01
8.823584342537005298e-01
1.580356994974533080e+00
6.851056461387100560e-01
2.312689996380132396e+00
2.429086255391629812e-01
2.628179984598089103e+00
5.872598124738095393e+00
1.153277951530376599e+00
2.911098308203276197e+00
2.463092360453668306e+00
1.252356727167846406e+00
3.828229447600562718e+00
1.855657383183354936e+00
1.909861657270607971e+00
1.150187725861718802e+00
1.270228654637922006e+00
7.086409077800442269e+00
2.075040876520832356e+00
1.402978139114480660e+00
1.755789183932261910e+00
2.802211520375927467e+00
9.851552038491621088e-01
1.439709426059045505e+00
1.008065738009374490e+00
5.745255210623700037e+00
1.693600627994992669e+00
7.128932981929108070e-01
2.736650622381145315e+00
1.329029156858733351e+00
2.087272411465966204e+00
3.245587421068380607e+00
2.461531164772277958e+00
1.140284448478068313e+00
1.415864201053818494e+00
2.331929355041087337e+00
2.242700123016624136e+00
1.087338305286515761e+00
6.873246265029122615e-01
3.333972004564842440e+00
2.275211198855829675e+00
1.230430519975711068e+00
2.882761604549901602e+00
4.629110509930616679e+00
3.015161717761329463e+00
1.490493978304904266e+00
1.355086489960991791e+00
7.494145814633896840e-01
1.039937513421862469e+00
5.887932128452374236e+00
7.387101576970519501e-01
8.139960728620149188e-01
1.510340258858263285e+00
3.801927513702886952e+00
3.953664918633314485e-01
3.529885353016904759e+00
1.784040650375968706e+00
4.982008109125007245e+00
3.409280117061710857e+00
4.043871995508559358e+00
3.113767855414889318e+00
1.165753848700275208e+00
9.725494462627832792e-01
4.035215201288959719e+00
2.882038210875411122e-01
2.309245596615762341e+00
2.538931391903666235e+00
1.453308366552862330e+00
2.090489523676450911e+00
1.132338324005006003e+00
2.091973045106433116e+00
4.298504072138086274e-01
2.617260355516920711e+00
1.993168019266809976e+00
3.740729356657944038e+00
2.457977090784147389e+00
1.884023774977488630e+00
3.292005381373317441e+00
1.915105730898104541e+00
2.693367880297537820e+00
3.240500200227692584e+00
8.069242213258329688e-01
3.578438861293119277e+00
2.110844434177665097e+00
2.987446982110924854e+00
1.107674021495295147e+00
2.913928329733750378e+00
4.007640652316137420e+00
8.792484315617181689e-01
3.074798768469675370e+00
1.890927779672395781e+00
5.656890273156047755e-01
3.864583770492301951e-01
2.213844997781658552e+00
1.345812880534929645e+00
6.295239739701665727e-01
6.127799686036683013e+00
2.422515372202395767e+00
1.254847867183096710e+00
2.627395435824420034e+00
1.240777459312261355e+00
1.469506940814720997e+00
8.834682278574591541e-01
4.262099292941933015e+00
2.029376859902983554e+00
1.093944736496862413e+00
9.255864814409161534e-01
1.565524798671263262e+00
5.853691468978404755e-01
4.864208594851346490e+00
3.035318830814664359e+00
3.742554381361851146e-01
2.051273909741819335e+00
1.289016150177149100e+00
2.734784291766012121e+00
2.368066410600496496e+00
2.576628880558345713e+00
2.323916437651413425e+00
1.957896063215622373e+00
1.579210359827468713e+00
1.975872838862487990e+00
1.465886312640327871e+00
2.578248675988526362e+00
2.244661802997423905e+00
4.853186789787595323e+00
3.272815987997537146e+00
2.599228841642116539e+00
1.643598566474435474e+00
2.952267067157351654e+00
1.648644418016845581e+00
4.250249670768899701e-01
4.234850491677981665e+00
2.820028033925922273e+00
1.950653758672097338e+00
2.440872631929519532e+00
8.181721187218251590e-01
5.951455233976682635e+00
1.284474276704194340e+00
1.712504099657450096e+00
1.636354254671515074e+00
2.718126418047291271e+00
3.070939966631392792e+00
6.540227986071838195e-01
3.358632247623682954e+00
1.095273197490457262e+00
1.247805092650686731e+00
1.475785978804315501e+00
1.526273064242526400e+00
7.959619601692082824e-01
1.521150015165080971e+00
4.362414014513691374e-01
2.063573669331218330e+00
4.407967039050047831e+00
1.360515897020567300e+00
1.596987644336711254e+00
1.078150480361271812e+00
3.038039450264533148e+00
3.255234391920447390e+00
2.335897488171170711e+00
2.243147164689167194e+00
3.627061294783337164e+00
1.402903297977108332e+00
1.029880756009098786e+00
1.375107958028727095e+00
1.490017130750700414e+00
1.072170949946962493e+00
1.226824026857744165e+00
2.053440498951635274e+00
4.569289348498267733e-01
2.719837161321362551e+00
1.721585834617032518e+00
4.836985958688386766e+00
1.355975331984512033e+00
3.481722751602194244e+00
2.158806217932294658e+00
1.892512969998306316e+00
3.107418942112090132e+00
1.207533731872747929e+00
2.866159323694268402e+00
1.511514127162273624e+00
2.321659361918133158e+00
2.988734004785173148e+00
6.225765591722654868e+00
9.573141937083018416e-01
1.712263686221108472e+00
2.036522052911406533e+00
3.124694978950530277e+00
3.322077244363748960e+00
1.174798411550152410e+00
8.517812357354470620e-01
1.641980427951779120e+00
3.635608701785186359e+00
3.317766069077670910e+00
1.530576960027083544e+00
3.059256477949726882e+00
3.104190170669929305e+00
2.615858253185822768e+00
2.777327475097890019e+00
1.138436451413294304e+00
1.354231402563637054e+00
1.648505081586854049e+00
1.351649496251580373e+00
9.183277589598690671e-01
3.101450438957020328e+00
2.579713125580299860e+00
1.855283049461225575e+00
2.617057266516971570e+00
4.050195583923940745e+00
1.159018474846066793e+00
1.957729193013113544e+00
2.147941688536851856e+00
5.229099806645280957e+00
3.403592573697684642e+00
1.603148805047921677e+00
3.486557235251442233e+00
1.556450785019976690e+00
1.842716755386017091e+00
2.733020588051737754e+00
2.222986924303962386e+00
2.065441531038261669e+00
1.247206665899633693e+00
2.370628238331578874e+00
2.349123777346083131e+00
2.072609293084759496e+00
2.899207693449019185e+00
2.683101758491456046e+00
2.635034339065569053e+00
2.349792686030148570e+00
1.022290533015645764e+00
1.219884094754182691e+00
1.490533166813933885e+00
4.304716752857032702e+00
2.559214303197803186e+00
9.234108789502391001e-01
3.437610090815966579e+00
2.499582976627435560e+00
4.255062028493252768e+00
6.449786017291734730e+00
1.451198499648300277e+00
7.095283624535277944e+00
1.543079736121137691e+00
2.707824738007443610e+00
2.007137597605232582e+00
1.287009894903270890e+00
4.013818433841431776e+00
1.146703368109773580e+00
1.388926743575203737e+00
2.511717469578188755e+00
6.595441832017571171e-01
3.328844259045416809e+00
2.959445583577235972e+00
6.277910179073892927e+00
1.682069154876889794e+00
6.696620173382440422e-01
3.229532079471702399e+00
5.209871067553305535e-01
1.386052063889139374e+00
2.157710830229620846e+00
1.818303163392748223e+00
1.176629222637448846e+00
3.077561704279825339e+00
1.547949046469149881e+00
1.780692642538130865e+00
2.958239305262410301e+00
3.609027752094399188e-01
2.066837159530968915e+00
1.351105056148112826e+00
1.033029032710939266e+00
8.784023154626738883e-01
1.660625227531280723e+00
1.096961169354303101e+00
1.421809092164738608e+00
1.603339553727592293e+00
3.241507880917552598e+00
3.479330941459526816e+00
8.887671029259437416e-01
1.662403068181805166e+00
3.416456766210841156e+00
5.630378339038667468e-01
3.272082283440645334e+00
1.681359222094041872e+00
1.021028487746057367e+00
2.483964035882563870e+00
2.766361173984414723e+00
1.543453621759474981e+00
7.983115693902727017e-01
1.471983372844507754e+00
2.026967982579396921e+00
1.057303073952163164e+00
1.988309386816843105e+00
2.465144839616396411e+00
3.035047422539383977e+00
2.102037331069332993e+00
2.935085948684873713e+00
1.054664033855529315e+00
2.695775419006801066e+00
3.709560056526370886e-01
9.860360360806103008e-01
1.981084602404594941e+00
4.170757921849873817e+00
3.211613955233503237e+00
1.761560236915994393e+00
1.659679216846154270e+00
2.638422526010427038e+00
9.311105381045162721e-01
1.956323443128149986e+00
1.194541965777071502e+00
1.604992570027019338e+00
2.879381845794811934e+00
9.052210505400646312e-01
1.300730061425762862e+00
1.100330524491910378e+00
2.042522930396666325e+00
1.756548278656449469e+00
2.167811333102225291e+00
4.599822550952326949e+00
2.362264176434909935e+00
3.160788031273852106e+00
5.393151373738340748e-01
5.591649663708595508e-01
1.615323348085879962e+00
1.309848312955054439e+00
2.639725960128168403e+00
3.431303005583319354e+00
2.265760525821839177e+00
2.787195540240079872e+00
2.079944901145721836e+00
3.623626191278841890e+00
1.415504258129766768e+00
2.062950665285038454e+00
1.255953922886504426e+00
1.634099643338813967e+00
3.155225634632416121e+00
3.490220299195369247e+00
7.458696864013819594e-01
2.004149796101229342e+00
2.162666862738465756e+00
4.995292567128879924e+00
1.206289266898458390e+00
4.154708977776417456e+00
3.486806563764786038e+00
1.461630791188773371e+00
2.465089404002574369e+00
1.509487918144769569e+00
2.151920615793737834e+00
3.046634302442662090e+00
1.531298977099284198e+00
6.261722716510987885e-01
1.425554917572694924e+00
2.584847016201549774e+00
1.110644398615285411e+00
1.504959214191990746e+00
1.545264264617165928e+00
2.061413631520044198e+00
5.419833437944545196e+00
4.585082193476831769e+00
1.875541633384273599e+00
1.233138209223764603e+00
2.641853578493575494e+00
2.598787526551301852e+00
2.408135701559003028e+00
1.911277917061389608e+00
2.731404732603957441e+00
2.199299994352334142e+00
4.806627854982207459e+00
1.855695420888336500e+00
2.172610981077105929e+00
3.759320865232817499e-01
2.568336803459009943e+00
2.173005180677126891e+00
1.179256754301348575e+00
1.456855590687018864e+00
1.776345379970986516e+00
9.307389954603169091e-01
1.446452356379960280e+00
1.600611620907541832e+00
2.456303268714343346e+00
8.560006032692889510e-01
1.414739569306513900e+00
3.790409615439847890e+00
3.191478412900961015e+00
1.921291121661659052e+00
2.408269657559640731e+00
8.551464984074422793e-01
2.671044901349837186e+00
2.352498852816494956e+00
2.418321737014891504e+00
1.869597210472715210e+00
2.487660767847823085e+00
1.205873653625730624e+00
2.528648708961601432e+00
2.282812896187003560e+00
2.755339944183692769e+00
1.439825547720233967e+00
1.007564235169657652e+00
2.286840963467702714e+00
1.001904305145327800e+00
1.564890655764161975e+00
2.478765039564663653e+00
2.471445008938253807e+00
4.393561721180958557e+00
1.685140069292675902e+00
1.883082875638248943e+00
2.262194781424526013e+00
2.683716970270774826e+00
3.223912989069713797e-01
1.977839851474051835e+00
1.888205274697322356e+00
2.035510973186541950e+00
4.923658640703354461e-01
1.585582047267745764e+00
1.667007476628986629e+00
3.027123486967197574e-01
1.349558906735043085e+00
1.692255806545434726e+00
2.598342429219570704e+00
3.759614635042635378e+00
7.596151825141681524e-01
1.567277818784043708e+00
2.562311969409235779e+00
6.546068997127626687e+00
3.018485312225163586e+00
1.535001852060851490e+00
3.973756220354150770e+00
3.822842094654334222e+00
1.882144653085237929e+00
1.990316476568909643e+00
1.031114569535736658e+00
1.327082572623266454e+00
2.315067533402752176e+00
2.135249270899559626e+00
2.514523889260861456e+00
2.413321392534314658e+00
1.901770638754880283e+00
2.148146703856137485e+00
1.695191801466541914e+00
2.602848496845470816e+00
1.707873892785406023e+00
1.891263737027095715e+00
1.035970303840628048e+00
2.203092961748007284e+00
1.871381838157879507e-01
1.297493961597621537e+00
2.159303610197700340e+00
4.000341029821498751e+00
3.368908576850314418e+00
1.311578883480057911e+00
2.333952469522805995e+00
9.914786386173091159e-01
2.285244242480561461e+00
2.030959716285496430e+00
1.905064304398930375e+00
1.385236769488843889e+00
9.194132539060704268e-01
3.332970975588902096e+00
2.172218253221334994e+00
2.849077982367086204e+00
1.327336720688029326e+00
1.496699171262066752e+00
7.241809184186270842e-01
3.617980090289716899e-01
4.646897674048004467e-01
1.411981948999155190e+00
1.437947272691911138e+00
1.987368831760885746e+00
3.009808709758231338e+00
3.966230119386539243e+00
2.319124822059477342e+00
2.312064062459365132e+00
1.253861947974919122e+00
1.795021736838373405e+00
1.577559848819965804e+00
2.693531918330041020e-01
1.707413369228558686e+00
9.200576035838491373e-01
2.804843097187818213e+00
1.168251832575240678e+00
1.314902989075588779e+00
2.736891265521855576e+00
1.769534684984127582e+00
2.054196223858352877e+00
2.516816885246099922e+00
2.642035241977748861e+00
1.556999295446403808e+00
2.393950754783625179e+00
1.978015257649744507e+00
1.831628094845582977e+00
1.664851688295119869e+00
1.649635055206408296e+00
2.841634718604440835e+00
1.918479318829670710e+00
1.291456602295988354e+00
1.650821838808508524e+00
2.874608974799377936e+00
1.930493390464999015e+00
1.630284337954798657e+00
1.209646684158639518e+00
2.647166117286728682e+00
3.124552987468765419e+00
1.016864854112924599e+00
3.284209103884009329e-01
1.189342227661398743e+00
2.034028348227671312e+00
1.439524354725166377e+00
1.438771364890653492e+00
1.101998657223689726e+00
2.426180608783087500e+00
2.033139192609316304e+00
1.924181853478639459e+00
2.007049711727629582e+00
2.345433081812211551e+00
2.853945397653389726e+00
2.759029474772717982e+00
1.147279101407919333e+00
2.001096385809191247e+00
2.725818122117969811e+00
3.033695346749214483e-01
1.262399458545351738e+00
1.166987803387941725e+00
2.247579764687943626e+00
1.459480798325071049e+00
2.572685345303233007e+00
2.891265798686265320e+00
3.430001156893345282e+00
1.294916303532445800e+00
1.703089289258351346e+00
2.197465421415216280e+00
4.518477896681168282e+00
5.475699827844827672e-01
1.453468507477253091e+00
1.078355279812741152e+00
9.767612411508186376e-01
1.795458217057791739e+00
2.037532500839633887e+00
8.984031311406983633e-01
1.007866738281810504e+00
2.335923827951629672e+00
1.828357801823536244e+00
3.917115432237517347e-01
1.885070212389886146e+00
2.581382938716745734e+00
3.383023181006199920e+00
5.494942569778426211e+00
3.543534497258055804e+00
1.211880267967881508e+00
1.680236878890882579e+00
1.239499918871815876e+00
8.397064260756793574e-01
1.360853444982744742e+00
3.378621998255288972e+00
1.678819668446979163e+00
7.558936078833458083e-01
1.042292402340892155e+00
2.430426056002930046e+00
9.728142622015026886e-01
2.163874418286036327e+00
1.551795131329452682e+00
1.604848603645036009e+00
2.568803202043036027e+00
2.518663365600492199e+00
3.628709148507152982e+00
2.718577722156235055e+00
2.705144955335230694e+00
1.985218486927314618e+00
8.297431804831598701e-01
1.882531767394307387e+00
2.628059287053293058e+00
3.870343922207377663e+00
7.899351108095892249e-01
4.110909250902182066e+00
1.931571206182819411e+00
3.704461535588193133e+00
2.115729400855370201e+00
2.358979899387309231e+00
1.854719321622924078e+00
3.962793650463944939e+00
2.303053503679494796e+00
8.916832975944799511e-01
2.431308657339493084e+00
4.469731055002364450e-01
1.964795104073802534e+00
1.776869290379420097e+00
2.908800047121649079e+00
1.586885254902336673e+00
1.814041600833274481e+00
1.121719187225327374e+00
4.283280824082668303e+00
2.735746984883415500e+00
2.600564748011544136e+00
2.382550837523464526e+00
4.182073646261098010e-01
1.751638581423605512e+00
2.533355643695468729e+00
9.924753266453817391e-01
1.458303520103162221e+00
1.566540036704074268e+00
2.495314943376596428e+00
1.941102800146263130e+00
1.790833548119630469e+00
3.501993706956195718e-01
2.197150630209336430e+00
2.669683073161511100e+00
5.823451674881419127e-01
4.669239747075412672e-01
3.471169809253920047e+00
1.422711956155431334e+00
1.575396202058649164e+00
2.762406421102548304e+00
2.051908256386324680e+00
4.278801688091922628e+00
1.286419042566791182e+00
1.830356270444557731e+00
4.796511203920031718e+00
2.319649329973343388e+00
2.014714923476723651e+00
9.531875078823833780e-01
1.370934630326174686e+00
1.290863920656623254e+00
1.760894317661572117e+00
2.952196519949408682e+00
5.002951531327671120e+00
4.996274353895906017e+00
1.733041334173627046e+00
1.609582204753615686e+00
5.680540975007170701e+00
1.555747357038474554e+00
3.621485398472361616e+00
6.590407110200400709e+00
2.249741327462486229e+00
5.000645618986805374e-01
1.592477320972698784e+00
2.823697836910660008e+00
3.427483094459429225e-01
4.669411075656523913e+00
2.031499717600971255e+00
1.339850104607419601e+00
2.244376774071226155e+00
5.160784983454382857e-01
8.281796559004382940e-01
8.585565028572194057e-01
1.498553578838827338e+00
2.707452260946524802e+00
7.458029479467430667e-01
6.764404334479604763e+00
1.627902143169817739e+00
3.746655088646122955e+00
3.212085676401419843e+00
3.548008137230207026e+00
2.581732118941526988e+00
2.287494405224170357e+00
1.156211566528284829e+00
2.450090639521887770e+00
3.196805123690481754e+00
4.346527278622520640e+00
1.050850582801877930e+00
3.118763387138989707e-01
3.067798527528489583e+00
8.406204833402673993e-01
3.234958426446626678e+00
5.827235178650430392e+00
1.023642792716267458e+00
2.574736244085327641e+00
1.498006021718277347e+00
2.536798405013421576e+00
1.295416614468692051e+00
5.359656058130007672e+00
1.975179218953388993e+00
6.039602567761678253e-01
1.803515065574355480e+00
4.069913276940112290e+00
3.730674588199519803e+00
1.791010473531522651e+00
1.301758998050950744e+00
2.121263481261884909e+00
2.260039583253494300e+00
2.885179412071097738e-01
8.889137962165303275e-01
2.210695199191737625e+00
4.856352892419967815e-01
3.814437313070485391e+00
1.234899697493587745e+00
1.490890132395921608e+00
3.191562170308049673e+00
1.597254486280455854e+00
2.020330201895708111e+00
6.313928049601135406e+00
1.439784860145377099e+00
2.503878628693100961e+00
2.227093945068471470e+00
2.397956023553045934e+00
1.095237282354998287e+00
1.120552440740301359e+00
2.656292586825803603e+00
7.715343211436949122e-01
2.034498199444155997e+00
1.716249162373190584e+00
1.755788990368236657e+00
7.425842649245076865e-01
1.311382563732069961e+00
5.771524138652970315e+00
1.494188565811293667e+00
1.435865487255243211e+00
3.432071299959896127e+00
1.864513546932076160e+00
1.162002191695485243e+00
1.020989250624542599e+00
6.460024868985989599e-01
5.595064144813639118e+00
1.695127414278387867e+00
2.207639833823207720e+00
2.754558859973235130e+00
5.984433722468133210e-01
1.087400981824313106e+00
7.597035937636984482e-01
3.239588811793775447e-01
1.322125185764992494e+00
1.438576438635845944e+00
4.923591901177553631e-01
3.328925076518547410e+00
1.595346762885757386e+00
3.051529672920983760e+00
6.466722566141053230e-01
1.646363033524960606e+00
1.440704393222230539e+00
2.087614182102595528e+00
1.855942001265497465e+00
9.953145656917129491e-01
1.393615706636108342e+00
7.712376465812598170e-01
5.432781535644980453e-01
2.074537074345544685e+00
1.773641099250424347e+00
2.533478884584585256e+00
6.159490801586207098e-01
3.027271097927568988e+00
1.062550196946264069e+00
2.304613447111354851e+00
2.090072445165314985e+00
2.632502928437229439e+00
6.919875245912049389e-01
3.112251597970497219e+00
2.633290157780844520e+00
2.621647364264984681e+00
2.089448985056239660e+00
2.483330195701669574e+00
3.622097967670001584e+00
1.663126357736631311e+00
2.518485391221884750e+00
3.404405705925968029e+00
9.539730328019777605e-01
2.165783729280307490e+00
1.919557207536114030e+00
2.263002649968130164e+00
1.834846362276064236e+00
3.594392052206247357e+00
2.941249242896776916e+00
6.993604009461513726e-01
8.202678309791182620e-01
2.067687425993836481e+00
1.154406397039150933e+00
1.778887557118334906e+00
2.380321542691659964e+00
2.633824002413266641e+00
2.680174881325173342e+00
2.788577219550525843e+00
1.730120942666432349e+00
1.614315201467913852e+00
3.296067230636730905e+00
2.851111439574117945e+00
3.373081580727564699e+00
3.230753043145327297e+00
1.580288343437867837e+00
5.256819969529940906e+00
2.310028229691348578e+00
3.461219430393421170e+00
2.129376612645934141e+00
1.259223904384336956e+00
1.196883073436241673e+00
3.547478520835581683e+00
1.510111917623704558e+00
1.022190647467833946e+00
1.878495905973970981e+00
6.215015195271079484e+00
2.335183707228063454e+00
3.192755430869978372e+00
2.610203175083339211e+00
1.954479559906081576e+00
1.918566939333519850e+00
2.140585830165818049e+00
1.127008866830327305e+00
2.255182628945746615e+00
1.516568824919096503e+00
5.612292470066366334e+00
1.183004306656193494e+00
9.856529454026240478e-01
1.570178580629928877e+00
7.740000121529269084e-01
4.247946910049657632e+00
8.977489777326481679e-01
2.349786544250941134e+00
2.322246764828763688e+00
2.497650672031105579e+00
2.937723685875661239e+00
2.997837033868909096e+00
2.613440287285695884e+00
4.907707576311923781e-01
1.677222482406116155e+00
2.005787004118368966e+00
1.064340446921768990e+00
2.185464545411145654e+00
3.199433790963860158e+00
2.002835901001432273e+00
2.668884326641822291e+00
1.435016079782931664e+00
3.021001451762367340e-01
1.693014411594561119e+00
7.254074026996851776e-01
3.688955052041730021e+00
5.615298192705890923e-01
5.038360435191419073e-01
2.168953649122608240e+00
3.457939860762396567e+00
2.868509821274253468e+00
1.891863100375390072e+00
9.119169642551995247e-01
3.203352648561629490e+00
1.537044720415378762e+00
5.679221923121176019e+00
3.648278390629946077e+00
2.269098807995992839e+00
1.879970266312630311e+00
1.224342677404665070e+00
1.195975434068402787e+00
1.394850283533525248e+00
4.672809090793934139e+00
9.462926650150608188e-01
1.333152337825020961e+00
1.679584395085493398e+00
2.931313987821887235e+00
4.117916478416567827e+00
1.664378060267991177e+00
1.883963939043616254e+00
5.170072028205081160e+00
1.989797861602247142e+00
2.094825626090984994e+00
6.479291779539000373e-01
2.829544167004944821e+00
2.757509081678575669e+00
6.434488684402328573e-01
8.664868829394301031e-01
3.317031097508042481e-01
1.919461936315755235e+00
3.066260360911983618e+00
1.412423609821430448e+00
2.161845027053216572e+00
1.612989893313689027e+00
3.391889603519888663e-01
2.134625402993283849e+00
3.387889742025033790e+00
2.462941323899558999e+00
3.313621705252614458e+00
2.832845186157638473e+00
1.116337881855079761e+00
4.614940928310841350e+00
1.482821345116027700e+00
6.580538074671350657e+00
2.631934821137502656e+00
1.602036443867361770e+00
2.310134511204192886e+00
3.463364654579490942e+00
1.840326990781904870e+00
7.516061262451095848e-01
1.007584076011701191e+00
2.252613947969942743e+00
3.280706946498725074e+00
2.904234686338097671e+00
1.173628799795497502e+00
2.088859464239146035e+00
1.560872499694619497e+00
1.611839876457461740e+00
2.951982247643198054e+00
2.206554020916970948e+00
2.174669548275002029e+00
2.045230044340512698e+00
1.346522461720963459e+00
3.242405731571564864e+00
3.123970109984372190e+00
2.569912567197471631e+00
3.931215383833298382e+00
9.690526086695976371e-01
1.271987527452013156e+00
2.331728338860885597e+00
2.068728135378445909e+00
3.067944017257941969e+00
4.415818388352988344e-01
1.815299854367180554e+00
2.330996402071797924e+00
1.018531743436044579e+00
2.819116447165023409e+00
1.203051318078974363e+00
1.468964361984314460e+00
7.776916961053860211e-01
2.397620195079322780e+00
1.699384738458656674e+00
1.992289060634634401e+00
1.785586825055365257e+00
1.267791252362651333e+00
2.019239099340253141e+00
6.191816944821405544e-01
1.618751879117333425e+00
2.191209106493945402e+00
1.820574647656184153e+00
1.748206903698238168e+00
2.486138628445137222e+00
1.342321090980690634e+00
9.869898186169715482e-01
6.892649412366718131e-01
2.286726646778703298e+00
1.238953710410888309e+00
2.245239338522918793e+00
1.200902756937841431e+00
6.105614465210160713e-01
1.236295277641349166e+00
2.076468384111364696e+00
3.646473848273288798e+00
4.689118402580156442e+00
2.797597401769829517e+00
1.713654235228411205e+00
7.417980461140277759e-01
1.294133829990136375e+00
3.517294673087251411e+00
5.060026347008643732e+00
2.209614130668411836e+00
2.029785836852131986e+00
1.022554728991763584e+00
3.239596652858708570e+00
1.650955679807100784e+00
3.232867826755116525e+00
6.075634343459495490e+00
1.358296133404445438e+00
1.802892014210266458e+00
1.976618653284375915e+00
1.031358219190423586e+00
2.947382044359495801e+00
2.510136093920209532e+00
2.249893431335643790e+00
1.716184849662032441e+00
1.360414674015131498e+00
2.913767168334029822e+00
2.050117113619725373e+00
4.132103710377656114e+00
1.788292190225149847e+00
3.303080055274806970e+00
1.078163613200220139e+00
3.579228149584987140e+00
9.430066504559130314e-01
1.519547326907412677e+00
7.368470211882212073e-01
1.919973511533433985e+00
1.600060336806982342e+00
1.312352805258004018e+00
1.545364111638313442e+00
9.375580591375052286e-01
3.215073612167722139e+00
1.827186208105825660e+00
1.452276106437971226e+00
9.912877752363802308e-01
1.190919074579308790e+00
4.971572807615299849e-01
1.563579483529221825e+00
6.684948827632603674e+00
2.125852977641603303e+00
1.530787705021498857e+00
1.725158139572596561e+00
4.528019259891514103e+00
1.150801815166489162e+00
3.237584115614543734e+00
2.482346369280354903e+00
9.963545213531379563e-01
1.181511530473427829e+00
1.443182337910730917e+00
1.878441831486738822e+00
2.152265822133968332e+00
1.227755306812767788e+00
2.410468059743902103e+00
2.541926424883361513e+00
1.311619017980425905e+00
1.856155453671265221e+00
1.907967907093357063e+00
2.347469010508889564e+00
2.178433058940583589e+00
2.912749900844095130e+00
2.028148520567657265e+00
1.714283360433633385e+00
1.609719611024789110e+00
7.621472519492873410e-01
1.826429170668832924e+00
6.612095627624395844e-01
9.875978923109827168e-01
2.412255686582020608e+00
5.296525898349401018e+00
2.267943888855501022e+00
1.263007700993867166e+00
1.979173501509885913e+00
3.091071186473409060e+00
2.583660148823954561e+00
3.509349129189476280e+00
2.161601746386998535e+00
3.136683612362102025e+00
8.739466534477958737e-01
2.399262036398777553e+00
2.174544030008454421e+00
2.584546472546395801e+00
2.261040661813385366e+00
3.364518776463480410e-01
4.010537011941296415e-01
1.410019066175120406e+00
4.815992933636301210e+00
2.018836334632749807e+00
2.968910852104231779e+00
9.656542550711961770e-01
1.642834212148741146e+00
7.492903444325377249e-01
2.534074129220259319e+00
1.027341455241394419e+00
2.605495780018753926e+00
2.302940871035337178e+00
1.622731210549396508e+00
1.801148185527962520e+00
2.325498397506734705e+00
1.485576463140749093e+00
3.344783355933501068e-01
1.441479864101848918e+00
1.712603372419748249e+00
3.245505684821971215e+00
5.575979570438342137e+00
6.443815108163229333e+00
2.095977464396092671e+00
4.022962852573714443e+00
7.302071365772551115e-01
2.155761738452181220e+00
3.044422425862951087e+00
9.754580620827871806e-01
5.713666588831594062e+00
5.756471208959702546e-01
1.777536907049991122e+00
3.926041071676452887e+00
1.352008591893208989e+00
2.098056776317187566e+00
9.071634397466311617e-01
2.065653480192328750e+00
4.624207365748225662e+00
1.374533030068976425e+00
1.958441017875157897e+00
7.816867288683955195e-01
2.618969442932460368e+00
2.993232061090358886e+00
2.904131719521174659e+00
1.612934517223621356e+00
1.065899286220545861e+00
1.622618182456561087e+00
2.648242485547256386e+00
2.498299731169706828e+00
2.150149283201504780e+00
5.722904272381590829e+00
1.171160072234764593e+00
3.731711955048151452e+00
2.924432129400751812e+00
1.152542099519997754e+00
2.830439480936763341e-01
1.701888779414845843e+00
2.255455786518965056e+00
1.195920165881154240e+00
1.612720262820171446e-01
2.213757982281415515e+00
1.646753495955036062e+00
7.285718092250338174e+00
1.297110835432181197e+00
2.489927557423078586e+00
1.670703049528211581e+00
8.411824418218609711e-01
4.668131308935186574e+00
1.898277212484046350e+00
7.769723993252100058e-01
1.675505394718929342e+00
1.937618496054746675e+00
2.061087442661660329e+00
1.362330844292053422e+00
2.541339235677658182e-01
5.030569690149364170e+00
9.962021858921706885e-01
1.051072779051274608e+00
1.929498238619584471e+00
1.671804947963624777e+00
5.079856945931452428e-01
1.939294352455397830e+00
1.065698236817414823e+00
2.441323191572307039e+00
1.415399526161310151e+00
9.494838078310672280e-01
1.181766124049588917e+00
9.182197077178924083e-01
1.211110138088078880e+00
3.196422774435011327e+00
3.720109967520163430e+00
1.731191953780654158e+00
1.859673528427620903e+00
1.237973951465320077e+00
2.087480346190863312e+00
2.608740270549401163e+00
1.059457824637824563e+00
3.337534943365501050e+00
1.636142045253078381e+00
1.042361245434276551e+00
1.558293328390696342e+00
1.195132577998751611e+00
2.304436538932146838e+00
1.746178040787120356e+00
2.280725561165205750e+00
1.153288372097834191e+00
2.478937382382052856e+00
4.664293791704753334e-01
1.648949189595577458e+00
1.402471672468847075e+00
1.251615723044881001e+00
1.689200905175795686e+00
1.583974880445275568e+00
3.044011839897743599e+00
2.016702177872524260e+00
1.190169639064159623e+00
5.073381206108699359e+00
1.925147359237129874e-01
1.900993917408300371e+00
2.897177152590016735e+00
9.542943044334514235e-01
2.013268957725976804e+00
1.794373743873998395e+00
2.412034603135976063e+00
1.519617507534305911e+00
6.031775708758363441e-01
2.981199332546224490e+00
1.261247435305130171e+00
3.581078539758904000e+00
9.651193292854126637e-01
1.086487582826985709e-01
2.359429060974800763e+00
1.347357739344918537e+00
3.491268631600287886e+00
