# Redshift		Merger Rate Density [Gpc^-3yr^-1]
1.000000000031931770e-02 1.470353302783787512e+02
3.000000000031888964e-02 1.549242714445468323e+02
5.000000000031846331e-02 1.608789477976216062e+02
7.000000000031804392e-02 1.683952253249155149e+02
9.000000000031761760e-02 1.753060736122678804e+02
1.100000000003171913e-01 1.832501893406511613e+02
1.300000000003167511e-01 1.910079860334142268e+02
1.500000000003163247e-01 1.993020071283197012e+02
1.700000000003158984e-01 2.061805540210329468e+02
1.900000000003154721e-01 2.160153185245574150e+02
2.100000000003150458e-01 2.229150761731904140e+02
2.300000000003146194e-01 2.307515728519135791e+02
2.500000000003141931e-01 2.407437768457731124e+02
2.700000000003137668e-01 2.490459630771069897e+02
2.900000000003133405e-01 2.571484719856190395e+02
3.100000000003129141e-01 2.672882676106803501e+02
3.300000000003124878e-01 2.750535192923289287e+02
3.500000000003120615e-01 2.847303589815566056e+02
3.700000000003116352e-01 2.944686532237850543e+02
3.900000000003112088e-01 3.025569220684026277e+02
4.100000000003107825e-01 3.127598699511153768e+02
4.300000000003103562e-01 3.219910413998085232e+02
4.500000000003099299e-01 3.307670649785653154e+02
4.700000000003095035e-01 3.429250607932384014e+02
4.900000000003090772e-01 3.494722727942241249e+02
5.100000000003086509e-01 3.615191873235608000e+02
5.300000000003082246e-01 3.704783848097374630e+02
5.500000000003077982e-01 3.816029503840281336e+02
5.700000000003073719e-01 3.899819060679512290e+02
5.900000000003069456e-01 4.000551581218858814e+02
6.100000000003065193e-01 4.118333085350948295e+02
6.300000000003060929e-01 4.197747948587002043e+02
6.500000000003056666e-01 4.314493729547930343e+02
6.700000000003052403e-01 4.402427978841937488e+02
6.900000000003048140e-01 4.496401773857976991e+02
7.100000000003043876e-01 4.613772247742356285e+02
7.300000000003039613e-01 4.716726855771563578e+02
7.500000000003035350e-01 4.787520408293286209e+02
7.700000000003031086e-01 4.914808008251886804e+02
7.900000000003026823e-01 4.989608924359482671e+02
8.100000000003022560e-01 5.098635270031476239e+02
8.300000000003018297e-01 5.175528476924977213e+02
8.500000000003014033e-01 5.303477817459337302e+02
8.700000000003009770e-01 5.337602892758700364e+02
8.900000000003005507e-01 5.499944955363996542e+02
9.100000000003001244e-01 5.521399542236974867e+02
9.300000000002996980e-01 5.649214415918676195e+02
9.500000000002992717e-01 5.719842869974796713e+02
9.700000000002988454e-01 5.791568630290296369e+02
9.900000000002984191e-01 5.890794753665763892e+02
1.010000000000297993e+00 5.947390628913999535e+02
1.030000000000297566e+00 6.015336048636291935e+02
1.050000000000297140e+00 6.112804989650808238e+02
1.070000000000296714e+00 6.202068080448060527e+02
1.090000000000296287e+00 6.237045143469675850e+02
1.110000000000295861e+00 6.300134951997333701e+02
1.130000000000295435e+00 6.336361563973125612e+02
1.150000000000295008e+00 6.412231179280354354e+02
1.170000000000294582e+00 6.474933270864398764e+02
1.190000000000294156e+00 6.529723454584448064e+02
1.210000000000293729e+00 6.581199912564098895e+02
1.230000000000293303e+00 6.609079571670025643e+02
1.250000000000292877e+00 6.658582256905028771e+02
1.270000000000292451e+00 6.726883498700005930e+02
1.290000000000292024e+00 6.700439449034947756e+02
1.310000000000291598e+00 6.782603252218902981e+02
1.330000000000291172e+00 6.817129761627660400e+02
1.350000000000290745e+00 6.797699591013450799e+02
1.370000000000290319e+00 6.862269497743282045e+02
1.390000000000289893e+00 6.882185294643063571e+02
1.410000000000289466e+00 6.838569401610931209e+02
1.430000000000289040e+00 6.923120402666829705e+02
1.450000000000288614e+00 6.939841273422310906e+02
1.470000000000288187e+00 6.930278579171880438e+02
1.490000000000287761e+00 6.939287794143109522e+02
1.510000000000287335e+00 6.896449474537429296e+02
1.530000000000286908e+00 6.936073647448602060e+02
1.550000000000286482e+00 6.943159663107936694e+02
1.570000000000286056e+00 6.907485696467944081e+02
1.590000000000285629e+00 6.919280942963898724e+02
1.610000000000285203e+00 6.913336702384834780e+02
1.630000000000284777e+00 6.867232346008489685e+02
1.650000000000284350e+00 6.895408347570495380e+02
1.670000000000283924e+00 6.814734877845504570e+02
1.690000000000283498e+00 6.843974397304331205e+02
1.710000000000283071e+00 6.847512705593960618e+02
1.730000000000282645e+00 6.801603797373984435e+02
1.750000000000282219e+00 6.750413863635109237e+02
1.770000000000281792e+00 6.687079784480255285e+02
1.790000000000281366e+00 6.679928808308942507e+02
1.810000000000280940e+00 6.624660218594569869e+02
1.830000000000280513e+00 6.627088604408332912e+02
1.850000000000280087e+00 6.567680156095834718e+02
1.870000000000279661e+00 6.533105094563829880e+02
1.890000000000279234e+00 6.455375713964954230e+02
1.910000000000278808e+00 6.465566044738067149e+02
1.930000000000278382e+00 6.359720836222356866e+02
1.950000000000277955e+00 6.352735481336325165e+02
1.970000000000277529e+00 6.300044544285941583e+02
1.990000000000277103e+00 6.249858226411655551e+02
2.010000000000276899e+00 6.182801012951284747e+02
2.030000000000276472e+00 6.118241055947163431e+02
2.050000000000276046e+00 6.103613470552506897e+02
2.070000000000275620e+00 5.978132599271864365e+02
2.090000000000275193e+00 5.956867615912181009e+02
2.110000000000274767e+00 5.868948317771507845e+02
2.130000000000274341e+00 5.813250507833821530e+02
2.150000000000273914e+00 5.762371968701371543e+02
2.170000000000273488e+00 5.701424835056171787e+02
2.190000000000273062e+00 5.608738908940017609e+02
2.210000000000272635e+00 5.541214699406646105e+02
2.230000000000272209e+00 5.489111709850976695e+02
2.250000000000271783e+00 5.440030874651574777e+02
2.270000000000271356e+00 5.325913167049861840e+02
2.290000000000270930e+00 5.287377422400769547e+02
2.310000000000270504e+00 5.195679156909391168e+02
2.330000000000270077e+00 5.130844851238279034e+02
2.350000000000269651e+00 5.090219174202856607e+02
2.370000000000269225e+00 4.992556980463883178e+02
2.390000000000268798e+00 4.948655327879045558e+02
2.410000000000268372e+00 4.863181658176164888e+02
2.430000000000267946e+00 4.785432571891890916e+02
2.450000000000267519e+00 4.735191566974782518e+02
2.470000000000267093e+00 4.629720346466958745e+02
2.490000000000266667e+00 4.582724351163520851e+02
2.510000000000266240e+00 4.520851194370968642e+02
2.530000000000265814e+00 4.436584591655009149e+02
2.550000000000265388e+00 4.403211732299019445e+02
2.570000000000264961e+00 4.295522850205144323e+02
2.590000000000264535e+00 4.247217478641180151e+02
2.610000000000264109e+00 4.189663885535822487e+02
2.630000000000263682e+00 4.105408212477199186e+02
2.650000000000263256e+00 4.035122670084771812e+02
2.670000000000262830e+00 3.968352461110034710e+02
2.690000000000262403e+00 3.924143942890648304e+02
2.710000000000261977e+00 3.841329628722750726e+02
2.730000000000261551e+00 3.773177256078333812e+02
2.750000000000261124e+00 3.727667452695757788e+02
2.770000000000260698e+00 3.660441726928128219e+02
2.790000000000260272e+00 3.595590031401123952e+02
2.810000000000259845e+00 3.536016164605462677e+02
2.830000000000259419e+00 3.497665957819368714e+02
2.850000000000258993e+00 3.425750696716957009e+02
2.870000000000258567e+00 3.366963409476572338e+02
2.890000000000258140e+00 3.302083448019901653e+02
2.910000000000257714e+00 3.249461713535001195e+02
2.930000000000257288e+00 3.183067989406143283e+02
2.950000000000256861e+00 3.123437359886011109e+02
2.970000000000256435e+00 3.063502055599880691e+02
2.990000000000256009e+00 3.017324839531019052e+02
3.010000000000255582e+00 2.980221090645080722e+02
3.030000000000255156e+00 2.930481465916686261e+02
3.050000000000254730e+00 2.875276784369267489e+02
3.070000000000254303e+00 2.821443652082905373e+02
3.090000000000253877e+00 2.775685726189989282e+02
3.110000000000253451e+00 2.712453452596580519e+02
3.130000000000253024e+00 2.674602912915423190e+02
3.150000000000252598e+00 2.633577108141138865e+02
3.170000000000252172e+00 2.580940799127415630e+02
3.190000000000251745e+00 2.549258528224643499e+02
3.210000000000251319e+00 2.481659393998322400e+02
3.230000000000250893e+00 2.447902837799248346e+02
3.250000000000250466e+00 2.413246596629652174e+02
3.270000000000250040e+00 2.362128311733529529e+02
3.290000000000249614e+00 2.317135877165215447e+02
3.310000000000249187e+00 2.279214990570509940e+02
3.330000000000248761e+00 2.235048951937722563e+02
3.350000000000248335e+00 2.193232314183699714e+02
3.370000000000247908e+00 2.176012549101690183e+02
3.390000000000247482e+00 2.124411675089739902e+02
3.410000000000247056e+00 2.078296236134324886e+02
3.430000000000246629e+00 2.047333777537615163e+02
3.450000000000246203e+00 2.020173260326201898e+02
3.470000000000245777e+00 1.979030354301009709e+02
3.490000000000245350e+00 1.934192242963533772e+02
3.510000000000244924e+00 1.910978533864092981e+02
3.530000000000244498e+00 1.881820659676191951e+02
3.550000000000244071e+00 1.857894242176691932e+02
3.570000000000243645e+00 1.814724905277627727e+02
3.590000000000243219e+00 1.787619131030587312e+02
3.610000000000242792e+00 1.751739718515561037e+02
3.630000000000242366e+00 1.730872008101712822e+02
3.650000000000241940e+00 1.701753417707327287e+02
3.670000000000241513e+00 1.666295749266393784e+02
3.690000000000241087e+00 1.638979098825465712e+02
3.710000000000240661e+00 1.609648635985222995e+02
3.730000000000240234e+00 1.596701381682198360e+02
3.750000000000239808e+00 1.555617223275620233e+02
3.770000000000239382e+00 1.535700621430942476e+02
3.790000000000238956e+00 1.504967758627161629e+02
3.810000000000238529e+00 1.481294690369072953e+02
3.830000000000238103e+00 1.455033105713869759e+02
3.850000000000237677e+00 1.440202398975937115e+02
3.870000000000237250e+00 1.412119618641804948e+02
3.890000000000236824e+00 1.391120559900191438e+02
3.910000000000236398e+00 1.374473266634106778e+02
3.930000000000235971e+00 1.344345910505296331e+02
3.950000000000235545e+00 1.325443693709673028e+02
3.970000000000235119e+00 1.306846363041382801e+02
3.990000000000234692e+00 1.286689389509186299e+02
4.010000000000234266e+00 1.260440442237679548e+02
4.030000000000233840e+00 1.237538772016998365e+02
4.050000000000233413e+00 1.233206325192863773e+02
4.070000000000232987e+00 1.201667468084094850e+02
4.090000000000232561e+00 1.182629562108030683e+02
4.110000000000232134e+00 1.167975309355765319e+02
4.130000000000231708e+00 1.149919900231411418e+02
4.150000000000231282e+00 1.138970728721021430e+02
4.170000000000230855e+00 1.120875035754192197e+02
4.190000000000230429e+00 1.098545494592305971e+02
4.210000000000230003e+00 1.083474906928728103e+02
4.230000000000229576e+00 1.070990241976632262e+02
4.250000000000229150e+00 1.054691841085081165e+02
4.270000000000228724e+00 1.054326130859655279e+02
4.290000000000228297e+00 1.029294792798223881e+02
4.310000000000227871e+00 1.010618047403275881e+02
4.330000000000227445e+00 9.939870366082740816e+01
4.350000000000227018e+00 9.806001601099129061e+01
4.370000000000226592e+00 9.711001360637041557e+01
4.390000000000226166e+00 9.597892046244025721e+01
4.410000000000225739e+00 9.412011441398387035e+01
4.430000000000225313e+00 9.367460488576615774e+01
4.450000000000224887e+00 9.127243380020540542e+01
4.470000000000224460e+00 9.090160025245570807e+01
4.490000000000224034e+00 8.946516180559724774e+01
4.510000000000223608e+00 8.840722222175728007e+01
4.530000000000223181e+00 8.736978820096726395e+01
4.550000000000222755e+00 8.656449091098659210e+01
4.570000000000222329e+00 8.494255437507877105e+01
4.590000000000221902e+00 8.391042945827054211e+01
4.610000000000221476e+00 8.261661073350049378e+01
4.630000000000221050e+00 8.225761358854582284e+01
4.650000000000220624e+00 8.076884498551856950e+01
4.670000000000220197e+00 7.962172446709189444e+01
4.690000000000219771e+00 7.904488213028984944e+01
4.710000000000219345e+00 7.766518528109034492e+01
4.730000000000218918e+00 7.665658016585055634e+01
4.750000000000218492e+00 7.620800146673762754e+01
4.770000000000218066e+00 7.508647835821686556e+01
4.790000000000217639e+00 7.327818124526635302e+01
4.810000000000217213e+00 7.325234499739083560e+01
4.830000000000216787e+00 7.193409127814342696e+01
4.850000000000216360e+00 7.041958884536406060e+01
4.870000000000215934e+00 7.096483504707400414e+01
4.890000000000215508e+00 6.946395067330954021e+01
4.910000000000215081e+00 6.884309620205712577e+01
4.930000000000214655e+00 6.771855026194320715e+01
4.950000000000214229e+00 6.719801162083535928e+01
4.970000000000213802e+00 6.677011286857685946e+01
4.990000000000213376e+00 6.562555828625308152e+01
5.010000000000212950e+00 6.531700091715038070e+01
5.030000000000212523e+00 6.379546400134696427e+01
5.050000000000212097e+00 6.324247021047128925e+01
5.070000000000211671e+00 6.190588044360521280e+01
5.090000000000211244e+00 6.174071537193212578e+01
5.110000000000210818e+00 6.088240931625938401e+01
5.130000000000210392e+00 6.090001549967207950e+01
5.150000000000209965e+00 5.965479793831183031e+01
5.170000000000209539e+00 5.849443173051658817e+01
5.190000000000209113e+00 5.827153236034498462e+01
5.210000000000208686e+00 5.736885367899448340e+01
5.230000000000208260e+00 5.673033616834815263e+01
5.250000000000207834e+00 5.632723521546937206e+01
5.270000000000207407e+00 5.573643878364002546e+01
5.290000000000206981e+00 5.505046538905082798e+01
5.310000000000206555e+00 5.431759023580553247e+01
5.330000000000206128e+00 5.394996688268775387e+01
5.350000000000205702e+00 5.309724232163854651e+01
5.370000000000205276e+00 5.266249662737032367e+01
5.390000000000204849e+00 5.209303925573401983e+01
5.410000000000204423e+00 5.118344569572369807e+01
5.430000000000203997e+00 5.139673537729724018e+01
5.450000000000203570e+00 5.034700766927868187e+01
5.470000000000203144e+00 4.965297034371374707e+01
5.490000000000202718e+00 4.935005085671097191e+01
5.510000000000202292e+00 4.827043355242410883e+01
5.530000000000201865e+00 4.762182530614881415e+01
5.550000000000201439e+00 4.683642904176590349e+01
5.570000000000201013e+00 4.646003490537240310e+01
5.590000000000200586e+00 4.660245489426419141e+01
5.610000000000200160e+00 4.548434232942776134e+01
5.630000000000199734e+00 4.482802597636664643e+01
5.650000000000199307e+00 4.498661354966109371e+01
5.670000000000198881e+00 4.425781713645132953e+01
5.690000000000198455e+00 4.377665062419399078e+01
5.710000000000198028e+00 4.283027852406255676e+01
5.730000000000197602e+00 4.268964997222693825e+01
5.750000000000197176e+00 4.242473483101941412e+01
5.770000000000196749e+00 4.174172033968783069e+01
5.790000000000196323e+00 4.110501914358115982e+01
5.810000000000195897e+00 4.078773947453833415e+01
5.830000000000195470e+00 4.049744036497283162e+01
5.850000000000195044e+00 3.989389690798240906e+01
5.870000000000194618e+00 3.938344074868115996e+01
5.890000000000194191e+00 3.892446809538199659e+01
5.910000000000193765e+00 3.843137009475348265e+01
5.930000000000193339e+00 3.799473558418619490e+01
5.950000000000192912e+00 3.782956730857650030e+01
5.970000000000192486e+00 3.737002501297533996e+01
5.990000000000192060e+00 3.651141900181726641e+01
6.010000000000191633e+00 3.615343253248860123e+01
6.030000000000191207e+00 3.612278173623497679e+01
6.050000000000190781e+00 3.549378233161719720e+01
6.070000000000190354e+00 3.503892523866632303e+01
6.090000000000189928e+00 3.473792806490577334e+01
6.110000000000189502e+00 3.413919449754558855e+01
6.130000000000189075e+00 3.421389561066836649e+01
6.150000000000188649e+00 3.339036600614446115e+01
6.170000000000188223e+00 3.297432495528735785e+01
6.190000000000187796e+00 3.249148874881106508e+01
6.210000000000187370e+00 3.215126910334987542e+01
6.230000000000186944e+00 3.205887587748424750e+01
6.250000000000186517e+00 3.141701712105914979e+01
6.270000000000186091e+00 3.153429298105778145e+01
6.290000000000185665e+00 3.102661884728403408e+01
6.310000000000185238e+00 3.075331367058313958e+01
6.330000000000184812e+00 3.015784586324192063e+01
6.350000000000184386e+00 2.981044721272306575e+01
6.370000000000183960e+00 2.941762703494516629e+01
6.390000000000183533e+00 2.903568265413536409e+01
6.410000000000183107e+00 2.865782793291522879e+01
6.430000000000182681e+00 2.844005986095779548e+01
6.450000000000182254e+00 2.815796807425620329e+01
6.470000000000181828e+00 2.800670379018953682e+01
6.490000000000181402e+00 2.748945327779656367e+01
6.510000000000180975e+00 2.755642984295583986e+01
6.530000000000180549e+00 2.721439623054903478e+01
6.550000000000180123e+00 2.687399198695661795e+01
6.570000000000179696e+00 2.619679163293611879e+01
6.590000000000179270e+00 2.611834998974061861e+01
6.610000000000178844e+00 2.591077762234305126e+01
6.630000000000178417e+00 2.580143311192915689e+01
6.650000000000177991e+00 2.540776062853941397e+01
6.670000000000177565e+00 2.501145454473186547e+01
6.690000000000177138e+00 2.486768346925869011e+01
6.710000000000176712e+00 2.451679451859229530e+01
6.730000000000176286e+00 2.451178099733192539e+01
6.750000000000175859e+00 2.409390595770561205e+01
6.770000000000175433e+00 2.393908566809979632e+01
6.790000000000175007e+00 2.348253824732420014e+01
6.810000000000174580e+00 2.335530809069364722e+01
6.830000000000174154e+00 2.311895270061606666e+01
6.850000000000173728e+00 2.332689573320288901e+01
6.870000000000173301e+00 2.266863050825059389e+01
6.890000000000172875e+00 2.250281008923549919e+01
6.910000000000172449e+00 2.223786988760397065e+01
6.930000000000172022e+00 2.208935623901795609e+01
6.950000000000171596e+00 2.213524023873264568e+01
6.970000000000171170e+00 2.177300436026678199e+01
6.990000000000170743e+00 2.158802224273395254e+01
7.010000000000170317e+00 2.135277295530783093e+01
7.030000000000169891e+00 2.127629482926312932e+01
7.050000000000169464e+00 2.116651661839922482e+01
7.070000000000169038e+00 2.090653433274253103e+01
7.090000000000168612e+00 2.086741894214152282e+01
7.110000000000168185e+00 2.060765010556994881e+01
7.130000000000167759e+00 2.046217603131024276e+01
7.150000000000167333e+00 2.032553382057716718e+01
7.170000000000166906e+00 2.012436897758955823e+01
7.190000000000166480e+00 1.999673191067294198e+01
7.210000000000166054e+00 1.994580784222264214e+01
7.230000000000165628e+00 1.971154790764316189e+01
7.250000000000165201e+00 1.973542212330098522e+01
7.270000000000164775e+00 1.948422883025769181e+01
7.290000000000164349e+00 1.943596325561689753e+01
7.310000000000163922e+00 1.925734952127248434e+01
7.330000000000163496e+00 1.917915810394711684e+01
7.350000000000163070e+00 1.905166805738016222e+01
7.370000000000162643e+00 1.913914272107849612e+01
7.390000000000162217e+00 1.888515260119664418e+01
7.410000000000161791e+00 1.865579262585040610e+01
7.430000000000161364e+00 1.857554437406791337e+01
7.450000000000160938e+00 1.863053345523594828e+01
7.470000000000160512e+00 1.861925888235643711e+01
7.490000000000160085e+00 1.836115888853918676e+01
7.510000000000159659e+00 1.843544796830562404e+01
7.530000000000159233e+00 1.829845797505713634e+01
7.550000000000158806e+00 1.830115373004418799e+01
7.570000000000158380e+00 1.826692979089516911e+01
7.590000000000157954e+00 1.819784745253850744e+01
7.610000000000157527e+00 1.823955024748682519e+01
7.630000000000157101e+00 1.809517068924114724e+01
7.650000000000156675e+00 1.790499320885924561e+01
7.670000000000156248e+00 1.802249795843831137e+01
7.690000000000155822e+00 1.790588123668921128e+01
7.710000000000155396e+00 1.788603477610958947e+01
7.730000000000154969e+00 1.794541353635568726e+01
7.750000000000154543e+00 1.788171258973097721e+01
7.770000000000154117e+00 1.775843781060059712e+01
7.790000000000153690e+00 1.767071052673840725e+01
7.810000000000153264e+00 1.758158089073006636e+01
7.830000000000152838e+00 1.783108702107113075e+01
7.850000000000152411e+00 1.778845934059757283e+01
7.870000000000151985e+00 1.766556949271584287e+01
7.890000000000151559e+00 1.778520547582357025e+01
7.910000000000151132e+00 1.773522759203240540e+01
7.930000000000150706e+00 1.764702198107009679e+01
7.950000000000150280e+00 1.766073469648093663e+01
7.970000000000149853e+00 1.779516733860525690e+01
7.990000000000149427e+00 1.789567997049938342e+01
8.010000000000149001e+00 1.772161141728967237e+01
8.030000000000148574e+00 1.776135448367450209e+01
8.050000000000148148e+00 1.769989321720887077e+01
8.070000000000147722e+00 1.774473234835550173e+01
8.090000000000147296e+00 1.778599972950850017e+01
8.110000000000146869e+00 1.768080697280934643e+01
8.130000000000146443e+00 1.783222329675712459e+01
8.150000000000146017e+00 1.791217632423773409e+01
8.170000000000145590e+00 1.786285393695739643e+01
8.190000000000145164e+00 1.789757653553768790e+01
8.210000000000144738e+00 1.797193972451581345e+01
8.230000000000144311e+00 1.792239670010256702e+01
8.250000000000143885e+00 1.792821800996313542e+01
8.270000000000143459e+00 1.800243950530445147e+01
8.290000000000143032e+00 1.801053717366923479e+01
8.310000000000142606e+00 1.813074828018357820e+01
8.330000000000142180e+00 1.802660252174085187e+01
8.350000000000141753e+00 1.811325333196283083e+01
8.370000000000141327e+00 1.810151117774052310e+01
8.390000000000140901e+00 1.824123296695369589e+01
8.410000000000140474e+00 1.833885704644886872e+01
8.430000000000140048e+00 1.832108126299515405e+01
8.450000000000139622e+00 1.832063885607234965e+01
8.470000000000139195e+00 1.842424679537226950e+01
8.490000000000138769e+00 1.830584974608972715e+01
8.510000000000138343e+00 1.834842986175952007e+01
8.530000000000137916e+00 1.858182202309210140e+01
8.550000000000137490e+00 1.852200763954472862e+01
8.570000000000137064e+00 1.843122854687205958e+01
8.590000000000136637e+00 1.863368422778256672e+01
8.610000000000136211e+00 1.861968848703205737e+01
8.630000000000135785e+00 1.869808767623731782e+01
8.650000000000135358e+00 1.879023150566539968e+01
8.670000000000134932e+00 1.890723200133999526e+01
8.690000000000134506e+00 1.883401980664297071e+01
8.710000000000134079e+00 1.890078466361689991e+01
8.730000000000133653e+00 1.889741898273533138e+01
8.750000000000133227e+00 1.898421092694910683e+01
8.770000000000132800e+00 1.902550031981746059e+01
8.790000000000132374e+00 1.915012722437100123e+01
8.810000000000131948e+00 1.905725442286734150e+01
8.830000000000131521e+00 1.905237862776521141e+01
8.850000000000131095e+00 1.916861447714024180e+01
8.870000000000130669e+00 1.911381617096980179e+01
8.890000000000130242e+00 1.929268278320917318e+01
8.910000000000129816e+00 1.940439694752821964e+01
8.930000000000129390e+00 1.945923888359521570e+01
8.950000000000128964e+00 1.942635077877002203e+01
8.970000000000128537e+00 1.932061499986214059e+01
8.990000000000128111e+00 1.944402254327352253e+01
9.010000000000127685e+00 1.939969755364290549e+01
9.030000000000127258e+00 1.958025385782574901e+01
9.050000000000126832e+00 1.956306217037274209e+01
9.070000000000126406e+00 1.954459620049904700e+01
9.090000000000125979e+00 1.969673487075263907e+01
9.110000000000125553e+00 1.964057958769183188e+01
9.130000000000125127e+00 1.967329833926531180e+01
9.150000000000124700e+00 1.972459262125689605e+01
9.170000000000124274e+00 1.971123274550168603e+01
9.190000000000123848e+00 1.977829355613634377e+01
9.210000000000123421e+00 1.970546264616752907e+01
9.230000000000122995e+00 1.968114187984103935e+01
9.250000000000122569e+00 1.969971200260312827e+01
9.270000000000122142e+00 1.982623973501171122e+01
9.290000000000121716e+00 1.988316123866180263e+01
9.310000000000121290e+00 1.984444318312901245e+01
9.330000000000120863e+00 1.979256827564832477e+01
9.350000000000120437e+00 1.973523264959453627e+01
9.370000000000120011e+00 1.982827875684827390e+01
9.390000000000119584e+00 1.978658912005365877e+01
9.410000000000119158e+00 1.982460911190914388e+01
9.430000000000118732e+00 1.980404126173906221e+01
9.450000000000118305e+00 1.977900830369567942e+01
9.470000000000117879e+00 1.981201837290046797e+01
9.490000000000117453e+00 1.963506611453849615e+01
9.510000000000117026e+00 1.987111301764824134e+01
9.530000000000116600e+00 1.976094566763723037e+01
9.550000000000116174e+00 1.975132215224583376e+01
9.570000000000115747e+00 1.977457699721768591e+01
9.590000000000115321e+00 1.960372790450909619e+01
9.610000000000114895e+00 1.970547217807041562e+01
9.630000000000114468e+00 1.955487944528075062e+01
9.650000000000114042e+00 1.954813476975316178e+01
9.670000000000113616e+00 1.954132796239807490e+01
9.690000000000113189e+00 1.944346025689288382e+01
9.710000000000112763e+00 1.959272620110467500e+01
9.730000000000112337e+00 1.955659181334969077e+01
9.750000000000111910e+00 1.936945612411748385e+01
9.770000000000111484e+00 1.932417005837815083e+01
9.790000000000111058e+00 1.937153285429709015e+01
9.810000000000110632e+00 1.919617867246740417e+01
9.830000000000110205e+00 1.916521811246339624e+01
9.850000000000109779e+00 1.907200610605005053e+01
9.870000000000109353e+00 1.914494292730359959e+01
9.890000000000108926e+00 1.902790505145096489e+01
9.910000000000108500e+00 1.900822449574212314e+01
9.930000000000108074e+00 1.892198496125329754e+01
9.950000000000107647e+00 1.883661134152866268e+01
9.970000000000107221e+00 1.886307304141110208e+01
9.990000000000106795e+00 1.867565028165635965e+01
1.001000000000010637e+01 1.867776329470742525e+01
1.003000000000010594e+01 1.856524893184153058e+01
1.005000000000010552e+01 1.847019567111251703e+01
1.007000000000010509e+01 1.837521102233557713e+01
1.009000000000010466e+01 1.841507969888432683e+01
1.011000000000010424e+01 1.821296261900244673e+01
1.013000000000010381e+01 1.817627997585348965e+01
1.015000000000010338e+01 1.819011149280803963e+01
1.017000000000010296e+01 1.792433787265248668e+01
1.019000000000010253e+01 1.798069743767906914e+01
1.021000000000010210e+01 1.788292563856387218e+01
1.023000000000010168e+01 1.765630198084761204e+01
1.025000000000010125e+01 1.766297538058806893e+01
1.027000000000010083e+01 1.767239892200430162e+01
1.029000000000010040e+01 1.743256733761007382e+01
1.031000000000009997e+01 1.746185606011176006e+01
1.033000000000009955e+01 1.736470656561485626e+01
1.035000000000009912e+01 1.719382131109031420e+01
1.037000000000009869e+01 1.716689570528315656e+01
1.039000000000009827e+01 1.700608015004919338e+01
1.041000000000009784e+01 1.692727424012745274e+01
1.043000000000009742e+01 1.684174475923164493e+01
1.045000000000009699e+01 1.668315866916972823e+01
1.047000000000009656e+01 1.669846856979400229e+01
1.049000000000009614e+01 1.661651400170645587e+01
1.051000000000009571e+01 1.641327389421126526e+01
1.053000000000009528e+01 1.645086445328442082e+01
1.055000000000009486e+01 1.621475046841358392e+01
1.057000000000009443e+01 1.623633381894465799e+01
1.059000000000009400e+01 1.600865544472953061e+01
1.061000000000009358e+01 1.603337298430604818e+01
1.063000000000009315e+01 1.590117961159439020e+01
1.065000000000009273e+01 1.586734496193911426e+01
1.067000000000009230e+01 1.556035517060354145e+01
1.069000000000009187e+01 1.570168111567829783e+01
1.071000000000009145e+01 1.559144009857713087e+01
1.073000000000009102e+01 1.543901809197768316e+01
1.075000000000009059e+01 1.535011053318347152e+01
1.077000000000009017e+01 1.530393275912716788e+01
1.079000000000008974e+01 1.508179272971624840e+01
1.081000000000008932e+01 1.515015622231623382e+01
1.083000000000008889e+01 1.499273155867601304e+01
1.085000000000008846e+01 1.494658628761929720e+01
1.087000000000008804e+01 1.484277545851727176e+01
1.089000000000008761e+01 1.479024312497141302e+01
1.091000000000008718e+01 1.460235658900758082e+01
1.093000000000008676e+01 1.462085341276221762e+01
1.095000000000008633e+01 1.458192672884070973e+01
1.097000000000008590e+01 1.431644721053238456e+01
1.099000000000008548e+01 1.442437757210852212e+01
1.101000000000008505e+01 1.435448337452847056e+01
1.103000000000008463e+01 1.427535579880328953e+01
1.105000000000008420e+01 1.416501213436482587e+01
1.107000000000008377e+01 1.412495305761372499e+01
1.109000000000008335e+01 1.394697102295314295e+01
1.111000000000008292e+01 1.404958284969268512e+01
1.113000000000008249e+01 1.390610142036373453e+01
1.115000000000008207e+01 1.397623194752957332e+01
1.117000000000008164e+01 1.379567376911660759e+01
1.119000000000008122e+01 1.380599353759543568e+01
1.121000000000008079e+01 1.373342187437579476e+01
1.123000000000008036e+01 1.365481463788050398e+01
1.125000000000007994e+01 1.358501965660382815e+01
1.127000000000007951e+01 1.364880014919745932e+01
1.129000000000007908e+01 1.358929602447149954e+01
1.131000000000007866e+01 1.349469522315145298e+01
1.133000000000007823e+01 1.344507327221146653e+01
1.135000000000007780e+01 1.345876262394909340e+01
1.137000000000007738e+01 1.352911680026735475e+01
1.139000000000007695e+01 1.334998757104259681e+01
1.141000000000007653e+01 1.332797094999872378e+01
1.143000000000007610e+01 1.342747608783803415e+01
1.145000000000007567e+01 1.332077727698421299e+01
1.147000000000007525e+01 1.334280473427069325e+01
1.149000000000007482e+01 1.329838090858818589e+01
1.151000000000007439e+01 1.331297616994874211e+01
1.153000000000007397e+01 1.329278002232441303e+01
1.155000000000007354e+01 1.324056153270880110e+01
1.157000000000007311e+01 1.335560774818092789e+01
1.159000000000007269e+01 1.322885266126446879e+01
1.161000000000007226e+01 1.326886862112865018e+01
1.163000000000007184e+01 1.328388001371368077e+01
1.165000000000007141e+01 1.328575508668346750e+01
1.167000000000007098e+01 1.326104105393753940e+01
1.169000000000007056e+01 1.330133363887742703e+01
1.171000000000007013e+01 1.331639355669215874e+01
1.173000000000006970e+01 1.331876977596323819e+01
1.175000000000006928e+01 1.328516932365042535e+01
1.177000000000006885e+01 1.336093483636470403e+01
1.179000000000006843e+01 1.337623784466802590e+01
1.181000000000006800e+01 1.332265955163585502e+01
1.183000000000006757e+01 1.336156472791046923e+01
1.185000000000006715e+01 1.348842219131183384e+01
1.187000000000006672e+01 1.347367417032296544e+01
1.189000000000006629e+01 1.348221173329521605e+01
1.191000000000006587e+01 1.338586460075200080e+01
1.193000000000006544e+01 1.343038182773184097e+01
1.195000000000006501e+01 1.348711945524558331e+01
1.197000000000006459e+01 1.356638116791892834e+01
1.199000000000006416e+01 1.364744165896796169e+01
1.201000000000006374e+01 1.359774236499974620e+01
1.203000000000006331e+01 1.361720952417947039e+01
1.205000000000006288e+01 1.359999522758514168e+01
1.207000000000006246e+01 1.370883404270262318e+01
1.209000000000006203e+01 1.362993195650502187e+01
1.211000000000006160e+01 1.363869921218460490e+01
1.213000000000006118e+01 1.379908643025549431e+01
1.215000000000006075e+01 1.386897014379960780e+01
1.217000000000006033e+01 1.383400048747690114e+01
1.219000000000005990e+01 1.378643752219315921e+01
1.221000000000005947e+01 1.384388702790348802e+01
1.223000000000005905e+01 1.393248837946760332e+01
1.225000000000005862e+01 1.379110905496757944e+01
1.227000000000005819e+01 1.389730245754762805e+01
1.229000000000005777e+01 1.393853619714381153e+01
1.231000000000005734e+01 1.404055597558672375e+01
1.233000000000005691e+01 1.403586545213177139e+01
1.235000000000005649e+01 1.396493547859478923e+01
1.237000000000005606e+01 1.405901081464402225e+01
1.239000000000005564e+01 1.399878719378146030e+01
1.241000000000005521e+01 1.400474618366136781e+01
1.243000000000005478e+01 1.409312886786256946e+01
1.245000000000005436e+01 1.414807819159867464e+01
1.247000000000005393e+01 1.422688578596877917e+01
1.249000000000005350e+01 1.411869813180337552e+01
1.251000000000005308e+01 1.405375487718795569e+01
1.253000000000005265e+01 1.401011612404092332e+01
1.255000000000005222e+01 1.423188459980263509e+01
1.257000000000005180e+01 1.416965849914306474e+01
1.259000000000005137e+01 1.422715534158577100e+01
1.261000000000005095e+01 1.406367079376174090e+01
1.263000000000005052e+01 1.417280284698891002e+01
1.265000000000005009e+01 1.418102170767936521e+01
1.267000000000004967e+01 1.410540021766277086e+01
1.269000000000004924e+01 1.412538211183673020e+01
1.271000000000004881e+01 1.422759439121337977e+01
1.273000000000004839e+01 1.414975914128991263e+01
1.275000000000004796e+01 1.408149980921526989e+01
1.277000000000004754e+01 1.408478529221699027e+01
1.279000000000004711e+01 1.408556874661218217e+01
1.281000000000004668e+01 1.402420135233289500e+01
1.283000000000004626e+01 1.417753926420962429e+01
1.285000000000004583e+01 1.407154913701396204e+01
1.287000000000004540e+01 1.412798636385968720e+01
1.289000000000004498e+01 1.395512310109448251e+01
1.291000000000004455e+01 1.383070005538072778e+01
1.293000000000004412e+01 1.392895302402488511e+01
1.295000000000004370e+01 1.392317035752139276e+01
1.297000000000004327e+01 1.393515142527218842e+01
1.299000000000004285e+01 1.391815876319000722e+01
1.301000000000004242e+01 1.389358910423280236e+01
1.303000000000004199e+01 1.379715519206725816e+01
1.305000000000004157e+01 1.371799799308772982e+01
1.307000000000004114e+01 1.368261544753780434e+01
1.309000000000004071e+01 1.375516025736294345e+01
1.311000000000004029e+01 1.369483194188705433e+01
1.313000000000003986e+01 1.367066444845641016e+01
1.315000000000003944e+01 1.352180051662104354e+01
1.317000000000003901e+01 1.353319207767049903e+01
1.319000000000003858e+01 1.347805679085626096e+01
1.321000000000003816e+01 1.343141051203955705e+01
1.323000000000003773e+01 1.344153443556360017e+01
1.325000000000003730e+01 1.343055383305592976e+01
1.327000000000003688e+01 1.330136697547638214e+01
1.329000000000003645e+01 1.311687607630302743e+01
1.331000000000003602e+01 1.321094648156864970e+01
1.333000000000003560e+01 1.317575150945171991e+01
1.335000000000003517e+01 1.318492976900691183e+01
1.337000000000003475e+01 1.302379189688282146e+01
1.339000000000003432e+01 1.293404761598828046e+01
1.341000000000003389e+01 1.282868771104435623e+01
1.343000000000003347e+01 1.282921131189304731e+01
1.345000000000003304e+01 1.268193302636281494e+01
1.347000000000003261e+01 1.258059023429497181e+01
1.349000000000003219e+01 1.277148407377731409e+01
1.351000000000003176e+01 1.244002572088958480e+01
1.353000000000003133e+01 1.238362884244214790e+01
1.355000000000003091e+01 1.218018863313912625e+01
1.357000000000003048e+01 1.220627071758083915e+01
1.359000000000003006e+01 1.208610633433260872e+01
1.361000000000002963e+01 1.201370461307095994e+01
1.363000000000002920e+01 1.181923908146712598e+01
1.365000000000002878e+01 1.170850293008218479e+01
1.367000000000002835e+01 1.157244550382597481e+01
1.369000000000002792e+01 1.141979413353279327e+01
1.371000000000002750e+01 1.134819840937717039e+01
1.373000000000002707e+01 1.118854924816141150e+01
1.375000000000002665e+01 1.104391138733555877e+01
1.377000000000002622e+01 1.087933936958390291e+01
1.379000000000002579e+01 1.066172297372733624e+01
1.381000000000002537e+01 1.051773343384509651e+01
1.383000000000002494e+01 1.039204665881047873e+01
1.385000000000002451e+01 1.037374253617762143e+01
1.387000000000002409e+01 1.000048897493974742e+01
1.389000000000002366e+01 9.972342176407263281e+00
1.391000000000002323e+01 9.777704197374339046e+00
1.393000000000002281e+01 9.615242339374539426e+00
1.395000000000002238e+01 9.320793469398401143e+00
1.397000000000002196e+01 9.020005676303064490e+00
1.399000000000002153e+01 8.627246416895491876e+00
1.401000000000002110e+01 8.088938501823069060e+00
1.403000000000002068e+01 7.510804453592641927e+00
1.405000000000002025e+01 6.922360615462859634e+00
1.407000000000001982e+01 6.425496133015432321e+00
1.409000000000001940e+01 5.824201923772977629e+00
1.411000000000001897e+01 5.233944231408828252e+00
1.413000000000001855e+01 4.596906192267353752e+00
1.415000000000001812e+01 4.129742045329653166e+00
1.417000000000001769e+01 3.724034646077536426e+00
1.419000000000001727e+01 3.231548558104750057e+00
1.421000000000001684e+01 2.984499356044110652e+00
1.423000000000001641e+01 2.628320070300186995e+00
1.425000000000001599e+01 2.346528211282350451e+00
1.427000000000001556e+01 1.943075014649187748e+00
1.429000000000001513e+01 1.644148092237380121e+00
1.431000000000001471e+01 1.462365898042046197e+00
1.433000000000001428e+01 1.267431581419716569e+00
1.435000000000001386e+01 1.056938752815131943e+00
1.437000000000001343e+01 7.820915187990951090e-01
1.439000000000001300e+01 5.972311641583001318e-01
1.441000000000001258e+01 4.518758688076000563e-01
1.443000000000001215e+01 3.362073487437031161e-01
1.445000000000001172e+01 2.177478393028991766e-01
1.447000000000001130e+01 1.156521876068731525e-01
1.449000000000001087e+01 4.042774392868048183e-02
1.451000000000001044e+01 8.108937522849845106e-03
1.453000000000001002e+01 9.258519793003877950e-08
1.455000000000000959e+01 5.708920000289298819e-08
1.457000000000000917e+01 4.452760862812631363e-17
1.459000000000000874e+01 1.562164010081184061e-17
1.461000000000000831e+01 1.280802551683124934e-17
1.463000000000000789e+01 0.000000000000000000e+00
1.465000000000000746e+01 0.000000000000000000e+00
1.467000000000000703e+01 0.000000000000000000e+00
1.469000000000000661e+01 0.000000000000000000e+00
1.471000000000000618e+01 0.000000000000000000e+00
1.473000000000000576e+01 0.000000000000000000e+00
1.475000000000000533e+01 0.000000000000000000e+00
1.477000000000000490e+01 0.000000000000000000e+00
1.479000000000000448e+01 0.000000000000000000e+00
1.481000000000000405e+01 0.000000000000000000e+00
1.483000000000000362e+01 0.000000000000000000e+00
1.485000000000000320e+01 0.000000000000000000e+00
1.487000000000000277e+01 0.000000000000000000e+00
1.489000000000000234e+01 0.000000000000000000e+00
1.491000000000000192e+01 0.000000000000000000e+00
1.493000000000000149e+01 0.000000000000000000e+00
1.495000000000000107e+01 0.000000000000000000e+00
1.497000000000000064e+01 0.000000000000000000e+00
1.499000000000000021e+01 0.000000000000000000e+00
