# Redshift		Merger Rate Density [Gpc^-3yr^-1]
1.000000000031931770e-02 1.136326205935058056e+02
3.000000000031888964e-02 1.171695113328108988e+02
5.000000000031846331e-02 1.212239515174216820e+02
7.000000000031804392e-02 1.259080712763685170e+02
9.000000000031761760e-02 1.297197300121611079e+02
1.100000000003171913e-01 1.347761227177493595e+02
1.300000000003167511e-01 1.392342961810369388e+02
1.500000000003163247e-01 1.439466455044894531e+02
1.700000000003158984e-01 1.494310004713502735e+02
1.900000000003154721e-01 1.531007419051996976e+02
2.100000000003150458e-01 1.589477121449856156e+02
2.300000000003146194e-01 1.637081638767118363e+02
2.500000000003141931e-01 1.692952136290217027e+02
2.700000000003137668e-01 1.743424907708398166e+02
2.900000000003133405e-01 1.791001603882873781e+02
3.100000000003129141e-01 1.851918696237819972e+02
3.300000000003124878e-01 1.902096405179102305e+02
3.500000000003120615e-01 1.952301735395758442e+02
3.700000000003116352e-01 2.008202294539185573e+02
3.900000000003112088e-01 2.083673348081733820e+02
4.100000000003107825e-01 2.120441081216131636e+02
4.300000000003103562e-01 2.190175896929445400e+02
4.500000000003099299e-01 2.224764958984902989e+02
4.700000000003095035e-01 2.296939114461692668e+02
4.900000000003090772e-01 2.362201366382179515e+02
5.100000000003086509e-01 2.412843106042101056e+02
5.300000000003082246e-01 2.468508369563309941e+02
5.500000000003077982e-01 2.530990293340522044e+02
5.700000000003073719e-01 2.590317620953143205e+02
5.900000000003069456e-01 2.641535634122171814e+02
6.100000000003065193e-01 2.700654077306552381e+02
6.300000000003060929e-01 2.768093403546100149e+02
6.500000000003056666e-01 2.823704857981616669e+02
6.700000000003052403e-01 2.894077654029871383e+02
6.900000000003048140e-01 2.922313861827880714e+02
7.100000000003043876e-01 2.995004032846759401e+02
7.300000000003039613e-01 3.070828673158574702e+02
7.500000000003035350e-01 3.110685623876867112e+02
7.700000000003031086e-01 3.185410452357407394e+02
7.900000000003026823e-01 3.226525275947738010e+02
8.100000000003022560e-01 3.283319494193160608e+02
8.300000000003018297e-01 3.319389510368035872e+02
8.500000000003014033e-01 3.416406947641248166e+02
8.700000000003009770e-01 3.442770775722764824e+02
8.900000000003005507e-01 3.490385863388906387e+02
9.100000000003001244e-01 3.560839247911865186e+02
9.300000000002996980e-01 3.596201558610648590e+02
9.500000000002992717e-01 3.653492636761971539e+02
9.700000000002988454e-01 3.717026054512950282e+02
9.900000000002984191e-01 3.771051935278183009e+02
1.010000000000297993e+00 3.806016736868377848e+02
1.030000000000297566e+00 3.852304259663304151e+02
1.050000000000297140e+00 3.904001316729235782e+02
1.070000000000296714e+00 3.947114181670256698e+02
1.090000000000296287e+00 4.006863637975832830e+02
1.110000000000295861e+00 4.015943103820899296e+02
1.130000000000295435e+00 4.083580488112861531e+02
1.150000000000295008e+00 4.127785958077280952e+02
1.170000000000294582e+00 4.153886441710594681e+02
1.190000000000294156e+00 4.171538971059130745e+02
1.210000000000293729e+00 4.248990108377111596e+02
1.230000000000293303e+00 4.245317958242853251e+02
1.250000000000292877e+00 4.271153857989083917e+02
1.270000000000292451e+00 4.343575262217095769e+02
1.290000000000292024e+00 4.318794429077196355e+02
1.310000000000291598e+00 4.365558050507454482e+02
1.330000000000291172e+00 4.398390835752400108e+02
1.350000000000290745e+00 4.390855947016527239e+02
1.370000000000290319e+00 4.432253742308197957e+02
1.390000000000289893e+00 4.448684399341789799e+02
1.410000000000289466e+00 4.463271046870518148e+02
1.430000000000289040e+00 4.463700056616253278e+02
1.450000000000288614e+00 4.471097722219221282e+02
1.470000000000288187e+00 4.476241607285917325e+02
1.490000000000287761e+00 4.483815462419810842e+02
1.510000000000287335e+00 4.488348932300569345e+02
1.530000000000286908e+00 4.479726143921943731e+02
1.550000000000286482e+00 4.521369097662307013e+02
1.570000000000286056e+00 4.460365230904741338e+02
1.590000000000285629e+00 4.480958220949819975e+02
1.610000000000285203e+00 4.457522675431190464e+02
1.630000000000284777e+00 4.447409492997645089e+02
1.650000000000284350e+00 4.456570741870771144e+02
1.670000000000283924e+00 4.425626409227127738e+02
1.690000000000283498e+00 4.403643685462109261e+02
1.710000000000283071e+00 4.396461517349889050e+02
1.730000000000282645e+00 4.397650570481652608e+02
1.750000000000282219e+00 4.333113857249833245e+02
1.770000000000281792e+00 4.318949989108909335e+02
1.790000000000281366e+00 4.317615953196232113e+02
1.810000000000280940e+00 4.285049764170191224e+02
1.830000000000280513e+00 4.234623740982833624e+02
1.850000000000280087e+00 4.224708336525328036e+02
1.870000000000279661e+00 4.168699771178104925e+02
1.890000000000279234e+00 4.162673284221486369e+02
1.910000000000278808e+00 4.105759553236214288e+02
1.930000000000278382e+00 4.098607463297861386e+02
1.950000000000277955e+00 4.062336148271726870e+02
1.970000000000277529e+00 3.998343877614457256e+02
1.990000000000277103e+00 3.977535344347111845e+02
2.010000000000276899e+00 3.920497757831404328e+02
2.030000000000276472e+00 3.905260071382605815e+02
2.050000000000276046e+00 3.843025192200289553e+02
2.070000000000275620e+00 3.801670179964182807e+02
2.090000000000275193e+00 3.780618516924183723e+02
2.110000000000274767e+00 3.731604387432032581e+02
2.130000000000274341e+00 3.695865872273080868e+02
2.150000000000273914e+00 3.615255408053996575e+02
2.170000000000273488e+00 3.587610608267322618e+02
2.190000000000273062e+00 3.551797858255248457e+02
2.210000000000272635e+00 3.495812610445902919e+02
2.230000000000272209e+00 3.438154107515297255e+02
2.250000000000271783e+00 3.410022770739852831e+02
2.270000000000271356e+00 3.366636871744205450e+02
2.290000000000270930e+00 3.318429308737942165e+02
2.310000000000270504e+00 3.279280127858349942e+02
2.330000000000270077e+00 3.223905558607767148e+02
2.350000000000269651e+00 3.168382052604012529e+02
2.370000000000269225e+00 3.136429658513084178e+02
2.390000000000268798e+00 3.068484138981947353e+02
2.410000000000268372e+00 3.031325532047690103e+02
2.430000000000267946e+00 2.988750760221889777e+02
2.450000000000267519e+00 2.924746729293257772e+02
2.470000000000267093e+00 2.897992622176672057e+02
2.490000000000266667e+00 2.841624654919859836e+02
2.510000000000266240e+00 2.799330243990612530e+02
2.530000000000265814e+00 2.766751549361901539e+02
2.550000000000265388e+00 2.715336888623007781e+02
2.570000000000264961e+00 2.653892507064928168e+02
2.590000000000264535e+00 2.620354619073943354e+02
2.610000000000264109e+00 2.583467511738617191e+02
2.630000000000263682e+00 2.541891526889609452e+02
2.650000000000263256e+00 2.490386690702200383e+02
2.670000000000262830e+00 2.441860039662922475e+02
2.690000000000262403e+00 2.394801338450679680e+02
2.710000000000261977e+00 2.372516650771293314e+02
2.730000000000261551e+00 2.322578225202553597e+02
2.750000000000261124e+00 2.297831588086693273e+02
2.770000000000260698e+00 2.249254231158166419e+02
2.790000000000260272e+00 2.203983061352807624e+02
2.810000000000259845e+00 2.169111553916313824e+02
2.830000000000259419e+00 2.126927712881116292e+02
2.850000000000258993e+00 2.097558196448027559e+02
2.870000000000258567e+00 2.049392703504975373e+02
2.890000000000258140e+00 2.019920940037216610e+02
2.910000000000257714e+00 1.979418144307324212e+02
2.930000000000257288e+00 1.955526629058997798e+02
2.950000000000256861e+00 1.908919079950563855e+02
2.970000000000256435e+00 1.881137731358700194e+02
2.990000000000256009e+00 1.842480350134268576e+02
3.010000000000255582e+00 1.812807329181604814e+02
3.030000000000255156e+00 1.784262137453798971e+02
3.050000000000254730e+00 1.747156934686956902e+02
3.070000000000254303e+00 1.710610856758342777e+02
3.090000000000253877e+00 1.691100072661268712e+02
3.110000000000253451e+00 1.654204048865433379e+02
3.130000000000253024e+00 1.619911079966180694e+02
3.150000000000252598e+00 1.594552022151727897e+02
3.170000000000252172e+00 1.565629639452026538e+02
3.190000000000251745e+00 1.543758577421950804e+02
3.210000000000251319e+00 1.512731644527191861e+02
3.230000000000250893e+00 1.481083262214515628e+02
3.250000000000250466e+00 1.457132004791322686e+02
3.270000000000250040e+00 1.425490013736619517e+02
3.290000000000249614e+00 1.415240484086710637e+02
3.310000000000249187e+00 1.374018299543156161e+02
3.330000000000248761e+00 1.352109402786252872e+02
3.350000000000248335e+00 1.332797305546979487e+02
3.370000000000247908e+00 1.312220920605363972e+02
3.390000000000247482e+00 1.288695324864525560e+02
3.410000000000247056e+00 1.261006754661819258e+02
3.430000000000246629e+00 1.235203031856121783e+02
3.450000000000246203e+00 1.215262944592589349e+02
3.470000000000245777e+00 1.190308076676273288e+02
3.490000000000245350e+00 1.177663194982015966e+02
3.510000000000244924e+00 1.156264302262445369e+02
3.530000000000244498e+00 1.127547677349964488e+02
3.550000000000244071e+00 1.113642602847115484e+02
3.570000000000243645e+00 1.094913989647821495e+02
3.590000000000243219e+00 1.079324029465230836e+02
3.610000000000242792e+00 1.053771866245993323e+02
3.630000000000242366e+00 1.040791882477912793e+02
3.650000000000241940e+00 1.019541787721417592e+02
3.670000000000241513e+00 9.985801865381350240e+01
3.690000000000241087e+00 9.813491483254877323e+01
3.710000000000240661e+00 9.650152127529473489e+01
3.730000000000240234e+00 9.607009453086257622e+01
3.750000000000239808e+00 9.294626136603413613e+01
3.770000000000239382e+00 9.224759497642035910e+01
3.790000000000238956e+00 9.052573997556271479e+01
3.810000000000238529e+00 8.849358079375912212e+01
3.830000000000238103e+00 8.700366807215316101e+01
3.850000000000237677e+00 8.553986264239770776e+01
3.870000000000237250e+00 8.433531515363227982e+01
3.890000000000236824e+00 8.277543459535930026e+01
3.910000000000236398e+00 8.133003328085710848e+01
3.930000000000235971e+00 7.917868854392585831e+01
3.950000000000235545e+00 7.879036220229787091e+01
3.970000000000235119e+00 7.694744265242309211e+01
3.990000000000234692e+00 7.592118730057761411e+01
4.010000000000234266e+00 7.454598457034784076e+01
4.030000000000233840e+00 7.309606167130689869e+01
4.050000000000233413e+00 7.208681803699492718e+01
4.070000000000232987e+00 7.064792129437880419e+01
4.090000000000232561e+00 6.953980872640993027e+01
4.110000000000232134e+00 6.874614613699363019e+01
4.130000000000231708e+00 6.784502913003950653e+01
4.150000000000231282e+00 6.661309356678141569e+01
4.170000000000230855e+00 6.524590401394222283e+01
4.190000000000230429e+00 6.375110855313365477e+01
4.210000000000230003e+00 6.345140715635361062e+01
4.230000000000229576e+00 6.188766809758551801e+01
4.250000000000229150e+00 6.105200050746463347e+01
4.270000000000228724e+00 5.988598223911836271e+01
4.290000000000228297e+00 5.902270718641439373e+01
4.310000000000227871e+00 5.818770539852030765e+01
4.330000000000227445e+00 5.739470313516484623e+01
4.350000000000227018e+00 5.621352253580277392e+01
4.370000000000226592e+00 5.534825417942700909e+01
4.390000000000226166e+00 5.467488339529952412e+01
4.410000000000225739e+00 5.385334962278676585e+01
4.430000000000225313e+00 5.264787295028018121e+01
4.450000000000224887e+00 5.182601667088801634e+01
4.470000000000224460e+00 5.115369613734354459e+01
4.490000000000224034e+00 5.023502878825838991e+01
4.510000000000223608e+00 4.941194122400632693e+01
4.530000000000223181e+00 4.926505026740658622e+01
4.550000000000222755e+00 4.811597656143690216e+01
4.570000000000222329e+00 4.754352786726671809e+01
4.590000000000221902e+00 4.667958888142973706e+01
4.610000000000221476e+00 4.595965837690651057e+01
4.630000000000221050e+00 4.528844358734298225e+01
4.650000000000220624e+00 4.478452333574006872e+01
4.670000000000220197e+00 4.402638750580900506e+01
4.690000000000219771e+00 4.331744958755436414e+01
4.710000000000219345e+00 4.248258543538722876e+01
4.730000000000218918e+00 4.200514062886231414e+01
4.750000000000218492e+00 4.157340942443941145e+01
4.770000000000218066e+00 4.084124811742906047e+01
4.790000000000217639e+00 4.027008319207153875e+01
4.810000000000217213e+00 3.996572961974972316e+01
4.830000000000216787e+00 3.900628318630816693e+01
4.850000000000216360e+00 3.874184309623998246e+01
4.870000000000215934e+00 3.807432166386006855e+01
4.890000000000215508e+00 3.746311628880361155e+01
4.910000000000215081e+00 3.700295188773605304e+01
4.930000000000214655e+00 3.638956876335672774e+01
4.950000000000214229e+00 3.592059126799351532e+01
4.970000000000213802e+00 3.559405095688529030e+01
4.990000000000213376e+00 3.502406208702345225e+01
5.010000000000212950e+00 3.447237108230947200e+01
5.030000000000212523e+00 3.404785131668029408e+01
5.050000000000212097e+00 3.343123924876347530e+01
5.070000000000211671e+00 3.321756940998420760e+01
5.090000000000211244e+00 3.248340915543752061e+01
5.110000000000210818e+00 3.213574891344923401e+01
5.130000000000210392e+00 3.169526606956092607e+01
5.150000000000209965e+00 3.118822837974116169e+01
5.170000000000209539e+00 3.080832584098999050e+01
5.190000000000209113e+00 3.073632054588022555e+01
5.210000000000208686e+00 3.005209474514310841e+01
5.230000000000208260e+00 2.978640278116175821e+01
5.250000000000207834e+00 2.887394794357774330e+01
5.270000000000207407e+00 2.888787586611799441e+01
5.290000000000206981e+00 2.845591039650003395e+01
5.310000000000206555e+00 2.808887539797984445e+01
5.330000000000206128e+00 2.776101607101928437e+01
5.350000000000205702e+00 2.743839380243961656e+01
5.370000000000205276e+00 2.706513041183006152e+01
5.390000000000204849e+00 2.681573031509892502e+01
5.410000000000204423e+00 2.653089348155339877e+01
5.430000000000203997e+00 2.607306922617055278e+01
5.450000000000203570e+00 2.569202125810175019e+01
5.470000000000203144e+00 2.567582521684415298e+01
5.490000000000202718e+00 2.554633245728599888e+01
5.510000000000202292e+00 2.488824338084834764e+01
5.530000000000201865e+00 2.459088543670867111e+01
5.550000000000201439e+00 2.441074742805171027e+01
5.570000000000201013e+00 2.422297133002527758e+01
5.590000000000200586e+00 2.355388437887808450e+01
5.610000000000200160e+00 2.365764461999779300e+01
5.630000000000199734e+00 2.322218640845474980e+01
5.650000000000199307e+00 2.302732935181755636e+01
5.670000000000198881e+00 2.277267756114089181e+01
5.690000000000198455e+00 2.249232166330657279e+01
5.710000000000198028e+00 2.222361323328192739e+01
5.730000000000197602e+00 2.210132372518842558e+01
5.750000000000197176e+00 2.187746983231851061e+01
5.770000000000196749e+00 2.145480637138064139e+01
5.790000000000196323e+00 2.134975142763702038e+01
5.810000000000195897e+00 2.101995701649696002e+01
5.830000000000195470e+00 2.114126871977291700e+01
5.850000000000195044e+00 2.082556116972192228e+01
5.870000000000194618e+00 2.043983779273079904e+01
5.890000000000194191e+00 2.020154446531279291e+01
5.910000000000193765e+00 1.996333398068480491e+01
5.930000000000193339e+00 1.993555951990887110e+01
5.950000000000192912e+00 1.953245900696458293e+01
5.970000000000192486e+00 1.940913230405566736e+01
5.990000000000192060e+00 1.916030328326154830e+01
6.010000000000191633e+00 1.916738360931985952e+01
6.030000000000191207e+00 1.892041238979811979e+01
6.050000000000190781e+00 1.882103666227059335e+01
6.070000000000190354e+00 1.871905784170650477e+01
6.090000000000189928e+00 1.835941828647799667e+01
6.110000000000189502e+00 1.829485672007958641e+01
6.130000000000189075e+00 1.807375677312997198e+01
6.150000000000188649e+00 1.793663101205993371e+01
6.170000000000188223e+00 1.787820337300953710e+01
6.190000000000187796e+00 1.766632967032587942e+01
6.210000000000187370e+00 1.762297876882518466e+01
6.230000000000186944e+00 1.736029104832973147e+01
6.250000000000186517e+00 1.736077563098670140e+01
6.270000000000186091e+00 1.701913764727846967e+01
6.290000000000185665e+00 1.696357187660998633e+01
6.310000000000185238e+00 1.685818754964366306e+01
6.330000000000184812e+00 1.700130329907622340e+01
6.350000000000184386e+00 1.664701378052412295e+01
6.370000000000183960e+00 1.670205770935817213e+01
6.390000000000183533e+00 1.641127705632065670e+01
6.410000000000183107e+00 1.645788190378150517e+01
6.430000000000182681e+00 1.620946968254501641e+01
6.450000000000182254e+00 1.604336977764347338e+01
6.470000000000181828e+00 1.603636152405886151e+01
6.490000000000181402e+00 1.580410730529616536e+01
6.510000000000180975e+00 1.576775214139557768e+01
6.530000000000180549e+00 1.567483977034748932e+01
6.550000000000180123e+00 1.562656997003338155e+01
6.570000000000179696e+00 1.553270237939173626e+01
6.590000000000179270e+00 1.550684351252386151e+01
6.610000000000178844e+00 1.542294174146960017e+01
6.630000000000178417e+00 1.513997670714899080e+01
6.650000000000177991e+00 1.520407299380345556e+01
6.670000000000177565e+00 1.512042491281199652e+01
6.690000000000177138e+00 1.498745864761880320e+01
6.710000000000176712e+00 1.484131345298282589e+01
6.730000000000176286e+00 1.488630046810824936e+01
6.750000000000175859e+00 1.492832445006204978e+01
6.770000000000175433e+00 1.458683789255260166e+01
6.790000000000175007e+00 1.470130224697485843e+01
6.810000000000174580e+00 1.454870061557305760e+01
6.830000000000174154e+00 1.440637182761386903e+01
6.850000000000173728e+00 1.453679991788647996e+01
6.870000000000173301e+00 1.439853072263390921e+01
6.890000000000172875e+00 1.434239694403646403e+01
6.910000000000172449e+00 1.419385422559589927e+01
6.930000000000172022e+00 1.433435187859787341e+01
6.950000000000171596e+00 1.418586784847750693e+01
6.970000000000171170e+00 1.407168498023064984e+01
6.990000000000170743e+00 1.406371405963411192e+01
7.010000000000170317e+00 1.408348675659255100e+01
7.030000000000169891e+00 1.397685703156833448e+01
7.050000000000169464e+00 1.399615856299383765e+01
7.070000000000169038e+00 1.391135187115643390e+01
7.090000000000168612e+00 1.385400136387728764e+01
7.110000000000168185e+00 1.377591177639135722e+01
7.130000000000167759e+00 1.379846679063025761e+01
7.150000000000167333e+00 1.371067869257507787e+01
7.170000000000166906e+00 1.384847107177248127e+01
7.190000000000166480e+00 1.363726591546022249e+01
7.210000000000166054e+00 1.368306211113879556e+01
7.230000000000165628e+00 1.346200272616687066e+01
7.250000000000165201e+00 1.365719711798262992e+01
7.270000000000164775e+00 1.349553664390272267e+01
7.290000000000164349e+00 1.351201617069259342e+01
7.310000000000163922e+00 1.339331715662765276e+01
7.330000000000163496e+00 1.345197824493909344e+01
7.350000000000163070e+00 1.355122343084780923e+01
7.370000000000162643e+00 1.331868847811712797e+01
7.390000000000162217e+00 1.335564184905589968e+01
7.410000000000161791e+00 1.330181828209101802e+01
7.430000000000161364e+00 1.334120494411287083e+01
7.450000000000160938e+00 1.327515355500844763e+01
7.470000000000160512e+00 1.317621867221885879e+01
7.490000000000160085e+00 1.322785934565284904e+01
7.510000000000159659e+00 1.314387375642260025e+01
7.530000000000159233e+00 1.313793517097305852e+01
7.550000000000158806e+00 1.307363261646054653e+01
7.570000000000158380e+00 1.313906767529512187e+01
7.590000000000157954e+00 1.310856931865196273e+01
7.610000000000157527e+00 1.312733474750144502e+01
7.630000000000157101e+00 1.311924795965136070e+01
7.650000000000156675e+00 1.303612860864573797e+01
7.670000000000156248e+00 1.304260984193079054e+01
7.690000000000155822e+00 1.298697235296289243e+01
7.710000000000155396e+00 1.290533926126095565e+01
7.730000000000154969e+00 1.304630432706364118e+01
7.750000000000154543e+00 1.295196486808393566e+01
7.770000000000154117e+00 1.300981223796476982e+01
7.790000000000153690e+00 1.301596238994613586e+01
7.810000000000153264e+00 1.281980457623011738e+01
7.830000000000152838e+00 1.283521459541311494e+01
7.850000000000152411e+00 1.277516532189541287e+01
7.870000000000151985e+00 1.284444136546703774e+01
7.890000000000151559e+00 1.277143170956812668e+01
7.910000000000151132e+00 1.269514850128665273e+01
7.930000000000150706e+00 1.269649883892535591e+01
7.950000000000150280e+00 1.281073566577557621e+01
7.970000000000149853e+00 1.275380370793803309e+01
7.990000000000149427e+00 1.264912706038446721e+01
8.010000000000149001e+00 1.276593816386209568e+01
8.030000000000148574e+00 1.258085328624316368e+01
8.050000000000148148e+00 1.255326183256142869e+01
8.070000000000147722e+00 1.259982974895306995e+01
8.090000000000147296e+00 1.265761780883646637e+01
8.110000000000146869e+00 1.244703243188047637e+01
8.130000000000146443e+00 1.252752156300478603e+01
8.150000000000146017e+00 1.259284655541593878e+01
8.170000000000145590e+00 1.253531189458280615e+01
8.190000000000145164e+00 1.244391109771959236e+01
8.210000000000144738e+00 1.239868214884795172e+01
8.230000000000144311e+00 1.240464158049574550e+01
8.250000000000143885e+00 1.240458382510131585e+01
8.270000000000143459e+00 1.235842907537493396e+01
8.290000000000143032e+00 1.227448573830322687e+01
8.310000000000142606e+00 1.229854218951882316e+01
8.330000000000142180e+00 1.226860541598115617e+01
8.350000000000141753e+00 1.217412986375780193e+01
8.370000000000141327e+00 1.214726211012295742e+01
8.390000000000140901e+00 1.217056498566522293e+01
8.410000000000140474e+00 1.222974692492822157e+01
8.430000000000140048e+00 1.209709109133718918e+01
8.450000000000139622e+00 1.212209985049873850e+01
8.470000000000139195e+00 1.200532336315380810e+01
8.490000000000138769e+00 1.198967769430466035e+01
8.510000000000138343e+00 1.200206852957790105e+01
8.530000000000137916e+00 1.191397658712628882e+01
8.550000000000137490e+00 1.185013423786581832e+01
8.570000000000137064e+00 1.185593068554971907e+01
8.590000000000136637e+00 1.179900648119691553e+01
8.610000000000136211e+00 1.172932980272132397e+01
8.630000000000135785e+00 1.183165655079642065e+01
8.650000000000135358e+00 1.166993160571840704e+01
8.670000000000134932e+00 1.164669502044064942e+01
8.690000000000134506e+00 1.159047270409725883e+01
8.710000000000134079e+00 1.159052952257826341e+01
8.730000000000133653e+00 1.153470663271492747e+01
8.750000000000133227e+00 1.148640122607632463e+01
8.770000000000132800e+00 1.136134058423462001e+01
8.790000000000132374e+00 1.134883247166561127e+01
8.810000000000131948e+00 1.129486229530332331e+01
8.830000000000131521e+00 1.139842802202038641e+01
8.850000000000131095e+00 1.114274014330430695e+01
8.870000000000130669e+00 1.126560303314017375e+01
8.890000000000130242e+00 1.116216172240293503e+01
8.910000000000129816e+00 1.109426145801504049e+01
8.930000000000129390e+00 1.103747927297606957e+01
8.950000000000128964e+00 1.097705871461780802e+01
8.970000000000128537e+00 1.089144989781356188e+01
8.990000000000128111e+00 1.087064168835981093e+01
9.010000000000127685e+00 1.077878436404962947e+01
9.030000000000127258e+00 1.075432270138901636e+01
9.050000000000126832e+00 1.063601617647098863e+01
9.070000000000126406e+00 1.072887849243098302e+01
9.090000000000125979e+00 1.062705254797132071e+01
9.110000000000125553e+00 1.049020100789798349e+01
9.130000000000125127e+00 1.044530587814219835e+01
9.150000000000124700e+00 1.037572739899360208e+01
9.170000000000124274e+00 1.032450052559281595e+01
9.190000000000123848e+00 1.037551510343992156e+01
9.210000000000123421e+00 1.024192596322206228e+01
9.230000000000122995e+00 1.011945189659172506e+01
9.250000000000122569e+00 1.001181439721414890e+01
9.270000000000122142e+00 1.003974823039954067e+01
9.290000000000121716e+00 1.000991871591308602e+01
9.310000000000121290e+00 9.860685495618117358e+00
9.330000000000120863e+00 9.802695103605895355e+00
9.350000000000120437e+00 9.783165103231690196e+00
9.370000000000120011e+00 9.724927129697762851e+00
9.390000000000119584e+00 9.616205813407129099e+00
9.410000000000119158e+00 9.552660447024937440e+00
9.430000000000118732e+00 9.444036721062305517e+00
9.450000000000118305e+00 9.483332015211740185e+00
9.470000000000117879e+00 9.345277703233243471e+00
9.490000000000117453e+00 9.243313745645130197e+00
9.510000000000117026e+00 9.219255056001172122e+00
9.530000000000116600e+00 9.155610285707997065e+00
9.550000000000116174e+00 8.994190326983384054e+00
9.570000000000115747e+00 9.020533562807338868e+00
9.590000000000115321e+00 8.997761219236682706e+00
9.610000000000114895e+00 8.832807358568194545e+00
9.630000000000114468e+00 8.726696861025420304e+00
9.650000000000114042e+00 8.694092765848591142e+00
9.670000000000113616e+00 8.618362458278911120e+00
9.690000000000113189e+00 8.585351522619314224e+00
9.710000000000112763e+00 8.437519892118077180e+00
9.730000000000112337e+00 8.404584405326373187e+00
9.750000000000111910e+00 8.336588861867269884e+00
9.770000000000111484e+00 8.307507545906918978e+00
9.790000000000111058e+00 8.192225303474041098e+00
9.810000000000110632e+00 8.087109258783394594e+00
9.830000000000110205e+00 7.995579678391452561e+00
9.850000000000109779e+00 7.960546145884228153e+00
9.870000000000109353e+00 7.923726094531316377e+00
9.890000000000108926e+00 7.838325277196008578e+00
9.910000000000108500e+00 7.704230263573399462e+00
9.930000000000108074e+00 7.673179414554586408e+00
9.950000000000107647e+00 7.530959397215720053e+00
9.970000000000107221e+00 7.590814381734436012e+00
9.990000000000106795e+00 7.399707193296563013e+00
1.001000000000010637e+01 7.345063819144315609e+00
1.003000000000010594e+01 7.279314975872264171e+00
1.005000000000010552e+01 7.248819323865609121e+00
1.007000000000010509e+01 7.082413987099691610e+00
1.009000000000010466e+01 7.065222511053241838e+00
1.011000000000010424e+01 6.973106795133957370e+00
1.013000000000010381e+01 6.842981290591328758e+00
1.015000000000010338e+01 6.871568735749641554e+00
1.017000000000010296e+01 6.753627523515088882e+00
1.019000000000010253e+01 6.755787130946472985e+00
1.021000000000010210e+01 6.637405499674217779e+00
1.023000000000010168e+01 6.515670823278711943e+00
1.025000000000010125e+01 6.476712896481538806e+00
1.027000000000010083e+01 6.343776621240404090e+00
1.029000000000010040e+01 6.326834281403722393e+00
1.031000000000009997e+01 6.256805369583704923e+00
1.033000000000009955e+01 6.163118799084836397e+00
1.035000000000009912e+01 6.149431906449026819e+00
1.037000000000009869e+01 6.031938169865142640e+00
1.039000000000009827e+01 5.957039037140550164e+00
1.041000000000009784e+01 5.900740507007651736e+00
1.043000000000009742e+01 5.812926828450160066e+00
1.045000000000009699e+01 5.793432267441927408e+00
1.047000000000009656e+01 5.627936712113357665e+00
1.049000000000009614e+01 5.626250642158697524e+00
1.051000000000009571e+01 5.578166818978881558e+00
1.053000000000009528e+01 5.467022837805493474e+00
1.055000000000009486e+01 5.411349434076975662e+00
1.057000000000009443e+01 5.316197966703541056e+00
1.059000000000009400e+01 5.289294543579828201e+00
1.061000000000009358e+01 5.224844928951134726e+00
1.063000000000009315e+01 5.164040006541718242e+00
1.065000000000009273e+01 5.050739116085350311e+00
1.067000000000009230e+01 4.998294571725537594e+00
1.069000000000009187e+01 4.986755670013645947e+00
1.071000000000009145e+01 4.898105004796146744e+00
1.073000000000009102e+01 4.794803508943678239e+00
1.075000000000009059e+01 4.787095968673778401e+00
1.077000000000009017e+01 4.666652852927517969e+00
1.079000000000008974e+01 4.619134573016751233e+00
1.081000000000008932e+01 4.636625281586327141e+00
1.083000000000008889e+01 4.466168281201252199e+00
1.085000000000008846e+01 4.448986770241050159e+00
1.087000000000008804e+01 4.404047708968635177e+00
1.089000000000008761e+01 4.330489387157017589e+00
1.091000000000008718e+01 4.267132573909901083e+00
1.093000000000008676e+01 4.260000963586639600e+00
1.095000000000008633e+01 4.111843659885153102e+00
1.097000000000008590e+01 4.117332256611176966e+00
1.099000000000008548e+01 4.023077680187417293e+00
1.101000000000008505e+01 4.003276392212380408e+00
1.103000000000008463e+01 3.920244863545617076e+00
1.105000000000008420e+01 3.907391576790835597e+00
1.107000000000008377e+01 3.825473878354514135e+00
1.109000000000008335e+01 3.762989386450911855e+00
1.111000000000008292e+01 3.692671107122943219e+00
1.113000000000008249e+01 3.647960149118797624e+00
1.115000000000008207e+01 3.619620543500485343e+00
1.117000000000008164e+01 3.559672085471050185e+00
1.119000000000008122e+01 3.512886609383992109e+00
1.121000000000008079e+01 3.485516647987671135e+00
1.123000000000008036e+01 3.387184721766599793e+00
1.125000000000007994e+01 3.370819441800506411e+00
1.127000000000007951e+01 3.297582118173374433e+00
1.129000000000007908e+01 3.255151690580880608e+00
1.131000000000007866e+01 3.200146964178760101e+00
1.133000000000007823e+01 3.187340269134469217e+00
1.135000000000007780e+01 3.092742925956145417e+00
1.137000000000007738e+01 3.073117636291108123e+00
1.139000000000007695e+01 3.012702144620709621e+00
1.141000000000007653e+01 2.940943308438543013e+00
1.143000000000007610e+01 2.961419241564405169e+00
1.145000000000007567e+01 2.908542518713926661e+00
1.147000000000007525e+01 2.848721918734484770e+00
1.149000000000007482e+01 2.796162222944250431e+00
1.151000000000007439e+01 2.737184832295220360e+00
1.153000000000007397e+01 2.698076602992435458e+00
1.155000000000007354e+01 2.671162361142370489e+00
1.157000000000007311e+01 2.652140414848201289e+00
1.159000000000007269e+01 2.609400151228604692e+00
1.161000000000007226e+01 2.529721695280878091e+00
1.163000000000007184e+01 2.534745401955189603e+00
1.165000000000007141e+01 2.490415517812619051e+00
1.167000000000007098e+01 2.413362174677646355e+00
1.169000000000007056e+01 2.403221546607760217e+00
1.171000000000007013e+01 2.373609945922022124e+00
1.173000000000006970e+01 2.336228456774334550e+00
1.175000000000006928e+01 2.250728937752226155e+00
1.177000000000006885e+01 2.241262578216129064e+00
1.179000000000006843e+01 2.224126230547478489e+00
1.181000000000006800e+01 2.216736920462094584e+00
1.183000000000006757e+01 2.168661022213195455e+00
1.185000000000006715e+01 2.092786426083655726e+00
1.187000000000006672e+01 2.098849029266232069e+00
1.189000000000006629e+01 2.062000679977734396e+00
1.191000000000006587e+01 1.959592548822196800e+00
1.193000000000006544e+01 1.996928917504464440e+00
1.195000000000006501e+01 1.922843611510700823e+00
1.197000000000006459e+01 1.951901687054087731e+00
1.199000000000006416e+01 1.894681401177837676e+00
1.201000000000006374e+01 1.887540960786884048e+00
1.203000000000006331e+01 1.813689150106065240e+00
1.205000000000006288e+01 1.791376413369416776e+00
1.207000000000006246e+01 1.770917676784173223e+00
1.209000000000006203e+01 1.759548381079068635e+00
1.211000000000006160e+01 1.701474581637944405e+00
1.213000000000006118e+01 1.685625984133422239e+00
1.215000000000006075e+01 1.678779913762274978e+00
1.217000000000006033e+01 1.617183079220751774e+00
1.219000000000005990e+01 1.614801772013494174e+00
1.221000000000005947e+01 1.568938284187611609e+00
1.223000000000005905e+01 1.566125509071909283e+00
1.225000000000005862e+01 1.534446168414764555e+00
1.227000000000005819e+01 1.524115166835797508e+00
1.229000000000005777e+01 1.471260228822609761e+00
1.231000000000005734e+01 1.442225468143570222e+00
1.233000000000005691e+01 1.421049473302566923e+00
1.235000000000005649e+01 1.433776864786486138e+00
1.237000000000005606e+01 1.420313845390192453e+00
1.239000000000005564e+01 1.347653513646237755e+00
1.241000000000005521e+01 1.329523032906574587e+00
1.243000000000005478e+01 1.340004163624618938e+00
1.245000000000005436e+01 1.272384467127338770e+00
1.247000000000005393e+01 1.288716752245534058e+00
1.249000000000005350e+01 1.278859938150492148e+00
1.251000000000005308e+01 1.231811611996850075e+00
1.253000000000005265e+01 1.226698524668119683e+00
1.255000000000005222e+01 1.188165994456978458e+00
1.257000000000005180e+01 1.183230712183532596e+00
1.259000000000005137e+01 1.154589471942922829e+00
1.261000000000005095e+01 1.155055323247018206e+00
1.263000000000005052e+01 1.132935135942878091e+00
1.265000000000005009e+01 1.101086063859117559e+00
1.267000000000004967e+01 1.090698926268582225e+00
1.269000000000004924e+01 1.082044836376372832e+00
1.271000000000004881e+01 1.055625894361094330e+00
1.273000000000004839e+01 1.052386666762427980e+00
1.275000000000004796e+01 1.030116894406068351e+00
1.277000000000004754e+01 1.016221365859046433e+00
1.279000000000004711e+01 1.006635282236129969e+00
1.281000000000004668e+01 9.589037589098267089e-01
1.283000000000004626e+01 9.624041461693890742e-01
1.285000000000004583e+01 9.617146080696129529e-01
1.287000000000004540e+01 9.214673355912160746e-01
1.289000000000004498e+01 9.515799058171845459e-01
1.291000000000004455e+01 8.772065894082965443e-01
1.293000000000004412e+01 8.714747926176703574e-01
1.295000000000004370e+01 8.890341653313850179e-01
1.297000000000004327e+01 8.510888118054302787e-01
1.299000000000004285e+01 8.649938616689338833e-01
1.301000000000004242e+01 8.381549124461215028e-01
1.303000000000004199e+01 8.287344203924439379e-01
1.305000000000004157e+01 8.017408573117899007e-01
1.307000000000004114e+01 8.093329732091547601e-01
1.309000000000004071e+01 7.762349453181670578e-01
1.311000000000004029e+01 7.602198957586385752e-01
1.313000000000003986e+01 7.716504725881011550e-01
1.315000000000003944e+01 7.633355489802743366e-01
1.317000000000003901e+01 7.496821678454719251e-01
1.319000000000003858e+01 7.417040124811360435e-01
1.321000000000003816e+01 7.217347120270966032e-01
1.323000000000003773e+01 7.077208512353158065e-01
1.325000000000003730e+01 6.803811537383311903e-01
1.327000000000003688e+01 6.921575108872487503e-01
1.329000000000003645e+01 6.885939241759458929e-01
1.331000000000003602e+01 6.723207826756717465e-01
1.333000000000003560e+01 6.427347583780397278e-01
1.335000000000003517e+01 6.541291516928539052e-01
1.337000000000003475e+01 6.362724843747176173e-01
1.339000000000003432e+01 6.345147282518600607e-01
1.341000000000003389e+01 6.050824731721203831e-01
1.343000000000003347e+01 6.216728082428987223e-01
1.345000000000003304e+01 5.995887333308389522e-01
1.347000000000003261e+01 6.085250302836094916e-01
1.349000000000003219e+01 5.754431647252362669e-01
1.351000000000003176e+01 5.750796470552518302e-01
1.353000000000003133e+01 5.666349642907607675e-01
1.355000000000003091e+01 5.759865448260319543e-01
1.357000000000003048e+01 5.755251132392007474e-01
1.359000000000003006e+01 5.244287729404634169e-01
1.361000000000002963e+01 5.377459165923810236e-01
1.363000000000002920e+01 5.129268789058205602e-01
1.365000000000002878e+01 5.138665543095979338e-01
1.367000000000002835e+01 5.078695304230147478e-01
1.369000000000002792e+01 5.103187504519541839e-01
1.371000000000002750e+01 4.732137068214833930e-01
1.373000000000002707e+01 4.769939875750734415e-01
1.375000000000002665e+01 4.594714720588646273e-01
1.377000000000002622e+01 4.561391073216401471e-01
1.379000000000002579e+01 4.139858692983621191e-01
1.381000000000002537e+01 3.882879501347417661e-01
1.383000000000002494e+01 3.654104093839165013e-01
1.385000000000002451e+01 3.159680312864890928e-01
1.387000000000002409e+01 2.895776472345659713e-01
1.389000000000002366e+01 3.092426763889489782e-01
1.391000000000002323e+01 3.003809526934850815e-01
1.393000000000002281e+01 2.723037703147988542e-01
1.395000000000002238e+01 2.352499067098342556e-01
1.397000000000002196e+01 2.019305817822804328e-01
1.399000000000002153e+01 1.770668098451746997e-01
1.401000000000002110e+01 1.409366398616322957e-01
1.403000000000002068e+01 1.403454286221304248e-01
1.405000000000002025e+01 1.231731436430240079e-01
1.407000000000001982e+01 1.150647461265250499e-01
1.409000000000001940e+01 9.236282527827385791e-02
1.411000000000001897e+01 8.977599077341921752e-02
1.413000000000001855e+01 9.280889533693727211e-02
1.415000000000001812e+01 7.859483179302816092e-02
1.417000000000001769e+01 6.919719509727347007e-02
1.419000000000001727e+01 5.545584003467163986e-02
1.421000000000001684e+01 5.440140635909709865e-02
1.423000000000001641e+01 4.634288998370598295e-02
1.425000000000001599e+01 3.567954748333341392e-02
1.427000000000001556e+01 3.287598756487200569e-02
1.429000000000001513e+01 3.250092286384695384e-02
1.431000000000001471e+01 1.672017307747340406e-02
1.433000000000001428e+01 8.818705283102129880e-03
1.435000000000001386e+01 5.898341970510783371e-03
1.437000000000001343e+01 8.470058167700219090e-03
1.439000000000001300e+01 5.521623545504019369e-03
1.441000000000001258e+01 3.005806057406479608e-04
1.443000000000001215e+01 2.352642280684179136e-04
1.445000000000001172e+01 1.138963841536203133e-04
1.447000000000001130e+01 1.090624690963214324e-04
1.449000000000001087e+01 6.789636079506916239e-10
1.451000000000001044e+01 7.309411139886123289e-10
1.453000000000001002e+01 3.424025019418753996e-10
1.455000000000000959e+01 8.146740851152385532e-15
1.457000000000000917e+01 1.302226071650852351e-15
1.459000000000000874e+01 1.147446376230921596e-15
1.461000000000000831e+01 3.220347452048231486e-17
1.463000000000000789e+01 2.836140425142720093e-17
1.465000000000000746e+01 2.485981019162088877e-17
1.467000000000000703e+01 0.000000000000000000e+00
1.469000000000000661e+01 0.000000000000000000e+00
1.471000000000000618e+01 0.000000000000000000e+00
1.473000000000000576e+01 0.000000000000000000e+00
1.475000000000000533e+01 0.000000000000000000e+00
1.477000000000000490e+01 0.000000000000000000e+00
1.479000000000000448e+01 0.000000000000000000e+00
1.481000000000000405e+01 0.000000000000000000e+00
1.483000000000000362e+01 0.000000000000000000e+00
1.485000000000000320e+01 0.000000000000000000e+00
1.487000000000000277e+01 0.000000000000000000e+00
1.489000000000000234e+01 0.000000000000000000e+00
1.491000000000000192e+01 0.000000000000000000e+00
1.493000000000000149e+01 0.000000000000000000e+00
1.495000000000000107e+01 0.000000000000000000e+00
1.497000000000000064e+01 0.000000000000000000e+00
1.499000000000000021e+01 0.000000000000000000e+00
