# Redshift		Merger Rate Density [Gpc^-3yr^-1]
1.000000000031931770e-02 9.922718270332045165e+01
3.000000000031888964e-02 1.004313900361899670e+02
5.000000000031846331e-02 1.026763690944036966e+02
7.000000000031804392e-02 1.050243251645961635e+02
9.000000000031761760e-02 1.060833770433157213e+02
1.100000000003171913e-01 1.085755077911070146e+02
1.300000000003167511e-01 1.104693174124040098e+02
1.500000000003163247e-01 1.134091103016091893e+02
1.700000000003158984e-01 1.155674315634625486e+02
1.900000000003154721e-01 1.189128570671843477e+02
2.100000000003150458e-01 1.211807749262998044e+02
2.300000000003146194e-01 1.236204455150435138e+02
2.500000000003141931e-01 1.264875475669596341e+02
2.700000000003137668e-01 1.290442934021380381e+02
2.900000000003133405e-01 1.307749819500848787e+02
3.100000000003129141e-01 1.332127833930389613e+02
3.300000000003124878e-01 1.361812600899869494e+02
3.500000000003120615e-01 1.372639793761348699e+02
3.700000000003116352e-01 1.400568852428606021e+02
3.900000000003112088e-01 1.434820690160634626e+02
4.100000000003107825e-01 1.441136427002552409e+02
4.300000000003103562e-01 1.485277315730059229e+02
4.500000000003099299e-01 1.499402610774253617e+02
4.700000000003095035e-01 1.520503445229719546e+02
4.900000000003090772e-01 1.552240179995111760e+02
5.100000000003086509e-01 1.569609734513092860e+02
5.300000000003082246e-01 1.596574288267738382e+02
5.500000000003077982e-01 1.614723662849437460e+02
5.700000000003073719e-01 1.630433032115551555e+02
5.900000000003069456e-01 1.677475632958093286e+02
6.100000000003065193e-01 1.683289154152200524e+02
6.300000000003060929e-01 1.718741510466643945e+02
6.500000000003056666e-01 1.742199657908874428e+02
6.700000000003052403e-01 1.761667041054277547e+02
6.900000000003048140e-01 1.787036956962647594e+02
7.100000000003043876e-01 1.814687673053325909e+02
7.300000000003039613e-01 1.829001187095211662e+02
7.500000000003035350e-01 1.866066590247228305e+02
7.700000000003031086e-01 1.884726815159365856e+02
7.900000000003026823e-01 1.901288948098895162e+02
8.100000000003022560e-01 1.932176415965364242e+02
8.300000000003018297e-01 1.941682739967609166e+02
8.500000000003014033e-01 1.987812808367956450e+02
8.700000000003009770e-01 1.978409441847633730e+02
8.900000000003005507e-01 2.007321602568058836e+02
9.100000000003001244e-01 2.028194952711196208e+02
9.300000000002996980e-01 2.058425670785796342e+02
9.500000000002992717e-01 2.074069236095356530e+02
9.700000000002988454e-01 2.077328600718946632e+02
9.900000000002984191e-01 2.105630786460135084e+02
1.010000000000297993e+00 2.133116908469280304e+02
1.030000000000297566e+00 2.142733550375716334e+02
1.050000000000297140e+00 2.160179713036658598e+02
1.070000000000296714e+00 2.172691751625812628e+02
1.090000000000296287e+00 2.177152275847952865e+02
1.110000000000295861e+00 2.223797673707591684e+02
1.130000000000295435e+00 2.242404574837096334e+02
1.150000000000295008e+00 2.230130816113193077e+02
1.170000000000294582e+00 2.246020272875262549e+02
1.190000000000294156e+00 2.269905003951210460e+02
1.210000000000293729e+00 2.266682499687326242e+02
1.230000000000293303e+00 2.305646942490498645e+02
1.250000000000292877e+00 2.301561676760963451e+02
1.270000000000292451e+00 2.302786712959429849e+02
1.290000000000292024e+00 2.344942750411657073e+02
1.310000000000291598e+00 2.325865720674910335e+02
1.330000000000291172e+00 2.355128958191719448e+02
1.350000000000290745e+00 2.377743760821755643e+02
1.370000000000290319e+00 2.346241367289871107e+02
1.390000000000289893e+00 2.374849385467927050e+02
1.410000000000289466e+00 2.378878551593351176e+02
1.430000000000289040e+00 2.400334883668962505e+02
1.450000000000288614e+00 2.400062162110678230e+02
1.470000000000288187e+00 2.401904463596090693e+02
1.490000000000287761e+00 2.408938220131331605e+02
1.510000000000287335e+00 2.400801793041542567e+02
1.530000000000286908e+00 2.414133135557572132e+02
1.550000000000286482e+00 2.418566478671320112e+02
1.570000000000286056e+00 2.416266352155732307e+02
1.590000000000285629e+00 2.429713891282189024e+02
1.610000000000285203e+00 2.436024410225899430e+02
1.630000000000284777e+00 2.422741645016145924e+02
1.650000000000284350e+00 2.410848494781408817e+02
1.670000000000283924e+00 2.417806502034489142e+02
1.690000000000283498e+00 2.395008451563545862e+02
1.710000000000283071e+00 2.415307323714961854e+02
1.730000000000282645e+00 2.388533406633508207e+02
1.750000000000282219e+00 2.398132282207260744e+02
1.770000000000281792e+00 2.414518834167242574e+02
1.790000000000281366e+00 2.378642105584085016e+02
1.810000000000280940e+00 2.371147888400588499e+02
1.830000000000280513e+00 2.362669138394010986e+02
1.850000000000280087e+00 2.363882381007653066e+02
1.870000000000279661e+00 2.350299531577406640e+02
1.890000000000279234e+00 2.317448208835389778e+02
1.910000000000278808e+00 2.330140489696436532e+02
1.930000000000278382e+00 2.319040716797444190e+02
1.950000000000277955e+00 2.305620038055243128e+02
1.970000000000277529e+00 2.274202383990921135e+02
1.990000000000277103e+00 2.268466668859765321e+02
2.010000000000276899e+00 2.252846117498935143e+02
2.030000000000276472e+00 2.246122028323383120e+02
2.050000000000276046e+00 2.210884821450890456e+02
2.070000000000275620e+00 2.207194233554076845e+02
2.090000000000275193e+00 2.190173829068923794e+02
2.110000000000274767e+00 2.179512005719954857e+02
2.130000000000274341e+00 2.148739055939255991e+02
2.150000000000273914e+00 2.133571880452090568e+02
2.170000000000273488e+00 2.121843618365541602e+02
2.190000000000273062e+00 2.096093474779518999e+02
2.210000000000272635e+00 2.089647533824271477e+02
2.230000000000272209e+00 2.058721323056934125e+02
2.250000000000271783e+00 2.041103305136550716e+02
2.270000000000271356e+00 2.025225399240655975e+02
2.290000000000270930e+00 2.000875091897184177e+02
2.310000000000270504e+00 1.980528099249324896e+02
2.330000000000270077e+00 1.952965815464653190e+02
2.350000000000269651e+00 1.951367595895336819e+02
2.370000000000269225e+00 1.922861296931440052e+02
2.390000000000268798e+00 1.895240818206893039e+02
2.410000000000268372e+00 1.869936397368300049e+02
2.430000000000267946e+00 1.855061490184810111e+02
2.450000000000267519e+00 1.830604946868284060e+02
2.470000000000267093e+00 1.806015602312219244e+02
2.490000000000266667e+00 1.807464993467260399e+02
2.510000000000266240e+00 1.763160351321422752e+02
2.530000000000265814e+00 1.760942402767958868e+02
2.550000000000265388e+00 1.724178759050661256e+02
2.570000000000264961e+00 1.717992246374733725e+02
2.590000000000264535e+00 1.683640289895537023e+02
2.610000000000264109e+00 1.658455483899362264e+02
2.630000000000263682e+00 1.646464840429180470e+02
2.650000000000263256e+00 1.624749876882220292e+02
2.670000000000262830e+00 1.606967371822716188e+02
2.690000000000262403e+00 1.582195727795198081e+02
2.710000000000261977e+00 1.558341259449157405e+02
2.730000000000261551e+00 1.553877635052783432e+02
2.750000000000261124e+00 1.519225590072745433e+02
2.770000000000260698e+00 1.502039468719973456e+02
2.790000000000260272e+00 1.486364362837641409e+02
2.810000000000259845e+00 1.471141780520997884e+02
2.830000000000259419e+00 1.434819584363808929e+02
2.850000000000258993e+00 1.426428478957687389e+02
2.870000000000258567e+00 1.408024823106952113e+02
2.890000000000258140e+00 1.388244084140157213e+02
2.910000000000257714e+00 1.372553005192481805e+02
2.930000000000257288e+00 1.362506369753192530e+02
2.950000000000256861e+00 1.325475113566043035e+02
2.970000000000256435e+00 1.316189460802282838e+02
2.990000000000256009e+00 1.302972531550314557e+02
3.010000000000255582e+00 1.277224496991454430e+02
3.030000000000255156e+00 1.278777642214648012e+02
3.050000000000254730e+00 1.251295820091766728e+02
3.070000000000254303e+00 1.237356189578929957e+02
3.090000000000253877e+00 1.216320128583802074e+02
3.110000000000253451e+00 1.196377423559216027e+02
3.130000000000253024e+00 1.190536763938124523e+02
3.150000000000252598e+00 1.172919677131096563e+02
3.170000000000252172e+00 1.150417055256656198e+02
3.190000000000251745e+00 1.130941006800360924e+02
3.210000000000251319e+00 1.122297321873089686e+02
3.230000000000250893e+00 1.116231862680042042e+02
3.250000000000250466e+00 1.081237430663436925e+02
3.270000000000250040e+00 1.080902797008442349e+02
3.290000000000249614e+00 1.059901716299736449e+02
3.310000000000249187e+00 1.050342998523703955e+02
3.330000000000248761e+00 1.031975548162774459e+02
3.350000000000248335e+00 1.017220076301592684e+02
3.370000000000247908e+00 1.000528399320833728e+02
3.390000000000247482e+00 9.898746928168276327e+01
3.410000000000247056e+00 9.768887538257966696e+01
3.430000000000246629e+00 9.627706337124789115e+01
3.450000000000246203e+00 9.517124262947847058e+01
3.470000000000245777e+00 9.391679684395393224e+01
3.490000000000245350e+00 9.270545087150057384e+01
3.510000000000244924e+00 9.255135272197628638e+01
3.530000000000244498e+00 9.046835384796079893e+01
3.550000000000244071e+00 8.907728470407298005e+01
3.570000000000243645e+00 8.847113702902264265e+01
3.590000000000243219e+00 8.695105423262255329e+01
3.610000000000242792e+00 8.571619859878545356e+01
3.630000000000242366e+00 8.529703257138548622e+01
3.650000000000241940e+00 8.314254647307365076e+01
3.670000000000241513e+00 8.295476662000032775e+01
3.690000000000241087e+00 8.210824633778743475e+01
3.710000000000240661e+00 8.090907117962247241e+01
3.730000000000240234e+00 7.996080435606344849e+01
3.750000000000239808e+00 7.908378906061274449e+01
3.770000000000239382e+00 7.778281691082460725e+01
3.790000000000238956e+00 7.721662737878624228e+01
3.810000000000238529e+00 7.571676306942582357e+01
3.830000000000238103e+00 7.501999183717570929e+01
3.850000000000237677e+00 7.425326797252840549e+01
3.870000000000237250e+00 7.303811647328389256e+01
3.890000000000236824e+00 7.298156369113665676e+01
3.910000000000236398e+00 7.187026214388951928e+01
3.930000000000235971e+00 7.052951205056179163e+01
3.950000000000235545e+00 6.991316067026653513e+01
3.970000000000235119e+00 6.965338208587438373e+01
3.990000000000234692e+00 6.857961030113332868e+01
4.010000000000234266e+00 6.780885370662984712e+01
4.030000000000233840e+00 6.730735688561357222e+01
4.050000000000233413e+00 6.672991581520579984e+01
4.070000000000232987e+00 6.539662581170392741e+01
4.090000000000232561e+00 6.517415796660287697e+01
4.110000000000232134e+00 6.466325311449919866e+01
4.130000000000231708e+00 6.353181374124078218e+01
4.150000000000231282e+00 6.292517963240282342e+01
4.170000000000230855e+00 6.257055553682656779e+01
4.190000000000230429e+00 6.180803172945822155e+01
4.210000000000230003e+00 6.060092964227855816e+01
4.230000000000229576e+00 6.066728356569714009e+01
4.250000000000229150e+00 6.042705747342288447e+01
4.270000000000228724e+00 5.928099633801006973e+01
4.290000000000228297e+00 5.896285986240489052e+01
4.310000000000227871e+00 5.823562983637945223e+01
4.330000000000227445e+00 5.778383411003409265e+01
4.350000000000227018e+00 5.728838899421683095e+01
4.370000000000226592e+00 5.655168986198688685e+01
4.390000000000226166e+00 5.622586862841947664e+01
4.410000000000225739e+00 5.581234009560552067e+01
4.430000000000225313e+00 5.515273004993887440e+01
4.450000000000224887e+00 5.527627054903791048e+01
4.470000000000224460e+00 5.490706417124086158e+01
4.490000000000224034e+00 5.408278734395345566e+01
4.510000000000223608e+00 5.370470089915281164e+01
4.530000000000223181e+00 5.392290135532807938e+01
4.550000000000222755e+00 5.229175057225684498e+01
4.570000000000222329e+00 5.307250797480517690e+01
4.590000000000221902e+00 5.234790235268813774e+01
4.610000000000221476e+00 5.224999583776352807e+01
4.630000000000221050e+00 5.169824022226421079e+01
4.650000000000220624e+00 5.135996456766930152e+01
4.670000000000220197e+00 5.080786931048317712e+01
4.690000000000219771e+00 5.118511441543503082e+01
4.710000000000219345e+00 5.035960071543556182e+01
4.730000000000218918e+00 5.102990456814735865e+01
4.750000000000218492e+00 4.968588723123589546e+01
4.770000000000218066e+00 4.951220008803657180e+01
4.790000000000217639e+00 4.996091725289016239e+01
4.810000000000217213e+00 4.930573742140761340e+01
4.830000000000216787e+00 4.937936229861964677e+01
4.850000000000216360e+00 4.885553683414524784e+01
4.870000000000215934e+00 4.865026053698051101e+01
4.890000000000215508e+00 4.857950440542185788e+01
4.910000000000215081e+00 4.862757004249417747e+01
4.930000000000214655e+00 4.828555119993304601e+01
4.950000000000214229e+00 4.781721761850043606e+01
4.970000000000213802e+00 4.807600659630259088e+01
4.990000000000213376e+00 4.790272461887989408e+01
5.010000000000212950e+00 4.781566872933636603e+01
5.030000000000212523e+00 4.733402220637614022e+01
5.050000000000212097e+00 4.771792149273650807e+01
5.070000000000211671e+00 4.773431688256194150e+01
5.090000000000211244e+00 4.752514745983724254e+01
5.110000000000210818e+00 4.732801331781299581e+01
5.130000000000210392e+00 4.718903461498924656e+01
5.150000000000209965e+00 4.728949612772498767e+01
5.170000000000209539e+00 4.711348802996196383e+01
5.190000000000209113e+00 4.715355335550751192e+01
5.210000000000208686e+00 4.726622786769394935e+01
5.230000000000208260e+00 4.730114747681753329e+01
5.250000000000207834e+00 4.688071676011059452e+01
5.270000000000207407e+00 4.721307553501826959e+01
5.290000000000206981e+00 4.774063690228985735e+01
5.310000000000206555e+00 4.726222634129943145e+01
5.330000000000206128e+00 4.733045761729582068e+01
5.350000000000205702e+00 4.750668802179210104e+01
5.370000000000205276e+00 4.730693115919392966e+01
5.390000000000204849e+00 4.765970883198508545e+01
5.410000000000204423e+00 4.759096288137886432e+01
5.430000000000203997e+00 4.814916927735962560e+01
5.450000000000203570e+00 4.754126189176767525e+01
5.470000000000203144e+00 4.782619821021837225e+01
5.490000000000202718e+00 4.823349977823443169e+01
5.510000000000202292e+00 4.832233215464277976e+01
5.530000000000201865e+00 4.831167043482483336e+01
5.550000000000201439e+00 4.791031696085246239e+01
5.570000000000201013e+00 4.860692934683042665e+01
5.590000000000200586e+00 4.868615754287952768e+01
5.610000000000200160e+00 4.894911065028637154e+01
5.630000000000199734e+00 4.890865239930017339e+01
5.650000000000199307e+00 4.889949573055858423e+01
5.670000000000198881e+00 4.896767350675115438e+01
5.690000000000198455e+00 4.909573479193157652e+01
5.710000000000198028e+00 4.910491376002438102e+01
5.730000000000197602e+00 4.966625322728506831e+01
5.750000000000197176e+00 4.917751903876241215e+01
5.770000000000196749e+00 4.998640948559962283e+01
5.790000000000196323e+00 5.003328237785187582e+01
5.810000000000195897e+00 5.053647510283941102e+01
5.830000000000195470e+00 5.021635398322148802e+01
5.850000000000195044e+00 5.065486850758699688e+01
5.870000000000194618e+00 5.066587112819091487e+01
5.890000000000194191e+00 5.097659725111801521e+01
5.910000000000193765e+00 5.104176288584245214e+01
5.930000000000193339e+00 5.156325954844001558e+01
5.950000000000192912e+00 5.169472393854930203e+01
5.970000000000192486e+00 5.184531069763755085e+01
5.990000000000192060e+00 5.178667446284596565e+01
6.010000000000191633e+00 5.228330274502037867e+01
6.030000000000191207e+00 5.249861814788047809e+01
6.050000000000190781e+00 5.285100675988307728e+01
6.070000000000190354e+00 5.289644405195420518e+01
6.090000000000189928e+00 5.283253774481800491e+01
6.110000000000189502e+00 5.319098762968098981e+01
6.130000000000189075e+00 5.330898641374176350e+01
6.150000000000188649e+00 5.367007910232009493e+01
6.170000000000188223e+00 5.357938834124171734e+01
6.190000000000187796e+00 5.426155097109528214e+01
6.210000000000187370e+00 5.386940225573099639e+01
6.230000000000186944e+00 5.450308751922767669e+01
6.250000000000186517e+00 5.498289803255004671e+01
6.270000000000186091e+00 5.524776817254309691e+01
6.290000000000185665e+00 5.479760199233953699e+01
6.310000000000185238e+00 5.559335722599807639e+01
6.330000000000184812e+00 5.546405524458227632e+01
6.350000000000184386e+00 5.590583336238751144e+01
6.370000000000183960e+00 5.568777261507827347e+01
6.390000000000183533e+00 5.581797263384805063e+01
6.410000000000183107e+00 5.638122444939938305e+01
6.430000000000182681e+00 5.701847605858655044e+01
6.450000000000182254e+00 5.655915389123885717e+01
6.470000000000181828e+00 5.673353121628503004e+01
6.490000000000181402e+00 5.689815799416088282e+01
6.510000000000180975e+00 5.759535833445853115e+01
6.530000000000180549e+00 5.742584744420875609e+01
6.550000000000180123e+00 5.776072534551883564e+01
6.570000000000179696e+00 5.762397332363600100e+01
6.590000000000179270e+00 5.779428816047436612e+01
6.610000000000178844e+00 5.818687475639883644e+01
6.630000000000178417e+00 5.824435234972312259e+01
6.650000000000177991e+00 5.849570631058718817e+01
6.670000000000177565e+00 5.843810530519962754e+01
6.690000000000177138e+00 5.894253290175281990e+01
6.710000000000176712e+00 5.883911293157999012e+01
6.730000000000176286e+00 5.875964761174041939e+01
6.750000000000175859e+00 5.959771668807740497e+01
6.770000000000175433e+00 5.920739887865669715e+01
6.790000000000175007e+00 5.971677180446118172e+01
6.810000000000174580e+00 5.969825947804126542e+01
6.830000000000174154e+00 6.010417988473862749e+01
6.850000000000173728e+00 5.989315235918142122e+01
6.870000000000173301e+00 6.002373885665097930e+01
6.890000000000172875e+00 6.037600280096913252e+01
6.910000000000172449e+00 6.038979404400847528e+01
6.930000000000172022e+00 6.046351193289080328e+01
6.950000000000171596e+00 6.076350413649427651e+01
6.970000000000171170e+00 6.043390237297695222e+01
6.990000000000170743e+00 6.045433764116376096e+01
7.010000000000170317e+00 6.057138364887146054e+01
7.030000000000169891e+00 6.082337674023357010e+01
7.050000000000169464e+00 6.094255499004301413e+01
7.070000000000169038e+00 6.134744376538576915e+01
7.090000000000168612e+00 6.134747277081415007e+01
7.110000000000168185e+00 6.128767869812671876e+01
7.130000000000167759e+00 6.124420677483222164e+01
7.150000000000167333e+00 6.146833270517743131e+01
7.170000000000166906e+00 6.173668136451769328e+01
7.190000000000166480e+00 6.152392589474872864e+01
7.210000000000166054e+00 6.163374489583731020e+01
7.230000000000165628e+00 6.142986966449031172e+01
7.250000000000165201e+00 6.190313150833132028e+01
7.270000000000164775e+00 6.181691483623458083e+01
7.290000000000164349e+00 6.205709120000580015e+01
7.310000000000163922e+00 6.195115200732506366e+01
7.330000000000163496e+00 6.187226996874530727e+01
7.350000000000163070e+00 6.211079320908755363e+01
7.370000000000162643e+00 6.200290427014645189e+01
7.390000000000162217e+00 6.191351977787488892e+01
7.410000000000161791e+00 6.222655160860077217e+01
7.430000000000161364e+00 6.217147188985007489e+01
7.450000000000160938e+00 6.244047710088517533e+01
7.470000000000160512e+00 6.216037232345298236e+01
7.490000000000160085e+00 6.231265601611193716e+01
7.510000000000159659e+00 6.231117821699794490e+01
7.530000000000159233e+00 6.227866412651577832e+01
7.550000000000158806e+00 6.236580750778612270e+01
7.570000000000158380e+00 6.255456862453787892e+01
7.590000000000157954e+00 6.257459839642898203e+01
7.610000000000157527e+00 6.228565450981182750e+01
7.630000000000157101e+00 6.243247063762376570e+01
7.650000000000156675e+00 6.249377869832586185e+01
7.670000000000156248e+00 6.251042568441830838e+01
7.690000000000155822e+00 6.279105059234688468e+01
7.710000000000155396e+00 6.248647353044988506e+01
7.730000000000154969e+00 6.271060473971607507e+01
7.750000000000154543e+00 6.223874013929483340e+01
7.770000000000154117e+00 6.261209344169788693e+01
7.790000000000153690e+00 6.266922837273448721e+01
7.810000000000153264e+00 6.263820252149533019e+01
7.830000000000152838e+00 6.249189545111084243e+01
7.850000000000152411e+00 6.258404480998927255e+01
7.870000000000151985e+00 6.258035016946799090e+01
7.890000000000151559e+00 6.252214948245791959e+01
7.910000000000151132e+00 6.260721296147971060e+01
7.930000000000150706e+00 6.267715572726898188e+01
7.950000000000150280e+00 6.259478765532387001e+01
7.970000000000149853e+00 6.239458700443430672e+01
7.990000000000149427e+00 6.272183806644293469e+01
8.010000000000149001e+00 6.271717616362126790e+01
8.030000000000148574e+00 6.238483935090234667e+01
8.050000000000148148e+00 6.264127070277251619e+01
8.070000000000147722e+00 6.278414100396002340e+01
8.090000000000147296e+00 6.283491462761040935e+01
8.110000000000146869e+00 6.272276992404083273e+01
8.130000000000146443e+00 6.253432753258447718e+01
8.150000000000146017e+00 6.274752386049930664e+01
8.170000000000145590e+00 6.261598234374655902e+01
8.190000000000145164e+00 6.266071656766209941e+01
8.210000000000144738e+00 6.253820993285049212e+01
8.230000000000144311e+00 6.256774371007661273e+01
8.250000000000143885e+00 6.261338781174292478e+01
8.270000000000143459e+00 6.261725756691603095e+01
8.290000000000143032e+00 6.269597219022396928e+01
8.310000000000142606e+00 6.262175998148398293e+01
8.330000000000142180e+00 6.266494067698158688e+01
8.350000000000141753e+00 6.262823731612485290e+01
8.370000000000141327e+00 6.271618735802828581e+01
8.390000000000140901e+00 6.252198973259240944e+01
8.410000000000140474e+00 6.294132843493434848e+01
8.430000000000140048e+00 6.276093218249439332e+01
8.450000000000139622e+00 6.266672898699371075e+01
8.470000000000139195e+00 6.282789388005284081e+01
8.490000000000138769e+00 6.266024220981355342e+01
8.510000000000138343e+00 6.285892825836004505e+01
8.530000000000137916e+00 6.290151706312409630e+01
8.550000000000137490e+00 6.290284434571912442e+01
8.570000000000137064e+00 6.286875783309914567e+01
8.590000000000136637e+00 6.260449228521134302e+01
8.610000000000136211e+00 6.297452453660483229e+01
8.630000000000135785e+00 6.299151020316205063e+01
8.650000000000135358e+00 6.285293282271363324e+01
8.670000000000134932e+00 6.272118335939005362e+01
8.690000000000134506e+00 6.268564137093464694e+01
8.710000000000134079e+00 6.300278193806933302e+01
8.730000000000133653e+00 6.289949897451396765e+01
8.750000000000133227e+00 6.287264023338901353e+01
8.770000000000132800e+00 6.331304036573479976e+01
8.790000000000132374e+00 6.321866692133275478e+01
8.810000000000131948e+00 6.322207305616787210e+01
8.830000000000131521e+00 6.332686810591825832e+01
8.850000000000131095e+00 6.310190165197777645e+01
8.870000000000130669e+00 6.314817332205954870e+01
8.890000000000130242e+00 6.319107727847359968e+01
8.910000000000129816e+00 6.324243009932948922e+01
8.930000000000129390e+00 6.330618491896272104e+01
8.950000000000128964e+00 6.346231623784454712e+01
8.970000000000128537e+00 6.311788829905559339e+01
8.990000000000128111e+00 6.324385889924597137e+01
9.010000000000127685e+00 6.351546288587298505e+01
9.030000000000127258e+00 6.351375707090199541e+01
9.050000000000126832e+00 6.356661960592799687e+01
9.070000000000126406e+00 6.356404528808557330e+01
9.090000000000125979e+00 6.344945883471651626e+01
9.110000000000125553e+00 6.365065898637546127e+01
9.130000000000125127e+00 6.366206726708354324e+01
9.150000000000124700e+00 6.357758721256718104e+01
9.170000000000124274e+00 6.364616915327633251e+01
9.190000000000123848e+00 6.379865196357272339e+01
9.210000000000123421e+00 6.390338086498751835e+01
9.230000000000122995e+00 6.397479493752089041e+01
9.250000000000122569e+00 6.401950567201448905e+01
9.270000000000122142e+00 6.403038437903614977e+01
9.290000000000121716e+00 6.398915096550742732e+01
9.310000000000121290e+00 6.386005224033453942e+01
9.330000000000120863e+00 6.387143330874083347e+01
9.350000000000120437e+00 6.383244720762620261e+01
9.370000000000120011e+00 6.411023631031052616e+01
9.390000000000119584e+00 6.393842451681491923e+01
9.410000000000119158e+00 6.424324904653072110e+01
9.430000000000118732e+00 6.407369348746566118e+01
9.450000000000118305e+00 6.426978715382801965e+01
9.470000000000117879e+00 6.423756513034344096e+01
9.490000000000117453e+00 6.423642242868308472e+01
9.510000000000117026e+00 6.435946646465896492e+01
9.530000000000116600e+00 6.423409725675828952e+01
9.550000000000116174e+00 6.418364118056997825e+01
9.570000000000115747e+00 6.431663895739359305e+01
9.590000000000115321e+00 6.428313728117771575e+01
9.610000000000114895e+00 6.424058753023969359e+01
9.630000000000114468e+00 6.424201751663322568e+01
9.650000000000114042e+00 6.413594031941984497e+01
9.670000000000113616e+00 6.421706509415236042e+01
9.690000000000113189e+00 6.445689010263922114e+01
9.710000000000112763e+00 6.411744538112023406e+01
9.730000000000112337e+00 6.444196627833302671e+01
9.750000000000111910e+00 6.443501587079151705e+01
9.770000000000111484e+00 6.421475260349831160e+01
9.790000000000111058e+00 6.433804442308822047e+01
9.810000000000110632e+00 6.412482626252322859e+01
9.830000000000110205e+00 6.411869749612206704e+01
9.850000000000109779e+00 6.414599333348613186e+01
9.870000000000109353e+00 6.401962279915575493e+01
9.890000000000108926e+00 6.391456222171779444e+01
9.910000000000108500e+00 6.419487903822687258e+01
9.930000000000108074e+00 6.390181936132692186e+01
9.950000000000107647e+00 6.380414182429829140e+01
9.970000000000107221e+00 6.419977236229063067e+01
9.990000000000106795e+00 6.396244035367189440e+01
1.001000000000010637e+01 6.378681848173453517e+01
1.003000000000010594e+01 6.371988225944561890e+01
1.005000000000010552e+01 6.371325591248974263e+01
1.007000000000010509e+01 6.349364722995617427e+01
1.009000000000010466e+01 6.353274922339318209e+01
1.011000000000010424e+01 6.343288932308212935e+01
1.013000000000010381e+01 6.344950511813684102e+01
1.015000000000010338e+01 6.331980900528719047e+01
1.017000000000010296e+01 6.314985186668550909e+01
1.019000000000010253e+01 6.315673391399611347e+01
1.021000000000010210e+01 6.304413222706407538e+01
1.023000000000010168e+01 6.299281381118296252e+01
1.025000000000010125e+01 6.291088189963952004e+01
1.027000000000010083e+01 6.292863933565669043e+01
1.029000000000010040e+01 6.242657389904629639e+01
1.031000000000009997e+01 6.282295251520190504e+01
1.033000000000009955e+01 6.243123940777923053e+01
1.035000000000009912e+01 6.235330113177749212e+01
1.037000000000009869e+01 6.244106351741206140e+01
1.039000000000009827e+01 6.212444601872180527e+01
1.041000000000009784e+01 6.200734280397639964e+01
1.043000000000009742e+01 6.192157037527373120e+01
1.045000000000009699e+01 6.192219733193833520e+01
1.047000000000009656e+01 6.163293928308067393e+01
1.049000000000009614e+01 6.164369673798959326e+01
1.051000000000009571e+01 6.149159892236169611e+01
1.053000000000009528e+01 6.146577620807037334e+01
1.055000000000009486e+01 6.150452280578412712e+01
1.057000000000009443e+01 6.126809679686521548e+01
1.059000000000009400e+01 6.095406224502776382e+01
1.061000000000009358e+01 6.113931644266031640e+01
1.063000000000009315e+01 6.074941945111629593e+01
1.065000000000009273e+01 6.075597236560385994e+01
1.067000000000009230e+01 6.066798464009546876e+01
1.069000000000009187e+01 6.073093917004715081e+01
1.071000000000009145e+01 6.028845924919866661e+01
1.073000000000009102e+01 6.041604750724500406e+01
1.075000000000009059e+01 6.039200851163731443e+01
1.077000000000009017e+01 6.020258764362319681e+01
1.079000000000008974e+01 6.016834845431453260e+01
1.081000000000008932e+01 5.987872506622682067e+01
1.083000000000008889e+01 6.009637003629256924e+01
1.085000000000008846e+01 5.974354414848362893e+01
1.087000000000008804e+01 5.967311957071824224e+01
1.089000000000008761e+01 5.977275646485031046e+01
1.091000000000008718e+01 5.945623735791690478e+01
1.093000000000008676e+01 5.940494147775223865e+01
1.095000000000008633e+01 5.951082179957936802e+01
1.097000000000008590e+01 5.949612134576766920e+01
1.099000000000008548e+01 5.934632210641733252e+01
1.101000000000008505e+01 5.935731097992177041e+01
1.103000000000008463e+01 5.918374990217440512e+01
1.105000000000008420e+01 5.930693541338109043e+01
1.107000000000008377e+01 5.919100399102167387e+01
1.109000000000008335e+01 5.883518657465707236e+01
1.111000000000008292e+01 5.905509757473613064e+01
1.113000000000008249e+01 5.905883352240498851e+01
1.115000000000008207e+01 5.894894101340486259e+01
1.117000000000008164e+01 5.899944310594009522e+01
1.119000000000008122e+01 5.921445483605484839e+01
1.121000000000008079e+01 5.889795492374368280e+01
1.123000000000008036e+01 5.900097403275978536e+01
1.125000000000007994e+01 5.907278341611092998e+01
1.127000000000007951e+01 5.891290498404212173e+01
1.129000000000007908e+01 5.895520654307835429e+01
1.131000000000007866e+01 5.880763217488703276e+01
1.133000000000007823e+01 5.880211065656557423e+01
1.135000000000007780e+01 5.904362268591157914e+01
1.137000000000007738e+01 5.911805041162558183e+01
1.139000000000007695e+01 5.920325791546255800e+01
1.141000000000007653e+01 5.922226851127445002e+01
1.143000000000007610e+01 5.920667934089416207e+01
1.145000000000007567e+01 5.913526653510621145e+01
1.147000000000007525e+01 5.915351512861497696e+01
1.149000000000007482e+01 5.911884718705041308e+01
1.151000000000007439e+01 5.940108118788811709e+01
1.153000000000007397e+01 5.927805645100431775e+01
1.155000000000007354e+01 5.932177564555980354e+01
1.157000000000007311e+01 5.951936164444686739e+01
1.159000000000007269e+01 5.952482741961990342e+01
1.161000000000007226e+01 5.951311869573364532e+01
1.163000000000007184e+01 5.971658513550447367e+01
1.165000000000007141e+01 5.965419253737254479e+01
1.167000000000007098e+01 5.979509088043916876e+01
1.169000000000007056e+01 5.955110912984343940e+01
1.171000000000007013e+01 5.988775570753882249e+01
1.173000000000006970e+01 5.988619218552133106e+01
1.175000000000006928e+01 5.986960898172559808e+01
1.177000000000006885e+01 6.007542954989364148e+01
1.179000000000006843e+01 6.009197744557686605e+01
1.181000000000006800e+01 6.016154489173418796e+01
1.183000000000006757e+01 6.019182769340543615e+01
1.185000000000006715e+01 6.026651210528084590e+01
1.187000000000006672e+01 6.011040543072583375e+01
1.189000000000006629e+01 6.039960650116117336e+01
1.191000000000006587e+01 6.027594564190270887e+01
1.193000000000006544e+01 6.042468858109335628e+01
1.195000000000006501e+01 6.043314872351131584e+01
1.197000000000006459e+01 6.053151767918743786e+01
1.199000000000006416e+01 6.061963667027315950e+01
1.201000000000006374e+01 6.065153197670494478e+01
1.203000000000006331e+01 6.069944908435350328e+01
1.205000000000006288e+01 6.046830720080899368e+01
1.207000000000006246e+01 6.059941922051688579e+01
1.209000000000006203e+01 6.060501888326507469e+01
1.211000000000006160e+01 6.048337586383379261e+01
1.213000000000006118e+01 6.075556583053192838e+01
1.215000000000006075e+01 6.070663622885450650e+01
1.217000000000006033e+01 6.072810357443625406e+01
1.219000000000005990e+01 6.061716246628914462e+01
1.221000000000005947e+01 6.071764521427363093e+01
1.223000000000005905e+01 6.038465605776714540e+01
1.225000000000005862e+01 6.051430394710677518e+01
1.227000000000005819e+01 6.074008977015985522e+01
1.229000000000005777e+01 6.062144921059441316e+01
1.231000000000005734e+01 6.048465338836893324e+01
1.233000000000005691e+01 6.027844114459202274e+01
1.235000000000005649e+01 6.037644306469799460e+01
1.237000000000005606e+01 6.020867239248003244e+01
1.239000000000005564e+01 6.047082011909428445e+01
1.241000000000005521e+01 6.013636062514179770e+01
1.243000000000005478e+01 6.002534439301329883e+01
1.245000000000005436e+01 6.008074156805503208e+01
1.247000000000005393e+01 5.996722371613509495e+01
1.249000000000005350e+01 5.964403655053916253e+01
1.251000000000005308e+01 5.948898907794822577e+01
1.253000000000005265e+01 5.973010826871017542e+01
1.255000000000005222e+01 5.956504319308029238e+01
1.257000000000005180e+01 5.934620438823461086e+01
1.259000000000005137e+01 5.909989435947548486e+01
1.261000000000005095e+01 5.894352514878195137e+01
1.263000000000005052e+01 5.893718504207591025e+01
1.265000000000005009e+01 5.889544891743724975e+01
1.267000000000004967e+01 5.856374793979788507e+01
1.269000000000004924e+01 5.826382746552208403e+01
1.271000000000004881e+01 5.831962770455677258e+01
1.273000000000004839e+01 5.781252179517473877e+01
1.275000000000004796e+01 5.789488109120921422e+01
1.277000000000004754e+01 5.758594427443811270e+01
1.279000000000004711e+01 5.754596648747626375e+01
1.281000000000004668e+01 5.707042975070091018e+01
1.283000000000004626e+01 5.683785861613228008e+01
1.285000000000004583e+01 5.682750269750123806e+01
1.287000000000004540e+01 5.641211649494857738e+01
1.289000000000004498e+01 5.630928587705433586e+01
1.291000000000004455e+01 5.607753198380085280e+01
1.293000000000004412e+01 5.546175835501173879e+01
1.295000000000004370e+01 5.551569590971246981e+01
1.297000000000004327e+01 5.522081451502215543e+01
1.299000000000004285e+01 5.502570736783059147e+01
1.301000000000004242e+01 5.443723493411767578e+01
1.303000000000004199e+01 5.434584213978438072e+01
1.305000000000004157e+01 5.401115875192795102e+01
1.307000000000004114e+01 5.374921076360784156e+01
1.309000000000004071e+01 5.325923563390900739e+01
1.311000000000004029e+01 5.308972977139000449e+01
1.313000000000003986e+01 5.266805548052735730e+01
1.315000000000003944e+01 5.248858811099222521e+01
1.317000000000003901e+01 5.173671220974553364e+01
1.319000000000003858e+01 5.155684670280388815e+01
1.321000000000003816e+01 5.154964568001733483e+01
1.323000000000003773e+01 5.059231917878675944e+01
1.325000000000003730e+01 5.035251102229063491e+01
1.327000000000003688e+01 4.989555877755780955e+01
1.329000000000003645e+01 4.971880389930016975e+01
1.331000000000003602e+01 4.935978751543157728e+01
1.333000000000003560e+01 4.871639414139504964e+01
1.335000000000003517e+01 4.802993750557438801e+01
1.337000000000003475e+01 4.755553389281454457e+01
1.339000000000003432e+01 4.733650717557385690e+01
1.341000000000003389e+01 4.669408834303881406e+01
1.343000000000003347e+01 4.613386140596588092e+01
1.345000000000003304e+01 4.538721242297726377e+01
1.347000000000003261e+01 4.487413132571448671e+01
1.349000000000003219e+01 4.442821767317666826e+01
1.351000000000003176e+01 4.371953827811537252e+01
1.353000000000003133e+01 4.307716889600730781e+01
1.355000000000003091e+01 4.207764025874256220e+01
1.357000000000003048e+01 4.124537681094526675e+01
1.359000000000003006e+01 4.062655185706012873e+01
1.361000000000002963e+01 3.970721712292455408e+01
1.363000000000002920e+01 3.892225736860855534e+01
1.365000000000002878e+01 3.820202904669564958e+01
1.367000000000002835e+01 3.728512718674762283e+01
1.369000000000002792e+01 3.651938558902133281e+01
1.371000000000002750e+01 3.571965334172415396e+01
1.373000000000002707e+01 3.455521897830470124e+01
1.375000000000002665e+01 3.374291190727745260e+01
1.377000000000002622e+01 3.277927831189288810e+01
1.379000000000002579e+01 3.193507819231792411e+01
1.381000000000002537e+01 3.106802281555911449e+01
1.383000000000002494e+01 2.996201408728735771e+01
1.385000000000002451e+01 2.877676425523334913e+01
1.387000000000002409e+01 2.776359436691774007e+01
1.389000000000002366e+01 2.667249029949316963e+01
1.391000000000002323e+01 2.559020892875795283e+01
1.393000000000002281e+01 2.441433744441711085e+01
1.395000000000002238e+01 2.330572751021387035e+01
1.397000000000002196e+01 2.207492806835283261e+01
1.399000000000002153e+01 2.083930766919836941e+01
1.401000000000002110e+01 1.948455887311012447e+01
1.403000000000002068e+01 1.827328362748095358e+01
1.405000000000002025e+01 1.683066528711508880e+01
1.407000000000001982e+01 1.568166299144758113e+01
1.409000000000001940e+01 1.415746189297085778e+01
1.411000000000001897e+01 1.299725039870020105e+01
1.413000000000001855e+01 1.153419362431634099e+01
1.415000000000001812e+01 1.029356953100750793e+01
1.417000000000001769e+01 8.944723553123077764e+00
1.419000000000001727e+01 7.787070147623058602e+00
1.421000000000001684e+01 6.380105225491510268e+00
1.423000000000001641e+01 5.385043837422017532e+00
1.425000000000001599e+01 4.302092615306755796e+00
1.427000000000001556e+01 3.361188334131547162e+00
1.429000000000001513e+01 2.542245777666082507e+00
1.431000000000001471e+01 1.917832196125730082e+00
1.433000000000001428e+01 1.443446728264275558e+00
1.435000000000001386e+01 1.046904722817652011e+00
1.437000000000001343e+01 7.453184934943096751e-01
1.439000000000001300e+01 5.210926491529349613e-01
1.441000000000001258e+01 3.708423966653773829e-01
1.443000000000001215e+01 2.477236802866091547e-01
1.445000000000001172e+01 1.535312863187963950e-01
1.447000000000001130e+01 7.040766019932818975e-02
1.449000000000001087e+01 4.599896243501546550e-02
1.451000000000001044e+01 1.632741493607815092e-02
1.453000000000001002e+01 8.190804725409811526e-03
1.455000000000000959e+01 2.763155289094954784e-03
1.457000000000000917e+01 5.471917535897011416e-03
1.459000000000000874e+01 8.909265342661099304e-06
1.461000000000000831e+01 8.223688006055851276e-06
1.463000000000000789e+01 7.079786932499320881e-11
1.465000000000000746e+01 0.000000000000000000e+00
1.467000000000000703e+01 0.000000000000000000e+00
1.469000000000000661e+01 0.000000000000000000e+00
1.471000000000000618e+01 0.000000000000000000e+00
1.473000000000000576e+01 0.000000000000000000e+00
1.475000000000000533e+01 0.000000000000000000e+00
1.477000000000000490e+01 0.000000000000000000e+00
1.479000000000000448e+01 0.000000000000000000e+00
1.481000000000000405e+01 0.000000000000000000e+00
1.483000000000000362e+01 0.000000000000000000e+00
1.485000000000000320e+01 0.000000000000000000e+00
1.487000000000000277e+01 0.000000000000000000e+00
1.489000000000000234e+01 0.000000000000000000e+00
1.491000000000000192e+01 0.000000000000000000e+00
1.493000000000000149e+01 0.000000000000000000e+00
1.495000000000000107e+01 0.000000000000000000e+00
1.497000000000000064e+01 0.000000000000000000e+00
1.499000000000000021e+01 0.000000000000000000e+00
