# Redshift		Merger Rate Density [Gpc^-3yr^-1]
1.000000000031931770e-02 2.475241198947270860e+01
3.000000000031888964e-02 2.596678628650372644e+01
5.000000000031846331e-02 2.729171829640398883e+01
7.000000000031804392e-02 2.844623907239460792e+01
9.000000000031761760e-02 2.976688116717971511e+01
1.100000000003171913e-01 3.121513965758954257e+01
1.300000000003167511e-01 3.243774092326852099e+01
1.500000000003163247e-01 3.390886698888709816e+01
1.700000000003158984e-01 3.523438510499121890e+01
1.900000000003154721e-01 3.660744835921960316e+01
2.100000000003150458e-01 3.805823756893496324e+01
2.300000000003146194e-01 3.969654759197367611e+01
2.500000000003141931e-01 4.076455484969886101e+01
2.700000000003137668e-01 4.262553561690257453e+01
2.900000000003133405e-01 4.421786090000428260e+01
3.100000000003129141e-01 4.557936793631003525e+01
3.300000000003124878e-01 4.721394942878890078e+01
3.500000000003120615e-01 4.883355498033149189e+01
3.700000000003116352e-01 5.035594456214406733e+01
3.900000000003112088e-01 5.193421475498359285e+01
4.100000000003107825e-01 5.384699290289265861e+01
4.300000000003103562e-01 5.531279198175894862e+01
4.500000000003099299e-01 5.697670055965545544e+01
4.700000000003095035e-01 5.894484003003705652e+01
4.900000000003090772e-01 6.063459727173286495e+01
5.100000000003086509e-01 6.258370144964315074e+01
5.300000000003082246e-01 6.452517066423128256e+01
5.500000000003077982e-01 6.639349324545349873e+01
5.700000000003073719e-01 6.784431361402029381e+01
5.900000000003069456e-01 7.014967393835463838e+01
6.100000000003065193e-01 7.236398094458580488e+01
6.300000000003060929e-01 7.369252576718372438e+01
6.500000000003056666e-01 7.599105994890305737e+01
6.700000000003052403e-01 7.812524429586143526e+01
6.900000000003048140e-01 7.951445967787481095e+01
7.100000000003043876e-01 8.182322837375457425e+01
7.300000000003039613e-01 8.353453753874157428e+01
7.500000000003035350e-01 8.573969299671196609e+01
7.700000000003031086e-01 8.775628766563657734e+01
7.900000000003026823e-01 9.016931297230695463e+01
8.100000000003022560e-01 9.172656583937933306e+01
8.300000000003018297e-01 9.381037884469947130e+01
8.500000000003014033e-01 9.626604893157767151e+01
8.700000000003009770e-01 9.811902214070241257e+01
8.900000000003005507e-01 9.994187388614524536e+01
9.100000000003001244e-01 1.022695491246126949e+02
9.300000000002996980e-01 1.041722269524256888e+02
9.500000000002992717e-01 1.057229633313441042e+02
9.700000000002988454e-01 1.087407311793528208e+02
9.900000000002984191e-01 1.100396492387543219e+02
1.010000000000297993e+00 1.119653696714810991e+02
1.030000000000297566e+00 1.141620100028749505e+02
1.050000000000297140e+00 1.157816947183933962e+02
1.070000000000296714e+00 1.180512347348724234e+02
1.090000000000296287e+00 1.199307351950329661e+02
1.110000000000295861e+00 1.214981229283010862e+02
1.130000000000295435e+00 1.233223696680729233e+02
1.150000000000295008e+00 1.252008506051296308e+02
1.170000000000294582e+00 1.269471577168840497e+02
1.190000000000294156e+00 1.291722568800579154e+02
1.210000000000293729e+00 1.307321234464624240e+02
1.230000000000293303e+00 1.317814546612625861e+02
1.250000000000292877e+00 1.343153150599287926e+02
1.270000000000292451e+00 1.354809860852077179e+02
1.290000000000292024e+00 1.372549455243548380e+02
1.310000000000291598e+00 1.390954687861532761e+02
1.330000000000291172e+00 1.399946910460294021e+02
1.350000000000290745e+00 1.409041474312007551e+02
1.370000000000290319e+00 1.425202234850425214e+02
1.390000000000289893e+00 1.441541145008248179e+02
1.410000000000289466e+00 1.450991389395377382e+02
1.430000000000289040e+00 1.460081632002165009e+02
1.450000000000288614e+00 1.472884063251001976e+02
1.470000000000288187e+00 1.493316444001650041e+02
1.490000000000287761e+00 1.494245522779049509e+02
1.510000000000287335e+00 1.503332223347429419e+02
1.530000000000286908e+00 1.512142724850031072e+02
1.550000000000286482e+00 1.513697022827026899e+02
1.570000000000286056e+00 1.524851937296458573e+02
1.590000000000285629e+00 1.539458842944895878e+02
1.610000000000285203e+00 1.537895193502554321e+02
1.630000000000284777e+00 1.542553539373911065e+02
1.650000000000284350e+00 1.550458498159852638e+02
1.670000000000283924e+00 1.551666148160925900e+02
1.690000000000283498e+00 1.555572721871943145e+02
1.710000000000283071e+00 1.551163860259821092e+02
1.730000000000282645e+00 1.555959226173394541e+02
1.750000000000282219e+00 1.552823110762132899e+02
1.770000000000281792e+00 1.555111878211117471e+02
1.790000000000281366e+00 1.555738806571104078e+02
1.810000000000280940e+00 1.564248129295240233e+02
1.830000000000280513e+00 1.548369257181825844e+02
1.850000000000280087e+00 1.548940379945790085e+02
1.870000000000279661e+00 1.548513943888889060e+02
1.890000000000279234e+00 1.534598254994376987e+02
1.910000000000278808e+00 1.530328973558728478e+02
1.930000000000278382e+00 1.522691317149827341e+02
1.950000000000277955e+00 1.519554259871732711e+02
1.970000000000277529e+00 1.504063503043988135e+02
1.990000000000277103e+00 1.499546678246161093e+02
2.010000000000276899e+00 1.493251243243230419e+02
2.030000000000276472e+00 1.479874637606118597e+02
2.050000000000276046e+00 1.470906633512653912e+02
2.070000000000275620e+00 1.454206520948399088e+02
2.090000000000275193e+00 1.447330576054062590e+02
2.110000000000274767e+00 1.439468457598729572e+02
2.130000000000274341e+00 1.423692345158082730e+02
2.150000000000273914e+00 1.414557670248892975e+02
2.170000000000273488e+00 1.405759591571482190e+02
2.190000000000273062e+00 1.385691923251630726e+02
2.210000000000272635e+00 1.378522818907074736e+02
2.230000000000272209e+00 1.357370683879092894e+02
2.250000000000271783e+00 1.341200418139776218e+02
2.270000000000271356e+00 1.332469429815206752e+02
2.290000000000270930e+00 1.319706513445605367e+02
2.310000000000270504e+00 1.317633560837579694e+02
2.330000000000270077e+00 1.310308193149431588e+02
2.350000000000269651e+00 1.296086271784040775e+02
2.370000000000269225e+00 1.288892346574874068e+02
2.390000000000268798e+00 1.309904802107913326e+02
2.410000000000268372e+00 1.274597971112005865e+02
2.430000000000267946e+00 1.245555668675776531e+02
2.450000000000267519e+00 1.206199588233228184e+02
2.470000000000267093e+00 1.190163551284252605e+02
2.490000000000266667e+00 1.173322500722675414e+02
2.510000000000266240e+00 1.161999281019319881e+02
2.530000000000265814e+00 1.119542196207133316e+02
2.550000000000265388e+00 1.089314759862106285e+02
2.570000000000264961e+00 1.069257712005293115e+02
2.590000000000264535e+00 1.048565520239015143e+02
2.610000000000264109e+00 1.025295003269735901e+02
2.630000000000263682e+00 1.013673303180372756e+02
2.650000000000263256e+00 9.984257095499908985e+01
2.670000000000262830e+00 9.774002555940342063e+01
2.690000000000262403e+00 9.620290064570916400e+01
2.710000000000261977e+00 9.429085335897157449e+01
2.730000000000261551e+00 9.288556300816925670e+01
2.750000000000261124e+00 9.133212108748159608e+01
2.770000000000260698e+00 8.977087494289706626e+01
2.790000000000260272e+00 8.830403380636477095e+01
2.810000000000259845e+00 8.676632886755972152e+01
2.830000000000259419e+00 8.534427700231971414e+01
2.850000000000258993e+00 8.411344849350061281e+01
2.870000000000258567e+00 8.259338113771022449e+01
2.890000000000258140e+00 8.140497941704863649e+01
2.910000000000257714e+00 7.982559993195110337e+01
2.930000000000257288e+00 7.810173037054217104e+01
2.950000000000256861e+00 7.646985165019572150e+01
2.970000000000256435e+00 7.512978724953282494e+01
2.990000000000256009e+00 7.367830996932525522e+01
3.010000000000255582e+00 7.258406978585203717e+01
3.030000000000255156e+00 7.145687144568604765e+01
3.050000000000254730e+00 7.014783069743035071e+01
3.070000000000254303e+00 6.857699249225517235e+01
3.090000000000253877e+00 6.739765738455464827e+01
3.110000000000253451e+00 6.619423545097117767e+01
3.130000000000253024e+00 6.513083417137275433e+01
3.150000000000252598e+00 6.389676267020757194e+01
3.170000000000252172e+00 6.286562943275256998e+01
3.190000000000251745e+00 6.134864700554652472e+01
3.210000000000251319e+00 6.023896302070634334e+01
3.230000000000250893e+00 5.895375255329605579e+01
3.250000000000250466e+00 5.805125718445312089e+01
3.270000000000250040e+00 5.715446652692952512e+01
3.290000000000249614e+00 5.586470614612096597e+01
3.310000000000249187e+00 5.488717557543036207e+01
3.330000000000248761e+00 5.392969745684130345e+01
3.350000000000248335e+00 5.279790972061044130e+01
3.370000000000247908e+00 5.208317182396991996e+01
3.390000000000247482e+00 5.113094209687728409e+01
3.410000000000247056e+00 5.017480107071138917e+01
3.430000000000246629e+00 4.921279098697097254e+01
3.450000000000246203e+00 4.842455851352645624e+01
3.470000000000245777e+00 4.761079274415744322e+01
3.490000000000245350e+00 4.671630702032875604e+01
3.510000000000244924e+00 4.577817111388483795e+01
3.530000000000244498e+00 4.485965628248587223e+01
3.550000000000244071e+00 4.388654931811841209e+01
3.570000000000243645e+00 4.305153278046224585e+01
3.590000000000243219e+00 4.259635111559454401e+01
3.610000000000242792e+00 4.197262403273914799e+01
3.630000000000242366e+00 4.103310646527855710e+01
3.650000000000241940e+00 4.024097455608995233e+01
3.670000000000241513e+00 3.929088834086019943e+01
3.690000000000241087e+00 3.890408178008165407e+01
3.710000000000240661e+00 3.810660863570269896e+01
3.730000000000240234e+00 3.741319734757059479e+01
3.750000000000239808e+00 3.648881043923595513e+01
3.770000000000239382e+00 3.594405618449329154e+01
3.790000000000238956e+00 3.543216452531967775e+01
3.810000000000238529e+00 3.472126201694588588e+01
3.830000000000238103e+00 3.431354096149776467e+01
3.850000000000237677e+00 3.350661616915904517e+01
3.870000000000237250e+00 3.280820723870934330e+01
3.890000000000236824e+00 3.246686538369468877e+01
3.910000000000236398e+00 3.181092418431146029e+01
3.930000000000235971e+00 3.123092425549429763e+01
3.950000000000235545e+00 3.090861853105180757e+01
3.970000000000235119e+00 3.032911531346204370e+01
3.990000000000234692e+00 2.980387951325767304e+01
4.010000000000234266e+00 2.942657483108325778e+01
4.030000000000233840e+00 2.878795499218252729e+01
4.050000000000233413e+00 2.853857167413069007e+01
4.070000000000232987e+00 2.782365030325880895e+01
4.090000000000232561e+00 2.736649346810677486e+01
4.110000000000232134e+00 2.702265300028409101e+01
4.130000000000231708e+00 2.676473902131817439e+01
4.150000000000231282e+00 2.604611137803256682e+01
4.170000000000230855e+00 2.579703192408775436e+01
4.190000000000230429e+00 2.547608142174228618e+01
4.210000000000230003e+00 2.500071681064733653e+01
4.230000000000229576e+00 2.466225853018154979e+01
4.250000000000229150e+00 2.412122058134176683e+01
4.270000000000228724e+00 2.378346114517143661e+01
4.290000000000228297e+00 2.367601879558659306e+01
4.310000000000227871e+00 2.318468804231837410e+01
4.330000000000227445e+00 2.289393549750267454e+01
4.350000000000227018e+00 2.239140753584850074e+01
4.370000000000226592e+00 2.228868532371815192e+01
4.390000000000226166e+00 2.177709826365286716e+01
4.410000000000225739e+00 2.146252015283100434e+01
4.430000000000225313e+00 2.098294754261655015e+01
4.450000000000224887e+00 2.069609585542311336e+01
4.470000000000224460e+00 2.068780304863215846e+01
4.490000000000224034e+00 2.025814486730083530e+01
4.510000000000223608e+00 1.989391157424249101e+01
4.530000000000223181e+00 1.974328422176560949e+01
4.550000000000222755e+00 1.928444817195942917e+01
4.570000000000222329e+00 1.905848582471339370e+01
4.590000000000221902e+00 1.853995940112415397e+01
4.610000000000221476e+00 1.841088739321954293e+01
4.630000000000221050e+00 1.818908127364139915e+01
4.650000000000220624e+00 1.796274877394619907e+01
4.670000000000220197e+00 1.765219619034201415e+01
4.690000000000219771e+00 1.764851524748184985e+01
4.710000000000219345e+00 1.727399259558691824e+01
4.730000000000218918e+00 1.712658865453786916e+01
4.750000000000218492e+00 1.682152487702411747e+01
4.770000000000218066e+00 1.665673631832638080e+01
4.790000000000217639e+00 1.631959948231482826e+01
4.810000000000217213e+00 1.620035149845572064e+01
4.830000000000216787e+00 1.606754759431566626e+01
4.850000000000216360e+00 1.582502742960819120e+01
4.870000000000215934e+00 1.567073768435243153e+01
4.890000000000215508e+00 1.539644520616030299e+01
4.910000000000215081e+00 1.507695814218520702e+01
4.930000000000214655e+00 1.521957800999849120e+01
4.950000000000214229e+00 1.477781754961596405e+01
4.970000000000213802e+00 1.470953160409852600e+01
4.990000000000213376e+00 1.469697545122747329e+01
5.010000000000212950e+00 1.433895924711392134e+01
5.030000000000212523e+00 1.421284149479940240e+01
5.050000000000212097e+00 1.409035312722208921e+01
5.070000000000211671e+00 1.392096072733011702e+01
5.090000000000211244e+00 1.385424939711518988e+01
5.110000000000210818e+00 1.374230749883788860e+01
5.130000000000210392e+00 1.354068484881091372e+01
5.150000000000209965e+00 1.339639587436524160e+01
5.170000000000209539e+00 1.315816975941444511e+01
5.190000000000209113e+00 1.316890562126916642e+01
5.210000000000208686e+00 1.304647299253101522e+01
5.230000000000208260e+00 1.282598987261283874e+01
5.250000000000207834e+00 1.298123316311254527e+01
5.270000000000207407e+00 1.258244261819149656e+01
5.290000000000206981e+00 1.254250346275009420e+01
5.310000000000206555e+00 1.240025296484379957e+01
5.330000000000206128e+00 1.239788215393487114e+01
5.350000000000205702e+00 1.219554593841365708e+01
5.370000000000205276e+00 1.205137423863926216e+01
5.390000000000204849e+00 1.187265090816118018e+01
5.410000000000204423e+00 1.180234521662599079e+01
5.430000000000203997e+00 1.175323855431925146e+01
5.450000000000203570e+00 1.150482540239132767e+01
5.470000000000203144e+00 1.148615078929697297e+01
5.490000000000202718e+00 1.142884280720616097e+01
5.510000000000202292e+00 1.120611544988134334e+01
5.530000000000201865e+00 1.124202674285598569e+01
5.550000000000201439e+00 1.114894338415942521e+01
5.570000000000201013e+00 1.098347646466982930e+01
5.590000000000200586e+00 1.086429238429429844e+01
5.610000000000200160e+00 1.085043880258272075e+01
5.630000000000199734e+00 1.070275751515362472e+01
5.650000000000199307e+00 1.065724370895251738e+01
5.670000000000198881e+00 1.046650515855110974e+01
5.690000000000198455e+00 1.045999614819764112e+01
5.710000000000198028e+00 1.033277098398631821e+01
5.730000000000197602e+00 1.031615133494839753e+01
5.750000000000197176e+00 1.031949678642544477e+01
5.770000000000196749e+00 1.021332506010035246e+01
5.790000000000196323e+00 1.011534745912801014e+01
5.810000000000195897e+00 1.005748066137438990e+01
5.830000000000195470e+00 1.001313666991316431e+01
5.850000000000195044e+00 9.984696994219579125e+00
5.870000000000194618e+00 9.830783618197324714e+00
5.890000000000194191e+00 9.748981529885728747e+00
5.910000000000193765e+00 9.720533444112644972e+00
5.930000000000193339e+00 9.609012588755490469e+00
5.950000000000192912e+00 9.572174537284674045e+00
5.970000000000192486e+00 9.598556805927232816e+00
5.990000000000192060e+00 9.461126980093977679e+00
6.010000000000191633e+00 9.308774891535680496e+00
6.030000000000191207e+00 9.272746669293757904e+00
6.050000000000190781e+00 9.258563035314601564e+00
6.070000000000190354e+00 9.117948530717061573e+00
6.090000000000189928e+00 9.196969770390623466e+00
6.110000000000189502e+00 9.087810007339909291e+00
6.130000000000189075e+00 8.890190254953822091e+00
6.150000000000188649e+00 8.987051809255387269e+00
6.170000000000188223e+00 8.899095676014171730e+00
6.190000000000187796e+00 8.897480069961858362e+00
6.210000000000187370e+00 8.850035486610153157e+00
6.230000000000186944e+00 8.826408103344427047e+00
6.250000000000186517e+00 8.768361992540322447e+00
6.270000000000186091e+00 8.741902063746820772e+00
6.290000000000185665e+00 8.720882155223682375e+00
6.310000000000185238e+00 8.619189206993635111e+00
6.330000000000184812e+00 8.661732453819503519e+00
6.350000000000184386e+00 8.528252815921719687e+00
6.370000000000183960e+00 8.445500250340218784e+00
6.390000000000183533e+00 8.403590201377369340e+00
6.410000000000183107e+00 8.378772296761527016e+00
6.430000000000182681e+00 8.350427277583030161e+00
6.450000000000182254e+00 8.327207684378651109e+00
6.470000000000181828e+00 8.356998043995050196e+00
6.490000000000181402e+00 8.264687478391216757e+00
6.510000000000180975e+00 8.173886038654837094e+00
6.530000000000180549e+00 8.139326420611180168e+00
6.550000000000180123e+00 8.102303174994766266e+00
6.570000000000179696e+00 8.097388610591931268e+00
6.590000000000179270e+00 7.953591995338697096e+00
6.610000000000178844e+00 7.990496707814137345e+00
6.630000000000178417e+00 8.072608810555914616e+00
6.650000000000177991e+00 7.913053023754565984e+00
6.670000000000177565e+00 7.811342483111621604e+00
6.690000000000177138e+00 8.005819665867308643e+00
6.710000000000176712e+00 7.941006721867990059e+00
6.730000000000176286e+00 7.870313804703180871e+00
6.750000000000175859e+00 7.802218233994214103e+00
6.770000000000175433e+00 7.711455510684225523e+00
6.790000000000175007e+00 7.758655719917373794e+00
6.810000000000174580e+00 7.730334260352488052e+00
6.830000000000174154e+00 7.692467188600126349e+00
6.850000000000173728e+00 7.728474226929680668e+00
6.870000000000173301e+00 7.630873469348139260e+00
6.890000000000172875e+00 7.661985414055257237e+00
6.910000000000172449e+00 7.601014965122510958e+00
6.930000000000172022e+00 7.553248704180603568e+00
6.950000000000171596e+00 7.591626034417942037e+00
6.970000000000171170e+00 7.569790326945245340e+00
6.990000000000170743e+00 7.490975837765364354e+00
7.010000000000170317e+00 7.471464627648684242e+00
7.030000000000169891e+00 7.370315518528452792e+00
7.050000000000169464e+00 7.433556649149132944e+00
7.070000000000169038e+00 7.446541468191932189e+00
7.090000000000168612e+00 7.384198943343712074e+00
7.110000000000168185e+00 7.398054224885194152e+00
7.130000000000167759e+00 7.300703896711367769e+00
7.150000000000167333e+00 7.371680193223856925e+00
7.170000000000166906e+00 7.315804084202194524e+00
7.190000000000166480e+00 7.239745498631502407e+00
7.210000000000166054e+00 7.226709232075189782e+00
7.230000000000165628e+00 7.268219029774358297e+00
7.250000000000165201e+00 7.199379832091342024e+00
7.270000000000164775e+00 7.205243901118048910e+00
7.290000000000164349e+00 7.169440123307881052e+00
7.310000000000163922e+00 7.197976224443436877e+00
7.330000000000163496e+00 7.172874565058270591e+00
7.350000000000163070e+00 7.157454194679634618e+00
7.370000000000162643e+00 7.222495983410595066e+00
7.390000000000162217e+00 7.081435525159173849e+00
7.410000000000161791e+00 7.148514695476926306e+00
7.430000000000161364e+00 7.161041035250968356e+00
7.450000000000160938e+00 7.089173893259411940e+00
7.470000000000160512e+00 7.150073273032805155e+00
7.490000000000160085e+00 7.037691278738805956e+00
7.510000000000159659e+00 7.062807076876319812e+00
7.530000000000159233e+00 6.977863199774176906e+00
7.550000000000158806e+00 7.033218414914763628e+00
7.570000000000158380e+00 6.991795016128924622e+00
7.590000000000157954e+00 6.994803286482616400e+00
7.610000000000157527e+00 6.929060817981612885e+00
7.630000000000157101e+00 6.899399006649393762e+00
7.650000000000156675e+00 6.947792398974895534e+00
7.670000000000156248e+00 6.974764580601561015e+00
7.690000000000155822e+00 6.945513416618942060e+00
7.710000000000155396e+00 6.876692760231726709e+00
7.730000000000154969e+00 6.925352612549010800e+00
7.750000000000154543e+00 6.918840009668545399e+00
7.770000000000154117e+00 6.905482938627291567e+00
7.790000000000153690e+00 6.899550237463101254e+00
7.810000000000153264e+00 6.882608630872011801e+00
7.830000000000152838e+00 6.911659651031193619e+00
7.850000000000152411e+00 6.828605687794578216e+00
7.870000000000151985e+00 6.837613693228043132e+00
7.890000000000151559e+00 6.886730959794901352e+00
7.910000000000151132e+00 6.772459282303559647e+00
7.930000000000150706e+00 6.827250534237309765e+00
7.950000000000150280e+00 6.790446956831106995e+00
7.970000000000149853e+00 6.816827118390097695e+00
7.990000000000149427e+00 6.796529180508147583e+00
8.010000000000149001e+00 6.807406408179747181e+00
8.030000000000148574e+00 6.749050697044784997e+00
8.050000000000148148e+00 6.776375384528188661e+00
8.070000000000147722e+00 6.720975087276408466e+00
8.090000000000147296e+00 6.775432675880301403e+00
8.110000000000146869e+00 6.761595260647236927e+00
8.130000000000146443e+00 6.807329260331492549e+00
8.150000000000146017e+00 6.722124634598292126e+00
8.170000000000145590e+00 6.750375984157995113e+00
8.190000000000145164e+00 6.751221293306081783e+00
8.210000000000144738e+00 6.704211078925909284e+00
8.230000000000144311e+00 6.786354705308673019e+00
8.250000000000143885e+00 6.708627417411308969e+00
8.270000000000143459e+00 6.705095495503266001e+00
8.290000000000143032e+00 6.681332835448016816e+00
8.310000000000142606e+00 6.694955905404264662e+00
8.330000000000142180e+00 6.629554155413676320e+00
8.350000000000141753e+00 6.686099209358741469e+00
8.370000000000141327e+00 6.672808582274830869e+00
8.390000000000140901e+00 6.733460768815438868e+00
8.410000000000140474e+00 6.687678638637581940e+00
8.430000000000140048e+00 6.646356370450220652e+00
8.450000000000139622e+00 6.692036614368102931e+00
8.470000000000139195e+00 6.699624430815084963e+00
8.490000000000138769e+00 6.657186513321722288e+00
8.510000000000138343e+00 6.641857315848293197e+00
8.530000000000137916e+00 6.612475298515526845e+00
8.550000000000137490e+00 6.659151170816054233e+00
8.570000000000137064e+00 6.624384275114149290e+00
8.590000000000136637e+00 6.635437610070732184e+00
8.610000000000136211e+00 6.615074624206599196e+00
8.630000000000135785e+00 6.657284995542999795e+00
8.650000000000135358e+00 6.646267449234260383e+00
8.670000000000134932e+00 6.641542016749231614e+00
8.690000000000134506e+00 6.630294346221401014e+00
8.710000000000134079e+00 6.600945320490582802e+00
8.730000000000133653e+00 6.677250586196559645e+00
8.750000000000133227e+00 6.649420792826332693e+00
8.770000000000132800e+00 6.582603445380141416e+00
8.790000000000132374e+00 6.588962051894164951e+00
8.810000000000131948e+00 6.579486291368988660e+00
8.830000000000131521e+00 6.619273985347712497e+00
8.850000000000131095e+00 6.626176787427713322e+00
8.870000000000130669e+00 6.664777640079950771e+00
8.890000000000130242e+00 6.572117927815775751e+00
8.910000000000129816e+00 6.577889192374037464e+00
8.930000000000129390e+00 6.534963685817021251e+00
8.950000000000128964e+00 6.638147010463162800e+00
8.970000000000128537e+00 6.587644134814143015e+00
8.990000000000128111e+00 6.607709867846305762e+00
9.010000000000127685e+00 6.586254990425624456e+00
9.030000000000127258e+00 6.586653871900359114e+00
9.050000000000126832e+00 6.579670849349617434e+00
9.070000000000126406e+00 6.591400449711894538e+00
9.090000000000125979e+00 6.556040148106060172e+00
9.110000000000125553e+00 6.579238801709672124e+00
9.130000000000125127e+00 6.577492338846774089e+00
9.150000000000124700e+00 6.572101401662922449e+00
9.170000000000124274e+00 6.517346727435966436e+00
9.190000000000123848e+00 6.576448321010310849e+00
9.210000000000123421e+00 6.582346250348711791e+00
9.230000000000122995e+00 6.580829614749042378e+00
9.250000000000122569e+00 6.542615839114318987e+00
9.270000000000122142e+00 6.551564428376880578e+00
9.290000000000121716e+00 6.587761452569139919e+00
9.310000000000121290e+00 6.552575511502400474e+00
9.330000000000120863e+00 6.569770615508945255e+00
9.350000000000120437e+00 6.528726959870051694e+00
9.370000000000120011e+00 6.554499143356282254e+00
9.390000000000119584e+00 6.496854602364835252e+00
9.410000000000119158e+00 6.501378685831843640e+00
9.430000000000118732e+00 6.521957701514047301e+00
9.450000000000118305e+00 6.530287411357953431e+00
9.470000000000117879e+00 6.558551680672747075e+00
9.490000000000117453e+00 6.506691676353493214e+00
9.510000000000117026e+00 6.518564726077054949e+00
9.530000000000116600e+00 6.590709937581840094e+00
9.550000000000116174e+00 6.469423138008617791e+00
9.570000000000115747e+00 6.469385714520647035e+00
9.590000000000115321e+00 6.502768183274943326e+00
9.610000000000114895e+00 6.448969037244237867e+00
9.630000000000114468e+00 6.476117794005940453e+00
9.650000000000114042e+00 6.484072407176841857e+00
9.670000000000113616e+00 6.493652941445150262e+00
9.690000000000113189e+00 6.489772281141758192e+00
9.710000000000112763e+00 6.512164796055895266e+00
9.730000000000112337e+00 6.424737835495857752e+00
9.750000000000111910e+00 6.443731387401407495e+00
9.770000000000111484e+00 6.461151263665372291e+00
9.790000000000111058e+00 6.385540878290709266e+00
9.810000000000110632e+00 6.366239001440272993e+00
9.830000000000110205e+00 6.391785315094835163e+00
9.850000000000109779e+00 6.457904548768955699e+00
9.870000000000109353e+00 6.438206511638626672e+00
9.890000000000108926e+00 6.357385683215877492e+00
9.910000000000108500e+00 6.429442294813029868e+00
9.930000000000108074e+00 6.351261172034498692e+00
9.950000000000107647e+00 6.405885610514898687e+00
9.970000000000107221e+00 6.315782540964513636e+00
9.990000000000106795e+00 6.289632342093240958e+00
1.001000000000010637e+01 6.303776580924366435e+00
1.003000000000010594e+01 6.289618927265669512e+00
1.005000000000010552e+01 6.336147160285157121e+00
1.007000000000010509e+01 6.247147047595199787e+00
1.009000000000010466e+01 6.293073549065963945e+00
1.011000000000010424e+01 6.310194169743573056e+00
1.013000000000010381e+01 6.218944416836587052e+00
1.015000000000010338e+01 6.248037295714799377e+00
1.017000000000010296e+01 6.221464939673282402e+00
1.019000000000010253e+01 6.143917490135363479e+00
1.021000000000010210e+01 6.143893473134002470e+00
1.023000000000010168e+01 6.219162681214656097e+00
1.025000000000010125e+01 6.133876426216009925e+00
1.027000000000010083e+01 6.148017723407897428e+00
1.029000000000010040e+01 6.115476912477392446e+00
1.031000000000009997e+01 6.082239698739793532e+00
1.033000000000009955e+01 6.037775138615026904e+00
1.035000000000009912e+01 6.042974862009614867e+00
1.037000000000009869e+01 5.996201719402336039e+00
1.039000000000009827e+01 6.022249506467423075e+00
1.041000000000009784e+01 6.007531081760386193e+00
1.043000000000009742e+01 6.000958389969805573e+00
1.045000000000009699e+01 5.944831594647345341e+00
1.047000000000009656e+01 5.880874885413727604e+00
1.049000000000009614e+01 5.865434128975599570e+00
1.051000000000009571e+01 5.877715513538576353e+00
1.053000000000009528e+01 5.799152571533524814e+00
1.055000000000009486e+01 5.837039386086531501e+00
1.057000000000009443e+01 5.803558670339875825e+00
1.059000000000009400e+01 5.770072975707458696e+00
1.061000000000009358e+01 5.717229783690773282e+00
1.063000000000009315e+01 5.712105524373858323e+00
1.065000000000009273e+01 5.665116541953475249e+00
1.067000000000009230e+01 5.626181150670382713e+00
1.069000000000009187e+01 5.543719095382135365e+00
1.071000000000009145e+01 5.648671882705508018e+00
1.073000000000009102e+01 5.562332963642694139e+00
1.075000000000009059e+01 5.491205505655806007e+00
1.077000000000009017e+01 5.470563125164579432e+00
1.079000000000008974e+01 5.431336225441997456e+00
1.081000000000008932e+01 5.443585662520062485e+00
1.083000000000008889e+01 5.393846612950637720e+00
1.085000000000008846e+01 5.346648420632454268e+00
1.087000000000008804e+01 5.348925210520376616e+00
1.089000000000008761e+01 5.225587718048350538e+00
1.091000000000008718e+01 5.185739404774541761e+00
1.093000000000008676e+01 5.187883466513986797e+00
1.095000000000008633e+01 5.179146767904947879e+00
1.097000000000008590e+01 5.136211423205380378e+00
1.099000000000008548e+01 5.083469453007944061e+00
1.101000000000008505e+01 5.077792039459096074e+00
1.103000000000008463e+01 4.996176002073668521e+00
1.105000000000008420e+01 4.934698015489725975e+00
1.107000000000008377e+01 4.921113097817169546e+00
1.109000000000008335e+01 4.885824624399628391e+00
1.111000000000008292e+01 4.824982687143422488e+00
1.113000000000008249e+01 4.772967261793100491e+00
1.115000000000008207e+01 4.735683003595002383e+00
1.117000000000008164e+01 4.737392753911167986e+00
1.119000000000008122e+01 4.667978626849216717e+00
1.121000000000008079e+01 4.610823634503030455e+00
1.123000000000008036e+01 4.567191440288583593e+00
1.125000000000007994e+01 4.525047379133142478e+00
1.127000000000007951e+01 4.506515856095137273e+00
1.129000000000007908e+01 4.435023353879013364e+00
1.131000000000007866e+01 4.388553541208732867e+00
1.133000000000007823e+01 4.341656217991642919e+00
1.135000000000007780e+01 4.286866294985023806e+00
1.137000000000007738e+01 4.236919325612486631e+00
1.139000000000007695e+01 4.249718739342545071e+00
1.141000000000007653e+01 4.138513305607532722e+00
1.143000000000007610e+01 4.094841221902374429e+00
1.145000000000007567e+01 4.048164037722478348e+00
1.147000000000007525e+01 4.036668101577122414e+00
1.149000000000007482e+01 3.986467739932516796e+00
1.151000000000007439e+01 3.904286867470222688e+00
1.153000000000007397e+01 3.879950749071038985e+00
1.155000000000007354e+01 3.803391578279550878e+00
1.157000000000007311e+01 3.765020810324186229e+00
1.159000000000007269e+01 3.684054264134169809e+00
1.161000000000007226e+01 3.721609487814231176e+00
1.163000000000007184e+01 3.579896285124910982e+00
1.165000000000007141e+01 3.626070724562669767e+00
1.167000000000007098e+01 3.511931154292865287e+00
1.169000000000007056e+01 3.495215542763939531e+00
1.171000000000007013e+01 3.445829097070014058e+00
1.173000000000006970e+01 3.343811271196567070e+00
1.175000000000006928e+01 3.308001199040181195e+00
1.177000000000006885e+01 3.297824221308501169e+00
1.179000000000006843e+01 3.238752981793264762e+00
1.181000000000006800e+01 3.169323597701123596e+00
1.183000000000006757e+01 3.195909135074311180e+00
1.185000000000006715e+01 3.094296706687531984e+00
1.187000000000006672e+01 3.001630050373728320e+00
1.189000000000006629e+01 3.007981596835730631e+00
1.191000000000006587e+01 2.913489244797318634e+00
1.193000000000006544e+01 2.924324160982602283e+00
1.195000000000006501e+01 2.867392063865143115e+00
1.197000000000006459e+01 2.801609045719374524e+00
1.199000000000006416e+01 2.740981021118835237e+00
1.201000000000006374e+01 2.718853065425324900e+00
1.203000000000006331e+01 2.694521231177878562e+00
1.205000000000006288e+01 2.609824242420944795e+00
1.207000000000006246e+01 2.586927203442097145e+00
1.209000000000006203e+01 2.530373766963965654e+00
1.211000000000006160e+01 2.435421200593750335e+00
1.213000000000006118e+01 2.477162586624732654e+00
1.215000000000006075e+01 2.420821624646212200e+00
1.217000000000006033e+01 2.335407302606266278e+00
1.219000000000005990e+01 2.332941450665715344e+00
1.221000000000005947e+01 2.268395781762973407e+00
1.223000000000005905e+01 2.232511644924378480e+00
1.225000000000005862e+01 2.180659526703983442e+00
1.227000000000005819e+01 2.131991300824961577e+00
1.229000000000005777e+01 2.117897295405874125e+00
1.231000000000005734e+01 2.056866174311148487e+00
1.233000000000005691e+01 2.052643578805159130e+00
1.235000000000005649e+01 1.985016315709992707e+00
1.237000000000005606e+01 1.940398574298059176e+00
1.239000000000005564e+01 1.910772734895926028e+00
1.241000000000005521e+01 1.860005169373136313e+00
1.243000000000005478e+01 1.860779088343081478e+00
1.245000000000005436e+01 1.775944079243901186e+00
1.247000000000005393e+01 1.782127938242889620e+00
1.249000000000005350e+01 1.750616213442473645e+00
1.251000000000005308e+01 1.668929547119082590e+00
1.253000000000005265e+01 1.639928630553281419e+00
1.255000000000005222e+01 1.640673400303194196e+00
1.257000000000005180e+01 1.567527719857626289e+00
1.259000000000005137e+01 1.572204723403709536e+00
1.261000000000005095e+01 1.532097138345251297e+00
1.263000000000005052e+01 1.505310116035439849e+00
1.265000000000005009e+01 1.478020146164363391e+00
1.267000000000004967e+01 1.427424282561665203e+00
1.269000000000004924e+01 1.384327592236815674e+00
1.271000000000004881e+01 1.360815326605914644e+00
1.273000000000004839e+01 1.364380022556775485e+00
1.275000000000004796e+01 1.280937649348427465e+00
1.277000000000004754e+01 1.329482073175981549e+00
1.279000000000004711e+01 1.259139028034017782e+00
1.281000000000004668e+01 1.216865245417547037e+00
1.283000000000004626e+01 1.213365192278790694e+00
1.285000000000004583e+01 1.168990304260883795e+00
1.287000000000004540e+01 1.164128232430313048e+00
1.289000000000004498e+01 1.143473700087365597e+00
1.291000000000004455e+01 1.115340276257963614e+00
1.293000000000004412e+01 1.083280695252324621e+00
1.295000000000004370e+01 1.051676144595437234e+00
1.297000000000004327e+01 1.040324255216675597e+00
1.299000000000004285e+01 1.017942487481882097e+00
1.301000000000004242e+01 1.001742958106148551e+00
1.303000000000004199e+01 9.816949880944120244e-01
1.305000000000004157e+01 9.387120275147763371e-01
1.307000000000004114e+01 9.334350145718327552e-01
1.309000000000004071e+01 9.180349204713621480e-01
1.311000000000004029e+01 9.090465034526750143e-01
1.313000000000003986e+01 8.998254165916681480e-01
1.315000000000003944e+01 8.412686485216908094e-01
1.317000000000003901e+01 8.418954228833391840e-01
1.319000000000003858e+01 8.135802259727181740e-01
1.321000000000003816e+01 8.066525281697436434e-01
1.323000000000003773e+01 7.843931440094966678e-01
1.325000000000003730e+01 7.882509620080525581e-01
1.327000000000003688e+01 7.402538682053280139e-01
1.329000000000003645e+01 7.932499873010960822e-01
1.331000000000003602e+01 7.242757843814064955e-01
1.333000000000003560e+01 7.009770577665240809e-01
1.335000000000003517e+01 7.038384160685018376e-01
1.337000000000003475e+01 7.009291094625859087e-01
1.339000000000003432e+01 6.743600161901129875e-01
1.341000000000003389e+01 6.740517295333787740e-01
1.343000000000003347e+01 6.409168238262442641e-01
1.345000000000003304e+01 6.343986753472126150e-01
1.347000000000003261e+01 6.469310355737595275e-01
1.349000000000003219e+01 5.994881632825407314e-01
1.351000000000003176e+01 6.102719003843115608e-01
1.353000000000003133e+01 5.956383121150427007e-01
1.355000000000003091e+01 5.864820347497387010e-01
1.357000000000003048e+01 5.624335999513557782e-01
1.359000000000003006e+01 5.618227698228338562e-01
1.361000000000002963e+01 5.332928380726030815e-01
1.363000000000002920e+01 5.564806038718119741e-01
1.365000000000002878e+01 5.362603832165949713e-01
1.367000000000002835e+01 5.159951409018214141e-01
1.369000000000002792e+01 4.979021428418834438e-01
1.371000000000002750e+01 4.915995216671896206e-01
1.373000000000002707e+01 4.740610368544874165e-01
1.375000000000002665e+01 4.967669653314281675e-01
1.377000000000002622e+01 4.593916884700199876e-01
1.379000000000002579e+01 4.541490030004164402e-01
1.381000000000002537e+01 4.187776759332826337e-01
1.383000000000002494e+01 4.137741918015885867e-01
1.385000000000002451e+01 3.902786883410113705e-01
1.387000000000002409e+01 3.730203996342636996e-01
1.389000000000002366e+01 3.737509825073782599e-01
1.391000000000002323e+01 3.368957989727336955e-01
1.393000000000002281e+01 3.255585094997926476e-01
1.395000000000002238e+01 3.107871743218393878e-01
1.397000000000002196e+01 2.849539261553797886e-01
1.399000000000002153e+01 2.328795748086958661e-01
1.401000000000002110e+01 1.901834391193120977e-01
1.403000000000002068e+01 1.678305605110769483e-01
1.405000000000002025e+01 1.758855133824313577e-01
1.407000000000001982e+01 1.547803287701529085e-01
1.409000000000001940e+01 1.407319637767107945e-01
1.411000000000001897e+01 1.473442230350451021e-01
1.413000000000001855e+01 1.301466330427436813e-01
1.415000000000001812e+01 1.124605053805366045e-01
1.417000000000001769e+01 1.087957992108232047e-01
1.419000000000001727e+01 8.883746087071213438e-02
1.421000000000001684e+01 8.747135118167685686e-02
1.423000000000001641e+01 7.904539469116092509e-02
1.425000000000001599e+01 7.100570619552841467e-02
1.427000000000001556e+01 5.700031495716021551e-02
1.429000000000001513e+01 4.018866604214448024e-02
1.431000000000001471e+01 3.940457629461756317e-02
1.433000000000001428e+01 2.357825267584297627e-02
1.435000000000001386e+01 1.796260696182715513e-02
1.437000000000001343e+01 1.216350599522064702e-02
1.439000000000001300e+01 1.168306345704867195e-02
1.441000000000001258e+01 1.129226663483100419e-02
1.443000000000001215e+01 5.625495201253961734e-03
1.445000000000001172e+01 2.917746912247120433e-03
1.447000000000001130e+01 1.237549794304720636e-04
1.449000000000001087e+01 1.153026954203400215e-04
1.451000000000001044e+01 5.832172124866536486e-05
1.453000000000001002e+01 5.523647081152435376e-05
1.455000000000000959e+01 1.715548079292085282e-07
1.457000000000000917e+01 1.596414210571526334e-07
1.459000000000000874e+01 2.258785146617574131e-15
1.461000000000000831e+01 3.220347452048231486e-17
1.463000000000000789e+01 2.836140425142720093e-17
1.465000000000000746e+01 2.485981019162088877e-17
1.467000000000000703e+01 0.000000000000000000e+00
1.469000000000000661e+01 0.000000000000000000e+00
1.471000000000000618e+01 0.000000000000000000e+00
1.473000000000000576e+01 0.000000000000000000e+00
1.475000000000000533e+01 0.000000000000000000e+00
1.477000000000000490e+01 0.000000000000000000e+00
1.479000000000000448e+01 0.000000000000000000e+00
1.481000000000000405e+01 0.000000000000000000e+00
1.483000000000000362e+01 0.000000000000000000e+00
1.485000000000000320e+01 0.000000000000000000e+00
1.487000000000000277e+01 0.000000000000000000e+00
1.489000000000000234e+01 0.000000000000000000e+00
1.491000000000000192e+01 0.000000000000000000e+00
1.493000000000000149e+01 0.000000000000000000e+00
1.495000000000000107e+01 0.000000000000000000e+00
1.497000000000000064e+01 0.000000000000000000e+00
1.499000000000000021e+01 0.000000000000000000e+00
