# Redshift		Merger Rate Density [Gpc^-3yr^-1]
1.000000000031931770e-02 2.560831848939520583e+01
3.000000000031888964e-02 2.688634170529287815e+01
5.000000000031846331e-02 2.818140787539561387e+01
7.000000000031804392e-02 2.944679759770905392e+01
9.000000000031761760e-02 3.076853286571543578e+01
1.100000000003171913e-01 3.233298317881541095e+01
1.300000000003167511e-01 3.358239671741602450e+01
1.500000000003163247e-01 3.518240228687251658e+01
1.700000000003158984e-01 3.658955163280587186e+01
1.900000000003154721e-01 3.800624303308737950e+01
2.100000000003150458e-01 3.954689507243912772e+01
2.300000000003146194e-01 4.125363596614204909e+01
2.500000000003141931e-01 4.242494303189587868e+01
2.700000000003137668e-01 4.444994632759086528e+01
2.900000000003133405e-01 4.608157923430715641e+01
3.100000000003129141e-01 4.746778808077792888e+01
3.300000000003124878e-01 4.917635454512637239e+01
3.500000000003120615e-01 5.085311411634577183e+01
3.700000000003116352e-01 5.242453217470306015e+01
3.900000000003112088e-01 5.404155003959225922e+01
4.100000000003107825e-01 5.599288153561731463e+01
4.300000000003103562e-01 5.744393247825141913e+01
4.500000000003099299e-01 5.910782276853257855e+01
4.700000000003095035e-01 6.110253259268611714e+01
4.900000000003090772e-01 6.282464523625193209e+01
5.100000000003086509e-01 6.487142240656517345e+01
5.300000000003082246e-01 6.670834406944814532e+01
5.500000000003077982e-01 6.852236221040679709e+01
5.700000000003073719e-01 7.002769453311078962e+01
5.900000000003069456e-01 7.240230254908648533e+01
6.100000000003065193e-01 7.463454506165830082e+01
6.300000000003060929e-01 7.589471637885029054e+01
6.500000000003056666e-01 7.818096865888713864e+01
6.700000000003052403e-01 8.035643155496573797e+01
6.900000000003048140e-01 8.162202076486711633e+01
7.100000000003043876e-01 8.372960412968862443e+01
7.300000000003039613e-01 8.550665442793639670e+01
7.500000000003035350e-01 8.777917263446599350e+01
7.700000000003031086e-01 8.959386991732786498e+01
7.900000000003026823e-01 9.181445597240944778e+01
8.100000000003022560e-01 9.350858023946996411e+01
8.300000000003018297e-01 9.539953764594038432e+01
8.500000000003014033e-01 9.777483756000498261e+01
8.700000000003009770e-01 9.954967318012084831e+01
8.900000000003005507e-01 1.013419648349125453e+02
9.100000000003001244e-01 1.034674345758869833e+02
9.300000000002996980e-01 1.053670266458118761e+02
9.500000000002992717e-01 1.066500866434215027e+02
9.700000000002988454e-01 1.095578757815841442e+02
9.900000000002984191e-01 1.107569210296838378e+02
1.010000000000297993e+00 1.123511119969920884e+02
1.030000000000297566e+00 1.145802498044044029e+02
1.050000000000297140e+00 1.157654377101051324e+02
1.070000000000296714e+00 1.180350570347374628e+02
1.090000000000296287e+00 1.194813224183586158e+02
1.110000000000295861e+00 1.208860047224352172e+02
1.130000000000295435e+00 1.225911610263406288e+02
1.150000000000295008e+00 1.240076004447047211e+02
1.170000000000294582e+00 1.256106947281461288e+02
1.190000000000294156e+00 1.276663627317735887e+02
1.210000000000293729e+00 1.287440108243457360e+02
1.230000000000293303e+00 1.296321814367170475e+02
1.250000000000292877e+00 1.317558272598314204e+02
1.270000000000292451e+00 1.325696486733131678e+02
1.290000000000292024e+00 1.339446266970842032e+02
1.310000000000291598e+00 1.356736151948653912e+02
1.330000000000291172e+00 1.362254680876307305e+02
1.350000000000290745e+00 1.365853292419295428e+02
1.370000000000290319e+00 1.378411360683467990e+02
1.390000000000289893e+00 1.392492173679016219e+02
1.410000000000289466e+00 1.396574772741912795e+02
1.430000000000289040e+00 1.404336852156589543e+02
1.450000000000288614e+00 1.411679104213899336e+02
1.470000000000288187e+00 1.427950067689657487e+02
1.490000000000287761e+00 1.425799745062063835e+02
1.510000000000287335e+00 1.427959161091483509e+02
1.530000000000286908e+00 1.433966864129227474e+02
1.550000000000286482e+00 1.431028598393529592e+02
1.570000000000286056e+00 1.435905606497530869e+02
1.590000000000285629e+00 1.446255435110112728e+02
1.610000000000285203e+00 1.440308884093553843e+02
1.630000000000284777e+00 1.441151707794197989e+02
1.650000000000284350e+00 1.446061443871314509e+02
1.670000000000283924e+00 1.441151542066433819e+02
1.690000000000283498e+00 1.442813540771234102e+02
1.710000000000283071e+00 1.432313281038286448e+02
1.730000000000282645e+00 1.434190719560488390e+02
1.750000000000282219e+00 1.424687609196799372e+02
1.770000000000281792e+00 1.421953241496470923e+02
1.790000000000281366e+00 1.416483769113582980e+02
1.810000000000280940e+00 1.418867790051401698e+02
1.830000000000280513e+00 1.402227390442395176e+02
1.850000000000280087e+00 1.395667543915903082e+02
1.870000000000279661e+00 1.387385546125086080e+02
1.890000000000279234e+00 1.374481152726976063e+02
1.910000000000278808e+00 1.363625806743067415e+02
1.930000000000278382e+00 1.352081504489570989e+02
1.950000000000277955e+00 1.349390182115178050e+02
1.970000000000277529e+00 1.325335281970652659e+02
1.990000000000277103e+00 1.319791732386026410e+02
2.010000000000276899e+00 1.306139438788203222e+02
2.030000000000276472e+00 1.290525576350509880e+02
2.050000000000276046e+00 1.278267584200745688e+02
2.070000000000275620e+00 1.258454529554283567e+02
2.090000000000275193e+00 1.249727159995840680e+02
2.110000000000274767e+00 1.235006020051743860e+02
2.130000000000274341e+00 1.216610986463563648e+02
2.150000000000273914e+00 1.207768403586342032e+02
2.170000000000273488e+00 1.190688446653849013e+02
2.190000000000273062e+00 1.167401527214877746e+02
2.210000000000272635e+00 1.161022062668216819e+02
2.230000000000272209e+00 1.135038626814808964e+02
2.250000000000271783e+00 1.116744294827660013e+02
2.270000000000271356e+00 1.106719680411634386e+02
2.290000000000270930e+00 1.095695076749236421e+02
2.310000000000270504e+00 1.097646908912001322e+02
2.330000000000270077e+00 1.084999126568127110e+02
2.350000000000269651e+00 1.070911269398326908e+02
2.370000000000269225e+00 1.057061402022312535e+02
2.390000000000268798e+00 1.070495446405118543e+02
2.410000000000268372e+00 1.041130916934535406e+02
2.430000000000267946e+00 1.003961150738540198e+02
2.450000000000267519e+00 9.634742483433124960e+01
2.470000000000267093e+00 9.404472045129152491e+01
2.490000000000266667e+00 9.211464362544427331e+01
2.510000000000266240e+00 9.050578855928232258e+01
2.530000000000265814e+00 8.700484398551317611e+01
2.550000000000265388e+00 8.413334044083694607e+01
2.570000000000264961e+00 8.239534824443931882e+01
2.590000000000264535e+00 8.030040981435406877e+01
2.610000000000264109e+00 7.826328277126496857e+01
2.630000000000263682e+00 7.713759640950023311e+01
2.650000000000263256e+00 7.550983063017167751e+01
2.670000000000262830e+00 7.359634248981404880e+01
2.690000000000262403e+00 7.203787027314108116e+01
2.710000000000261977e+00 7.013076389742064976e+01
2.730000000000261551e+00 6.875698634220343308e+01
2.750000000000261124e+00 6.735290764752464554e+01
2.770000000000260698e+00 6.591186633185226640e+01
2.790000000000260272e+00 6.439508979172283887e+01
2.810000000000259845e+00 6.285062441839175307e+01
2.830000000000259419e+00 6.179760186787728315e+01
2.850000000000258993e+00 6.052210806781222630e+01
2.870000000000258567e+00 5.906553402082090543e+01
2.890000000000258140e+00 5.792714114702914685e+01
2.910000000000257714e+00 5.632525538655310982e+01
2.930000000000257288e+00 5.485776379253024970e+01
2.950000000000256861e+00 5.341323227792467065e+01
2.970000000000256435e+00 5.217586533014176098e+01
2.990000000000256009e+00 5.084455379499197392e+01
3.010000000000255582e+00 4.997573273178961983e+01
3.030000000000255156e+00 4.891428249906867620e+01
3.050000000000254730e+00 4.755280475449233535e+01
3.070000000000254303e+00 4.646880107068149357e+01
3.090000000000253877e+00 4.531191984976492648e+01
3.110000000000253451e+00 4.423740286175601000e+01
3.130000000000253024e+00 4.349539935493886844e+01
3.150000000000252598e+00 4.223546986128291536e+01
3.170000000000252172e+00 4.143145661799145074e+01
3.190000000000251745e+00 4.024000672013505664e+01
3.210000000000251319e+00 3.918048831797251097e+01
3.230000000000250893e+00 3.829599768985136876e+01
3.250000000000250466e+00 3.754751052217910967e+01
3.270000000000250040e+00 3.679853415038342490e+01
3.290000000000249614e+00 3.567560049756272633e+01
3.310000000000249187e+00 3.487164768120650393e+01
3.330000000000248761e+00 3.413884582440198301e+01
3.350000000000248335e+00 3.315748757105527744e+01
3.370000000000247908e+00 3.270662643199131736e+01
3.390000000000247482e+00 3.172359225970389573e+01
3.410000000000247056e+00 3.115624954121994250e+01
3.430000000000246629e+00 3.042122627251525202e+01
3.450000000000246203e+00 2.965376955215356602e+01
3.470000000000245777e+00 2.900989271318652740e+01
3.490000000000245350e+00 2.842935882644233558e+01
3.510000000000244924e+00 2.766428929611899434e+01
3.530000000000244498e+00 2.709184445325339752e+01
3.550000000000244071e+00 2.636799437413941050e+01
3.570000000000243645e+00 2.574918922173090507e+01
3.590000000000243219e+00 2.551560149474580541e+01
3.610000000000242792e+00 2.491580972691838625e+01
3.630000000000242366e+00 2.429026834036833549e+01
3.650000000000241940e+00 2.375763303941064208e+01
3.670000000000241513e+00 2.288752874324018194e+01
3.690000000000241087e+00 2.266437188776487233e+01
3.710000000000240661e+00 2.211954101944076001e+01
3.730000000000240234e+00 2.159404358318029438e+01
3.750000000000239808e+00 2.094903631961383894e+01
3.770000000000239382e+00 2.061709443311665169e+01
3.790000000000238956e+00 2.021016371979426651e+01
3.810000000000238529e+00 1.987212896208208335e+01
3.830000000000238103e+00 1.958629073738938686e+01
3.850000000000237677e+00 1.911719075011282953e+01
3.870000000000237250e+00 1.854095831391503779e+01
3.890000000000236824e+00 1.836533333627727771e+01
3.910000000000236398e+00 1.789051655143253683e+01
3.930000000000235971e+00 1.753233302149881467e+01
3.950000000000235545e+00 1.724727136136140615e+01
3.970000000000235119e+00 1.682211739531488348e+01
3.990000000000234692e+00 1.642457641508005395e+01
4.010000000000234266e+00 1.628014897071806288e+01
4.030000000000233840e+00 1.585779959289251195e+01
4.050000000000233413e+00 1.562245524344040426e+01
4.070000000000232987e+00 1.531369291067272442e+01
4.090000000000232561e+00 1.485330331066232645e+01
4.110000000000232134e+00 1.480013506385567901e+01
4.130000000000231708e+00 1.463542354498800435e+01
4.150000000000231282e+00 1.417744674804026062e+01
4.170000000000230855e+00 1.394852949245465545e+01
4.190000000000230429e+00 1.392244483854683956e+01
4.210000000000230003e+00 1.354948873297359668e+01
4.230000000000229576e+00 1.342187548102447181e+01
4.250000000000229150e+00 1.296862699904634653e+01
4.270000000000228724e+00 1.273878293718659727e+01
4.290000000000228297e+00 1.266351135991366661e+01
4.310000000000227871e+00 1.239205293045131206e+01
4.330000000000227445e+00 1.225537769643460528e+01
4.350000000000227018e+00 1.193776225626408305e+01
4.370000000000226592e+00 1.196601262732039928e+01
4.390000000000226166e+00 1.161557489131217302e+01
4.410000000000225739e+00 1.144264291615318108e+01
4.430000000000225313e+00 1.111201966337372760e+01
4.450000000000224887e+00 1.087589438445046319e+01
4.470000000000224460e+00 1.095112824109524574e+01
4.490000000000224034e+00 1.071705352238218012e+01
4.510000000000223608e+00 1.043992374727829109e+01
4.530000000000223181e+00 1.050621701691311216e+01
4.550000000000222755e+00 1.024439942027779438e+01
4.570000000000222329e+00 1.014187208914199090e+01
4.590000000000221902e+00 9.789428785389517884e+00
4.610000000000221476e+00 9.759352768710510162e+00
4.630000000000221050e+00 9.705892122281511547e+00
4.650000000000220624e+00 9.363511228025434008e+00
4.670000000000220197e+00 9.328343095773398375e+00
4.690000000000219771e+00 9.260394359657258434e+00
4.710000000000219345e+00 8.993174128263582645e+00
4.730000000000218918e+00 8.967104085874469277e+00
4.750000000000218492e+00 8.792539906019678497e+00
4.770000000000218066e+00 8.759893208552860244e+00
4.790000000000217639e+00 8.518305313207600094e+00
4.810000000000217213e+00 8.445673556029602125e+00
4.830000000000216787e+00 8.399670498877361169e+00
4.850000000000216360e+00 8.293999815511662987e+00
4.870000000000215934e+00 8.172015746570117756e+00
4.890000000000215508e+00 8.097054121397151860e+00
4.910000000000215081e+00 7.857912505319166740e+00
4.930000000000214655e+00 8.067329986517576046e+00
4.950000000000214229e+00 7.760758993936947903e+00
4.970000000000213802e+00 7.711755448326280238e+00
4.990000000000213376e+00 7.766775750211827756e+00
5.010000000000212950e+00 7.441521582686928760e+00
5.030000000000212523e+00 7.422484803130371844e+00
5.050000000000212097e+00 7.361004651533378684e+00
5.070000000000211671e+00 7.234511334019111395e+00
5.090000000000211244e+00 7.212876593415572302e+00
5.110000000000210818e+00 7.217559218396041310e+00
5.130000000000210392e+00 7.059357229082241503e+00
5.150000000000209965e+00 6.886403261499959960e+00
5.170000000000209539e+00 6.835161984320874851e+00
5.190000000000209113e+00 6.803494357896561873e+00
5.210000000000208686e+00 6.708381249145598524e+00
5.230000000000208260e+00 6.601236051893808465e+00
5.250000000000207834e+00 6.774840934287976957e+00
5.270000000000207407e+00 6.444116703644053423e+00
5.290000000000206981e+00 6.316687706761113574e+00
5.310000000000206555e+00 6.252996273310420960e+00
5.330000000000206128e+00 6.381365513206442408e+00
5.350000000000205702e+00 6.231938022825445067e+00
5.370000000000205276e+00 6.192525435686692781e+00
5.390000000000204849e+00 6.109033099718954141e+00
5.410000000000204423e+00 6.074466436350967058e+00
5.430000000000203997e+00 6.037290322109472918e+00
5.450000000000203570e+00 5.816386780918539223e+00
5.470000000000203144e+00 5.795593900951615751e+00
5.490000000000202718e+00 5.895314506311738256e+00
5.510000000000202292e+00 5.605512449785279294e+00
5.530000000000201865e+00 5.741429071115665472e+00
5.550000000000201439e+00 5.669331208569395208e+00
5.570000000000201013e+00 5.649097608884083854e+00
5.590000000000200586e+00 5.570856692968445323e+00
5.610000000000200160e+00 5.570685805169229177e+00
5.630000000000199734e+00 5.433271244026065538e+00
5.650000000000199307e+00 5.354749468776576649e+00
5.670000000000198881e+00 5.254886378550559733e+00
5.690000000000198455e+00 5.258757199061063758e+00
5.710000000000198028e+00 5.222878869614705266e+00
5.730000000000197602e+00 5.182987859375888462e+00
5.750000000000197176e+00 5.247622444601049985e+00
5.770000000000196749e+00 5.143981202433002053e+00
5.790000000000196323e+00 5.058058853495160712e+00
5.810000000000195897e+00 4.946634509178378103e+00
5.830000000000195470e+00 4.944759445286549315e+00
5.850000000000195044e+00 5.025630376054194492e+00
5.870000000000194618e+00 4.860525390495051390e+00
5.890000000000194191e+00 4.825795139610113083e+00
5.910000000000193765e+00 4.824875780295139194e+00
5.930000000000193339e+00 4.763935465944525660e+00
5.950000000000192912e+00 4.697612871820328273e+00
5.970000000000192486e+00 4.775086689721200095e+00
5.990000000000192060e+00 4.641354907047736233e+00
6.010000000000191633e+00 4.555512382599625987e+00
6.030000000000191207e+00 4.555820199390323566e+00
6.050000000000190781e+00 4.554306473463396898e+00
6.070000000000190354e+00 4.516847692157252681e+00
6.090000000000189928e+00 4.552182527628793274e+00
6.110000000000189502e+00 4.471479719232901218e+00
6.130000000000189075e+00 4.309547593444116309e+00
6.150000000000188649e+00 4.402309254080850387e+00
6.170000000000188223e+00 4.295224204907515997e+00
6.190000000000187796e+00 4.300703043048138774e+00
6.210000000000187370e+00 4.264566313286572985e+00
6.230000000000186944e+00 4.289618797422802388e+00
6.250000000000186517e+00 4.180274608268667258e+00
6.270000000000186091e+00 4.190215975796074410e+00
6.290000000000185665e+00 4.203589886157540256e+00
6.310000000000185238e+00 4.121493550668278161e+00
6.330000000000184812e+00 4.221598786776459278e+00
6.350000000000184386e+00 4.040804626587386039e+00
6.370000000000183960e+00 4.053969228227823685e+00
6.390000000000183533e+00 3.978685721086768989e+00
6.410000000000183107e+00 3.986717628018689119e+00
6.430000000000182681e+00 3.948666796509153976e+00
6.450000000000182254e+00 3.942168041657764022e+00
6.470000000000181828e+00 4.043042877871945606e+00
6.490000000000181402e+00 3.964987118984387493e+00
6.510000000000180975e+00 3.933678928886526815e+00
6.530000000000180549e+00 3.828458184695253674e+00
6.550000000000180123e+00 3.836854483551865869e+00
6.570000000000179696e+00 3.895646840951555223e+00
6.590000000000179270e+00 3.762949535529843459e+00
6.610000000000178844e+00 3.757941353936606887e+00
6.630000000000178417e+00 3.910954658669418382e+00
6.650000000000177991e+00 3.709158604477301502e+00
6.670000000000177565e+00 3.650730372994420492e+00
6.690000000000177138e+00 3.762970175369722003e+00
6.710000000000176712e+00 3.709233100358554580e+00
6.730000000000176286e+00 3.704190926378815973e+00
6.750000000000175859e+00 3.667434968599624590e+00
6.770000000000175433e+00 3.595172094696378551e+00
6.790000000000175007e+00 3.649969240817094729e+00
6.810000000000174580e+00 3.644793155536582674e+00
6.830000000000174154e+00 3.629472113161373414e+00
6.850000000000173728e+00 3.722325740367519842e+00
6.870000000000173301e+00 3.583029056549196678e+00
6.890000000000172875e+00 3.660423927711447867e+00
6.910000000000172449e+00 3.595544258770490664e+00
6.930000000000172022e+00 3.567809499097285730e+00
6.950000000000171596e+00 3.590550900659082778e+00
6.970000000000171170e+00 3.618868755462126607e+00
6.990000000000170743e+00 3.534837326477441088e+00
7.010000000000170317e+00 3.568779263582321892e+00
7.030000000000169891e+00 3.468926496076456534e+00
7.050000000000169464e+00 3.519117233346455986e+00
7.070000000000169038e+00 3.533696354366124392e+00
7.090000000000168612e+00 3.495969149158500322e+00
7.110000000000168185e+00 3.510560158356653471e+00
7.130000000000167759e+00 3.467340016651165424e+00
7.150000000000167333e+00 3.508102160951851012e+00
7.170000000000166906e+00 3.546354012698433866e+00
7.190000000000166480e+00 3.462617770898780201e+00
7.210000000000166054e+00 3.467621136602086374e+00
7.230000000000165628e+00 3.486093799172130137e+00
7.250000000000165201e+00 3.509199808431922030e+00
7.270000000000164775e+00 3.477208879361505911e+00
7.290000000000164349e+00 3.481790754333812909e+00
7.310000000000163922e+00 3.525088288720014340e+00
7.330000000000163496e+00 3.494043304545652262e+00
7.350000000000163070e+00 3.467397082369758188e+00
7.370000000000162643e+00 3.619665210696604962e+00
7.390000000000162217e+00 3.468006655702509988e+00
7.410000000000161791e+00 3.530021050499689395e+00
7.430000000000161364e+00 3.550629997539420657e+00
7.450000000000160938e+00 3.507510048950735371e+00
7.470000000000160512e+00 3.560296503863520812e+00
7.490000000000160085e+00 3.546872342627690244e+00
7.510000000000159659e+00 3.516093599626852750e+00
7.530000000000159233e+00 3.530008957444307871e+00
7.550000000000158806e+00 3.524638481452978755e+00
7.570000000000158380e+00 3.554264026042449398e+00
7.590000000000157954e+00 3.578104198502329414e+00
7.610000000000157527e+00 3.518304845425762828e+00
7.630000000000157101e+00 3.536431772731236212e+00
7.650000000000156675e+00 3.560701919473654442e+00
7.670000000000156248e+00 3.579964716667663360e+00
7.690000000000155822e+00 3.591337748417785747e+00
7.710000000000155396e+00 3.582564030626083529e+00
7.730000000000154969e+00 3.653541055781085678e+00
7.750000000000154543e+00 3.636920586303139746e+00
7.770000000000154117e+00 3.652434762234193499e+00
7.790000000000153690e+00 3.657983017139271098e+00
7.810000000000153264e+00 3.626434290080671197e+00
7.830000000000152838e+00 3.721283678538130246e+00
7.850000000000152411e+00 3.627554786373170526e+00
7.870000000000151985e+00 3.711584802987861753e+00
7.890000000000151559e+00 3.735808758076816893e+00
7.910000000000151132e+00 3.696755185473847849e+00
7.930000000000150706e+00 3.749175242113806927e+00
7.950000000000150280e+00 3.705746504441755018e+00
7.970000000000149853e+00 3.785077149029978827e+00
7.990000000000149427e+00 3.766279305885354756e+00
8.010000000000149001e+00 3.800369690689707092e+00
8.030000000000148574e+00 3.778991412666472982e+00
8.050000000000148148e+00 3.803424291393661782e+00
8.070000000000147722e+00 3.811953199891373600e+00
8.090000000000147296e+00 3.857143548873655181e+00
8.110000000000146869e+00 3.899420373090895620e+00
8.130000000000146443e+00 3.918390345574114253e+00
8.150000000000146017e+00 3.853159915276678671e+00
8.170000000000145590e+00 3.920558318336981873e+00
8.190000000000145164e+00 3.969649681179411083e+00
8.210000000000144738e+00 3.935197341628599244e+00
8.230000000000144311e+00 3.997941294876747431e+00
8.250000000000143885e+00 3.993502054357655595e+00
8.270000000000143459e+00 3.971242421996932670e+00
8.290000000000143032e+00 4.010976962237001509e+00
8.310000000000142606e+00 4.017649999472131306e+00
8.330000000000142180e+00 4.014539717680156272e+00
8.350000000000141753e+00 4.014458954438554272e+00
8.370000000000141327e+00 4.075566792371128066e+00
8.390000000000140901e+00 4.131351372899751517e+00
8.410000000000140474e+00 4.120267311502758822e+00
8.430000000000140048e+00 4.131205343566079158e+00
8.450000000000139622e+00 4.177998192675009825e+00
8.470000000000139195e+00 4.170494047405320259e+00
8.490000000000138769e+00 4.174120676062465840e+00
8.510000000000138343e+00 4.199262082913382876e+00
8.530000000000137916e+00 4.211729569692472808e+00
8.550000000000137490e+00 4.246652702620972164e+00
8.570000000000137064e+00 4.238713644241968836e+00
8.590000000000136637e+00 4.273565624271735253e+00
8.610000000000136211e+00 4.275923548166377763e+00
8.630000000000135785e+00 4.328365219358654592e+00
8.650000000000135358e+00 4.325367973118652287e+00
8.670000000000134932e+00 4.339581620686008279e+00
8.690000000000134506e+00 4.339625211244907632e+00
8.710000000000134079e+00 4.347328767723769971e+00
8.730000000000133653e+00 4.443737482396869609e+00
8.750000000000133227e+00 4.416803528065824658e+00
8.770000000000132800e+00 4.381422753638801737e+00
8.790000000000132374e+00 4.434421053162858506e+00
8.810000000000131948e+00 4.458536087375366996e+00
8.830000000000131521e+00 4.467888558782552977e+00
8.850000000000131095e+00 4.520315920384098796e+00
8.870000000000130669e+00 4.551802905577559955e+00
8.890000000000130242e+00 4.525857464949262443e+00
8.910000000000129816e+00 4.519963836077264929e+00
8.930000000000129390e+00 4.501559192610316451e+00
8.950000000000128964e+00 4.598250026078697594e+00
8.970000000000128537e+00 4.548509541990464200e+00
8.990000000000128111e+00 4.589697496344874672e+00
9.010000000000127685e+00 4.603308922182821838e+00
9.030000000000127258e+00 4.626946993222627924e+00
9.050000000000126832e+00 4.634060387112332258e+00
9.070000000000126406e+00 4.682400712340506921e+00
9.090000000000125979e+00 4.683094775566363666e+00
9.110000000000125553e+00 4.679194734957059509e+00
9.130000000000125127e+00 4.706250618005364039e+00
9.150000000000124700e+00 4.763415112100477522e+00
9.170000000000124274e+00 4.690833592754268366e+00
9.190000000000123848e+00 4.733044355821895088e+00
9.210000000000123421e+00 4.744145133329440434e+00
9.230000000000122995e+00 4.757712610818131793e+00
9.250000000000122569e+00 4.785212163317985379e+00
9.270000000000122142e+00 4.809068344630206049e+00
9.290000000000121716e+00 4.861937366452173670e+00
9.310000000000121290e+00 4.831769690079615209e+00
9.330000000000120863e+00 4.889915305225375874e+00
9.350000000000120437e+00 4.832648777458568468e+00
9.370000000000120011e+00 4.893580043496540632e+00
9.390000000000119584e+00 4.853084936449547193e+00
9.410000000000119158e+00 4.880169897163949777e+00
9.430000000000118732e+00 4.917629580002608414e+00
9.450000000000118305e+00 4.941394344013856355e+00
9.470000000000117879e+00 4.969187041212385303e+00
9.490000000000117453e+00 4.942594929539786186e+00
9.510000000000117026e+00 4.978414865791517485e+00
9.530000000000116600e+00 5.081559625699904714e+00
9.550000000000116174e+00 4.963967598138687265e+00
9.570000000000115747e+00 5.005004113656613463e+00
9.590000000000115321e+00 5.053327051614094678e+00
9.610000000000114895e+00 5.040905065845021404e+00
9.630000000000114468e+00 5.059113716314935338e+00
9.650000000000114042e+00 5.117057092098445281e+00
9.670000000000113616e+00 5.119487860417543779e+00
9.690000000000113189e+00 5.139336333369326937e+00
9.710000000000112763e+00 5.189495802813006264e+00
9.730000000000112337e+00 5.145985644485485011e+00
9.750000000000111910e+00 5.211174903927193292e+00
9.770000000000111484e+00 5.206535817742614647e+00
9.790000000000111058e+00 5.169152709058134398e+00
9.810000000000110632e+00 5.161457091175463141e+00
9.830000000000110205e+00 5.249697675166586919e+00
9.850000000000109779e+00 5.320088345726198042e+00
9.870000000000109353e+00 5.337463887615151670e+00
9.890000000000108926e+00 5.298464219733810765e+00
9.910000000000108500e+00 5.392346985024706996e+00
9.930000000000108074e+00 5.367820836630213144e+00
9.950000000000107647e+00 5.438728896005160962e+00
9.970000000000107221e+00 5.370890419461367138e+00
9.990000000000106795e+00 5.374315537406827659e+00
1.001000000000010637e+01 5.420566632032539189e+00
1.003000000000010594e+01 5.439950716587063084e+00
1.005000000000010552e+01 5.512970750183383117e+00
1.007000000000010509e+01 5.478702626819238475e+00
1.009000000000010466e+01 5.562550923971646633e+00
1.011000000000010424e+01 5.611836875576236672e+00
1.013000000000010381e+01 5.565683840666319604e+00
1.015000000000010338e+01 5.632175779668020077e+00
1.017000000000010296e+01 5.660791960754951724e+00
1.019000000000010253e+01 5.607324716047333624e+00
1.021000000000010210e+01 5.627865152571826179e+00
1.023000000000010168e+01 5.756680658103110915e+00
1.025000000000010125e+01 5.719971671112769052e+00
1.027000000000010083e+01 5.760621161475259377e+00
1.029000000000010040e+01 5.762675340110798849e+00
1.031000000000009997e+01 5.789847112569746379e+00
1.033000000000009955e+01 5.798298706453500095e+00
1.035000000000009912e+01 5.837364898237031419e+00
1.037000000000009869e+01 5.826823653287974913e+00
1.039000000000009827e+01 5.884885352163244043e+00
1.041000000000009784e+01 5.933859410109215915e+00
1.043000000000009742e+01 5.965478789577457697e+00
1.045000000000009699e+01 5.957291998412864942e+00
1.047000000000009656e+01 5.939990813856387497e+00
1.049000000000009614e+01 5.957659028271377721e+00
1.051000000000009571e+01 6.013709519409139226e+00
1.053000000000009528e+01 5.984977370572374333e+00
1.055000000000009486e+01 6.066244981974683981e+00
1.057000000000009443e+01 6.071608509890401351e+00
1.059000000000009400e+01 6.081152910013557289e+00
1.061000000000009358e+01 6.073833666248374286e+00
1.063000000000009315e+01 6.101459982367755330e+00
1.065000000000009273e+01 6.109029405535454593e+00
1.067000000000009230e+01 6.112699956053138983e+00
1.069000000000009187e+01 6.055349225527772106e+00
1.071000000000009145e+01 6.217722610165360209e+00
1.073000000000009102e+01 6.161583139564967837e+00
1.075000000000009059e+01 6.140824091660088691e+00
1.077000000000009017e+01 6.133882272206577113e+00
1.079000000000008974e+01 6.148652917435991405e+00
1.081000000000008932e+01 6.191734575374153060e+00
1.083000000000008889e+01 6.186889129866700365e+00
1.085000000000008846e+01 6.167642297888894731e+00
1.087000000000008804e+01 6.212723112389637592e+00
1.089000000000008761e+01 6.108780223370801288e+00
1.091000000000008718e+01 6.087585263480331577e+00
1.093000000000008676e+01 6.142999660308654519e+00
1.095000000000008633e+01 6.160573394728322327e+00
1.097000000000008590e+01 6.147253660714638634e+00
1.099000000000008548e+01 6.112183765125299040e+00
1.101000000000008505e+01 6.140708675136785644e+00
1.103000000000008463e+01 6.061992266543534846e+00
1.105000000000008420e+01 6.036063113482317277e+00
1.107000000000008377e+01 6.036970298525266898e+00
1.109000000000008335e+01 6.035739494427522445e+00
1.111000000000008292e+01 5.995465830060678236e+00
1.113000000000008249e+01 5.948160088798929657e+00
1.115000000000008207e+01 5.920446862535095889e+00
1.117000000000008164e+01 5.948202410104522109e+00
1.119000000000008122e+01 5.879248258302416374e+00
1.121000000000008079e+01 5.842846382497089763e+00
1.123000000000008036e+01 5.791284877516951646e+00
1.125000000000007994e+01 5.759538452790220475e+00
1.127000000000007951e+01 5.775917793559774971e+00
1.129000000000007908e+01 5.697877559126049540e+00
1.131000000000007866e+01 5.627854122378401769e+00
1.133000000000007823e+01 5.594919600883177857e+00
1.135000000000007780e+01 5.533068871393435728e+00
1.137000000000007738e+01 5.499202647896163754e+00
1.139000000000007695e+01 5.514614639300003951e+00
1.141000000000007653e+01 5.378621615776732590e+00
1.143000000000007610e+01 5.332628700149086853e+00
1.145000000000007567e+01 5.275625219276971478e+00
1.147000000000007525e+01 5.261443393898045606e+00
1.149000000000007482e+01 5.196646559360648787e+00
1.151000000000007439e+01 5.107015402181066754e+00
1.153000000000007397e+01 5.071124160108788637e+00
1.155000000000007354e+01 4.972251486506326756e+00
1.157000000000007311e+01 4.921336025201513031e+00
1.159000000000007269e+01 4.811042837745670653e+00
1.161000000000007226e+01 4.859347502670587460e+00
1.163000000000007184e+01 4.667738884113008524e+00
1.165000000000007141e+01 4.720193611356476637e+00
1.167000000000007098e+01 4.572075305519071264e+00
1.169000000000007056e+01 4.543360867893826871e+00
1.171000000000007013e+01 4.482576507325202186e+00
1.173000000000006970e+01 4.323150281508498338e+00
1.175000000000006928e+01 4.264145134830509498e+00
1.177000000000006885e+01 4.256020577739869637e+00
1.179000000000006843e+01 4.158559260200192398e+00
1.181000000000006800e+01 4.062488331265269537e+00
1.183000000000006757e+01 4.077131717201245564e+00
1.185000000000006715e+01 3.940230698973384627e+00
1.187000000000006672e+01 3.805416672304041459e+00
1.189000000000006629e+01 3.803830386191351387e+00
1.191000000000006587e+01 3.665118672349314100e+00
1.193000000000006544e+01 3.664457572272167063e+00
1.195000000000006501e+01 3.567256129556379385e+00
1.197000000000006459e+01 3.466325554970583145e+00
1.199000000000006416e+01 3.390431558027332759e+00
1.201000000000006374e+01 3.343077596231203152e+00
1.203000000000006331e+01 3.291210421451952861e+00
1.205000000000006288e+01 3.163951195720168474e+00
1.207000000000006246e+01 3.118317464094063851e+00
1.209000000000006203e+01 3.040209688471690264e+00
1.211000000000006160e+01 2.898388676247772189e+00
1.213000000000006118e+01 2.932712646712779314e+00
1.215000000000006075e+01 2.847523762008774995e+00
1.217000000000006033e+01 2.725395779295216148e+00
1.219000000000005990e+01 2.706793097126241499e+00
1.221000000000005947e+01 2.599464643611069103e+00
1.223000000000005905e+01 2.551713641353864137e+00
1.225000000000005862e+01 2.471343382269696853e+00
1.227000000000005819e+01 2.397594614082483755e+00
1.229000000000005777e+01 2.362191621526397167e+00
1.231000000000005734e+01 2.274174410086333253e+00
1.233000000000005691e+01 2.253235910220047877e+00
1.235000000000005649e+01 2.158831928875182271e+00
1.237000000000005606e+01 2.091990192713272467e+00
1.239000000000005564e+01 2.036028257191663915e+00
1.241000000000005521e+01 1.965431126961250774e+00
1.243000000000005478e+01 1.952694714862315273e+00
1.245000000000005436e+01 1.848321620703039070e+00
1.247000000000005393e+01 1.836147109270066968e+00
1.249000000000005350e+01 1.789102049336025013e+00
1.251000000000005308e+01 1.686445762036588913e+00
1.253000000000005265e+01 1.643192957909434870e+00
1.255000000000005222e+01 1.628865886135724139e+00
1.257000000000005180e+01 1.539214972189434594e+00
1.259000000000005137e+01 1.529361435777319977e+00
1.261000000000005095e+01 1.478772400952731436e+00
1.263000000000005052e+01 1.439329732484134317e+00
1.265000000000005009e+01 1.399588791193271842e+00
1.267000000000004967e+01 1.336734473907746024e+00
1.269000000000004924e+01 1.285125826668715554e+00
1.271000000000004881e+01 1.250092715751334627e+00
1.273000000000004839e+01 1.248338057035937032e+00
1.275000000000004796e+01 1.154433550659866192e+00
1.277000000000004754e+01 1.194368593465623629e+00
1.279000000000004711e+01 1.116483669709592563e+00
1.281000000000004668e+01 1.070206979390714075e+00
1.283000000000004626e+01 1.060644447801141199e+00
1.285000000000004583e+01 1.010985152213221161e+00
1.287000000000004540e+01 9.986535785208836558e-01
1.289000000000004498e+01 9.756610764136642855e-01
1.291000000000004455e+01 9.437204906441101215e-01
1.293000000000004412e+01 9.119392752400430346e-01
1.295000000000004370e+01 8.741894149205745590e-01
1.297000000000004327e+01 8.598886111722986447e-01
1.299000000000004285e+01 8.365666974394178057e-01
1.301000000000004242e+01 8.191976457073510964e-01
1.303000000000004199e+01 8.025195060181326001e-01
1.305000000000004157e+01 7.548180558966620657e-01
1.307000000000004114e+01 7.483825677169145818e-01
1.309000000000004071e+01 7.366176513160068717e-01
1.311000000000004029e+01 7.256928300126360698e-01
1.313000000000003986e+01 7.197978464793303166e-01
1.315000000000003944e+01 6.609811135736598509e-01
1.317000000000003901e+01 6.653241736087889269e-01
1.319000000000003858e+01 6.366496873250694355e-01
1.321000000000003816e+01 6.298986631186782592e-01
1.323000000000003773e+01 6.101362468272607531e-01
1.325000000000003730e+01 6.160782144356515833e-01
1.327000000000003688e+01 5.752034735621242012e-01
1.329000000000003645e+01 6.285456700288607479e-01
1.331000000000003602e+01 5.633894731477023798e-01
1.333000000000003560e+01 5.412064700479575219e-01
1.335000000000003517e+01 5.477884732965930814e-01
1.337000000000003475e+01 5.474102519795914779e-01
1.339000000000003432e+01 5.230605086296734596e-01
1.341000000000003389e+01 5.295954658384208757e-01
1.343000000000003347e+01 4.977808685304502267e-01
1.345000000000003304e+01 4.947173664738069854e-01
1.347000000000003261e+01 5.119415091295355102e-01
1.349000000000003219e+01 4.692624555554245624e-01
1.351000000000003176e+01 4.852244437219531692e-01
1.353000000000003133e+01 4.736286390583990813e-01
1.355000000000003091e+01 4.666724662724098804e-01
1.357000000000003048e+01 4.508130947142201528e-01
1.359000000000003006e+01 4.543240014086828982e-01
1.361000000000002963e+01 4.307278406640241974e-01
1.363000000000002920e+01 4.599432023653267643e-01
1.365000000000002878e+01 4.410431130105001429e-01
1.367000000000002835e+01 4.273009657961209240e-01
1.369000000000002792e+01 4.124821951688351085e-01
1.371000000000002750e+01 4.129330948187197592e-01
1.373000000000002707e+01 3.996492575596287677e-01
1.375000000000002665e+01 4.271028676114003164e-01
1.377000000000002622e+01 3.938826406168745020e-01
1.379000000000002579e+01 3.944177389195984151e-01
1.381000000000002537e+01 3.629446134926868628e-01
1.383000000000002494e+01 3.619555613295348806e-01
1.385000000000002451e+01 3.426812797124909604e-01
1.387000000000002409e+01 3.299117010312494491e-01
1.389000000000002366e+01 3.339662729006233621e-01
1.391000000000002323e+01 2.990778156868931781e-01
1.393000000000002281e+01 2.927130426816198505e-01
1.395000000000002238e+01 2.818610960497845430e-01
1.397000000000002196e+01 2.589093928997785454e-01
1.399000000000002153e+01 2.084998937082539472e-01
1.401000000000002110e+01 1.668398357776393615e-01
1.403000000000002068e+01 1.468024287056376720e-01
1.405000000000002025e+01 1.569235719199245926e-01
1.407000000000001982e+01 1.389003054538794080e-01
1.409000000000001940e+01 1.270545518894926340e-01
1.411000000000001897e+01 1.364932719935361694e-01
1.413000000000001855e+01 1.222611136314053076e-01
1.415000000000001812e+01 1.057280902208885404e-01
1.417000000000001769e+01 1.026095891158575885e-01
1.419000000000001727e+01 8.390528890075346635e-02
1.421000000000001684e+01 8.350915974288997123e-02
1.423000000000001641e+01 7.551200160603821487e-02
1.425000000000001599e+01 6.778017787348021572e-02
1.427000000000001556e+01 5.411615116095656874e-02
1.429000000000001513e+01 3.787074618228996464e-02
1.431000000000001471e+01 3.764662714557405476e-02
1.433000000000001428e+01 2.178176272921131251e-02
1.435000000000001386e+01 1.640353608101862565e-02
1.437000000000001343e+01 1.100868500668659988e-02
1.439000000000001300e+01 1.089264621454469166e-02
1.441000000000001258e+01 1.079188500522138168e-02
1.443000000000001215e+01 5.401517642311702734e-03
1.445000000000001172e+01 2.713451893755813252e-03
1.447000000000001130e+01 1.899907359121856028e-05
1.449000000000001087e+01 1.752510932865773219e-05
1.451000000000001044e+01 8.763659902938383830e-06
1.453000000000001002e+01 8.090238744609743441e-06
1.455000000000000959e+01 8.008963245205289840e-11
1.457000000000000917e+01 6.936427054089586112e-11
1.459000000000000874e+01 0.000000000000000000e+00
1.461000000000000831e+01 0.000000000000000000e+00
1.463000000000000789e+01 0.000000000000000000e+00
1.465000000000000746e+01 0.000000000000000000e+00
1.467000000000000703e+01 0.000000000000000000e+00
1.469000000000000661e+01 0.000000000000000000e+00
1.471000000000000618e+01 0.000000000000000000e+00
1.473000000000000576e+01 0.000000000000000000e+00
1.475000000000000533e+01 0.000000000000000000e+00
1.477000000000000490e+01 0.000000000000000000e+00
1.479000000000000448e+01 0.000000000000000000e+00
1.481000000000000405e+01 0.000000000000000000e+00
1.483000000000000362e+01 0.000000000000000000e+00
1.485000000000000320e+01 0.000000000000000000e+00
1.487000000000000277e+01 0.000000000000000000e+00
1.489000000000000234e+01 0.000000000000000000e+00
1.491000000000000192e+01 0.000000000000000000e+00
1.493000000000000149e+01 0.000000000000000000e+00
1.495000000000000107e+01 0.000000000000000000e+00
1.497000000000000064e+01 0.000000000000000000e+00
1.499000000000000021e+01 0.000000000000000000e+00
