# Redshift		Merger Rate Density [Gpc^-3yr^-1]
1.000000000031931770e-02 2.448741833296208981e+00
3.000000000031888964e-02 2.538180965410276713e+00
5.000000000031846331e-02 2.511342621506448936e+00
7.000000000031804392e-02 2.523158997661949066e+00
9.000000000031761760e-02 2.566794938003995608e+00
1.100000000003171913e-01 2.539119265869389963e+00
1.300000000003167511e-01 2.605155508014298960e+00
1.500000000003163247e-01 2.657968606393347866e+00
1.700000000003158984e-01 2.645642688424672873e+00
1.900000000003154721e-01 2.820683155961167810e+00
2.100000000003150458e-01 2.845363412475611753e+00
2.300000000003146194e-01 3.044839029234038374e+00
2.500000000003141931e-01 3.143083281317581523e+00
2.700000000003137668e-01 3.350532721765494770e+00
2.900000000003133405e-01 3.421388049230483563e+00
3.100000000003129141e-01 3.598297789571178740e+00
3.300000000003124878e-01 3.866703386769474893e+00
3.500000000003120615e-01 3.876566539742551498e+00
3.700000000003116352e-01 4.052699646045313742e+00
3.900000000003112088e-01 4.178698844332520146e+00
4.100000000003107825e-01 4.433162256563506709e+00
4.300000000003103562e-01 4.519522946424758381e+00
4.500000000003099299e-01 4.634629513192959571e+00
4.700000000003095035e-01 4.838178176261482832e+00
4.900000000003090772e-01 4.946090635790438839e+00
5.100000000003086509e-01 5.069210129529327702e+00
5.300000000003082246e-01 5.322530182866760384e+00
5.500000000003077982e-01 5.294252035726431771e+00
5.700000000003073719e-01 5.540361461973852819e+00
5.900000000003069456e-01 5.696155030116451634e+00
6.100000000003065193e-01 5.828215080795245306e+00
6.300000000003060929e-01 6.101945476332067742e+00
6.500000000003056666e-01 6.226758798462443956e+00
6.700000000003052403e-01 6.357853206575045490e+00
6.900000000003048140e-01 6.633538340298836822e+00
7.100000000003043876e-01 6.793220972311761585e+00
7.300000000003039613e-01 7.038409784408093728e+00
7.500000000003035350e-01 7.295576190623137336e+00
7.700000000003031086e-01 7.519885964682144319e+00
7.900000000003026823e-01 7.612706250992132162e+00
8.100000000003022560e-01 8.140822097619556885e+00
8.300000000003018297e-01 8.176129783864634959e+00
8.500000000003014033e-01 8.543126948527996589e+00
8.700000000003009770e-01 8.746416307215945096e+00
8.900000000003005507e-01 9.078102023813668708e+00
9.100000000003001244e-01 9.501215675415682682e+00
9.300000000002996980e-01 9.748903497424002751e+00
9.500000000002992717e-01 9.844568186691853739e+00
9.700000000002988454e-01 1.034262033542120562e+01
9.900000000002984191e-01 1.062211486235761448e+01
1.010000000000297993e+00 1.091058450328043783e+01
1.030000000000297566e+00 1.129114362731572996e+01
1.050000000000297140e+00 1.176170754388082251e+01
1.070000000000296714e+00 1.193167757461829304e+01
1.090000000000296287e+00 1.231399321393943325e+01
1.110000000000295861e+00 1.274919789201917908e+01
1.130000000000295435e+00 1.305206456063107723e+01
1.150000000000295008e+00 1.349823473260878970e+01
1.170000000000294582e+00 1.390948007717132917e+01
1.190000000000294156e+00 1.415382982542555546e+01
1.210000000000293729e+00 1.464561116019650555e+01
1.230000000000293303e+00 1.510494705619541733e+01
1.250000000000292877e+00 1.557245527657054573e+01
1.270000000000292451e+00 1.585941812245382110e+01
1.290000000000292024e+00 1.638892572382358637e+01
1.310000000000291598e+00 1.666889213215074150e+01
1.330000000000291172e+00 1.727263661679053897e+01
1.350000000000290745e+00 1.754695239914091687e+01
1.370000000000290319e+00 1.802003081641786508e+01
1.390000000000289893e+00 1.856914360472088887e+01
1.410000000000289466e+00 1.891347701002505843e+01
1.430000000000289040e+00 1.936064486871332235e+01
1.450000000000288614e+00 2.022366446878290702e+01
1.470000000000288187e+00 2.019476828522241973e+01
1.490000000000287761e+00 2.085661730297066185e+01
1.510000000000287335e+00 2.134999481355522022e+01
1.530000000000286908e+00 2.159285775579053279e+01
1.550000000000286482e+00 2.216689170346856130e+01
1.570000000000286056e+00 2.277962666865981944e+01
1.590000000000285629e+00 2.308951457618329073e+01
1.610000000000285203e+00 2.370685035289768905e+01
1.630000000000284777e+00 2.399369388742025677e+01
1.650000000000284350e+00 2.465580714700688958e+01
1.670000000000283924e+00 2.510405870987661814e+01
1.690000000000283498e+00 2.528634590844406205e+01
1.710000000000283071e+00 2.606791210145663129e+01
1.730000000000282645e+00 2.646328668916863336e+01
1.750000000000282219e+00 2.729698053943012326e+01
1.770000000000281792e+00 2.794855980318794408e+01
1.790000000000281366e+00 2.830672518417799921e+01
1.810000000000280940e+00 2.847799109712153864e+01
1.830000000000280513e+00 2.906841290422125113e+01
1.850000000000280087e+00 2.913014412150907972e+01
1.870000000000279661e+00 2.961842981383218287e+01
1.890000000000279234e+00 3.000884181493172775e+01
1.910000000000278808e+00 3.041035509599627673e+01
1.930000000000278382e+00 3.124610347598107651e+01
1.950000000000277955e+00 3.234582613940399654e+01
1.970000000000277529e+00 3.299317032271628136e+01
1.990000000000277103e+00 3.407842092625888597e+01
2.010000000000276899e+00 3.394051786222161837e+01
2.030000000000276472e+00 3.405811666369412194e+01
2.050000000000276046e+00 3.481341858517594545e+01
2.070000000000275620e+00 3.450648250053709631e+01
2.090000000000275193e+00 3.462598476848465623e+01
2.110000000000274767e+00 3.520568823532921243e+01
2.130000000000274341e+00 3.465625406258315877e+01
2.150000000000273914e+00 3.575210509980838935e+01
2.170000000000273488e+00 3.619639441867587948e+01
2.190000000000273062e+00 3.608797431491508689e+01
2.210000000000272635e+00 3.562204302239968001e+01
2.230000000000272209e+00 3.609635073950177997e+01
2.250000000000271783e+00 3.623996240392651913e+01
2.270000000000271356e+00 3.663696107218213882e+01
2.290000000000270930e+00 3.622404001322949796e+01
2.310000000000270504e+00 3.619339973213678263e+01
2.330000000000270077e+00 3.634376892454959318e+01
2.350000000000269651e+00 3.674676821909203284e+01
2.370000000000269225e+00 3.645387613391503123e+01
2.390000000000268798e+00 3.693277970305346258e+01
2.410000000000268372e+00 3.678417734056742461e+01
2.430000000000267946e+00 3.687886256199304569e+01
2.450000000000267519e+00 3.702525565290267195e+01
2.470000000000267093e+00 3.712309577753057965e+01
2.490000000000266667e+00 3.720491537232402379e+01
2.510000000000266240e+00 3.735096620837490633e+01
2.530000000000265814e+00 3.744379194665369681e+01
2.550000000000265388e+00 3.759461253285677174e+01
2.570000000000264961e+00 3.743768645416322727e+01
2.590000000000264535e+00 3.771132397665104463e+01
2.610000000000264109e+00 3.761960790746267946e+01
2.630000000000263682e+00 3.761051303580563854e+01
2.650000000000263256e+00 3.764561493417600957e+01
2.670000000000262830e+00 3.762465476904577599e+01
2.690000000000262403e+00 3.760977153520931893e+01
2.710000000000261977e+00 3.748688281812802359e+01
2.730000000000261551e+00 3.753296302101597348e+01
2.750000000000261124e+00 3.756921281603594309e+01
2.770000000000260698e+00 3.742754532608464046e+01
2.790000000000260272e+00 3.743294651924730942e+01
2.810000000000259845e+00 3.732650911547122519e+01
2.830000000000259419e+00 3.736617699585426777e+01
2.850000000000258993e+00 3.722042906261230399e+01
2.870000000000258567e+00 3.721935070344764540e+01
2.890000000000258140e+00 3.705366702753082109e+01
2.910000000000257714e+00 3.695481704014694913e+01
2.930000000000257288e+00 3.689120497440054436e+01
2.950000000000256861e+00 3.673350004203418706e+01
2.970000000000256435e+00 3.666290616176906525e+01
2.990000000000256009e+00 3.653694909630494436e+01
3.010000000000255582e+00 3.645464548764755364e+01
3.030000000000255156e+00 3.628316133859066639e+01
3.050000000000254730e+00 3.628449948768694355e+01
3.070000000000254303e+00 3.604657804017185896e+01
3.090000000000253877e+00 3.590151385862996136e+01
3.110000000000253451e+00 3.578649970779004974e+01
3.130000000000253024e+00 3.564651099867852935e+01
3.150000000000252598e+00 3.559432165149883787e+01
3.170000000000252172e+00 3.531455249827970988e+01
3.190000000000251745e+00 3.515698158003581852e+01
3.210000000000251319e+00 3.501820861608734248e+01
3.230000000000250893e+00 3.483659907263150046e+01
3.250000000000250466e+00 3.466181337575888222e+01
3.270000000000250040e+00 3.448012829348384400e+01
3.290000000000249614e+00 3.439274348056086694e+01
3.310000000000249187e+00 3.493980671393615722e+01
3.330000000000248761e+00 3.528152695776205405e+01
3.350000000000248335e+00 3.490055948649571604e+01
3.370000000000247908e+00 3.478319753788404256e+01
3.390000000000247482e+00 3.435734411626958007e+01
3.410000000000247056e+00 3.412919519405505042e+01
3.430000000000246629e+00 3.342873460809285291e+01
3.450000000000246203e+00 3.311063997263495651e+01
3.470000000000245777e+00 3.277415415114293751e+01
3.490000000000245350e+00 3.247226347738153152e+01
3.510000000000244924e+00 3.236307731594169468e+01
3.530000000000244498e+00 3.206308922626710256e+01
3.550000000000244071e+00 3.188534815654118049e+01
3.570000000000243645e+00 3.172500166876400840e+01
3.590000000000243219e+00 3.187607111284732753e+01
3.610000000000242792e+00 3.176087514470098583e+01
3.630000000000242366e+00 3.214461097421490621e+01
3.650000000000241940e+00 3.210378931309102768e+01
3.670000000000241513e+00 3.197100534476383871e+01
3.690000000000241087e+00 3.164822638049918169e+01
3.710000000000240661e+00 3.111322659791053269e+01
3.730000000000240234e+00 3.084525761202609928e+01
3.750000000000239808e+00 3.059769434747906303e+01
3.770000000000239382e+00 3.031961743785949892e+01
3.790000000000238956e+00 2.989785081111864429e+01
3.810000000000238529e+00 2.951413280076891610e+01
3.830000000000238103e+00 2.914131055522068436e+01
3.850000000000237677e+00 2.889357033707951317e+01
3.870000000000237250e+00 2.848654523173531672e+01
3.890000000000236824e+00 2.820054029520412442e+01
3.910000000000236398e+00 2.789499880296334311e+01
3.930000000000235971e+00 2.770775545782145244e+01
3.950000000000235545e+00 2.755618923855961455e+01
3.970000000000235119e+00 2.722869772405226385e+01
3.990000000000234692e+00 2.705772894190689826e+01
4.010000000000234266e+00 2.662770343388410055e+01
4.030000000000233840e+00 2.626610592132439947e+01
4.050000000000233413e+00 2.608899476123135130e+01
4.070000000000232987e+00 2.580495187115903377e+01
4.090000000000232561e+00 2.571114936561360409e+01
4.110000000000232134e+00 2.535303642981605421e+01
4.130000000000231708e+00 2.505426243753536397e+01
4.150000000000231282e+00 2.482815650760915105e+01
4.170000000000230855e+00 2.458543648073154131e+01
4.190000000000230429e+00 2.435264942193039062e+01
4.210000000000230003e+00 2.413519927992017600e+01
4.230000000000229576e+00 2.392559343484748879e+01
4.250000000000229150e+00 2.368645146888121644e+01
4.270000000000228724e+00 2.352884212615641601e+01
4.290000000000228297e+00 2.390941769821562346e+01
4.310000000000227871e+00 2.429625665854140237e+01
4.330000000000227445e+00 2.381635838544249850e+01
4.350000000000227018e+00 2.357746618535130168e+01
4.370000000000226592e+00 2.345834026963393626e+01
4.390000000000226166e+00 2.277148671406991198e+01
4.410000000000225739e+00 2.277384393161300125e+01
4.430000000000225313e+00 2.227806082529117404e+01
4.450000000000224887e+00 2.188652123195867460e+01
4.470000000000224460e+00 2.150936142064926671e+01
4.490000000000224034e+00 2.122602821693967101e+01
4.510000000000223608e+00 2.089926502576258471e+01
4.530000000000223181e+00 2.074245241406343965e+01
4.550000000000222755e+00 2.043515172242588207e+01
4.570000000000222329e+00 2.014997898652446651e+01
4.590000000000221902e+00 2.006094648870985608e+01
4.610000000000221476e+00 1.972112374796463286e+01
4.630000000000221050e+00 1.969593590314781295e+01
4.650000000000220624e+00 1.959714813745496542e+01
4.670000000000220197e+00 1.948163590900714581e+01
4.690000000000219771e+00 1.956450675391060656e+01
4.710000000000219345e+00 1.923106196570496351e+01
4.730000000000218918e+00 1.926789032663534584e+01
4.750000000000218492e+00 1.870067571860985822e+01
4.770000000000218066e+00 1.853822215963667830e+01
4.790000000000217639e+00 1.810583358210772431e+01
4.810000000000217213e+00 1.790546236583830719e+01
4.830000000000216787e+00 1.770406506238941446e+01
4.850000000000216360e+00 1.750682542475140124e+01
4.870000000000215934e+00 1.727864454066830291e+01
4.890000000000215508e+00 1.687470721571110133e+01
4.910000000000215081e+00 1.678427069217116951e+01
4.930000000000214655e+00 1.639324883516206555e+01
4.950000000000214229e+00 1.620498977577790001e+01
4.970000000000213802e+00 1.597998913577068691e+01
4.990000000000213376e+00 1.574751255962913987e+01
5.010000000000212950e+00 1.551073814372179172e+01
5.030000000000212523e+00 1.539510810897800930e+01
5.050000000000212097e+00 1.569285794138609980e+01
5.070000000000211671e+00 1.582074281458333331e+01
5.090000000000211244e+00 1.563710357932164285e+01
5.110000000000210818e+00 1.527716994202956080e+01
5.130000000000210392e+00 1.490940554244411587e+01
5.150000000000209965e+00 1.477799660702286566e+01
5.170000000000209539e+00 1.434500722687105956e+01
5.190000000000209113e+00 1.447711498140168551e+01
5.210000000000208686e+00 1.394317466090487478e+01
5.230000000000208260e+00 1.364183514997059099e+01
5.250000000000207834e+00 1.328731816469632143e+01
5.270000000000207407e+00 1.314003657037626382e+01
5.290000000000206981e+00 1.290304363707693547e+01
5.310000000000206555e+00 1.260732136154508787e+01
5.330000000000206128e+00 1.243745546018030801e+01
5.350000000000205702e+00 1.222449165111352976e+01
5.370000000000205276e+00 1.200426088069331598e+01
5.390000000000204849e+00 1.184094033765503262e+01
5.410000000000204423e+00 1.168499703512698140e+01
5.430000000000203997e+00 1.153842349712552462e+01
5.450000000000203570e+00 1.138456301489599376e+01
5.470000000000203144e+00 1.122361084108206164e+01
5.490000000000202718e+00 1.117363895215503256e+01
5.510000000000202292e+00 1.103808628429939809e+01
5.530000000000201865e+00 1.082744311100371704e+01
5.550000000000201439e+00 1.075597735161368007e+01
5.570000000000201013e+00 1.046155382821780577e+01
5.590000000000200586e+00 1.029289256427558641e+01
5.610000000000200160e+00 1.002599495470426838e+01
5.630000000000199734e+00 9.874290419342921510e+00
5.650000000000199307e+00 9.737654121787434391e+00
5.670000000000198881e+00 9.674614038157999474e+00
5.690000000000198455e+00 9.823487869312621967e+00
5.710000000000198028e+00 9.823187256552454727e+00
5.730000000000197602e+00 9.703702503625191156e+00
5.750000000000197176e+00 9.272572469514864579e+00
5.770000000000196749e+00 9.116410098585681965e+00
5.790000000000196323e+00 9.021320374574655077e+00
5.810000000000195897e+00 8.608927234930499495e+00
5.830000000000195470e+00 8.671435744065981055e+00
5.850000000000195044e+00 8.454115221224222765e+00
5.870000000000194618e+00 8.075200847688916994e+00
5.890000000000194191e+00 7.960286239384471330e+00
5.910000000000193765e+00 7.684834540342063924e+00
5.930000000000193339e+00 7.575216756125974449e+00
5.950000000000192912e+00 7.391253093869983637e+00
5.970000000000192486e+00 7.191560883411809435e+00
5.990000000000192060e+00 7.051085450699681623e+00
6.010000000000191633e+00 6.918235482736695197e+00
6.030000000000191207e+00 6.738752096736791763e+00
6.050000000000190781e+00 6.579143995802651190e+00
6.070000000000190354e+00 6.514049916226648307e+00
6.090000000000189928e+00 6.321860068239957720e+00
6.110000000000189502e+00 6.232311293695905974e+00
6.130000000000189075e+00 6.109056538470386322e+00
6.150000000000188649e+00 5.984298797405358528e+00
6.170000000000188223e+00 5.908651140088129416e+00
6.190000000000187796e+00 5.801705921026784729e+00
6.210000000000187370e+00 5.696804509665568617e+00
6.230000000000186944e+00 5.636987801893448946e+00
6.250000000000186517e+00 5.879536906268273633e+00
6.270000000000186091e+00 5.534528666758983917e+00
6.290000000000185665e+00 5.571317925597996989e+00
6.310000000000185238e+00 5.270087099259913366e+00
6.330000000000184812e+00 5.111227900005984814e+00
6.350000000000184386e+00 5.058015822301705100e+00
6.370000000000183960e+00 4.877315578528587103e+00
6.390000000000183533e+00 4.783258739807000559e+00
6.410000000000183107e+00 4.769636272253565679e+00
6.430000000000182681e+00 4.467002752755516504e+00
6.450000000000182254e+00 4.448182292215856037e+00
6.470000000000181828e+00 4.175857290790070842e+00
6.490000000000181402e+00 4.084649097887719016e+00
6.510000000000180975e+00 4.004922398190501553e+00
6.530000000000180549e+00 3.864913593458784824e+00
6.550000000000180123e+00 3.735579172818205951e+00
6.570000000000179696e+00 3.648599224021697562e+00
6.590000000000179270e+00 3.562917781009957707e+00
6.610000000000178844e+00 3.447181188717410194e+00
6.630000000000178417e+00 3.346268997760058816e+00
6.650000000000177991e+00 3.274324790863068380e+00
6.670000000000177565e+00 3.194136272951996425e+00
6.690000000000177138e+00 3.103867532878060054e+00
6.710000000000176712e+00 3.033618390041475710e+00
6.730000000000176286e+00 3.021164454731639637e+00
6.750000000000175859e+00 3.116057779748049761e+00
6.770000000000175433e+00 2.985313546742169422e+00
6.790000000000175007e+00 2.913927149443427123e+00
6.810000000000174580e+00 2.799663907377944572e+00
6.830000000000174154e+00 2.656288093199200784e+00
6.850000000000173728e+00 2.672746615581706564e+00
6.870000000000173301e+00 2.513326362074666864e+00
6.890000000000172875e+00 2.405851116567317760e+00
6.910000000000172449e+00 2.448873299630111688e+00
6.930000000000172022e+00 2.283070707383716869e+00
6.950000000000171596e+00 2.189451964297122633e+00
6.970000000000171170e+00 2.135748659137650218e+00
6.990000000000170743e+00 2.032384566315985186e+00
7.010000000000170317e+00 1.996972178333378922e+00
7.030000000000169891e+00 1.899815184273154101e+00
7.050000000000169464e+00 1.833136468170468047e+00
7.070000000000169038e+00 1.759516822702714922e+00
7.090000000000168612e+00 1.715992511526030606e+00
7.110000000000168185e+00 1.666633784013314079e+00
7.130000000000167759e+00 1.598122649636672943e+00
7.150000000000167333e+00 1.548195899552724741e+00
7.170000000000166906e+00 1.518623979861149387e+00
7.190000000000166480e+00 1.526417132769007701e+00
7.210000000000166054e+00 1.476143444353556822e+00
7.230000000000165628e+00 1.459237634055840838e+00
7.250000000000165201e+00 1.382277622229024505e+00
7.270000000000164775e+00 1.341854425298009801e+00
7.290000000000164349e+00 1.263003265911439410e+00
7.310000000000163922e+00 1.252561545423141132e+00
7.330000000000163496e+00 1.187673008326393997e+00
7.350000000000163070e+00 1.122078843132703785e+00
7.370000000000162643e+00 1.132610954976268625e+00
7.390000000000162217e+00 1.071102750780312363e+00
7.410000000000161791e+00 1.000137711733340762e+00
7.430000000000161364e+00 9.720299015727792424e-01
7.450000000000160938e+00 9.141703917220606046e-01
7.470000000000160512e+00 8.839060698370763136e-01
7.490000000000160085e+00 8.554594681595870664e-01
7.510000000000159659e+00 8.161737444317884727e-01
7.530000000000159233e+00 7.826447800564434454e-01
7.550000000000158806e+00 7.499885950709348492e-01
7.570000000000158380e+00 7.225954601761621632e-01
7.590000000000157954e+00 7.068126351030606935e-01
7.610000000000157527e+00 7.024335446721426957e-01
7.630000000000157101e+00 6.724871234295163314e-01
7.650000000000156675e+00 6.717265039440466490e-01
7.670000000000156248e+00 6.143492053900830863e-01
7.690000000000155822e+00 6.009477543873597005e-01
7.710000000000155396e+00 5.557658963394230822e-01
7.730000000000154969e+00 5.523703345667452247e-01
7.750000000000154543e+00 5.127648809332008284e-01
7.770000000000154117e+00 4.826676156159548370e-01
7.790000000000153690e+00 4.920499375123583152e-01
7.810000000000153264e+00 4.574476092094649227e-01
7.830000000000152838e+00 4.266181754886405053e-01
7.850000000000152411e+00 4.116488644432000354e-01
7.870000000000151985e+00 3.907204881427286391e-01
7.890000000000151559e+00 3.667177121618191427e-01
7.910000000000151132e+00 3.587846345980664764e-01
7.930000000000150706e+00 3.371293682485357879e-01
7.950000000000150280e+00 3.221652595973832356e-01
7.970000000000149853e+00 3.080331356905606222e-01
7.990000000000149427e+00 3.056965129093018874e-01
8.010000000000149001e+00 2.936470037850831827e-01
8.030000000000148574e+00 2.916360569655152002e-01
8.050000000000148148e+00 2.701816567943202130e-01
8.070000000000147722e+00 2.529806591104205582e-01
8.090000000000147296e+00 2.415751641552436879e-01
8.110000000000146869e+00 2.327110151221810919e-01
8.130000000000146443e+00 2.168880893667704535e-01
8.150000000000146017e+00 2.016949858580807942e-01
8.170000000000145590e+00 1.920214627683651254e-01
8.190000000000145164e+00 1.919141813570430788e-01
8.210000000000144738e+00 1.781818147937400676e-01
8.230000000000144311e+00 1.659596340627704780e-01
8.250000000000143885e+00 1.604550910170767508e-01
8.270000000000143459e+00 1.488535444828736343e-01
8.290000000000143032e+00 1.397514135219116715e-01
8.310000000000142606e+00 1.370165578838548059e-01
8.330000000000142180e+00 1.296812472627216772e-01
8.350000000000141753e+00 1.238385175181553749e-01
8.370000000000141327e+00 1.204311241158150247e-01
8.390000000000140901e+00 1.168341456888212782e-01
8.410000000000140474e+00 1.133690442148383021e-01
8.430000000000140048e+00 1.040052561880672327e-01
8.450000000000139622e+00 9.597396188015359930e-02
8.470000000000139195e+00 8.850743942368519135e-02
8.490000000000138769e+00 9.000546278594656613e-02
8.510000000000138343e+00 8.028164440643101307e-02
8.530000000000137916e+00 7.452369813347503591e-02
8.550000000000137490e+00 7.254423179857306947e-02
8.570000000000137064e+00 6.937191507087227260e-02
8.590000000000136637e+00 6.344456518842699067e-02
8.610000000000136211e+00 6.052418736838165170e-02
8.630000000000135785e+00 5.727133882506312695e-02
8.650000000000135358e+00 5.397743882753130301e-02
8.670000000000134932e+00 5.103160224975428899e-02
8.690000000000134506e+00 4.963909880978510658e-02
8.710000000000134079e+00 4.729053280384477170e-02
8.730000000000133653e+00 4.341987654605343472e-02
8.750000000000133227e+00 4.748610253621443622e-02
8.770000000000132800e+00 3.839394134919373036e-02
8.790000000000132374e+00 3.923446884627067310e-02
8.810000000000131948e+00 3.383694825041838605e-02
8.830000000000131521e+00 3.468538633277511857e-02
8.850000000000131095e+00 3.039166888884424489e-02
8.870000000000130669e+00 2.788249927727403168e-02
8.890000000000130242e+00 2.685779733175879327e-02
8.910000000000129816e+00 2.570726419181548761e-02
8.930000000000129390e+00 2.388179063991091589e-02
8.950000000000128964e+00 2.213831126224219056e-02
8.970000000000128537e+00 2.098989345832534895e-02
8.990000000000128111e+00 1.971035431362563525e-02
9.010000000000127685e+00 1.872728498964768354e-02
9.030000000000127258e+00 1.814203201913866526e-02
9.050000000000126832e+00 1.670772862557790700e-02
9.070000000000126406e+00 1.886189770218385520e-02
9.090000000000125979e+00 1.454784358513019731e-02
9.110000000000125553e+00 1.501822875878621247e-02
9.130000000000125127e+00 1.275383104012851702e-02
9.150000000000124700e+00 1.317565588944518383e-02
9.170000000000124274e+00 1.115100191350972339e-02
9.190000000000123848e+00 1.044546773772443531e-02
9.210000000000123421e+00 9.672086413606922894e-03
9.230000000000122995e+00 9.368161667236292109e-03
9.250000000000122569e+00 8.760002907649873036e-03
9.270000000000122142e+00 8.040529219809926589e-03
9.290000000000121716e+00 7.589454548875869920e-03
9.310000000000121290e+00 7.211193751578983367e-03
9.330000000000120863e+00 6.814829208798568391e-03
9.350000000000120437e+00 6.307982092654903887e-03
9.370000000000120011e+00 7.396030570166293137e-03
9.390000000000119584e+00 5.508863795013119700e-03
9.410000000000119158e+00 5.748548943320652520e-03
9.430000000000118732e+00 4.782551778848586656e-03
9.450000000000118305e+00 4.395809746918592602e-03
9.470000000000117879e+00 4.709943813629101882e-03
9.490000000000117453e+00 3.874819008786120102e-03
9.510000000000117026e+00 3.569971297915640850e-03
9.530000000000116600e+00 3.348088159844735037e-03
9.550000000000116174e+00 3.186211526458545152e-03
9.570000000000115747e+00 2.970794758161791720e-03
9.590000000000115321e+00 2.725338315096442320e-03
9.610000000000114895e+00 2.594134370340621127e-03
9.630000000000114468e+00 2.462136293952513991e-03
9.650000000000114042e+00 2.246482302622538740e-03
9.670000000000113616e+00 2.720255262792527738e-03
9.690000000000113189e+00 1.958571207298862200e-03
9.710000000000112763e+00 2.059801843701388260e-03
9.730000000000112337e+00 1.666349497774408843e-03
9.750000000000111910e+00 1.541542847239205571e-03
9.770000000000111484e+00 1.670574918463455438e-03
9.790000000000111058e+00 1.340674786959684082e-03
9.810000000000110632e+00 1.228502891693854194e-03
9.830000000000110205e+00 1.149906332019873635e-03
9.850000000000109779e+00 1.090799016154404572e-03
9.870000000000109353e+00 1.006885457359063280e-03
9.890000000000108926e+00 9.301694928451970578e-04
9.910000000000108500e+00 8.836825114561546639e-04
9.930000000000108074e+00 8.162114960194756649e-04
9.950000000000107647e+00 1.010787287292726905e-03
9.970000000000107221e+00 6.870254639128208808e-04
9.990000000000106795e+00 7.493240808332855916e-04
1.001000000000010637e+01 5.848910464371931016e-04
1.003000000000010594e+01 5.411308788506389829e-04
1.005000000000010552e+01 5.983521880575659591e-04
1.007000000000010509e+01 4.619521668324709724e-04
1.009000000000010466e+01 4.278144707121201004e-04
1.011000000000010424e+01 3.957576960425512316e-04
1.013000000000010381e+01 3.717658713599818112e-04
1.015000000000010338e+01 3.460595649500342518e-04
1.017000000000010296e+01 3.201805629634620759e-04
1.019000000000010253e+01 2.967331898658623237e-04
1.021000000000010210e+01 2.736096302270755662e-04
1.023000000000010168e+01 3.496211697182744741e-04
1.025000000000010125e+01 2.277494793881736795e-04
1.027000000000010083e+01 2.518457549724324967e-04
1.029000000000010040e+01 1.935173903944597444e-04
1.031000000000009997e+01 1.769142049831551452e-04
1.033000000000009955e+01 1.976946491322536679e-04
1.035000000000009912e+01 1.500069270889589331e-04
1.037000000000009869e+01 1.375166036922368415e-04
1.039000000000009827e+01 1.275968927288656063e-04
1.041000000000009784e+01 1.189342739793682014e-04
1.043000000000009742e+01 1.100959366257212181e-04
1.045000000000009699e+01 1.008907428430017559e-04
1.047000000000009656e+01 9.279551430661047817e-05
1.049000000000009614e+01 1.200471999804554379e-04
1.051000000000009571e+01 7.655997787430547956e-05
1.053000000000009528e+01 8.487476007352209373e-05
1.055000000000009486e+01 6.359203604083077139e-05
1.057000000000009443e+01 5.849723239426273436e-05
1.059000000000009400e+01 6.545005192824026393e-05
1.061000000000009358e+01 4.866723485545862134e-05
1.063000000000009315e+01 4.460327482637763130e-05
1.065000000000009273e+01 4.099616786384137622e-05
1.067000000000009230e+01 3.788212498913271918e-05
1.069000000000009187e+01 3.496075170811708247e-05
1.071000000000009145e+01 3.200084155445888270e-05
1.073000000000009102e+01 3.524705847675450876e-05
1.075000000000009059e+01 3.199914730680218959e-05
1.077000000000009017e+01 2.368345765630505811e-05
1.079000000000008974e+01 2.641015136480681346e-05
1.081000000000008932e+01 1.944681783155863250e-05
1.083000000000008889e+01 2.178176159207086531e-05
1.085000000000008846e+01 1.593421878816291728e-05
1.087000000000008804e+01 1.462139145559795224e-05
1.089000000000008761e+01 1.330759352765698437e-05
1.091000000000008718e+01 1.218263011617791548e-05
1.093000000000008676e+01 1.119550064278638814e-05
1.095000000000008633e+01 1.020049068970965648e-05
1.097000000000008590e+01 1.126869562238576993e-05
1.099000000000008548e+01 1.011570154835039687e-05
1.101000000000008505e+01 7.391377548814244674e-06
1.103000000000008463e+01 8.251929013392499644e-06
1.105000000000008420e+01 6.000490538483000804e-06
1.107000000000008377e+01 5.453966499816584997e-06
1.109000000000008335e+01 6.119047228087717879e-06
1.111000000000008292e+01 4.413919060891649030e-06
1.113000000000008249e+01 4.011393391347336549e-06
1.115000000000008207e+01 3.641623794323896206e-06
1.117000000000008164e+01 3.314338439751561713e-06
1.119000000000008122e+01 3.010250406754996560e-06
1.121000000000008079e+01 3.315288469211673786e-06
1.123000000000008036e+01 2.950316865879805103e-06
1.125000000000007994e+01 2.136750555481495794e-06
1.127000000000007951e+01 2.375808696539379541e-06
1.129000000000007908e+01 1.708306505029887137e-06
1.131000000000007866e+01 1.543039705152747589e-06
1.133000000000007823e+01 1.724491802423136028e-06
1.135000000000007780e+01 1.230744539743545448e-06
1.137000000000007738e+01 1.110365597561310336e-06
1.139000000000007695e+01 1.003658160364754275e-06
1.141000000000007653e+01 9.055457403593311336e-07
1.143000000000007610e+01 8.162581147356780975e-07
1.145000000000007567e+01 1.057056759484353728e-06
1.147000000000007525e+01 6.296603658180398453e-07
1.149000000000007482e+01 6.968764395450197802e-07
1.151000000000007439e+01 4.966499105639724643e-07
1.153000000000007397e+01 4.463287202012575852e-07
1.155000000000007354e+01 4.960202910819750156e-07
1.157000000000007311e+01 3.502599059237986835e-07
1.159000000000007269e+01 3.147443066200756314e-07
1.161000000000007226e+01 2.820478492284789785e-07
1.163000000000007184e+01 2.530164441655074750e-07
1.165000000000007141e+01 2.267744679879830575e-07
1.167000000000007098e+01 2.920086664380174764e-07
1.169000000000007056e+01 1.721813195957973809e-07
1.171000000000007013e+01 1.538592448550031433e-07
1.173000000000006970e+01 1.694978363047576245e-07
1.175000000000006928e+01 1.195078866686430148e-07
1.177000000000006885e+01 1.320526748876034497e-07
1.179000000000006843e+01 9.237742689212313559e-08
1.181000000000006800e+01 8.241767061457130409e-08
1.183000000000006757e+01 7.347047160115140255e-08
1.185000000000006715e+01 6.541800420901065896e-08
1.187000000000006672e+01 5.825691725225602037e-08
1.189000000000006629e+01 7.451584292388510644e-08
1.191000000000006587e+01 4.352094693410878034e-08
1.193000000000006544e+01 4.759560070470280130e-08
1.195000000000006501e+01 3.328992641817052962e-08
1.197000000000006459e+01 2.954335511861784137e-08
1.199000000000006416e+01 3.247525078210217910e-08
1.201000000000006374e+01 2.249440631957489991e-08
1.203000000000006331e+01 1.993639806543505058e-08
1.205000000000006288e+01 1.764840146356215226e-08
1.207000000000006246e+01 1.561113103011810141e-08
1.209000000000006203e+01 1.983553884727076304e-08
1.211000000000006160e+01 1.148323834422693779e-08
1.213000000000006118e+01 1.013804683196894370e-08
1.215000000000006075e+01 1.101902230341237622e-08
1.217000000000006033e+01 7.639675467123967987e-09
1.219000000000005990e+01 6.732059280841410303e-09
1.221000000000005947e+01 7.353649095497336487e-09
1.223000000000005905e+01 5.046828286154722365e-09
1.225000000000005862e+01 4.440494365192191840e-09
1.227000000000005819e+01 3.903541620617459437e-09
1.229000000000005777e+01 4.175787607801053266e-09
1.231000000000005734e+01 3.574239326641910137e-09
1.233000000000005691e+01 2.479252858498965404e-09
1.235000000000005649e+01 2.677088235838224303e-09
1.237000000000005606e+01 1.840459832500510887e-09
1.239000000000005564e+01 1.612079595214418279e-09
1.241000000000005521e+01 1.749239234928479125e-09
1.243000000000005478e+01 1.190579507951383946e-09
1.245000000000005436e+01 1.040741683518030065e-09
1.247000000000005393e+01 9.088878939620922132e-10
1.249000000000005350e+01 9.651751101184364469e-10
1.251000000000005308e+01 8.195950833465190682e-10
1.253000000000005265e+01 5.642253534194505955e-10
1.255000000000005222e+01 6.051747489790014101e-10
1.257000000000005180e+01 4.127620290593507580e-10
1.259000000000005137e+01 3.590719880310591500e-10
1.261000000000005095e+01 3.870897368336494822e-10
1.263000000000005052e+01 2.612324613653417186e-10
1.265000000000005009e+01 2.268277475029201823e-10
1.267000000000004967e+01 1.967946684879404078e-10
1.269000000000004924e+01 2.073965065799196434e-10
1.271000000000004881e+01 1.747082966323856355e-10
1.273000000000004839e+01 1.193472552802932836e-10
1.275000000000004796e+01 1.271132393311432791e-10
1.277000000000004754e+01 8.600756359187982437e-11
1.279000000000004711e+01 7.431452796245865635e-11
1.281000000000004668e+01 7.956486063176110115e-11
1.283000000000004626e+01 5.324037061690058188e-11
1.285000000000004583e+01 4.590953549655104429e-11
1.287000000000004540e+01 3.956626595932535965e-11
1.289000000000004498e+01 4.866709188917026371e-11
1.291000000000004455e+01 2.724886935280407888e-11
1.293000000000004412e+01 2.343532578736421359e-11
1.295000000000004370e+01 2.477695105982758741e-11
1.297000000000004327e+01 1.662759815541634926e-11
1.299000000000004285e+01 1.427045800683514104e-11
1.301000000000004242e+01 1.517133465505537005e-11
1.303000000000004199e+01 1.006340619748344885e-11
1.305000000000004157e+01 8.618508741874844236e-12
1.307000000000004114e+01 1.051622882531306003e-11
1.309000000000004071e+01 5.843728525880915584e-12
1.311000000000004029e+01 4.994143980624066250e-12
1.313000000000003986e+01 5.244526130699648282e-12
1.315000000000003944e+01 3.493439270766845550e-12
1.317000000000003901e+01 2.979262412254266520e-12
1.319000000000003858e+01 3.146277249471706467e-12
1.321000000000003816e+01 2.070577401431838293e-12
1.323000000000003773e+01 1.762159089711898441e-12
1.325000000000003730e+01 1.815604397485877802e-12
1.327000000000003688e+01 1.494215391997536523e-12
1.329000000000003645e+01 9.986699890135295026e-13
1.331000000000003602e+01 1.041427398212550594e-12
1.333000000000003560e+01 6.885279735648066373e-13
1.335000000000003517e+01 5.834460615732369713e-13
1.337000000000003475e+01 4.940437452178046567e-13
1.339000000000003432e+01 5.179053886820345568e-13
1.341000000000003389e+01 3.378242242213053625e-13
1.343000000000003347e+01 3.454838083500285940e-13
1.345000000000003304e+01 2.821392553705258331e-13
1.347000000000003261e+01 1.872343754559560517e-13
1.349000000000003219e+01 1.938699690017028896e-13
1.351000000000003176e+01 1.272115498804065222e-13
1.353000000000003133e+01 1.070842489882978054e-13
1.355000000000003091e+01 9.007368039859368964e-14
1.357000000000003048e+01 9.376402500580347668e-14
1.359000000000003006e+01 6.065617071330461443e-14
1.361000000000002963e+01 7.220402824118479796e-14
1.363000000000002920e+01 3.920500358519322083e-14
1.365000000000002878e+01 3.285783788609859162e-14
1.367000000000002835e+01 3.377997595865622302e-14
1.369000000000002792e+01 2.199243721152479336e-14
1.371000000000002750e+01 1.839240873825962735e-14
1.373000000000002707e+01 1.537145727088832957e-14
1.375000000000002665e+01 1.589454796587404828e-14
1.377000000000002622e+01 1.020055374720288676e-14
1.379000000000002579e+01 1.203893796148851458e-14
1.381000000000002537e+01 6.486107623540528864e-15
1.383000000000002494e+01 5.399848970227369988e-15
1.385000000000002451e+01 5.511437308758652393e-15
1.387000000000002409e+01 3.560533986700977745e-15
1.389000000000002366e+01 2.957729611452411367e-15
1.391000000000002323e+01 3.038307365662772477e-15
1.393000000000002281e+01 1.935980031720287859e-15
1.395000000000002238e+01 2.266252541823407837e-15
1.397000000000002196e+01 1.212488151249689824e-15
1.399000000000002153e+01 1.003334352435075052e-15
1.401000000000002110e+01 1.016647299926090987e-15
1.403000000000002068e+01 6.523198286095976967e-16
1.405000000000002025e+01 5.380904234889770254e-16
1.407000000000001982e+01 4.443462383065955824e-16
1.409000000000001940e+01 4.543221705705755576e-16
1.411000000000001897e+01 3.453338547360869083e-16
1.413000000000001855e+01 2.727493175960929407e-16
1.415000000000001812e+01 1.761392314841269194e-16
1.417000000000001769e+01 1.445619863116849672e-16
1.419000000000001727e+01 1.452894436501225592e-16
1.421000000000001684e+01 9.260736193085238429e-17
1.423000000000001641e+01 7.615501393398915916e-17
1.425000000000001599e+01 7.724369072697137766e-17
1.427000000000001556e+01 4.848661765239836086e-17
1.429000000000001513e+01 0.000000000000000000e+00
1.431000000000001471e+01 0.000000000000000000e+00
1.433000000000001428e+01 0.000000000000000000e+00
1.435000000000001386e+01 0.000000000000000000e+00
1.437000000000001343e+01 0.000000000000000000e+00
1.439000000000001300e+01 0.000000000000000000e+00
1.441000000000001258e+01 0.000000000000000000e+00
1.443000000000001215e+01 0.000000000000000000e+00
1.445000000000001172e+01 0.000000000000000000e+00
1.447000000000001130e+01 0.000000000000000000e+00
1.449000000000001087e+01 0.000000000000000000e+00
1.451000000000001044e+01 0.000000000000000000e+00
1.453000000000001002e+01 0.000000000000000000e+00
1.455000000000000959e+01 0.000000000000000000e+00
1.457000000000000917e+01 0.000000000000000000e+00
1.459000000000000874e+01 0.000000000000000000e+00
1.461000000000000831e+01 0.000000000000000000e+00
1.463000000000000789e+01 0.000000000000000000e+00
1.465000000000000746e+01 0.000000000000000000e+00
1.467000000000000703e+01 0.000000000000000000e+00
1.469000000000000661e+01 0.000000000000000000e+00
1.471000000000000618e+01 0.000000000000000000e+00
1.473000000000000576e+01 0.000000000000000000e+00
1.475000000000000533e+01 0.000000000000000000e+00
1.477000000000000490e+01 0.000000000000000000e+00
1.479000000000000448e+01 0.000000000000000000e+00
1.481000000000000405e+01 0.000000000000000000e+00
1.483000000000000362e+01 0.000000000000000000e+00
1.485000000000000320e+01 0.000000000000000000e+00
1.487000000000000277e+01 0.000000000000000000e+00
1.489000000000000234e+01 0.000000000000000000e+00
1.491000000000000192e+01 0.000000000000000000e+00
1.493000000000000149e+01 0.000000000000000000e+00
1.495000000000000107e+01 0.000000000000000000e+00
1.497000000000000064e+01 0.000000000000000000e+00
1.499000000000000021e+01 0.000000000000000000e+00
