# Redshift		Merger Rate Density [Gpc^-3yr^-1]
1.000000000031931770e-02 1.347994443615840225e+02
3.000000000031888964e-02 1.409988489571922514e+02
5.000000000031846331e-02 1.464986533275695706e+02
7.000000000031804392e-02 1.544073136691754655e+02
9.000000000031761760e-02 1.609148748674143121e+02
1.100000000003171913e-01 1.670592932817909571e+02
1.300000000003167511e-01 1.746709007505308193e+02
1.500000000003163247e-01 1.819702638187294781e+02
1.700000000003158984e-01 1.882491439833053164e+02
1.900000000003154721e-01 1.951161815790106004e+02
2.100000000003150458e-01 2.036465036959729673e+02
2.300000000003146194e-01 2.111552807617686369e+02
2.500000000003141931e-01 2.183846172976234072e+02
2.700000000003137668e-01 2.277814052638044302e+02
2.900000000003133405e-01 2.350892897501585423e+02
3.100000000003129141e-01 2.431868224582698872e+02
3.300000000003124878e-01 2.506604482560501026e+02
3.500000000003120615e-01 2.597828239892385795e+02
3.700000000003116352e-01 2.676454768221361178e+02
3.900000000003112088e-01 2.764087928330197315e+02
4.100000000003107825e-01 2.845240370752028412e+02
4.300000000003103562e-01 2.944422042113060911e+02
4.500000000003099299e-01 3.025107955832380071e+02
4.700000000003095035e-01 3.103383986343217202e+02
4.900000000003090772e-01 3.209878382035730056e+02
5.100000000003086509e-01 3.295675548999590774e+02
5.300000000003082246e-01 3.380385957112458755e+02
5.500000000003077982e-01 3.471331076709584522e+02
5.700000000003073719e-01 3.569196610314273812e+02
5.900000000003069456e-01 3.663825981107842154e+02
6.100000000003065193e-01 3.746742049057326653e+02
6.300000000003060929e-01 3.825150926128735023e+02
6.500000000003056666e-01 3.921288007199922845e+02
6.700000000003052403e-01 4.017699149130231149e+02
6.900000000003048140e-01 4.112219804102924741e+02
7.100000000003043876e-01 4.201756013949988073e+02
7.300000000003039613e-01 4.291633776123055668e+02
7.500000000003035350e-01 4.388288088217486234e+02
7.700000000003031086e-01 4.460165137950115195e+02
7.900000000003026823e-01 4.576399955519264040e+02
8.100000000003022560e-01 4.652589874535246395e+02
8.300000000003018297e-01 4.726562156115556945e+02
8.500000000003014033e-01 4.838682047346543413e+02
8.700000000003009770e-01 4.911951535065051075e+02
8.900000000003005507e-01 5.016771153167527473e+02
9.100000000003001244e-01 5.087596273513771052e+02
9.300000000002996980e-01 5.180021073823161259e+02
9.500000000002992717e-01 5.260620776825865050e+02
9.700000000002988454e-01 5.345000022800327315e+02
9.900000000002984191e-01 5.433818508954466324e+02
1.010000000000297993e+00 5.499345477525728256e+02
1.030000000000297566e+00 5.574162811437736309e+02
1.050000000000297140e+00 5.640767663382378032e+02
1.070000000000296714e+00 5.705649520516052462e+02
1.090000000000296287e+00 5.828279633527292845e+02
1.110000000000295861e+00 5.893397242205857083e+02
1.130000000000295435e+00 5.935354787409977462e+02
1.150000000000295008e+00 6.006558570668761377e+02
1.170000000000294582e+00 6.065957375234735309e+02
1.190000000000294156e+00 6.139705686724889802e+02
1.210000000000293729e+00 6.193591151921970095e+02
1.230000000000293303e+00 6.234679867026305828e+02
1.250000000000292877e+00 6.307061235391951186e+02
1.270000000000292451e+00 6.338034902829770090e+02
1.290000000000292024e+00 6.393895531790464020e+02
1.310000000000291598e+00 6.448349917198805770e+02
1.330000000000291172e+00 6.468836611187382459e+02
1.350000000000290745e+00 6.531074969051114749e+02
1.370000000000290319e+00 6.589400639335179903e+02
1.390000000000289893e+00 6.597600500278074378e+02
1.410000000000289466e+00 6.622584127724463769e+02
1.430000000000289040e+00 6.651856076381887988e+02
1.450000000000288614e+00 6.700599237322360295e+02
1.470000000000288187e+00 6.715414181383351888e+02
1.490000000000287761e+00 6.742511215507681754e+02
1.510000000000287335e+00 6.767544960061452457e+02
1.530000000000286908e+00 6.723136947523228173e+02
1.550000000000286482e+00 6.778287594124490170e+02
1.570000000000286056e+00 6.803939630650352228e+02
1.590000000000285629e+00 6.776649154580862842e+02
1.610000000000285203e+00 6.801943877083159578e+02
1.630000000000284777e+00 6.799239890015207948e+02
1.650000000000284350e+00 6.814703465531314350e+02
1.670000000000283924e+00 6.792199525581457920e+02
1.690000000000283498e+00 6.776329056833823188e+02
1.710000000000283071e+00 6.767381835855991312e+02
1.730000000000282645e+00 6.764975002093048033e+02
1.750000000000282219e+00 6.748132659496423003e+02
1.770000000000281792e+00 6.681582217957794683e+02
1.790000000000281366e+00 6.715335559476365006e+02
1.810000000000280940e+00 6.675502439477037342e+02
1.830000000000280513e+00 6.611860086751036079e+02
1.850000000000280087e+00 6.605157758390338358e+02
1.870000000000279661e+00 6.556081777407216578e+02
1.890000000000279234e+00 6.523523741162371152e+02
1.910000000000278808e+00 6.512948050804810691e+02
1.930000000000278382e+00 6.430961470998199729e+02
1.950000000000277955e+00 6.438604339046775067e+02
1.970000000000277529e+00 6.366268823887988901e+02
1.990000000000277103e+00 6.316442338953710305e+02
2.010000000000276899e+00 6.264318604076019028e+02
2.030000000000276472e+00 6.234022022628588502e+02
2.050000000000276046e+00 6.185387805537925487e+02
2.070000000000275620e+00 6.118024693641737031e+02
2.090000000000275193e+00 6.075394212718023255e+02
2.110000000000274767e+00 6.003567572716722225e+02
2.130000000000274341e+00 5.952891076179701031e+02
2.150000000000273914e+00 5.897285995270608510e+02
2.170000000000273488e+00 5.855292934903154674e+02
2.190000000000273062e+00 5.782692780865985469e+02
2.210000000000272635e+00 5.709096025158250995e+02
2.230000000000272209e+00 5.647764775727172264e+02
2.250000000000271783e+00 5.619005147994008667e+02
2.270000000000271356e+00 5.536851357419114947e+02
2.290000000000270930e+00 5.451456187567665665e+02
2.310000000000270504e+00 5.394036313379800731e+02
2.330000000000270077e+00 5.349039086594019636e+02
2.350000000000269651e+00 5.265663604542618259e+02
2.370000000000269225e+00 5.216391749724873534e+02
2.390000000000268798e+00 5.172623932991546098e+02
2.410000000000268372e+00 5.092306971680752667e+02
2.430000000000267946e+00 5.006416887115120744e+02
2.450000000000267519e+00 4.937475313155704839e+02
2.470000000000267093e+00 4.880524406109123561e+02
2.490000000000266667e+00 4.810444306230843949e+02
2.510000000000266240e+00 4.749087176712014298e+02
2.530000000000265814e+00 4.676705287133817706e+02
2.550000000000265388e+00 4.618990490493968650e+02
2.570000000000264961e+00 4.569943657643166830e+02
2.590000000000264535e+00 4.500128486540764357e+02
2.610000000000264109e+00 4.419949260914610818e+02
2.630000000000263682e+00 4.378296796347986515e+02
2.650000000000263256e+00 4.322824276066865536e+02
2.670000000000262830e+00 4.221290795531232902e+02
2.690000000000262403e+00 4.174428579966783559e+02
2.710000000000261977e+00 4.126397142077504441e+02
2.730000000000261551e+00 4.062056625034204558e+02
2.750000000000261124e+00 4.001904163993734755e+02
2.770000000000260698e+00 3.929617239215449445e+02
2.790000000000260272e+00 3.887019052694463994e+02
2.810000000000259845e+00 3.819181108057971983e+02
2.830000000000259419e+00 3.755524161002812207e+02
2.850000000000258993e+00 3.715632904953118327e+02
2.870000000000258567e+00 3.636987372352218699e+02
2.890000000000258140e+00 3.590590187877816675e+02
2.910000000000257714e+00 3.532088138544796720e+02
2.930000000000257288e+00 3.509659308712863321e+02
2.950000000000256861e+00 3.422188882926315046e+02
2.970000000000256435e+00 3.365622096496406357e+02
2.990000000000256009e+00 3.316316809224671260e+02
3.010000000000255582e+00 3.279646067841403578e+02
3.030000000000255156e+00 3.214517886718625732e+02
3.050000000000254730e+00 3.166059216993274390e+02
3.070000000000254303e+00 3.131241988254797661e+02
3.090000000000253877e+00 3.068791490234352182e+02
3.110000000000253451e+00 3.019595917303141732e+02
3.130000000000253024e+00 2.968779401659313635e+02
3.150000000000252598e+00 2.930880056162079086e+02
3.170000000000252172e+00 2.881578537524546846e+02
3.190000000000251745e+00 2.843713377707491645e+02
3.210000000000251319e+00 2.807061972885911700e+02
3.230000000000250893e+00 2.744005068624361456e+02
3.250000000000250466e+00 2.706969333222349974e+02
3.270000000000250040e+00 2.660636061147991995e+02
3.290000000000249614e+00 2.621777934100206267e+02
3.310000000000249187e+00 2.590366055606777422e+02
3.330000000000248761e+00 2.533844951497086413e+02
3.350000000000248335e+00 2.501209169960771419e+02
3.370000000000247908e+00 2.462920727538158303e+02
3.390000000000247482e+00 2.418237672845652071e+02
3.410000000000247056e+00 2.387487084747647827e+02
3.430000000000246629e+00 2.342490909267959296e+02
3.450000000000246203e+00 2.308589790284097489e+02
3.470000000000245777e+00 2.271210808675908481e+02
3.490000000000245350e+00 2.237587456646289468e+02
3.510000000000244924e+00 2.210232967490463807e+02
3.530000000000244498e+00 2.170948772493674142e+02
3.550000000000244071e+00 2.132012501446465933e+02
3.570000000000243645e+00 2.110610090323875738e+02
3.590000000000243219e+00 2.072875352008860261e+02
3.610000000000242792e+00 2.041166399900273234e+02
3.630000000000242366e+00 2.010136990378631481e+02
3.650000000000241940e+00 1.986070395095117078e+02
3.670000000000241513e+00 1.949508768725994798e+02
3.690000000000241087e+00 1.922302392332954639e+02
3.710000000000240661e+00 1.885078463156771420e+02
3.730000000000240234e+00 1.862366920263973782e+02
3.750000000000239808e+00 1.826203379075787154e+02
3.770000000000239382e+00 1.808381404846038549e+02
3.790000000000238956e+00 1.780174917294307591e+02
3.810000000000238529e+00 1.757628588053934209e+02
3.830000000000238103e+00 1.731201285735768352e+02
3.850000000000237677e+00 1.699825915099519591e+02
3.870000000000237250e+00 1.675187823644600655e+02
3.890000000000236824e+00 1.660611999265234431e+02
3.910000000000236398e+00 1.627785461361868329e+02
3.930000000000235971e+00 1.609284534809300737e+02
3.950000000000235545e+00 1.578116393511847662e+02
3.970000000000235119e+00 1.566658513769705507e+02
3.990000000000234692e+00 1.536636815149260258e+02
4.010000000000234266e+00 1.517529077520160286e+02
4.030000000000233840e+00 1.492154650258665924e+02
4.050000000000233413e+00 1.481852531263226069e+02
4.070000000000232987e+00 1.453947696221941044e+02
4.090000000000232561e+00 1.436051159295462014e+02
4.110000000000232134e+00 1.410474085988737158e+02
4.130000000000231708e+00 1.402046422415723157e+02
4.150000000000231282e+00 1.379122123693391870e+02
4.170000000000230855e+00 1.361747646706834871e+02
4.190000000000230429e+00 1.343825418783058012e+02
4.210000000000230003e+00 1.325505294498551905e+02
4.230000000000229576e+00 1.311536378840409611e+02
4.250000000000229150e+00 1.290906620829144344e+02
4.270000000000228724e+00 1.272074479425049276e+02
4.290000000000228297e+00 1.263274842433622496e+02
4.310000000000227871e+00 1.240905720311831288e+02
4.330000000000227445e+00 1.219691750962600736e+02
4.350000000000227018e+00 1.213125945824151017e+02
4.370000000000226592e+00 1.190430673970122371e+02
4.390000000000226166e+00 1.172241183433246903e+02
4.410000000000225739e+00 1.164257714119273714e+02
4.430000000000225313e+00 1.150791870811775368e+02
4.450000000000224887e+00 1.139175837289136268e+02
4.470000000000224460e+00 1.113548310733169586e+02
4.490000000000224034e+00 1.111155227448132052e+02
4.510000000000223608e+00 1.089963346898967274e+02
4.530000000000223181e+00 1.084641020505694655e+02
4.550000000000222755e+00 1.074795840917527414e+02
4.570000000000222329e+00 1.058755346464086955e+02
4.590000000000221902e+00 1.043768099271275247e+02
4.610000000000221476e+00 1.033184841242868544e+02
4.630000000000221050e+00 1.022995888147459169e+02
4.650000000000220624e+00 1.006362253931791173e+02
4.670000000000220197e+00 9.983010235217280126e+01
4.690000000000219771e+00 9.891595158333296922e+01
4.710000000000219345e+00 9.735653107590289324e+01
4.730000000000218918e+00 9.641741952124503712e+01
4.750000000000218492e+00 9.507105640518902590e+01
4.770000000000218066e+00 9.401224154737899141e+01
4.790000000000217639e+00 9.329170957347952253e+01
4.810000000000217213e+00 9.170653268501001776e+01
4.830000000000216787e+00 9.048888763233108534e+01
4.850000000000216360e+00 9.081015509615454562e+01
4.870000000000215934e+00 8.929373801849804693e+01
4.890000000000215508e+00 8.811825819886340128e+01
4.910000000000215081e+00 8.787677954396811231e+01
4.930000000000214655e+00 8.660399009397895043e+01
4.950000000000214229e+00 8.501659683830787628e+01
4.970000000000213802e+00 8.459401609125652044e+01
4.990000000000213376e+00 8.424299060276396744e+01
5.010000000000212950e+00 8.302819812124728571e+01
5.030000000000212523e+00 8.288658018016000995e+01
5.050000000000212097e+00 8.157560030717509392e+01
5.070000000000211671e+00 8.056664657919262140e+01
5.090000000000211244e+00 7.931434727529250495e+01
5.110000000000210818e+00 7.954369537917762045e+01
5.130000000000210392e+00 7.856164047970128195e+01
5.150000000000209965e+00 7.761294278067050811e+01
5.170000000000209539e+00 7.705726037022260755e+01
5.190000000000209113e+00 7.576938539243450066e+01
5.210000000000208686e+00 7.547665538500250193e+01
5.230000000000208260e+00 7.481672129277735905e+01
5.250000000000207834e+00 7.409638267218691965e+01
5.270000000000207407e+00 7.357071265342447930e+01
5.290000000000206981e+00 7.300609373972748983e+01
5.310000000000206555e+00 7.258752068579815386e+01
5.330000000000206128e+00 7.255559343736388200e+01
5.350000000000205702e+00 7.069409484205317540e+01
5.370000000000205276e+00 7.005618549779939030e+01
5.390000000000204849e+00 7.024091162031683666e+01
5.410000000000204423e+00 6.943206647664869990e+01
5.430000000000203997e+00 6.905456411702017760e+01
5.450000000000203570e+00 6.832488533827986998e+01
5.470000000000203144e+00 6.814453372596584302e+01
5.490000000000202718e+00 6.724488501966531828e+01
5.510000000000202292e+00 6.704933913332074269e+01
5.530000000000201865e+00 6.655103293311621826e+01
5.550000000000201439e+00 6.588715451569285619e+01
5.570000000000201013e+00 6.506691249663037979e+01
5.590000000000200586e+00 6.486356632568266889e+01
5.610000000000200160e+00 6.419132549463567727e+01
5.630000000000199734e+00 6.375706764631451051e+01
5.650000000000199307e+00 6.331944278148380789e+01
5.670000000000198881e+00 6.282260967225384007e+01
5.690000000000198455e+00 6.263349680990983614e+01
5.710000000000198028e+00 6.207208270757271151e+01
5.730000000000197602e+00 6.150025493156185519e+01
5.750000000000197176e+00 6.117024668139949739e+01
5.770000000000196749e+00 6.099074918548634372e+01
5.790000000000196323e+00 6.047626543458632398e+01
5.810000000000195897e+00 6.012330888344066437e+01
5.830000000000195470e+00 5.964279912097560299e+01
5.850000000000195044e+00 5.909966349342020209e+01
5.870000000000194618e+00 5.903133635755079212e+01
5.890000000000194191e+00 5.866838713209241263e+01
5.910000000000193765e+00 5.833632462021437703e+01
5.930000000000193339e+00 5.815741297435053525e+01
5.950000000000192912e+00 5.771393487078520934e+01
5.970000000000192486e+00 5.723871689368957050e+01
5.990000000000192060e+00 5.712894511384865126e+01
6.010000000000191633e+00 5.698987098377236293e+01
6.030000000000191207e+00 5.638279886138909092e+01
6.050000000000190781e+00 5.623536503110423723e+01
6.070000000000190354e+00 5.603271852151112853e+01
6.090000000000189928e+00 5.581255788443917965e+01
6.110000000000189502e+00 5.564157236086055036e+01
6.130000000000189075e+00 5.509697553884918619e+01
6.150000000000188649e+00 5.511782928801022052e+01
6.170000000000188223e+00 5.489811671070039267e+01
6.190000000000187796e+00 5.408368511065808093e+01
6.210000000000187370e+00 5.428415425157366769e+01
6.230000000000186944e+00 5.377920927746411905e+01
6.250000000000186517e+00 5.361363442432506332e+01
6.270000000000186091e+00 5.313644653823384800e+01
6.290000000000185665e+00 5.290157919446929924e+01
6.310000000000185238e+00 5.268872651227026438e+01
6.330000000000184812e+00 5.262768244731049094e+01
6.350000000000184386e+00 5.214771964834375950e+01
6.370000000000183960e+00 5.220250427641799718e+01
6.390000000000183533e+00 5.184446576676260321e+01
6.410000000000183107e+00 5.164744991707529920e+01
6.430000000000182681e+00 5.176917827376393433e+01
6.450000000000182254e+00 5.119978364424513728e+01
6.470000000000181828e+00 5.130475001547225133e+01
6.490000000000181402e+00 5.098950599268400907e+01
6.510000000000180975e+00 5.075068700101581243e+01
6.530000000000180549e+00 5.078372618466996613e+01
6.550000000000180123e+00 5.044658049159903612e+01
6.570000000000179696e+00 5.055038452416663830e+01
6.590000000000179270e+00 5.039748906210530777e+01
6.610000000000178844e+00 5.008590885339810939e+01
6.630000000000178417e+00 4.993872860094170818e+01
6.650000000000177991e+00 4.966525659259050940e+01
6.670000000000177565e+00 4.960882551868008505e+01
6.690000000000177138e+00 4.957317701940473142e+01
6.710000000000176712e+00 4.932874137101469358e+01
6.730000000000176286e+00 4.930979990092260579e+01
6.750000000000175859e+00 4.930233903726234956e+01
6.770000000000175433e+00 4.882701376695048623e+01
6.790000000000175007e+00 4.867993204420514530e+01
6.810000000000174580e+00 4.886267368241544773e+01
6.830000000000174154e+00 4.849764840499157970e+01
6.850000000000173728e+00 4.837682429452404165e+01
6.870000000000173301e+00 4.795230358915758018e+01
6.890000000000172875e+00 4.816286072775191229e+01
6.910000000000172449e+00 4.818521599071943484e+01
6.930000000000172022e+00 4.796543703800615077e+01
6.950000000000171596e+00 4.777597061707008663e+01
6.970000000000171170e+00 4.753990268317583912e+01
6.990000000000170743e+00 4.752779346197291233e+01
7.010000000000170317e+00 4.748181959653635431e+01
7.030000000000169891e+00 4.726588989540290697e+01
7.050000000000169464e+00 4.740883297874970026e+01
7.070000000000169038e+00 4.709517228728015681e+01
7.090000000000168612e+00 4.706838002321558889e+01
7.110000000000168185e+00 4.689980147049092807e+01
7.130000000000167759e+00 4.707005967474102448e+01
7.150000000000167333e+00 4.668843919786664287e+01
7.170000000000166906e+00 4.673914230369295097e+01
7.190000000000166480e+00 4.666796220563925601e+01
7.210000000000166054e+00 4.692741241879493685e+01
7.230000000000165628e+00 4.642525603864316253e+01
7.250000000000165201e+00 4.627198384211263971e+01
7.270000000000164775e+00 4.651966734106385104e+01
7.290000000000164349e+00 4.623124947534004292e+01
7.310000000000163922e+00 4.605593323188645627e+01
7.330000000000163496e+00 4.597347185839091566e+01
7.350000000000163070e+00 4.608917647807447793e+01
7.370000000000162643e+00 4.581166903678724367e+01
7.390000000000162217e+00 4.572805584664306622e+01
7.410000000000161791e+00 4.559424134179089094e+01
7.430000000000161364e+00 4.571053592914986297e+01
7.450000000000160938e+00 4.534149487927552968e+01
7.470000000000160512e+00 4.538597397679700407e+01
7.490000000000160085e+00 4.544410840486935399e+01
7.510000000000159659e+00 4.519002848764824876e+01
7.530000000000159233e+00 4.514406125426125982e+01
7.550000000000158806e+00 4.513189439192000663e+01
7.570000000000158380e+00 4.516117520485046555e+01
7.590000000000157954e+00 4.488318907790093704e+01
7.610000000000157527e+00 4.474659271381102599e+01
7.630000000000157101e+00 4.464069384893790016e+01
7.650000000000156675e+00 4.470453166103664699e+01
7.670000000000156248e+00 4.474054295158146743e+01
7.690000000000155822e+00 4.485087796716717179e+01
7.710000000000155396e+00 4.433327289075940314e+01
7.730000000000154969e+00 4.426188765335177067e+01
7.750000000000154543e+00 4.441419114681254143e+01
7.770000000000154117e+00 4.415039746947228849e+01
7.790000000000153690e+00 4.403604703677783050e+01
7.810000000000153264e+00 4.401580457196487828e+01
7.830000000000152838e+00 4.393707860647241858e+01
7.850000000000152411e+00 4.390075284501054398e+01
7.870000000000151985e+00 4.373247123821081317e+01
7.890000000000151559e+00 4.358009115157029356e+01
7.910000000000151132e+00 4.350529708152487984e+01
7.930000000000150706e+00 4.340175007350248393e+01
7.950000000000150280e+00 4.328054545187604418e+01
7.970000000000149853e+00 4.338581787169241011e+01
7.990000000000149427e+00 4.309396426849761497e+01
8.010000000000149001e+00 4.300866684401593432e+01
8.030000000000148574e+00 4.289580118551479870e+01
8.050000000000148148e+00 4.291289702655423355e+01
8.070000000000147722e+00 4.259015018401402841e+01
8.090000000000147296e+00 4.265234513107480296e+01
8.110000000000146869e+00 4.244672533163405603e+01
8.130000000000146443e+00 4.241994705367434904e+01
8.150000000000146017e+00 4.233809071211531005e+01
8.170000000000145590e+00 4.224646660453288405e+01
8.190000000000145164e+00 4.204891427924646052e+01
8.210000000000144738e+00 4.201040444493860093e+01
8.230000000000144311e+00 4.199237891977846715e+01
8.250000000000143885e+00 4.168673480822256039e+01
8.270000000000143459e+00 4.162142787287974244e+01
8.290000000000143032e+00 4.142968960135058154e+01
8.310000000000142606e+00 4.135716551049777223e+01
8.330000000000142180e+00 4.117776198382433961e+01
8.350000000000141753e+00 4.091687784686812535e+01
8.370000000000141327e+00 4.086491902362892148e+01
8.390000000000140901e+00 4.076079115213721593e+01
8.410000000000140474e+00 4.072832792721764861e+01
8.430000000000140048e+00 4.059041646260221370e+01
8.450000000000139622e+00 4.053806363274585323e+01
8.470000000000139195e+00 4.024804425790818385e+01
8.490000000000138769e+00 4.016449539246692524e+01
8.510000000000138343e+00 4.008996940827921662e+01
8.530000000000137916e+00 3.997164897902629122e+01
8.550000000000137490e+00 3.981956657544828460e+01
8.570000000000137064e+00 3.956457122290322559e+01
8.590000000000136637e+00 3.940661573850427146e+01
8.610000000000136211e+00 3.911911232758845358e+01
8.630000000000135785e+00 3.915585432839515789e+01
8.650000000000135358e+00 3.896338976525468922e+01
8.670000000000134932e+00 3.881219937221257510e+01
8.690000000000134506e+00 3.859211542961922703e+01
8.710000000000134079e+00 3.862240331780946434e+01
8.730000000000133653e+00 3.827354218953459508e+01
8.750000000000133227e+00 3.833821634806423617e+01
8.770000000000132800e+00 3.798524550025391733e+01
8.790000000000132374e+00 3.780748597053928250e+01
8.810000000000131948e+00 3.777822383598854827e+01
8.830000000000131521e+00 3.755252002517372745e+01
8.850000000000131095e+00 3.744690572397918515e+01
8.870000000000130669e+00 3.728143400734489887e+01
8.890000000000130242e+00 3.715693689726087001e+01
8.910000000000129816e+00 3.683319077634412508e+01
8.930000000000129390e+00 3.660611885669186449e+01
8.950000000000128964e+00 3.649368444469318717e+01
8.970000000000128537e+00 3.631914124495700946e+01
8.990000000000128111e+00 3.615763192198341613e+01
9.010000000000127685e+00 3.606163331116486859e+01
9.030000000000127258e+00 3.587062424049771181e+01
9.050000000000126832e+00 3.552865748363861798e+01
9.070000000000126406e+00 3.547027379871892094e+01
9.090000000000125979e+00 3.528730350086503620e+01
9.110000000000125553e+00 3.517685819486350596e+01
9.130000000000125127e+00 3.510116875961612237e+01
9.150000000000124700e+00 3.471079629290926505e+01
9.170000000000124274e+00 3.460283526362248807e+01
9.190000000000123848e+00 3.432137740256202108e+01
9.210000000000123421e+00 3.421240905079550743e+01
9.230000000000122995e+00 3.400824592594190676e+01
9.250000000000122569e+00 3.384135254931364756e+01
9.270000000000122142e+00 3.373988688389845692e+01
9.290000000000121716e+00 3.337265464244092072e+01
9.310000000000121290e+00 3.313467411063507484e+01
9.330000000000120863e+00 3.310535246080305427e+01
9.350000000000120437e+00 3.293396779011910525e+01
9.370000000000120011e+00 3.280665697930625413e+01
9.390000000000119584e+00 3.257841998259202398e+01
9.410000000000119158e+00 3.248124418552133363e+01
9.430000000000118732e+00 3.210192416774665958e+01
9.450000000000118305e+00 3.194341798708744307e+01
9.470000000000117879e+00 3.180651717616430574e+01
9.490000000000117453e+00 3.151696318003504160e+01
9.510000000000117026e+00 3.142401688289823625e+01
9.530000000000116600e+00 3.128658550858345322e+01
9.550000000000116174e+00 3.095159733240008038e+01
9.570000000000115747e+00 3.085650325372950675e+01
9.590000000000115321e+00 3.060223162579562839e+01
9.610000000000114895e+00 3.054224841315259198e+01
9.630000000000114468e+00 3.036748938637345319e+01
9.650000000000114042e+00 3.019167905247467232e+01
9.670000000000113616e+00 3.002959710614221933e+01
9.690000000000113189e+00 2.975977848712737028e+01
9.710000000000112763e+00 2.958633483760672434e+01
9.730000000000112337e+00 2.941677581323888901e+01
9.750000000000111910e+00 2.929083212606758835e+01
9.770000000000111484e+00 2.904243145342736909e+01
9.790000000000111058e+00 2.883407498051411721e+01
9.810000000000110632e+00 2.869317063595345374e+01
9.830000000000110205e+00 2.843438098428269356e+01
9.850000000000109779e+00 2.841498446245540777e+01
9.870000000000109353e+00 2.826035614035445676e+01
9.890000000000108926e+00 2.800797130877379360e+01
9.910000000000108500e+00 2.780199974339795332e+01
9.930000000000108074e+00 2.779514876493863085e+01
9.950000000000107647e+00 2.752180062378777947e+01
9.970000000000107221e+00 2.736923770597568151e+01
9.990000000000106795e+00 2.720436192678049636e+01
1.001000000000010637e+01 2.702828503709121222e+01
1.003000000000010594e+01 2.690263803125186826e+01
1.005000000000010552e+01 2.671193170198931810e+01
1.007000000000010509e+01 2.666565880650489362e+01
1.009000000000010466e+01 2.635168429338891372e+01
1.011000000000010424e+01 2.631062939882819052e+01
1.013000000000010381e+01 2.627930348080494838e+01
1.015000000000010338e+01 2.593027351457397600e+01
1.017000000000010296e+01 2.591406976243890270e+01
1.019000000000010253e+01 2.564013210486744754e+01
1.021000000000010210e+01 2.549080104721518580e+01
1.023000000000010168e+01 2.544686273699997869e+01
1.025000000000010125e+01 2.530701679311506780e+01
1.027000000000010083e+01 2.519824566062399640e+01
1.029000000000010040e+01 2.510912423309147812e+01
1.031000000000009997e+01 2.480326335213816691e+01
1.033000000000009955e+01 2.479474965600630298e+01
1.035000000000009912e+01 2.466532164504097580e+01
1.037000000000009869e+01 2.454864300943867761e+01
1.039000000000009827e+01 2.448350763120426876e+01
1.041000000000009784e+01 2.421611295181567414e+01
1.043000000000009742e+01 2.421844602412256364e+01
1.045000000000009699e+01 2.407883221654288874e+01
1.047000000000009656e+01 2.397496073618877332e+01
1.049000000000009614e+01 2.389429105487869620e+01
1.051000000000009571e+01 2.370476670976742994e+01
1.053000000000009528e+01 2.367051846830170092e+01
1.055000000000009486e+01 2.348271328333685304e+01
1.057000000000009443e+01 2.350672427532012776e+01
1.059000000000009400e+01 2.328434968644527814e+01
1.061000000000009358e+01 2.334784667642343337e+01
1.063000000000009315e+01 2.315562962485345722e+01
1.065000000000009273e+01 2.310168826480526505e+01
1.067000000000009230e+01 2.297055137701377348e+01
1.069000000000009187e+01 2.288889291699302575e+01
1.071000000000009145e+01 2.284089784648723409e+01
1.073000000000009102e+01 2.287707791088193332e+01
1.075000000000009059e+01 2.267261270215067981e+01
1.077000000000009017e+01 2.251950109331452410e+01
1.079000000000008974e+01 2.254754513054277609e+01
1.081000000000008932e+01 2.249698848977056898e+01
1.083000000000008889e+01 2.252248422288020890e+01
1.085000000000008846e+01 2.238025627301036735e+01
1.087000000000008804e+01 2.228062393744433933e+01
1.089000000000008761e+01 2.218750759191988209e+01
1.091000000000008718e+01 2.210256929763533762e+01
1.093000000000008676e+01 2.210604846104305565e+01
1.095000000000008633e+01 2.194595883991262042e+01
1.097000000000008590e+01 2.210025377101022670e+01
1.099000000000008548e+01 2.202533391108614325e+01
1.101000000000008505e+01 2.203723084484044747e+01
1.103000000000008463e+01 2.194668478855498606e+01
1.105000000000008420e+01 2.175181174392784200e+01
1.107000000000008377e+01 2.178610610969145256e+01
1.109000000000008335e+01 2.174765160310330359e+01
1.111000000000008292e+01 2.177364407368791532e+01
1.113000000000008249e+01 2.168974597578942465e+01
1.115000000000008207e+01 2.162001426946645566e+01
1.117000000000008164e+01 2.160384909564568545e+01
1.119000000000008122e+01 2.163660214364382384e+01
1.121000000000008079e+01 2.166579684213626322e+01
1.123000000000008036e+01 2.161034337143083306e+01
1.125000000000007994e+01 2.152001988541499244e+01
1.127000000000007951e+01 2.156456854831140646e+01
1.129000000000007908e+01 2.148925035403372519e+01
1.131000000000007866e+01 2.141984959597170146e+01
1.133000000000007823e+01 2.143451926613625247e+01
1.135000000000007780e+01 2.148698573230695175e+01
1.137000000000007738e+01 2.147586941573346309e+01
1.139000000000007695e+01 2.137373535855030937e+01
1.141000000000007653e+01 2.143144395641669675e+01
1.143000000000007610e+01 2.140201046527699447e+01
1.145000000000007567e+01 2.141167697684823779e+01
1.147000000000007525e+01 2.138436673282813771e+01
1.149000000000007482e+01 2.136693481757845703e+01
1.151000000000007439e+01 2.141124117514097236e+01
1.153000000000007397e+01 2.132666981663388839e+01
1.155000000000007354e+01 2.136002754248980651e+01
1.157000000000007311e+01 2.138242313461778465e+01
1.159000000000007269e+01 2.136855492187643080e+01
1.161000000000007226e+01 2.132003730888967752e+01
1.163000000000007184e+01 2.139041018793627913e+01
1.165000000000007141e+01 2.130598648836081921e+01
1.167000000000007098e+01 2.134685606741178532e+01
1.169000000000007056e+01 2.135448193467852107e+01
1.171000000000007013e+01 2.122636908742178363e+01
1.173000000000006970e+01 2.146960715965139244e+01
1.175000000000006928e+01 2.123892516494120741e+01
1.177000000000006885e+01 2.132143216277502873e+01
1.179000000000006843e+01 2.131859155770036907e+01
1.181000000000006800e+01 2.134394008627732120e+01
1.183000000000006757e+01 2.148711930043302942e+01
1.185000000000006715e+01 2.120095593715773674e+01
1.187000000000006672e+01 2.136534176031893395e+01
1.189000000000006629e+01 2.132970703865221296e+01
1.191000000000006587e+01 2.136855282700955172e+01
1.193000000000006544e+01 2.130772478879984533e+01
1.195000000000006501e+01 2.128102212753822542e+01
1.197000000000006459e+01 2.131206434267738814e+01
1.199000000000006416e+01 2.118527652050502397e+01
1.201000000000006374e+01 2.132879664710020151e+01
1.203000000000006331e+01 2.139341661766044567e+01
1.205000000000006288e+01 2.138665088250607482e+01
1.207000000000006246e+01 2.128816162757344443e+01
1.209000000000006203e+01 2.125433645609834343e+01
1.211000000000006160e+01 2.121763935360842979e+01
1.213000000000006118e+01 2.125271877304022539e+01
1.215000000000006075e+01 2.139235488971302601e+01
1.217000000000006033e+01 2.120584157431733985e+01
1.219000000000005990e+01 2.130970878975736937e+01
1.221000000000005947e+01 2.133171509287126710e+01
1.223000000000005905e+01 2.120661495017414921e+01
1.225000000000005862e+01 2.118740060750507581e+01
1.227000000000005819e+01 2.120047393133143032e+01
1.229000000000005777e+01 2.116138113237537155e+01
1.231000000000005734e+01 2.120560106857965721e+01
1.233000000000005691e+01 2.128628835564846611e+01
1.235000000000005649e+01 2.108537006766761124e+01
1.237000000000005606e+01 2.119712357427212268e+01
1.239000000000005564e+01 2.107862213810623686e+01
1.241000000000005521e+01 2.119871064355486467e+01
1.243000000000005478e+01 2.110953584806103933e+01
1.245000000000005436e+01 2.085851844323043380e+01
1.247000000000005393e+01 2.106213938266577301e+01
1.249000000000005350e+01 2.122448004453431736e+01
1.251000000000005308e+01 2.098427699138622771e+01
1.253000000000005265e+01 2.089877758364237792e+01
1.255000000000005222e+01 2.103758369024934893e+01
1.257000000000005180e+01 2.088527947121531625e+01
1.259000000000005137e+01 2.098965265158991045e+01
1.261000000000005095e+01 2.082518512145742662e+01
1.263000000000005052e+01 2.078335075054360814e+01
1.265000000000005009e+01 2.069734108831287500e+01
1.267000000000004967e+01 2.082325218624506746e+01
1.269000000000004924e+01 2.088779599705096146e+01
1.271000000000004881e+01 2.069544785474737481e+01
1.273000000000004839e+01 2.060538861446472936e+01
1.275000000000004796e+01 2.061920662656818237e+01
1.277000000000004754e+01 2.048373796050293549e+01
1.279000000000004711e+01 2.061305713265304007e+01
1.281000000000004668e+01 2.061788499333239599e+01
1.283000000000004626e+01 2.043889899590021386e+01
1.285000000000004583e+01 2.035495260226888092e+01
1.287000000000004540e+01 2.034307081005793449e+01
1.289000000000004498e+01 2.044324465906054655e+01
1.291000000000004455e+01 2.033613578303101121e+01
1.293000000000004412e+01 2.009556900288953685e+01
1.295000000000004370e+01 2.020789105516707096e+01
1.297000000000004327e+01 2.010185898633295309e+01
1.299000000000004285e+01 2.010212015790720130e+01
1.301000000000004242e+01 2.010634126030146618e+01
1.303000000000004199e+01 1.991538370027843641e+01
1.305000000000004157e+01 1.986771014446490113e+01
1.307000000000004114e+01 1.980010304630809870e+01
1.309000000000004071e+01 1.997321797584098135e+01
1.311000000000004029e+01 1.972019225085990257e+01
1.313000000000003986e+01 1.960278852104284297e+01
1.315000000000003944e+01 1.977234573153829089e+01
1.317000000000003901e+01 1.955653856663462520e+01
1.319000000000003858e+01 1.951702077412114278e+01
1.321000000000003816e+01 1.931482697990462682e+01
1.323000000000003773e+01 1.933938915799734914e+01
1.325000000000003730e+01 1.942884011677866951e+01
1.327000000000003688e+01 1.931328546885077557e+01
1.329000000000003645e+01 1.909406528077104426e+01
1.331000000000003602e+01 1.919918828615564266e+01
1.333000000000003560e+01 1.899939909203068567e+01
1.335000000000003517e+01 1.906536401525005076e+01
1.337000000000003475e+01 1.890517138856073487e+01
1.339000000000003432e+01 1.880549700878841080e+01
1.341000000000003389e+01 1.884642752669309473e+01
1.343000000000003347e+01 1.866529530597999198e+01
1.345000000000003304e+01 1.854245922417483072e+01
1.347000000000003261e+01 1.859819487588159603e+01
1.349000000000003219e+01 1.846286363328966829e+01
1.351000000000003176e+01 1.861061386121082961e+01
1.353000000000003133e+01 1.812821087326094371e+01
1.355000000000003091e+01 1.820013086786388712e+01
1.357000000000003048e+01 1.787482019025238955e+01
1.359000000000003006e+01 1.785544489845514349e+01
1.361000000000002963e+01 1.747358427351599630e+01
1.363000000000002920e+01 1.718666527215418327e+01
1.365000000000002878e+01 1.689599264303622661e+01
1.367000000000002835e+01 1.643229867452891568e+01
1.369000000000002792e+01 1.611350634711622476e+01
1.371000000000002750e+01 1.561604606384588045e+01
1.373000000000002707e+01 1.512189867240368102e+01
1.375000000000002665e+01 1.463274400320334401e+01
1.377000000000002622e+01 1.434996154309865979e+01
1.379000000000002579e+01 1.388806744877100208e+01
1.381000000000002537e+01 1.334387568921237310e+01
1.383000000000002494e+01 1.298357972231142554e+01
1.385000000000002451e+01 1.254939805494019645e+01
1.387000000000002409e+01 1.219851054648910349e+01
1.389000000000002366e+01 1.199381386020033524e+01
1.391000000000002323e+01 1.161569410697826399e+01
1.393000000000002281e+01 1.119949905763669307e+01
1.395000000000002238e+01 1.083810319718603665e+01
1.397000000000002196e+01 1.029898390749083426e+01
1.399000000000002153e+01 9.932485254297072075e+00
1.401000000000002110e+01 9.358973570137949949e+00
1.403000000000002068e+01 8.622897845203929990e+00
1.405000000000002025e+01 7.907207645002517715e+00
1.407000000000001982e+01 7.278708954860342750e+00
1.409000000000001940e+01 6.447880493601432228e+00
1.411000000000001897e+01 5.766617894694313406e+00
1.413000000000001855e+01 5.141002523285214565e+00
1.415000000000001812e+01 4.511228793381441449e+00
1.417000000000001769e+01 3.985105812216811039e+00
1.419000000000001727e+01 3.572261242159110672e+00
1.421000000000001684e+01 3.092263297780453613e+00
1.423000000000001641e+01 2.770555689411137390e+00
1.425000000000001599e+01 2.425462906501186122e+00
1.427000000000001556e+01 2.053129629357900665e+00
1.429000000000001513e+01 1.708793738170484744e+00
1.431000000000001471e+01 1.446078861714681807e+00
1.433000000000001428e+01 1.331208155321598197e+00
1.435000000000001386e+01 1.079348023269258050e+00
1.437000000000001343e+01 8.834859797995234798e-01
1.439000000000001300e+01 6.433500765579045488e-01
1.441000000000001258e+01 4.801229637087597313e-01
1.443000000000001215e+01 3.291557776858431983e-01
1.445000000000001172e+01 2.493434633692171720e-01
1.447000000000001130e+01 1.381034856393014154e-01
1.449000000000001087e+01 5.873489072032733738e-02
1.451000000000001044e+01 1.598511703300593834e-02
1.453000000000001002e+01 2.670216195098446509e-03
1.455000000000000959e+01 6.676768253487588693e-06
1.457000000000000917e+01 1.403223255441469150e-10
1.459000000000000874e+01 1.272606808612269660e-10
1.461000000000000831e+01 1.156043308924050564e-10
1.463000000000000789e+01 8.902958051998804737e-17
1.465000000000000746e+01 4.971962038324177753e-17
1.467000000000000703e+01 0.000000000000000000e+00
1.469000000000000661e+01 0.000000000000000000e+00
1.471000000000000618e+01 0.000000000000000000e+00
1.473000000000000576e+01 0.000000000000000000e+00
1.475000000000000533e+01 0.000000000000000000e+00
1.477000000000000490e+01 0.000000000000000000e+00
1.479000000000000448e+01 0.000000000000000000e+00
1.481000000000000405e+01 0.000000000000000000e+00
1.483000000000000362e+01 0.000000000000000000e+00
1.485000000000000320e+01 0.000000000000000000e+00
1.487000000000000277e+01 0.000000000000000000e+00
1.489000000000000234e+01 0.000000000000000000e+00
1.491000000000000192e+01 0.000000000000000000e+00
1.493000000000000149e+01 0.000000000000000000e+00
1.495000000000000107e+01 0.000000000000000000e+00
1.497000000000000064e+01 0.000000000000000000e+00
1.499000000000000021e+01 0.000000000000000000e+00
