# Redshift		Merger Rate Density [Gpc^-3yr^-1]
1.000000000031931770e-02 3.382737398881342017e+01
3.000000000031888964e-02 3.501237915014051794e+01
5.000000000031846331e-02 3.566605810419108025e+01
7.000000000031804392e-02 3.669598287046629537e+01
9.000000000031761760e-02 3.720299130391786235e+01
1.100000000003171913e-01 3.818380032827425907e+01
1.300000000003167511e-01 3.917658677779690635e+01
1.500000000003163247e-01 3.981837822511607783e+01
1.700000000003158984e-01 4.039188170066180561e+01
1.900000000003154721e-01 4.121233155923609814e+01
2.100000000003150458e-01 4.251295929945029428e+01
2.300000000003146194e-01 4.352455649787867031e+01
2.500000000003141931e-01 4.406104742698317267e+01
2.700000000003137668e-01 4.484297137173255265e+01
2.900000000003133405e-01 4.644465805364732347e+01
3.100000000003129141e-01 4.681408734635409985e+01
3.300000000003124878e-01 4.805765570763873029e+01
3.500000000003120615e-01 4.943248526844933366e+01
3.700000000003116352e-01 4.997260233933570106e+01
3.900000000003112088e-01 5.121415398020060650e+01
4.100000000003107825e-01 5.232229730091357567e+01
4.300000000003103562e-01 5.370594880498653367e+01
4.500000000003099299e-01 5.415330888196990600e+01
4.700000000003095035e-01 5.591216486049926715e+01
4.900000000003090772e-01 5.654350845892287225e+01
5.100000000003086509e-01 5.788394858695631484e+01
5.300000000003082246e-01 5.911223301576516320e+01
5.500000000003077982e-01 5.987661444747313766e+01
5.700000000003073719e-01 6.146485381409458881e+01
5.900000000003069456e-01 6.238843118670479271e+01
6.100000000003065193e-01 6.343693575792054418e+01
6.300000000003060929e-01 6.432354999981519939e+01
6.500000000003056666e-01 6.538262556623460853e+01
6.700000000003052403e-01 6.685267096587016056e+01
6.900000000003048140e-01 6.741610325397087422e+01
7.100000000003043876e-01 6.875582247478352826e+01
7.300000000003039613e-01 6.929397152951877104e+01
7.500000000003035350e-01 7.056079384206051941e+01
7.700000000003031086e-01 7.256494471003330204e+01
7.900000000003026823e-01 7.207977835527513832e+01
8.100000000003022560e-01 7.409951966118538280e+01
8.300000000003018297e-01 7.412648817846002203e+01
8.500000000003014033e-01 7.589877401218303987e+01
8.700000000003009770e-01 7.691954431126733027e+01
8.900000000003005507e-01 7.824477957549399321e+01
9.100000000003001244e-01 7.920629234005564001e+01
9.300000000002996980e-01 7.907849687798218952e+01
9.500000000002992717e-01 8.114131277216220894e+01
9.700000000002988454e-01 8.103492179272440410e+01
9.900000000002984191e-01 8.258117158293850935e+01
1.010000000000297993e+00 8.470548064607318395e+01
1.030000000000297566e+00 8.476240663151628496e+01
1.050000000000297140e+00 8.557698073440748487e+01
1.070000000000296714e+00 8.581220006503406239e+01
1.090000000000296287e+00 8.756849149991620607e+01
1.110000000000295861e+00 8.721146399613851941e+01
1.130000000000295435e+00 8.860563831012900948e+01
1.150000000000295008e+00 9.024014891178025266e+01
1.170000000000294582e+00 9.051058617381123383e+01
1.190000000000294156e+00 9.090953526493565562e+01
1.210000000000293729e+00 9.174743293836992564e+01
1.230000000000293303e+00 9.295272754696284778e+01
1.250000000000292877e+00 9.371415173567996248e+01
1.270000000000292451e+00 9.390943677306691484e+01
1.290000000000292024e+00 9.403079426010933162e+01
1.310000000000291598e+00 9.528177162011866130e+01
1.330000000000291172e+00 9.505093694228914103e+01
1.350000000000290745e+00 9.706026243319912794e+01
1.370000000000290319e+00 9.667438692124896704e+01
1.390000000000289893e+00 9.657445394994192611e+01
1.410000000000289466e+00 9.801118210163309641e+01
1.430000000000289040e+00 9.808504396489585986e+01
1.450000000000288614e+00 9.901122592709954517e+01
1.470000000000288187e+00 9.905140897130735311e+01
1.490000000000287761e+00 9.922877440575803121e+01
1.510000000000287335e+00 9.996949720945536910e+01
1.530000000000286908e+00 1.000187215477269547e+02
1.550000000000286482e+00 9.940530971241362579e+01
1.570000000000286056e+00 1.009555787442422456e+02
1.590000000000285629e+00 9.999365599185016151e+01
1.610000000000285203e+00 9.941971385357409474e+01
1.630000000000284777e+00 1.012272953090884897e+02
1.650000000000284350e+00 1.006540727736636143e+02
1.670000000000283924e+00 1.012104741601144156e+02
1.690000000000283498e+00 1.004153892546844133e+02
1.710000000000283071e+00 1.003850955604078337e+02
1.730000000000282645e+00 9.965231669236794687e+01
1.750000000000282219e+00 1.001296561116885329e+02
1.770000000000281792e+00 1.001235764323895836e+02
1.790000000000281366e+00 9.920739358519182360e+01
1.810000000000280940e+00 9.898244790254923942e+01
1.830000000000280513e+00 9.982234060684292842e+01
1.850000000000280087e+00 9.869240998687789101e+01
1.870000000000279661e+00 9.862243307588093444e+01
1.890000000000279234e+00 9.814885989454730009e+01
1.910000000000278808e+00 9.733295478387815081e+01
1.930000000000278382e+00 9.735859654409753716e+01
1.950000000000277955e+00 9.630772231732557032e+01
1.970000000000277529e+00 9.629021972521560713e+01
1.990000000000277103e+00 9.502681220262614659e+01
2.010000000000276899e+00 9.575083275910736802e+01
2.030000000000276472e+00 9.503509804256513860e+01
2.050000000000276046e+00 9.434039554691199214e+01
2.070000000000275620e+00 9.361220842713345291e+01
2.090000000000275193e+00 9.264348972214342837e+01
2.110000000000274767e+00 9.196279492235707664e+01
2.130000000000274341e+00 9.118589569958885477e+01
2.150000000000273914e+00 9.023660011786202517e+01
2.170000000000273488e+00 9.056078589394215328e+01
2.190000000000273062e+00 8.919738423216350043e+01
2.210000000000272635e+00 8.840930857394528175e+01
2.230000000000272209e+00 8.735184487364260519e+01
2.250000000000271783e+00 8.695320864480177647e+01
2.270000000000271356e+00 8.651436172996392315e+01
2.290000000000270930e+00 8.554619747510523098e+01
2.310000000000270504e+00 8.368591652923662139e+01
2.330000000000270077e+00 8.306552899012856983e+01
2.350000000000269651e+00 8.216090636277051829e+01
2.370000000000269225e+00 8.230612618675630188e+01
2.390000000000268798e+00 8.038791529224955923e+01
2.410000000000268372e+00 8.041958208414871478e+01
2.430000000000267946e+00 7.884645855566860462e+01
2.450000000000267519e+00 7.824080969521135387e+01
2.470000000000267093e+00 7.745841512086649061e+01
2.490000000000266667e+00 7.633301462442061336e+01
2.510000000000266240e+00 7.492632762137856162e+01
2.530000000000265814e+00 7.483788638379509450e+01
2.550000000000265388e+00 7.382979593571731414e+01
2.570000000000264961e+00 7.290749750792662098e+01
2.590000000000264535e+00 7.171985761904512913e+01
2.610000000000264109e+00 7.121622209664185732e+01
2.630000000000263682e+00 6.986074682350030685e+01
2.650000000000263256e+00 6.952975673142807977e+01
2.670000000000262830e+00 6.818855205848429080e+01
2.690000000000262403e+00 6.729612170756224998e+01
2.710000000000261977e+00 6.653302570058210108e+01
2.730000000000261551e+00 6.635074593056221204e+01
2.750000000000261124e+00 6.448511118920960428e+01
2.770000000000260698e+00 6.384391357536767231e+01
2.790000000000260272e+00 6.282065235303505801e+01
2.810000000000259845e+00 6.215639637686619778e+01
2.830000000000259419e+00 6.221178337842812311e+01
2.850000000000258993e+00 6.039576852568689702e+01
2.870000000000258567e+00 6.037301195406600840e+01
2.890000000000258140e+00 5.891628380568415224e+01
2.910000000000257714e+00 5.824255902673576202e+01
2.930000000000257288e+00 5.811263291816282361e+01
2.950000000000256861e+00 5.699305319118283109e+01
2.970000000000256435e+00 5.609853176913338046e+01
2.990000000000256009e+00 5.554373781893282569e+01
3.010000000000255582e+00 5.402969913638207089e+01
3.030000000000255156e+00 5.396829571005181236e+01
3.050000000000254730e+00 5.293095184184183211e+01
3.070000000000254303e+00 5.193988178376662290e+01
3.090000000000253877e+00 5.101642035069233572e+01
3.110000000000253451e+00 5.071264552141651905e+01
3.130000000000253024e+00 5.060452157074007573e+01
3.150000000000252598e+00 4.934008663332691924e+01
3.170000000000252172e+00 4.895105940509525766e+01
3.190000000000251745e+00 4.742440548957006285e+01
3.210000000000251319e+00 4.696794190735523955e+01
3.230000000000250893e+00 4.716673319623051697e+01
3.250000000000250466e+00 4.605104675953499083e+01
3.270000000000250040e+00 4.564568691840708681e+01
3.290000000000249614e+00 4.423118659465259128e+01
3.310000000000249187e+00 4.416066093536775838e+01
3.330000000000248761e+00 4.356913570268935132e+01
3.350000000000248335e+00 4.314740989764887757e+01
3.370000000000247908e+00 4.232055077079687777e+01
3.390000000000247482e+00 4.229197634761027302e+01
3.410000000000247056e+00 4.110344265348493309e+01
3.430000000000246629e+00 4.070478311123594750e+01
3.450000000000246203e+00 4.009763727079931073e+01
3.470000000000245777e+00 3.909341740010881949e+01
3.490000000000245350e+00 3.902556714848513053e+01
3.510000000000244924e+00 3.878755509153879899e+01
3.530000000000244498e+00 3.772393013640453319e+01
3.550000000000244071e+00 3.734969189894150077e+01
3.570000000000243645e+00 3.768285867216952312e+01
3.590000000000243219e+00 3.643223056678922944e+01
3.610000000000242792e+00 3.606199779324794008e+01
3.630000000000242366e+00 3.562241316868536245e+01
3.650000000000241940e+00 3.515841600957920576e+01
3.670000000000241513e+00 3.454352622524574201e+01
3.690000000000241087e+00 3.426893613039329978e+01
3.710000000000240661e+00 3.362845681573027434e+01
3.730000000000240234e+00 3.355611648142496506e+01
3.750000000000239808e+00 3.270835692706962305e+01
3.770000000000239382e+00 3.275498277791648150e+01
3.790000000000238956e+00 3.170068827610657536e+01
3.810000000000238529e+00 3.177400530026863734e+01
3.830000000000238103e+00 3.135212850179233968e+01
3.850000000000237677e+00 3.070044819743881348e+01
3.870000000000237250e+00 3.028398939495451714e+01
3.890000000000236824e+00 3.039301173513031173e+01
3.910000000000236398e+00 2.981676815806119762e+01
3.930000000000235971e+00 2.942405546279312745e+01
3.950000000000235545e+00 2.941288840035526775e+01
3.970000000000235119e+00 2.842651457645769142e+01
3.990000000000234692e+00 2.837789721294028666e+01
4.010000000000234266e+00 2.792934206491962712e+01
4.030000000000233840e+00 2.745414600840833330e+01
4.050000000000233413e+00 2.758827165306069418e+01
4.070000000000232987e+00 2.724559925089264212e+01
4.090000000000232561e+00 2.676956729471359608e+01
4.110000000000232134e+00 2.659766130020464558e+01
4.130000000000231708e+00 2.608751672973323821e+01
4.150000000000231282e+00 2.600853315817379752e+01
4.170000000000230855e+00 2.567586457148301093e+01
4.190000000000230429e+00 2.545207213746225605e+01
4.210000000000230003e+00 2.483762259201923328e+01
4.230000000000229576e+00 2.501452222956526228e+01
4.250000000000229150e+00 2.446094914869959780e+01
4.270000000000228724e+00 2.398300780853535485e+01
4.290000000000228297e+00 2.396502228236959908e+01
4.310000000000227871e+00 2.379477733111725968e+01
4.330000000000227445e+00 2.374134305598473205e+01
4.350000000000227018e+00 2.345009483500745517e+01
4.370000000000226592e+00 2.317815510717160876e+01
4.390000000000226166e+00 2.263127984804690129e+01
4.410000000000225739e+00 2.235839821470635158e+01
4.430000000000225313e+00 2.232466537801435180e+01
4.450000000000224887e+00 2.197434770207267718e+01
4.470000000000224460e+00 2.183133461143229681e+01
4.490000000000224034e+00 2.173844429079430540e+01
4.510000000000223608e+00 2.125440374223762419e+01
4.530000000000223181e+00 2.113481497733367220e+01
4.550000000000222755e+00 2.104532165828794987e+01
4.570000000000222329e+00 2.090536995159538236e+01
4.590000000000221902e+00 2.060800410672574756e+01
4.610000000000221476e+00 2.055455013704115785e+01
4.630000000000221050e+00 2.013576803521867120e+01
4.650000000000220624e+00 1.990766317198712443e+01
4.670000000000220197e+00 2.025555383826123901e+01
4.690000000000219771e+00 1.974501977989109491e+01
4.710000000000219345e+00 1.944162534034613543e+01
4.730000000000218918e+00 1.939176278916793095e+01
4.750000000000218492e+00 1.918306634636089569e+01
4.770000000000218066e+00 1.913027494862921785e+01
4.790000000000217639e+00 1.876563688235281546e+01
4.810000000000217213e+00 1.873374262052491446e+01
4.830000000000216787e+00 1.857574280455229143e+01
4.850000000000216360e+00 1.844388063421776280e+01
4.870000000000215934e+00 1.825651794921478555e+01
4.890000000000215508e+00 1.835908749507073523e+01
4.910000000000215081e+00 1.815900502778347203e+01
4.930000000000214655e+00 1.801172708423981561e+01
4.950000000000214229e+00 1.762127578028065500e+01
4.970000000000213802e+00 1.750493097534769760e+01
4.990000000000213376e+00 1.749741287409076307e+01
5.010000000000212950e+00 1.726814734967050313e+01
5.030000000000212523e+00 1.724331283723535080e+01
5.050000000000212097e+00 1.720763842919842901e+01
5.070000000000211671e+00 1.687375038094201329e+01
5.090000000000211244e+00 1.692028930995490299e+01
5.110000000000210818e+00 1.678531771999360700e+01
5.130000000000210392e+00 1.668727161472838105e+01
5.150000000000209965e+00 1.663829910850737548e+01
5.170000000000209539e+00 1.657023949722295342e+01
5.190000000000209113e+00 1.650132609024044683e+01
5.210000000000208686e+00 1.649421565790897048e+01
5.230000000000208260e+00 1.628954182585959032e+01
5.250000000000207834e+00 1.618459410273914756e+01
5.270000000000207407e+00 1.611935384037089491e+01
5.290000000000206981e+00 1.602104016489128924e+01
5.310000000000206555e+00 1.609854561253769845e+01
5.330000000000206128e+00 1.585195985102436467e+01
5.350000000000205702e+00 1.578463995362406180e+01
5.370000000000205276e+00 1.565607561345517951e+01
5.390000000000204849e+00 1.571675625572523849e+01
5.410000000000204423e+00 1.562066627798111362e+01
5.430000000000203997e+00 1.563645660611957666e+01
5.450000000000203570e+00 1.552992420761521331e+01
5.470000000000203144e+00 1.535523322706627170e+01
5.490000000000202718e+00 1.539286713083758684e+01
5.510000000000202292e+00 1.517215114669887122e+01
5.530000000000201865e+00 1.519572880589156227e+01
5.550000000000201439e+00 1.522707026954924459e+01
5.570000000000201013e+00 1.512213045032299163e+01
5.590000000000200586e+00 1.505160061348666289e+01
5.610000000000200160e+00 1.498564159482899427e+01
5.630000000000199734e+00 1.486132462808029331e+01
5.650000000000199307e+00 1.474411754322640533e+01
5.670000000000198881e+00 1.488685895609183696e+01
5.690000000000198455e+00 1.480411814469003140e+01
5.710000000000198028e+00 1.459216606073392875e+01
5.730000000000197602e+00 1.477442319012188854e+01
5.750000000000197176e+00 1.452880980212541040e+01
5.770000000000196749e+00 1.457458115719622427e+01
5.790000000000196323e+00 1.459558420843698734e+01
5.810000000000195897e+00 1.439049210721414340e+01
5.830000000000195470e+00 1.439981507548936257e+01
5.850000000000195044e+00 1.431451960009189328e+01
5.870000000000194618e+00 1.439670151457806035e+01
5.890000000000194191e+00 1.447517678748328329e+01
5.910000000000193765e+00 1.424459190077067205e+01
5.930000000000193339e+00 1.425355144983688405e+01
5.950000000000192912e+00 1.440309115494286551e+01
5.970000000000192486e+00 1.432986402818161942e+01
5.990000000000192060e+00 1.427106252083278370e+01
6.010000000000191633e+00 1.421188158996572959e+01
6.030000000000191207e+00 1.435067248175161936e+01
6.050000000000190781e+00 1.419858498520186529e+01
6.070000000000190354e+00 1.419650972131910294e+01
6.090000000000189928e+00 1.435107428514776018e+01
6.110000000000189502e+00 1.414531095588606213e+01
6.130000000000189075e+00 1.426885024130605295e+01
6.150000000000188649e+00 1.433003797752791719e+01
6.170000000000188223e+00 1.410350173719880118e+01
6.190000000000187796e+00 1.426263844465555231e+01
6.210000000000187370e+00 1.427558661868731171e+01
6.230000000000186944e+00 1.426949435272499933e+01
6.250000000000186517e+00 1.429407447460449099e+01
6.270000000000186091e+00 1.420053545366019954e+01
6.290000000000185665e+00 1.429582809137840727e+01
6.310000000000185238e+00 1.423173934694437470e+01
6.330000000000184812e+00 1.435244078866791639e+01
6.350000000000184386e+00 1.427335845423579563e+01
6.370000000000183960e+00 1.440902914294871806e+01
6.390000000000183533e+00 1.441011896469489706e+01
6.410000000000183107e+00 1.430533565781490779e+01
6.430000000000182681e+00 1.440622977962501672e+01
6.450000000000182254e+00 1.433691580888301687e+01
6.470000000000181828e+00 1.442659996344334239e+01
6.490000000000181402e+00 1.445514962443203899e+01
6.510000000000180975e+00 1.453590524543895235e+01
6.530000000000180549e+00 1.436708216272079497e+01
6.550000000000180123e+00 1.450047704374984825e+01
6.570000000000179696e+00 1.467975172456785593e+01
6.590000000000179270e+00 1.463600985129219900e+01
6.610000000000178844e+00 1.481476267033762007e+01
6.630000000000178417e+00 1.475872781536075173e+01
6.650000000000177991e+00 1.478008767744435659e+01
6.670000000000177565e+00 1.498658836054550392e+01
6.690000000000177138e+00 1.473785341669245597e+01
6.710000000000176712e+00 1.491786992604565221e+01
6.730000000000176286e+00 1.484165361530505933e+01
6.750000000000175859e+00 1.501023247479943912e+01
6.770000000000175433e+00 1.499229890329915449e+01
6.790000000000175007e+00 1.521502781525171777e+01
6.810000000000174580e+00 1.513504887208317662e+01
6.830000000000174154e+00 1.521283038309967850e+01
6.850000000000173728e+00 1.525768076026714049e+01
6.870000000000173301e+00 1.527976751110997000e+01
6.890000000000172875e+00 1.541271249503011376e+01
6.910000000000172449e+00 1.547019735824746256e+01
6.930000000000172022e+00 1.561971561488949867e+01
6.950000000000171596e+00 1.558295711863418553e+01
6.970000000000171170e+00 1.566302735157132986e+01
6.990000000000170743e+00 1.575106893197343361e+01
7.010000000000170317e+00 1.584188874765414923e+01
7.030000000000169891e+00 1.592804761771610167e+01
7.050000000000169464e+00 1.594878771054213829e+01
7.070000000000169038e+00 1.601368630889293243e+01
7.090000000000168612e+00 1.612921800514487813e+01
7.110000000000168185e+00 1.630187774524700117e+01
7.130000000000167759e+00 1.635690305608700257e+01
7.150000000000167333e+00 1.627411398819418409e+01
7.170000000000166906e+00 1.657413090893403051e+01
7.190000000000166480e+00 1.642723537938521972e+01
7.210000000000166054e+00 1.669782094833238162e+01
7.230000000000165628e+00 1.670213418214762768e+01
7.250000000000165201e+00 1.684197256753501648e+01
7.270000000000164775e+00 1.683492212729774096e+01
7.290000000000164349e+00 1.697980269694381050e+01
7.310000000000163922e+00 1.700979215518406562e+01
7.330000000000163496e+00 1.719291765879343714e+01
7.350000000000163070e+00 1.713419132695430491e+01
7.370000000000162643e+00 1.736974629030080663e+01
7.390000000000162217e+00 1.749503661975932545e+01
7.410000000000161791e+00 1.750471687489896766e+01
7.430000000000161364e+00 1.766410897836994209e+01
7.450000000000160938e+00 1.764940028028872732e+01
7.470000000000160512e+00 1.782137450461178219e+01
7.490000000000160085e+00 1.786223652127279848e+01
7.510000000000159659e+00 1.792419113708888645e+01
7.530000000000159233e+00 1.809230167756235375e+01
7.550000000000158806e+00 1.836707119051180115e+01
7.570000000000158380e+00 1.826321824765523161e+01
7.590000000000157954e+00 1.846249086855958055e+01
7.610000000000157527e+00 1.853333614374641769e+01
7.630000000000157101e+00 1.867044708702581346e+01
7.650000000000156675e+00 1.863681620854466203e+01
7.670000000000156248e+00 1.880591836148316531e+01
7.690000000000155822e+00 1.906915261108133919e+01
7.710000000000155396e+00 1.908157314039036478e+01
7.730000000000154969e+00 1.921415437500934686e+01
7.750000000000154543e+00 1.936727777175229548e+01
7.770000000000154117e+00 1.940692152721634756e+01
7.790000000000153690e+00 1.946114450103994642e+01
7.810000000000153264e+00 1.970690305809095833e+01
7.830000000000152838e+00 1.969319907861694929e+01
7.850000000000152411e+00 1.990155095721389245e+01
7.870000000000151985e+00 2.002918818452384997e+01
7.890000000000151559e+00 2.014008051776282571e+01
7.910000000000151132e+00 2.015410077026761115e+01
7.930000000000150706e+00 2.035192704584769885e+01
7.950000000000150280e+00 2.046360486990858618e+01
7.970000000000149853e+00 2.057471975670444664e+01
7.990000000000149427e+00 2.058096993331587399e+01
8.010000000000149001e+00 2.087074252439116506e+01
8.030000000000148574e+00 2.102352265432577383e+01
8.050000000000148148e+00 2.091914906667392771e+01
8.070000000000147722e+00 2.111431842693673744e+01
8.090000000000147296e+00 2.133307791561345468e+01
8.110000000000146869e+00 2.132529563799860028e+01
8.130000000000146443e+00 2.152655339912613641e+01
8.150000000000146017e+00 2.161218917459147448e+01
8.170000000000145590e+00 2.171155482982508644e+01
8.190000000000145164e+00 2.185609685912771738e+01
8.210000000000144738e+00 2.208278022060712686e+01
8.230000000000144311e+00 2.213414469840089893e+01
8.250000000000143885e+00 2.228452479773705264e+01
8.270000000000143459e+00 2.234260146220008991e+01
8.290000000000143032e+00 2.243614266254211032e+01
8.310000000000142606e+00 2.260235782629769830e+01
8.330000000000142180e+00 2.255968384708241814e+01
8.350000000000141753e+00 2.292335144690449056e+01
8.370000000000141327e+00 2.290030801923648696e+01
8.390000000000140901e+00 2.295391165750224260e+01
8.410000000000140474e+00 2.329223209850246690e+01
8.430000000000140048e+00 2.328294075467725222e+01
8.450000000000139622e+00 2.348524448625743588e+01
8.470000000000139195e+00 2.349238196170216497e+01
8.490000000000138769e+00 2.365647081641278504e+01
8.510000000000138343e+00 2.362593181708079726e+01
8.530000000000137916e+00 2.389478733063028315e+01
8.550000000000137490e+00 2.396347228945483110e+01
8.570000000000137064e+00 2.403438270480444672e+01
8.590000000000136637e+00 2.420280971076813969e+01
8.610000000000136211e+00 2.433348399570323295e+01
8.630000000000135785e+00 2.439394566474624426e+01
8.650000000000135358e+00 2.451272436490217999e+01
8.670000000000134932e+00 2.459199792756016834e+01
8.690000000000134506e+00 2.462570286248927687e+01
8.710000000000134079e+00 2.488539217095587830e+01
8.730000000000133653e+00 2.494348229139333739e+01
8.750000000000133227e+00 2.505175008309298335e+01
8.770000000000132800e+00 2.506499876233871049e+01
8.790000000000132374e+00 2.519735361904366044e+01
8.810000000000131948e+00 2.537936658364827380e+01
8.830000000000131521e+00 2.540173764142665647e+01
8.850000000000131095e+00 2.548733752908476902e+01
8.870000000000130669e+00 2.569886208293081253e+01
8.890000000000130242e+00 2.578551556065279371e+01
8.910000000000129816e+00 2.566652414720008579e+01
8.930000000000129390e+00 2.590184721830174652e+01
8.950000000000128964e+00 2.591263585482313658e+01
8.970000000000128537e+00 2.591514921544411010e+01
8.990000000000128111e+00 2.622508853864359679e+01
9.010000000000127685e+00 2.610005382233875437e+01
9.030000000000127258e+00 2.625106377136522795e+01
9.050000000000126832e+00 2.643650246925849956e+01
9.070000000000126406e+00 2.666053986595446901e+01
9.090000000000125979e+00 2.639248957864363376e+01
9.110000000000125553e+00 2.648776693341195099e+01
9.130000000000125127e+00 2.666694666796397684e+01
9.150000000000124700e+00 2.671225427663459939e+01
9.170000000000124274e+00 2.688782908733421451e+01
9.190000000000123848e+00 2.673488799322142029e+01
9.210000000000123421e+00 2.697125850821927173e+01
9.230000000000122995e+00 2.696607522524006839e+01
9.250000000000122569e+00 2.695766238857561348e+01
9.270000000000122142e+00 2.718944055555537531e+01
9.290000000000121716e+00 2.717074590285265145e+01
9.310000000000121290e+00 2.714658624566114398e+01
9.330000000000120863e+00 2.715148067906706331e+01
9.350000000000120437e+00 2.729371285847307860e+01
9.370000000000120011e+00 2.748362829968959886e+01
9.390000000000119584e+00 2.731902746030841911e+01
9.410000000000119158e+00 2.748238645911389710e+01
9.430000000000118732e+00 2.759495581027727340e+01
9.450000000000118305e+00 2.738119575101152847e+01
9.470000000000117879e+00 2.752735305604798555e+01
9.490000000000117453e+00 2.748774059486122567e+01
9.510000000000117026e+00 2.774975370454131607e+01
9.530000000000116600e+00 2.750393321604980912e+01
9.550000000000116174e+00 2.758940709488939547e+01
9.570000000000115747e+00 2.777692669231413092e+01
9.590000000000115321e+00 2.774653390100134587e+01
9.610000000000114895e+00 2.769520829208673618e+01
9.630000000000114468e+00 2.766146913021638198e+01
9.650000000000114042e+00 2.772091392282978006e+01
9.670000000000113616e+00 2.784922542365075770e+01
9.690000000000113189e+00 2.761634261904472964e+01
9.710000000000112763e+00 2.783659366720912942e+01
9.730000000000112337e+00 2.770157671693959855e+01
9.750000000000111910e+00 2.778180449907937444e+01
9.770000000000111484e+00 2.773655858373862060e+01
9.790000000000111058e+00 2.774397935588959996e+01
9.810000000000110632e+00 2.789594373701635988e+01
9.830000000000110205e+00 2.767679830403490371e+01
9.850000000000109779e+00 2.763952990049726566e+01
9.870000000000109353e+00 2.770451104530872399e+01
9.890000000000108926e+00 2.773817489722978280e+01
9.910000000000108500e+00 2.767197697228216668e+01
9.930000000000108074e+00 2.757528892531610509e+01
9.950000000000107647e+00 2.760356707304519475e+01
9.970000000000107221e+00 2.758626161654336784e+01
9.990000000000106795e+00 2.765937052027011234e+01
1.001000000000010637e+01 2.754836230716863454e+01
1.003000000000010594e+01 2.753326335231193767e+01
1.005000000000010552e+01 2.732489466504537745e+01
1.007000000000010509e+01 2.741308451532104229e+01
1.009000000000010466e+01 2.749273202863894383e+01
1.011000000000010424e+01 2.721991964336829284e+01
1.013000000000010381e+01 2.733303846474973042e+01
1.015000000000010338e+01 2.722246881014246256e+01
1.017000000000010296e+01 2.717722127370537777e+01
1.019000000000010253e+01 2.703873753188508289e+01
1.021000000000010210e+01 2.711880930308863213e+01
1.023000000000010168e+01 2.700226153873080293e+01
1.025000000000010125e+01 2.703509973815802780e+01
1.027000000000010083e+01 2.672047620991136796e+01
1.029000000000010040e+01 2.673932176076594303e+01
1.031000000000009997e+01 2.673380429351093213e+01
1.033000000000009955e+01 2.671579415364652021e+01
1.035000000000009912e+01 2.652900777628133966e+01
1.037000000000009869e+01 2.646676033312778387e+01
1.039000000000009827e+01 2.652777624155370617e+01
1.041000000000009784e+01 2.633226696163958636e+01
1.043000000000009742e+01 2.617355802246668972e+01
1.045000000000009699e+01 2.611888269373659455e+01
1.047000000000009656e+01 2.604738665520456564e+01
1.049000000000009614e+01 2.592478069340336333e+01
1.051000000000009571e+01 2.602757248045426408e+01
1.053000000000009528e+01 2.577046101085822372e+01
1.055000000000009486e+01 2.552933046088386959e+01
1.057000000000009443e+01 2.554211345774789521e+01
1.059000000000009400e+01 2.544753191118693181e+01
1.061000000000009358e+01 2.534518317120642905e+01
1.063000000000009315e+01 2.519480131885665131e+01
1.065000000000009273e+01 2.521379260316435733e+01
1.067000000000009230e+01 2.500380012130067087e+01
1.069000000000009187e+01 2.468453742998488210e+01
1.071000000000009145e+01 2.488940632161718014e+01
1.073000000000009102e+01 2.470290018016172695e+01
1.075000000000009059e+01 2.456809257671684321e+01
1.077000000000009017e+01 2.434275857970963486e+01
1.079000000000008974e+01 2.422173518859515440e+01
1.081000000000008932e+01 2.406614934471743794e+01
1.083000000000008889e+01 2.401848931864174475e+01
1.085000000000008846e+01 2.393120675144183807e+01
1.087000000000008804e+01 2.371667651059515336e+01
1.089000000000008761e+01 2.362802426813843937e+01
1.091000000000008718e+01 2.338590533597251664e+01
1.093000000000008676e+01 2.330179064513602327e+01
1.095000000000008633e+01 2.309187973935832261e+01
1.097000000000008590e+01 2.321419707482371919e+01
1.099000000000008548e+01 2.283314669791046825e+01
1.101000000000008505e+01 2.275470871576961684e+01
1.103000000000008463e+01 2.271272728064384339e+01
1.105000000000008420e+01 2.242585892948647341e+01
1.107000000000008377e+01 2.242147263198834395e+01
1.109000000000008335e+01 2.211952340394152827e+01
1.111000000000008292e+01 2.200722823223488334e+01
1.113000000000008249e+01 2.193872323806114721e+01
1.115000000000008207e+01 2.180274395505101026e+01
1.117000000000008164e+01 2.154022386058630545e+01
1.119000000000008122e+01 2.133865684624808878e+01
1.121000000000008079e+01 2.140685775633314591e+01
1.123000000000008036e+01 2.108366372459685323e+01
1.125000000000007994e+01 2.098035037854069529e+01
1.127000000000007951e+01 2.086756320103030049e+01
1.129000000000007908e+01 2.080636212450142253e+01
1.131000000000007866e+01 2.048207463666433981e+01
1.133000000000007823e+01 2.032503189350989459e+01
1.135000000000007780e+01 2.023814578716295998e+01
1.137000000000007738e+01 2.011703878589087324e+01
1.139000000000007695e+01 1.984190793549884546e+01
1.141000000000007653e+01 1.972181271917862588e+01
1.143000000000007610e+01 1.972358032749397694e+01
1.145000000000007567e+01 1.942623315425452901e+01
1.147000000000007525e+01 1.919536892698781472e+01
1.149000000000007482e+01 1.909359404797066162e+01
1.151000000000007439e+01 1.894601060096361422e+01
1.153000000000007397e+01 1.887924870513402453e+01
1.155000000000007354e+01 1.859715967200616049e+01
1.157000000000007311e+01 1.848047200578660210e+01
1.159000000000007269e+01 1.847817408170486786e+01
1.161000000000007226e+01 1.810790523984351452e+01
1.163000000000007184e+01 1.793745239784836443e+01
1.165000000000007141e+01 1.789912015875302842e+01
1.167000000000007098e+01 1.759462349476165599e+01
1.169000000000007056e+01 1.757223624358520198e+01
1.171000000000007013e+01 1.742344271038841796e+01
1.173000000000006970e+01 1.718824666446644045e+01
1.175000000000006928e+01 1.713354824924819653e+01
1.177000000000006885e+01 1.685990052104783032e+01
1.179000000000006843e+01 1.678610078289533192e+01
1.181000000000006800e+01 1.658578162178157456e+01
1.183000000000006757e+01 1.639084619675795196e+01
1.185000000000006715e+01 1.626696665315435197e+01
1.187000000000006672e+01 1.618855656801024168e+01
1.189000000000006629e+01 1.605243131239884136e+01
1.191000000000006587e+01 1.587905800382982058e+01
1.193000000000006544e+01 1.564747592429946899e+01
1.195000000000006501e+01 1.558254748533134837e+01
1.197000000000006459e+01 1.535780571819426754e+01
1.199000000000006416e+01 1.534321983665244638e+01
1.201000000000006374e+01 1.509522670899961128e+01
1.203000000000006331e+01 1.492909509384347722e+01
1.205000000000006288e+01 1.478567931475672026e+01
1.207000000000006246e+01 1.471136976178507538e+01
1.209000000000006203e+01 1.460065864370444899e+01
1.211000000000006160e+01 1.440002554696982706e+01
1.213000000000006118e+01 1.423345212527218351e+01
1.215000000000006075e+01 1.405969935179960650e+01
1.217000000000006033e+01 1.399719343544849615e+01
1.219000000000005990e+01 1.389126648075060366e+01
1.221000000000005947e+01 1.365663989918169463e+01
1.223000000000005905e+01 1.355676492718950676e+01
1.225000000000005862e+01 1.339429744225188124e+01
1.227000000000005819e+01 1.338115137440317604e+01
1.229000000000005777e+01 1.321127149818711821e+01
1.231000000000005734e+01 1.294906192517382415e+01
1.233000000000005691e+01 1.291592704584615703e+01
1.235000000000005649e+01 1.275505568964729797e+01
1.237000000000005606e+01 1.262980555482821110e+01
1.239000000000005564e+01 1.254320447956390616e+01
1.241000000000005521e+01 1.241319193500688201e+01
1.243000000000005478e+01 1.231356890608397059e+01
1.245000000000005436e+01 1.205755768842476883e+01
1.247000000000005393e+01 1.200421883801796596e+01
1.249000000000005350e+01 1.191356925331938044e+01
1.251000000000005308e+01 1.183406281927901382e+01
1.253000000000005265e+01 1.160826171489628678e+01
1.255000000000005222e+01 1.150378430970324573e+01
1.257000000000005180e+01 1.143486545336336135e+01
1.259000000000005137e+01 1.128736651721438378e+01
1.261000000000005095e+01 1.119429210948881348e+01
1.263000000000005052e+01 1.106959900855997958e+01
1.265000000000005009e+01 1.095243776265084179e+01
1.267000000000004967e+01 1.087336173337561185e+01
1.269000000000004924e+01 1.081185777550077631e+01
1.271000000000004881e+01 1.049203050434037898e+01
1.273000000000004839e+01 1.045452555988347143e+01
1.275000000000004796e+01 1.053794431763233952e+01
1.277000000000004754e+01 1.037785270167499263e+01
1.279000000000004711e+01 1.018736337935170688e+01
1.281000000000004668e+01 1.014250111250920661e+01
1.283000000000004626e+01 9.819278574155472228e+00
1.285000000000004583e+01 9.982394285294068581e+00
1.287000000000004540e+01 9.862141571652330185e+00
1.289000000000004498e+01 9.675411283846319321e+00
1.291000000000004455e+01 9.572735266829138112e+00
1.293000000000004412e+01 9.431171910912945933e+00
1.295000000000004370e+01 9.449140075224525148e+00
1.297000000000004327e+01 9.355844036286656618e+00
1.299000000000004285e+01 9.156592412880184995e+00
1.301000000000004242e+01 9.085663124820397840e+00
1.303000000000004199e+01 9.023266267588160972e+00
1.305000000000004157e+01 8.879044799482556982e+00
1.307000000000004114e+01 8.826428980588147510e+00
1.309000000000004071e+01 8.671684880932902573e+00
1.311000000000004029e+01 8.634830266977543189e+00
1.313000000000003986e+01 8.436780827098450786e+00
1.315000000000003944e+01 8.365922030242025187e+00
1.317000000000003901e+01 8.272455425667498474e+00
1.319000000000003858e+01 8.223983164772571186e+00
1.321000000000003816e+01 8.114116801113329558e+00
1.323000000000003773e+01 8.002553198206616258e+00
1.325000000000003730e+01 7.888635879467122081e+00
1.327000000000003688e+01 7.809129397395764727e+00
1.329000000000003645e+01 7.663402468354084895e+00
1.331000000000003602e+01 7.645481060714068633e+00
1.333000000000003560e+01 7.485887518964707610e+00
1.335000000000003517e+01 7.329508579572724614e+00
1.337000000000003475e+01 7.340325630574351834e+00
1.339000000000003432e+01 7.180599895322376192e+00
1.341000000000003389e+01 7.000552753518613613e+00
1.343000000000003347e+01 6.911717558186949439e+00
1.345000000000003304e+01 6.809330619445324473e+00
1.347000000000003261e+01 6.665085551521330309e+00
1.349000000000003219e+01 6.581341320647296378e+00
1.351000000000003176e+01 6.436603740417983666e+00
1.353000000000003133e+01 6.262975334798855265e+00
1.355000000000003091e+01 6.148516207110624521e+00
1.357000000000003048e+01 5.985353473749261077e+00
1.359000000000003006e+01 5.775195778503920963e+00
1.361000000000002963e+01 5.733815144749858206e+00
1.363000000000002920e+01 5.573896130772111768e+00
1.365000000000002878e+01 5.301712405852331500e+00
1.367000000000002835e+01 5.142492405591962523e+00
1.369000000000002792e+01 4.847763171521538794e+00
1.371000000000002750e+01 4.594473460796912434e+00
1.373000000000002707e+01 4.447790050235417070e+00
1.375000000000002665e+01 4.141790064569396357e+00
1.377000000000002622e+01 3.928533578753721223e+00
1.379000000000002579e+01 3.689395373108530496e+00
1.381000000000002537e+01 3.464437080790539802e+00
1.383000000000002494e+01 3.265095896389297980e+00
1.385000000000002451e+01 2.944156713090323230e+00
1.387000000000002409e+01 2.679351662430919045e+00
1.389000000000002366e+01 2.467183428174715587e+00
1.391000000000002323e+01 2.226948391544812278e+00
1.393000000000002281e+01 1.982691245646185596e+00
1.395000000000002238e+01 1.789688110974636093e+00
1.397000000000002196e+01 1.578982363956520363e+00
1.399000000000002153e+01 1.330411835936923248e+00
1.401000000000002110e+01 1.203149672367544998e+00
1.403000000000002068e+01 9.964104378687649310e-01
1.405000000000002025e+01 8.631315085998514380e-01
1.407000000000001982e+01 7.884198088377292191e-01
1.409000000000001940e+01 6.608707977430293701e-01
1.411000000000001897e+01 5.955134278961004002e-01
1.413000000000001855e+01 4.762697447230960779e-01
1.415000000000001812e+01 4.020331190341523420e-01
1.417000000000001769e+01 3.433887374195155329e-01
1.419000000000001727e+01 3.153306021732416031e-01
1.421000000000001684e+01 2.545092164334790130e-01
1.423000000000001641e+01 2.334882974138913769e-01
1.425000000000001599e+01 2.029368085002231925e-01
1.427000000000001556e+01 1.704537997546494155e-01
1.429000000000001513e+01 1.586561803605326948e-01
1.431000000000001471e+01 1.237458561669857460e-01
1.433000000000001428e+01 8.693812965447979269e-02
1.435000000000001386e+01 7.821939778619287076e-02
1.437000000000001343e+01 4.933959734044143092e-02
1.439000000000001300e+01 4.338821288302754237e-02
1.441000000000001258e+01 4.305717721458553887e-02
1.443000000000001215e+01 2.988343186341813063e-02
1.445000000000001172e+01 2.424503825619726827e-02
1.447000000000001130e+01 1.613503512734390521e-02
1.449000000000001087e+01 5.537219469922112849e-03
1.451000000000001044e+01 5.490620998766329933e-03
1.453000000000001002e+01 2.778454953171135416e-03
1.455000000000000959e+01 2.765828465425094421e-03
1.457000000000000917e+01 2.753469576444436597e-03
1.459000000000000874e+01 2.741188483627519414e-03
1.461000000000000831e+01 5.918043514370862880e-05
1.463000000000000789e+01 1.780947721619762057e-07
1.465000000000000746e+01 0.000000000000000000e+00
1.467000000000000703e+01 0.000000000000000000e+00
1.469000000000000661e+01 0.000000000000000000e+00
1.471000000000000618e+01 0.000000000000000000e+00
1.473000000000000576e+01 0.000000000000000000e+00
1.475000000000000533e+01 0.000000000000000000e+00
1.477000000000000490e+01 0.000000000000000000e+00
1.479000000000000448e+01 0.000000000000000000e+00
1.481000000000000405e+01 0.000000000000000000e+00
1.483000000000000362e+01 0.000000000000000000e+00
1.485000000000000320e+01 0.000000000000000000e+00
1.487000000000000277e+01 0.000000000000000000e+00
1.489000000000000234e+01 0.000000000000000000e+00
1.491000000000000192e+01 0.000000000000000000e+00
1.493000000000000149e+01 0.000000000000000000e+00
1.495000000000000107e+01 0.000000000000000000e+00
1.497000000000000064e+01 0.000000000000000000e+00
1.499000000000000021e+01 0.000000000000000000e+00
