# Redshift		Merger Rate Density [Gpc^-3yr^-1]
1.000000000031931770e-02 1.634646824899495954e+01
3.000000000031888964e-02 1.717429752861448122e+01
5.000000000031846331e-02 1.779569492029649780e+01
7.000000000031804392e-02 1.867762818189791574e+01
9.000000000031761760e-02 1.951450277300209635e+01
1.100000000003171913e-01 2.045795447864225025e+01
1.300000000003167511e-01 2.127987228783912244e+01
1.500000000003163247e-01 2.217929581706352593e+01
1.700000000003158984e-01 2.302319071348382806e+01
1.900000000003154721e-01 2.422175698659446397e+01
2.100000000003150458e-01 2.486561117420433931e+01
2.300000000003146194e-01 2.580618437385169628e+01
2.500000000003141931e-01 2.671962750793773367e+01
2.700000000003137668e-01 2.775025770588837304e+01
2.900000000003133405e-01 2.868390843666092849e+01
3.100000000003129141e-01 2.963986391383429364e+01
3.300000000003124878e-01 3.069886918528239761e+01
3.500000000003120615e-01 3.171057598544288680e+01
3.700000000003116352e-01 3.287936049709538366e+01
3.900000000003112088e-01 3.396843908119203803e+01
4.100000000003107825e-01 3.492442248612395872e+01
4.300000000003103562e-01 3.624282516478461957e+01
4.500000000003099299e-01 3.744650000420806180e+01
4.700000000003095035e-01 3.857661398485217319e+01
4.900000000003090772e-01 3.966145782859603486e+01
5.100000000003086509e-01 4.072350093373934499e+01
5.300000000003082246e-01 4.187721393477958287e+01
5.500000000003077982e-01 4.335497289518240649e+01
5.700000000003073719e-01 4.460767678371615119e+01
5.900000000003069456e-01 4.556077783994605568e+01
6.100000000003065193e-01 4.677169125623827028e+01
6.300000000003060929e-01 4.802747814977844598e+01
6.500000000003056666e-01 4.958479037276522661e+01
6.700000000003052403e-01 5.049903813887318194e+01
6.900000000003048140e-01 5.171383676380405348e+01
7.100000000003043876e-01 5.304304837548062324e+01
7.300000000003039613e-01 5.440634054272721443e+01
7.500000000003035350e-01 5.585188221178822232e+01
7.700000000003031086e-01 5.680205915641947456e+01
7.900000000003026823e-01 5.824021544024225250e+01
8.100000000003022560e-01 5.927806387710077729e+01
8.300000000003018297e-01 6.053138325056932700e+01
8.500000000003014033e-01 6.197031311548787613e+01
8.700000000003009770e-01 6.310543343262704497e+01
8.900000000003005507e-01 6.446817034688525894e+01
9.100000000003001244e-01 6.604636018367021677e+01
9.300000000002996980e-01 6.625876039279610552e+01
9.500000000002992717e-01 6.778786148656888599e+01
9.700000000002988454e-01 6.892626932867867140e+01
9.900000000002984191e-01 6.995951668623945352e+01
1.010000000000297993e+00 7.077780970046273978e+01
1.030000000000297566e+00 7.270447193678488418e+01
1.050000000000297140e+00 7.366416210606823256e+01
1.070000000000296714e+00 7.532330952509892086e+01
1.090000000000296287e+00 7.501766772476790379e+01
1.110000000000295861e+00 7.664045329114476601e+01
1.130000000000295435e+00 7.730247918269098761e+01
1.150000000000295008e+00 7.842588443817190580e+01
1.170000000000294582e+00 7.924826960515031260e+01
1.190000000000294156e+00 8.054622069777460069e+01
1.210000000000293729e+00 8.188062131785325448e+01
1.230000000000293303e+00 8.119387955626557130e+01
1.250000000000292877e+00 8.326898460284297698e+01
1.270000000000292451e+00 8.287526852937855892e+01
1.290000000000292024e+00 8.346046194627352577e+01
1.310000000000291598e+00 8.489356184082824086e+01
1.330000000000291172e+00 8.527630506699966872e+01
1.350000000000290745e+00 8.533102949478052324e+01
1.370000000000290319e+00 8.591476331825936086e+01
1.390000000000289893e+00 8.653801420286205826e+01
1.410000000000289466e+00 8.698512398973524284e+01
1.430000000000289040e+00 8.704512736876802137e+01
1.450000000000288614e+00 8.785730673767642429e+01
1.470000000000288187e+00 8.831239066547205141e+01
1.490000000000287761e+00 8.744038594903565809e+01
1.510000000000287335e+00 8.775895604143588002e+01
1.530000000000286908e+00 8.807344494752862829e+01
1.550000000000286482e+00 8.790382462568750555e+01
1.570000000000286056e+00 8.849445800591050215e+01
1.590000000000285629e+00 8.847667068548059888e+01
1.610000000000285203e+00 8.831273295703039139e+01
1.630000000000284777e+00 8.749475565429037260e+01
1.650000000000284350e+00 8.707001605989398740e+01
1.670000000000283924e+00 8.800728690128276810e+01
1.690000000000283498e+00 8.694115059399871370e+01
1.710000000000283071e+00 8.652766523048606473e+01
1.730000000000282645e+00 8.617269253940230556e+01
1.750000000000282219e+00 8.679864548037978977e+01
1.770000000000281792e+00 8.555247283582653495e+01
1.790000000000281366e+00 8.486667812229316610e+01
1.810000000000280940e+00 8.411872149283918532e+01
1.830000000000280513e+00 8.399303092028023343e+01
1.850000000000280087e+00 8.340895219873615929e+01
1.870000000000279661e+00 8.295158065822307947e+01
1.890000000000279234e+00 8.223453557141117187e+01
1.910000000000278808e+00 8.085810662454166220e+01
1.930000000000278382e+00 8.049114003589021138e+01
1.950000000000277955e+00 7.981101508101369291e+01
1.970000000000277529e+00 7.912544776778611322e+01
1.990000000000277103e+00 7.898951618719482326e+01
2.010000000000276899e+00 7.728383376099822044e+01
2.030000000000276472e+00 7.656063761040491045e+01
2.050000000000276046e+00 7.587102409108067036e+01
2.070000000000275620e+00 7.421965556052452939e+01
2.090000000000275193e+00 7.346239153475735861e+01
2.110000000000274767e+00 7.250176888824435650e+01
2.130000000000274341e+00 7.134954971595117001e+01
2.150000000000273914e+00 7.047643144929708114e+01
2.170000000000273488e+00 6.945019393902433080e+01
2.190000000000273062e+00 6.771693637779451080e+01
2.210000000000272635e+00 6.741602122067158120e+01
2.230000000000272209e+00 6.589749294935296575e+01
2.250000000000271783e+00 6.512581631591280029e+01
2.270000000000271356e+00 6.450546397987848479e+01
2.290000000000270930e+00 6.366538801490094812e+01
2.310000000000270504e+00 6.333384607339500860e+01
2.330000000000270077e+00 6.199560973138073194e+01
2.350000000000269651e+00 6.061688525442662012e+01
2.370000000000269225e+00 5.886630028637964784e+01
2.390000000000268798e+00 5.754630593547528861e+01
2.410000000000268372e+00 5.676775881197632856e+01
2.430000000000267946e+00 5.566502813832224206e+01
2.450000000000267519e+00 5.488410138987832454e+01
2.470000000000267093e+00 5.346671564463688497e+01
2.490000000000266667e+00 5.352494003780489606e+01
2.510000000000266240e+00 5.231538482963420478e+01
2.530000000000265814e+00 5.279013560190654886e+01
2.550000000000265388e+00 5.126575912769699528e+01
2.570000000000264961e+00 4.978470661137526321e+01
2.590000000000264535e+00 4.945659851234793081e+01
2.610000000000264109e+00 4.767242144996564690e+01
2.630000000000263682e+00 4.676724154128956457e+01
2.650000000000263256e+00 4.664012937068580555e+01
2.670000000000262830e+00 4.532741377279345585e+01
2.690000000000262403e+00 4.410638802377258116e+01
2.710000000000261977e+00 4.300734936875333858e+01
2.730000000000261551e+00 4.242749650769204095e+01
2.750000000000261124e+00 4.121210245261713112e+01
2.770000000000260698e+00 4.102708968110674448e+01
2.790000000000260272e+00 3.987679309339948475e+01
2.810000000000259845e+00 3.914021255832377477e+01
2.830000000000259419e+00 3.889931565240615896e+01
2.850000000000258993e+00 3.801920061386932304e+01
2.870000000000258567e+00 3.788204744584923844e+01
2.890000000000258140e+00 3.696957961232346435e+01
2.910000000000257714e+00 3.645037342814210035e+01
2.930000000000257288e+00 3.586428362447343687e+01
2.950000000000256861e+00 3.528070704634473032e+01
2.970000000000256435e+00 3.488294385661727404e+01
2.990000000000256009e+00 3.465064462265719669e+01
3.010000000000255582e+00 3.375727684076404955e+01
3.030000000000255156e+00 3.352310251570408894e+01
3.050000000000254730e+00 3.292757707633248998e+01
3.070000000000254303e+00 3.248954502262496646e+01
3.090000000000253877e+00 3.256072047763677801e+01
3.110000000000253451e+00 3.187108612597793567e+01
3.130000000000253024e+00 3.143423717486455260e+01
3.150000000000252598e+00 3.139146091232396074e+01
3.170000000000252172e+00 3.055940086480454454e+01
3.190000000000251745e+00 3.012494672100368476e+01
3.210000000000251319e+00 2.987157987119764613e+01
3.230000000000250893e+00 2.987372285296914853e+01
3.250000000000250466e+00 2.952314153120512685e+01
3.270000000000250040e+00 2.940033228233388485e+01
3.290000000000249614e+00 2.847579012760328254e+01
3.310000000000249187e+00 2.838353873479470479e+01
3.330000000000248761e+00 2.837579234425965424e+01
3.350000000000248335e+00 2.778638254076395242e+01
3.370000000000247908e+00 2.747738974209376295e+01
3.390000000000247482e+00 2.716720180959095288e+01
3.410000000000247056e+00 2.706947902947382545e+01
3.430000000000246629e+00 2.671184549374043371e+01
3.450000000000246203e+00 2.676283304211513681e+01
3.470000000000245777e+00 2.637412202876887335e+01
3.490000000000245350e+00 2.616098579461939266e+01
3.510000000000244924e+00 2.600766506802211353e+01
3.530000000000244498e+00 2.556224224226269115e+01
3.550000000000244071e+00 2.516370267196960597e+01
3.570000000000243645e+00 2.498513015989475861e+01
3.590000000000243219e+00 2.491206654346455451e+01
3.610000000000242792e+00 2.465653643672697015e+01
3.630000000000242366e+00 2.446194261386242630e+01
3.650000000000241940e+00 2.408221522791905400e+01
3.670000000000241513e+00 2.422936749406268220e+01
3.690000000000241087e+00 2.418005197513237547e+01
3.710000000000240661e+00 2.381329724776915313e+01
3.730000000000240234e+00 2.339495110155921864e+01
3.750000000000239808e+00 2.301610093328980611e+01
3.770000000000239382e+00 2.238155845684780942e+01
3.790000000000238956e+00 2.217060608579908632e+01
3.810000000000238529e+00 2.208546262282064987e+01
3.830000000000238103e+00 2.185687733868090277e+01
3.850000000000237677e+00 2.120375754096521703e+01
3.870000000000237250e+00 2.131690294208985748e+01
3.890000000000236824e+00 2.085875021732401535e+01
3.910000000000236398e+00 2.029043446325101385e+01
3.930000000000235971e+00 2.013630016446433757e+01
3.950000000000235545e+00 1.976468236687065527e+01
3.970000000000235119e+00 1.959608919433119212e+01
3.990000000000234692e+00 1.920333466327273086e+01
4.010000000000234266e+00 1.879204803589168193e+01
4.030000000000233840e+00 1.842029065244717856e+01
4.050000000000233413e+00 1.820491718870013287e+01
4.070000000000232987e+00 1.793291958979510525e+01
4.090000000000232561e+00 1.775829023884206848e+01
4.110000000000232134e+00 1.759800452012273553e+01
4.130000000000231708e+00 1.737943184147366082e+01
4.150000000000231282e+00 1.710264976433731832e+01
4.170000000000230855e+00 1.666948525867470821e+01
4.190000000000230429e+00 1.632777765904997125e+01
4.210000000000230003e+00 1.605161455069280763e+01
4.230000000000229576e+00 1.574158671276302179e+01
4.250000000000229150e+00 1.519915231304349312e+01
4.270000000000228724e+00 1.493329362522386639e+01
4.290000000000228297e+00 1.449765105310418178e+01
4.310000000000227871e+00 1.425064906826665911e+01
4.330000000000227445e+00 1.411244106784247698e+01
4.350000000000227018e+00 1.396110145234007049e+01
4.370000000000226592e+00 1.334311058242220405e+01
4.390000000000226166e+00 1.311438833554681516e+01
4.410000000000225739e+00 1.296521920028376229e+01
4.430000000000225313e+00 1.260616774297756848e+01
4.450000000000224887e+00 1.227046848994799255e+01
4.470000000000224460e+00 1.209004458803939919e+01
4.490000000000224034e+00 1.189466113321544505e+01
4.510000000000223608e+00 1.145882065814958217e+01
4.530000000000223181e+00 1.121234082685220912e+01
4.550000000000222755e+00 1.077768829419302321e+01
4.570000000000222329e+00 1.052645731041703314e+01
4.590000000000221902e+00 1.031061399662707956e+01
4.610000000000221476e+00 1.014575377989887706e+01
4.630000000000221050e+00 9.873457818927880325e+00
4.650000000000220624e+00 9.487393351965497601e+00
4.670000000000220197e+00 9.322841230584254291e+00
4.690000000000219771e+00 8.937482361411600351e+00
4.710000000000219345e+00 8.746899450536718135e+00
4.730000000000218918e+00 8.482810326224699438e+00
4.750000000000218492e+00 8.176028932935393456e+00
4.770000000000218066e+00 8.170192846957466060e+00
4.790000000000217639e+00 8.052197964100150429e+00
4.810000000000217213e+00 7.731373713554891225e+00
4.830000000000216787e+00 7.352113691690687958e+00
4.850000000000216360e+00 7.128793195188745102e+00
4.870000000000215934e+00 6.848753559344572750e+00
4.890000000000215508e+00 6.755633350647586965e+00
4.910000000000215081e+00 6.582493314181284028e+00
4.930000000000214655e+00 6.326467212836873522e+00
4.950000000000214229e+00 6.176019184783686278e+00
4.970000000000213802e+00 6.166086898455216847e+00
4.990000000000213376e+00 5.850105614771765161e+00
5.010000000000212950e+00 5.621542001287703094e+00
5.030000000000212523e+00 5.416013294378616116e+00
5.050000000000212097e+00 5.249272322134205027e+00
5.070000000000211671e+00 5.252412173744179569e+00
5.090000000000211244e+00 5.059586034237601559e+00
5.110000000000210818e+00 4.885263313956438758e+00
5.130000000000210392e+00 4.814148315588570703e+00
5.150000000000209965e+00 4.628205335784446817e+00
5.170000000000209539e+00 4.620582628714343443e+00
5.190000000000209113e+00 4.361299556362236096e+00
5.210000000000208686e+00 4.273764717543429015e+00
5.230000000000208260e+00 4.296659301747665971e+00
5.250000000000207834e+00 4.135825984855648230e+00
5.270000000000207407e+00 3.992189752637834044e+00
5.290000000000206981e+00 3.986967319176001112e+00
5.310000000000206555e+00 3.885990040900394682e+00
5.330000000000206128e+00 3.795952765506578785e+00
5.350000000000205702e+00 3.891120069163506834e+00
5.370000000000205276e+00 3.615014682444171346e+00
5.390000000000204849e+00 3.635028953134087359e+00
5.410000000000204423e+00 3.428426079155587836e+00
5.430000000000203997e+00 3.377774812385283543e+00
5.450000000000203570e+00 3.328906619069069261e+00
5.470000000000203144e+00 3.277535916396764115e+00
5.490000000000202718e+00 3.216785985067452724e+00
5.510000000000202292e+00 3.155563352296122392e+00
5.530000000000201865e+00 3.157816315922514772e+00
5.550000000000201439e+00 3.134644888893935555e+00
5.570000000000201013e+00 3.023743606844499610e+00
5.590000000000200586e+00 2.926522319637149927e+00
5.610000000000200160e+00 2.907866816737661342e+00
5.630000000000199734e+00 2.919734496961762904e+00
5.650000000000199307e+00 2.915705587433350843e+00
5.670000000000198881e+00 2.861780446705432190e+00
5.690000000000198455e+00 2.694836369283724498e+00
5.710000000000198028e+00 2.645601053156710236e+00
5.730000000000197602e+00 2.664717204944190510e+00
5.750000000000197176e+00 2.760369070985947193e+00
5.770000000000196749e+00 2.548721727082306820e+00
5.790000000000196323e+00 2.557538949720041810e+00
5.810000000000195897e+00 2.525118653461298823e+00
5.830000000000195470e+00 2.491839757529433097e+00
5.850000000000195044e+00 2.512676335560693364e+00
5.870000000000194618e+00 2.445404412057612387e+00
5.890000000000194191e+00 2.416081288587522469e+00
5.910000000000193765e+00 2.325546551838887144e+00
5.930000000000193339e+00 2.401478242603176216e+00
5.950000000000192912e+00 2.349622816038124729e+00
5.970000000000192486e+00 2.379146219781470784e+00
5.990000000000192060e+00 2.342164753309727399e+00
6.010000000000191633e+00 2.241940608718706152e+00
6.030000000000191207e+00 2.214127638231702999e+00
6.050000000000190781e+00 2.214263546053345522e+00
6.070000000000190354e+00 2.187787943042800887e+00
6.090000000000189928e+00 2.083236030739807010e+00
6.110000000000189502e+00 2.128713197449096484e+00
6.130000000000189075e+00 2.119177281131123358e+00
6.150000000000188649e+00 2.062505169263767257e+00
6.170000000000188223e+00 2.006500533219929938e+00
6.190000000000187796e+00 1.969002038468879778e+00
6.210000000000187370e+00 2.144602285018372356e+00
6.230000000000186944e+00 1.977268534569399883e+00
6.250000000000186517e+00 1.971754912493911549e+00
6.270000000000186091e+00 1.919315159299928908e+00
6.290000000000185665e+00 1.835807824425665480e+00
6.310000000000185238e+00 1.854959182595899536e+00
6.330000000000184812e+00 1.736610789872926830e+00
6.350000000000184386e+00 1.765430737007596784e+00
6.370000000000183960e+00 1.700802457439034798e+00
6.390000000000183533e+00 1.666624415823194427e+00
6.410000000000183107e+00 1.622202639305037497e+00
6.430000000000182681e+00 1.566636416936222354e+00
6.450000000000182254e+00 1.565828387715520797e+00
6.470000000000181828e+00 1.579450737044792552e+00
6.490000000000181402e+00 1.552322496816127551e+00
6.510000000000180975e+00 1.485906653140623757e+00
6.530000000000180549e+00 1.457918773332321116e+00
6.550000000000180123e+00 1.499380112222690409e+00
6.570000000000179696e+00 1.394584638560646850e+00
6.590000000000179270e+00 1.395237897174390618e+00
6.610000000000178844e+00 1.293379298986425896e+00
6.630000000000178417e+00 1.339026296770818414e+00
6.650000000000177991e+00 1.312179176817481530e+00
6.670000000000177565e+00 1.223013313452185891e+00
6.690000000000177138e+00 1.198920538231741828e+00
6.710000000000176712e+00 1.200206066225383728e+00
6.730000000000176286e+00 1.196613844150149708e+00
6.750000000000175859e+00 1.118057417337626980e+00
6.770000000000175433e+00 1.096141843146395622e+00
6.790000000000175007e+00 1.075286757883370248e+00
6.810000000000174580e+00 1.078594028755829326e+00
6.830000000000174154e+00 1.041513654374067510e+00
6.850000000000173728e+00 1.012687946406604311e+00
6.870000000000173301e+00 9.873627938409126337e-01
6.890000000000172875e+00 1.004296687626844431e+00
6.910000000000172449e+00 9.852750631775323287e-01
6.930000000000172022e+00 9.654196964505878942e-01
6.950000000000171596e+00 9.058640715396819587e-01
6.970000000000171170e+00 8.857858225382119199e-01
6.990000000000170743e+00 8.219076801009274069e-01
7.010000000000170317e+00 8.393754519861501562e-01
7.030000000000169891e+00 8.362352953754143003e-01
7.050000000000169464e+00 7.632090236980039188e-01
7.070000000000169038e+00 7.803688402767811061e-01
7.090000000000168612e+00 7.328077361883749141e-01
7.110000000000168185e+00 7.218648508592888646e-01
7.130000000000167759e+00 7.272234136737726340e-01
7.150000000000167333e+00 6.672894804716256179e-01
7.170000000000166906e+00 6.686268044268089961e-01
7.190000000000166480e+00 6.584560638766591145e-01
7.210000000000166054e+00 6.530327050239337350e-01
7.230000000000165628e+00 6.084625624053668913e-01
7.250000000000165201e+00 6.186512853319490191e-01
7.270000000000164775e+00 5.876465832158651592e-01
7.290000000000164349e+00 6.033150081231323236e-01
7.310000000000163922e+00 6.486293352642287235e-01
7.330000000000163496e+00 5.649614406747923701e-01
7.350000000000163070e+00 5.632031769177218150e-01
7.370000000000162643e+00 5.512024473227900012e-01
7.390000000000162217e+00 5.380186390698058485e-01
7.410000000000161791e+00 5.017262668438431383e-01
7.430000000000161364e+00 5.419059405246923200e-01
7.450000000000160938e+00 5.043940602648957494e-01
7.470000000000160512e+00 4.890010824471813788e-01
7.490000000000160085e+00 4.820712895873457970e-01
7.510000000000159659e+00 4.788668303705182483e-01
7.530000000000159233e+00 4.810801576386037892e-01
7.550000000000158806e+00 4.567337384663723854e-01
7.570000000000158380e+00 4.341801265172283153e-01
7.590000000000157954e+00 4.255424743587276626e-01
7.610000000000157527e+00 4.343083216978091410e-01
7.630000000000157101e+00 4.304207597520015027e-01
7.650000000000156675e+00 4.031750243460598959e-01
7.670000000000156248e+00 4.082736542505442379e-01
7.690000000000155822e+00 4.453795122587144717e-01
7.710000000000155396e+00 4.195470022949697730e-01
7.730000000000154969e+00 3.964893457721219150e-01
7.750000000000154543e+00 3.921879033844593576e-01
7.770000000000154117e+00 3.647269147941197831e-01
7.790000000000153690e+00 4.003424183953163129e-01
7.810000000000153264e+00 3.843626960006994442e-01
7.830000000000152838e+00 3.449432917005244015e-01
7.850000000000152411e+00 3.619369215607123880e-01
7.870000000000151985e+00 3.429525099379161501e-01
7.890000000000151559e+00 3.374255985489743592e-01
7.910000000000151132e+00 3.636608557711437650e-01
7.930000000000150706e+00 3.437653765473894230e-01
7.950000000000150280e+00 3.371255234390742039e-01
7.970000000000149853e+00 3.149045527856429438e-01
7.990000000000149427e+00 3.496264416914083295e-01
8.010000000000149001e+00 3.157729083035660245e-01
8.030000000000148574e+00 3.539202019867317972e-01
8.050000000000148148e+00 3.241729990192065425e-01
8.070000000000147722e+00 2.914734371959286641e-01
8.090000000000147296e+00 3.214281842497318520e-01
8.110000000000146869e+00 3.105799903741913170e-01
8.130000000000146443e+00 2.979800308654204644e-01
8.150000000000146017e+00 2.779491307524404320e-01
8.170000000000145590e+00 2.832283033737206246e-01
8.190000000000145164e+00 2.706961342768051115e-01
8.210000000000144738e+00 2.787938414082695715e-01
8.230000000000144311e+00 2.655044432870611870e-01
8.250000000000143885e+00 2.836542923723952003e-01
8.270000000000143459e+00 2.885317488328151270e-01
8.290000000000143032e+00 2.549396139165697739e-01
8.310000000000142606e+00 2.711256537991523219e-01
8.330000000000142180e+00 2.579005430311715474e-01
8.350000000000141753e+00 2.562302541873602846e-01
8.370000000000141327e+00 2.749146719975487652e-01
8.390000000000140901e+00 2.712058971144400421e-01
8.410000000000140474e+00 2.541090673921685972e-01
8.430000000000140048e+00 2.564134999869807086e-01
8.450000000000139622e+00 2.499025687536836626e-01
8.470000000000139195e+00 2.300270264559392819e-01
8.490000000000138769e+00 2.485220076721262883e-01
8.510000000000138343e+00 2.405987073560608702e-01
8.530000000000137916e+00 2.290399669489413537e-01
8.550000000000137490e+00 2.170900755389497949e-01
8.570000000000137064e+00 2.192983441888121388e-01
8.590000000000136637e+00 2.240702823156834056e-01
8.610000000000136211e+00 2.258079103200518467e-01
8.630000000000135785e+00 2.236025451595393954e-01
8.650000000000135358e+00 2.090772336690970568e-01
8.670000000000134932e+00 2.089293937777498278e-01
8.690000000000134506e+00 2.123846426222542882e-01
8.710000000000134079e+00 2.129898148708541383e-01
8.730000000000133653e+00 2.215353604986045333e-01
8.750000000000133227e+00 2.302263970003050886e-01
8.770000000000132800e+00 2.117780168281435393e-01
8.790000000000132374e+00 2.044007302082303801e-01
8.810000000000131948e+00 1.991388455443937888e-01
8.830000000000131521e+00 1.999349072095305269e-01
8.850000000000131095e+00 1.902480470114679967e-01
8.870000000000130669e+00 2.093307055232123404e-01
8.890000000000130242e+00 2.041252267870870551e-01
8.910000000000129816e+00 1.892854731105627630e-01
8.930000000000129390e+00 1.985749738712998813e-01
8.950000000000128964e+00 1.956747046870346562e-01
8.970000000000128537e+00 1.853654370518835470e-01
8.990000000000128111e+00 1.898347377126611280e-01
9.010000000000127685e+00 2.071262340856556139e-01
9.030000000000127258e+00 1.959578886548325183e-01
9.050000000000126832e+00 2.023850469900984328e-01
9.070000000000126406e+00 1.911052807940565867e-01
9.090000000000125979e+00 1.950945876542392599e-01
9.110000000000125553e+00 1.886747837547285978e-01
9.130000000000125127e+00 1.899791600992485341e-01
9.150000000000124700e+00 1.910130451349975611e-01
9.170000000000124274e+00 2.013692339748052729e-01
9.190000000000123848e+00 1.945480961951408794e-01
9.210000000000123421e+00 2.031572233838416508e-01
9.230000000000122995e+00 2.013398772144284754e-01
9.250000000000122569e+00 2.028724354785702566e-01
9.270000000000122142e+00 2.154706546581754978e-01
9.290000000000121716e+00 1.932820300517348044e-01
9.310000000000121290e+00 1.998702963791400278e-01
9.330000000000120863e+00 2.064481002523261277e-01
9.350000000000120437e+00 2.054189965476223290e-01
9.370000000000120011e+00 2.078442362033099955e-01
9.390000000000119584e+00 2.135422033225921612e-01
9.410000000000119158e+00 2.042936361266655121e-01
9.430000000000118732e+00 2.036255522146302455e-01
9.450000000000118305e+00 2.041041469294774813e-01
9.470000000000117879e+00 2.134688637122224286e-01
9.490000000000117453e+00 2.112329156740757052e-01
9.510000000000117026e+00 2.248811062633240820e-01
9.530000000000116600e+00 2.252672649869471855e-01
9.550000000000116174e+00 2.162798642856699760e-01
9.570000000000115747e+00 2.408903073135270356e-01
9.590000000000115321e+00 2.311608839293555484e-01
9.610000000000114895e+00 2.236325986461375204e-01
9.630000000000114468e+00 2.214986903858213452e-01
9.650000000000114042e+00 2.092170438800467769e-01
9.670000000000113616e+00 2.201020676824234634e-01
9.690000000000113189e+00 2.187899284172144798e-01
9.710000000000112763e+00 2.163583989643697025e-01
9.730000000000112337e+00 2.188634524702976203e-01
9.750000000000111910e+00 2.173471934775287051e-01
9.770000000000111484e+00 2.056543429895230091e-01
9.790000000000111058e+00 2.119355777149841691e-01
9.810000000000110632e+00 2.240172172392127792e-01
9.830000000000110205e+00 2.286968630972954220e-01
9.850000000000109779e+00 2.055481062004594350e-01
9.870000000000109353e+00 2.339069676574943579e-01
9.890000000000108926e+00 2.199157437646630242e-01
9.910000000000108500e+00 1.920787779387575500e-01
9.930000000000108074e+00 2.112248525875353999e-01
9.950000000000107647e+00 1.917779200438239073e-01
9.970000000000107221e+00 1.932611203415103562e-01
9.990000000000106795e+00 1.851043606981621903e-01
1.001000000000010637e+01 1.863750934801820247e-01
1.003000000000010594e+01 1.813655486493455926e-01
1.005000000000010552e+01 1.750674726688483118e-01
1.007000000000010509e+01 1.695884966043685327e-01
1.009000000000010466e+01 1.791383896722603397e-01
1.011000000000010424e+01 1.653184146379864661e-01
1.013000000000010381e+01 1.780119149710894799e-01
1.015000000000010338e+01 1.569329776643351437e-01
1.017000000000010296e+01 1.587065222502908046e-01
1.019000000000010253e+01 1.378761752258513273e-01
1.021000000000010210e+01 1.450442347038287949e-01
1.023000000000010168e+01 1.353494039621797873e-01
1.025000000000010125e+01 1.277154473877771534e-01
1.027000000000010083e+01 1.367757994090536555e-01
1.029000000000010040e+01 1.177187577618036829e-01
1.031000000000009997e+01 1.159965021297744703e-01
1.033000000000009955e+01 1.106643484413369349e-01
1.035000000000009912e+01 1.039996144263490852e-01
1.037000000000009869e+01 1.074908678057845124e-01
1.039000000000009827e+01 1.077763184569758698e-01
1.041000000000009784e+01 9.130658158162696658e-02
1.043000000000009742e+01 9.468865048203140011e-02
1.045000000000009699e+01 8.524388870999682899e-02
1.047000000000009656e+01 7.523483036119704703e-02
1.049000000000009614e+01 7.519491993760459014e-02
1.051000000000009571e+01 7.113252627120085492e-02
1.053000000000009528e+01 6.415107939924669100e-02
1.055000000000009486e+01 6.545535860481206669e-02
1.057000000000009443e+01 6.224593473183129277e-02
1.059000000000009400e+01 5.838663067096078185e-02
1.061000000000009358e+01 5.887778145349533560e-02
1.063000000000009315e+01 5.691795698652001023e-02
1.065000000000009273e+01 4.601634382121957273e-02
1.067000000000009230e+01 4.523820352895609187e-02
1.069000000000009187e+01 4.250163822746640813e-02
1.071000000000009145e+01 4.212132632762873724e-02
1.073000000000009102e+01 3.514864064092874940e-02
1.075000000000009059e+01 3.344700731843352343e-02
1.077000000000009017e+01 3.152359559401325673e-02
1.079000000000008974e+01 3.075317710891921699e-02
1.081000000000008932e+01 2.772716761095004451e-02
1.083000000000008889e+01 2.697105852385683206e-02
1.085000000000008846e+01 2.516655579588774477e-02
1.087000000000008804e+01 2.797489863310382782e-02
1.089000000000008761e+01 2.718545396463928690e-02
1.091000000000008718e+01 2.082121802639601629e-02
1.093000000000008676e+01 1.849077966322294070e-02
1.095000000000008633e+01 1.759477250968928888e-02
1.097000000000008590e+01 1.712259693074038788e-02
1.099000000000008548e+01 1.562169227511433708e-02
1.101000000000008505e+01 1.408979074664860887e-02
1.103000000000008463e+01 1.341447163151227202e-02
1.105000000000008420e+01 1.274453176163981016e-02
1.107000000000008377e+01 1.218047921287743716e-02
1.109000000000008335e+01 1.109775057829796158e-02
1.111000000000008292e+01 1.401571250946721282e-02
1.113000000000008249e+01 1.336014562758924135e-02
1.115000000000008207e+01 8.972757572686423932e-03
1.117000000000008164e+01 8.417124112866497185e-03
1.119000000000008122e+01 8.087825698143504688e-03
1.121000000000008079e+01 7.477050192196051451e-03
1.123000000000008036e+01 6.874493363325200404e-03
1.125000000000007994e+01 6.503229263761387859e-03
1.127000000000007951e+01 6.140197097295014075e-03
1.129000000000007908e+01 5.652992555454819205e-03
1.131000000000007866e+01 5.326772001892965402e-03
1.133000000000007823e+01 5.040219166130406603e-03
1.135000000000007780e+01 6.522244155698006529e-03
1.137000000000007738e+01 4.308680624254325811e-03
1.139000000000007695e+01 5.852517232746544916e-03
1.141000000000007653e+01 3.614848684816001582e-03
1.143000000000007610e+01 3.376633319676412490e-03
1.145000000000007567e+01 3.142666544074254956e-03
1.147000000000007525e+01 2.924858988390919689e-03
1.149000000000007482e+01 2.716369517559001894e-03
1.151000000000007439e+01 2.519395961169888700e-03
1.153000000000007397e+01 2.332471707534743924e-03
1.155000000000007354e+01 2.154176138292775936e-03
1.157000000000007311e+01 2.813249235921051229e-03
1.159000000000007269e+01 1.784047571165773291e-03
1.161000000000007226e+01 1.644960854050820948e-03
1.163000000000007184e+01 2.272469087738607663e-03
1.165000000000007141e+01 1.327810114395156990e-03
1.167000000000007098e+01 1.217128457797966900e-03
1.169000000000007056e+01 1.116483796660199326e-03
1.171000000000007013e+01 1.017031548341628235e-03
1.173000000000006970e+01 9.288635194874167748e-04
1.175000000000006928e+01 8.487927699783205920e-04
1.177000000000006885e+01 1.079053306637704117e-03
1.179000000000006843e+01 6.689149067480365182e-04
1.181000000000006800e+01 6.060473741795989466e-04
1.183000000000006757e+01 5.487146559213272948e-04
1.185000000000006715e+01 4.945536693673373892e-04
1.187000000000006672e+01 6.761333126717110993e-04
1.189000000000006629e+01 3.772583319303419351e-04
1.191000000000006587e+01 3.381655868488681375e-04
1.193000000000006544e+01 3.025042664747048127e-04
1.195000000000006501e+01 2.701886402459820267e-04
1.197000000000006459e+01 2.409502254438784655e-04
1.199000000000006416e+01 2.973371007087892925e-04
1.201000000000006374e+01 1.805940931988864195e-04
1.203000000000006331e+01 1.600065175535552689e-04
1.205000000000006288e+01 1.414697007671297867e-04
1.207000000000006246e+01 1.248105389135742405e-04
1.209000000000006203e+01 1.674118182380629309e-04
1.211000000000006160e+01 8.943057814032741683e-05
1.213000000000006118e+01 7.833037459961351230e-05
1.215000000000006075e+01 6.847018357669908952e-05
1.217000000000006033e+01 5.972251677364848600e-05
1.219000000000005990e+01 7.121615211187451889e-05
1.221000000000005947e+01 4.251039601196293888e-05
1.223000000000005905e+01 3.682730956159339827e-05
1.225000000000005862e+01 3.184272873504215664e-05
1.227000000000005819e+01 2.747827938561792245e-05
1.229000000000005777e+01 2.365621028491167110e-05
1.231000000000005734e+01 2.032570035011160999e-05
1.233000000000005691e+01 2.661148089559584271e-05
1.235000000000005649e+01 1.355218646131983407e-05
1.237000000000005606e+01 1.155259238544146844e-05
1.239000000000005564e+01 1.328583135971919097e-05
1.241000000000005521e+01 7.792896831076217301e-06
1.243000000000005478e+01 6.596571794732329906e-06
1.245000000000005436e+01 5.572120321081709777e-06
1.247000000000005393e+01 4.696322092994170538e-06
1.249000000000005350e+01 3.949650290445804822e-06
1.251000000000005308e+01 3.314457605667318009e-06
1.253000000000005265e+01 2.775503612984358499e-06
1.255000000000005222e+01 3.545683641035907893e-06
1.257000000000005180e+01 1.724841458449025956e-06
1.259000000000005137e+01 1.910992096792246136e-06
1.261000000000005095e+01 1.101414968142861883e-06
1.263000000000005052e+01 9.101470487796427603e-07
1.265000000000005009e+01 7.504245438727429726e-07
1.267000000000004967e+01 6.173573235204141783e-07
1.269000000000004924e+01 5.067436029061559927e-07
1.271000000000004881e+01 4.150199475654684881e-07
1.273000000000004839e+01 3.391344094160089552e-07
1.275000000000004796e+01 4.230659936988328987e-07
1.277000000000004754e+01 2.597220265868638555e-07
1.279000000000004711e+01 1.473024267367758212e-07
1.281000000000004668e+01 1.190148001373771765e-07
1.283000000000004626e+01 9.594038864458348549e-08
1.285000000000004583e+01 7.716292871953783031e-08
1.287000000000004540e+01 6.191899375493836481e-08
1.289000000000004498e+01 4.957246546810256226e-08
1.291000000000004455e+01 3.959674480416045893e-08
1.293000000000004412e+01 3.155566298314327995e-08
1.295000000000004370e+01 3.161425740927165611e-08
1.297000000000004327e+01 2.904868210334848717e-08
1.299000000000004285e+01 1.239231009870266049e-08
1.301000000000004242e+01 9.761985913134857661e-09
1.303000000000004199e+01 7.672019821788609503e-09
1.305000000000004157e+01 6.015431621535843985e-09
1.307000000000004114e+01 4.705513879612587617e-09
1.309000000000004071e+01 3.672218219082999043e-09
1.311000000000004029e+01 2.859093129775027536e-09
1.313000000000003986e+01 2.758624107337424764e-09
1.315000000000003944e+01 1.594926725133694289e-09
1.317000000000003901e+01 1.937627284490525255e-09
1.319000000000003858e+01 7.867127459364835265e-10
1.321000000000003816e+01 6.038810706333466528e-10
1.323000000000003773e+01 4.624368073032740682e-10
1.325000000000003730e+01 3.532776696545362433e-10
1.327000000000003688e+01 2.692415984929968507e-10
1.329000000000003645e+01 2.047048580897770407e-10
1.331000000000003602e+01 1.901974566261373937e-10
1.333000000000003560e+01 1.086618396630035086e-10
1.335000000000003517e+01 8.200828635649757887e-11
1.337000000000003475e+01 9.704429949739911040e-11
1.339000000000003432e+01 3.746185754159337664e-11
1.341000000000003389e+01 2.800560212911903851e-11
1.343000000000003347e+01 2.088554798023765719e-11
1.345000000000003304e+01 1.553783203814740596e-11
1.347000000000003261e+01 1.153124945608061786e-11
1.349000000000003219e+01 1.031698843860679992e-11
1.351000000000003176e+01 5.823011680917898097e-12
1.353000000000003133e+01 4.289430819114773824e-12
1.355000000000003091e+01 4.950551062681116154e-12
1.357000000000003048e+01 1.823818623233953450e-12
1.359000000000003006e+01 1.330494010126867707e-12
1.361000000000002963e+01 9.682152294343581060e-13
1.363000000000002920e+01 7.028409016938337312e-13
1.365000000000002878e+01 5.089400662048705608e-13
1.367000000000002835e+01 4.384880487003758852e-13
1.369000000000002792e+01 2.444285266274013736e-13
1.371000000000002750e+01 1.756704912380657169e-13
1.373000000000002707e+01 1.259405397728672254e-13
1.375000000000002665e+01 1.412407891290693975e-13
1.377000000000002622e+01 4.938569511932318603e-14
1.379000000000002579e+01 3.505493042659115864e-14
1.381000000000002537e+01 2.482036909086317793e-14
1.383000000000002494e+01 2.067184249759729515e-14
1.385000000000002451e+01 1.139174238010175947e-14
1.387000000000002409e+01 8.005061377542579661e-15
1.389000000000002366e+01 5.610790009378961170e-15
1.391000000000002323e+01 3.922978550202770348e-15
1.393000000000002281e+01 4.281684221574738159e-15
1.395000000000002238e+01 1.426722013450587322e-15
1.397000000000002196e+01 9.875149797722835040e-16
1.399000000000002153e+01 7.954338990625025912e-16
1.401000000000002110e+01 4.331738728145701574e-16
1.403000000000002068e+01 2.977054686031714765e-16
1.405000000000002025e+01 2.038185241603396780e-16
1.407000000000001982e+01 1.392036137520090947e-16
1.409000000000001940e+01 9.486235260112961148e-17
1.411000000000001897e+01 1.007955689760073084e-16
1.413000000000001855e+01 3.180355484455115108e-17
1.415000000000001812e+01 2.493807702598689503e-17
1.417000000000001769e+01 1.351107919908537663e-17
1.419000000000001727e+01 8.970859232385807597e-18
1.421000000000001684e+01 6.247534522307109184e-18
1.423000000000001641e+01 4.152770906550999705e-18
1.425000000000001599e+01 2.948173738628902414e-18
1.427000000000001556e+01 1.476534493413112660e-18
1.429000000000001513e+01 1.759616897675893297e-18
1.431000000000001471e+01 5.810107886336354341e-19
1.433000000000001428e+01 0.000000000000000000e+00
1.435000000000001386e+01 0.000000000000000000e+00
1.437000000000001343e+01 0.000000000000000000e+00
1.439000000000001300e+01 0.000000000000000000e+00
1.441000000000001258e+01 0.000000000000000000e+00
1.443000000000001215e+01 0.000000000000000000e+00
1.445000000000001172e+01 0.000000000000000000e+00
1.447000000000001130e+01 0.000000000000000000e+00
1.449000000000001087e+01 0.000000000000000000e+00
1.451000000000001044e+01 0.000000000000000000e+00
1.453000000000001002e+01 0.000000000000000000e+00
1.455000000000000959e+01 0.000000000000000000e+00
1.457000000000000917e+01 0.000000000000000000e+00
1.459000000000000874e+01 0.000000000000000000e+00
1.461000000000000831e+01 0.000000000000000000e+00
1.463000000000000789e+01 0.000000000000000000e+00
1.465000000000000746e+01 0.000000000000000000e+00
1.467000000000000703e+01 0.000000000000000000e+00
1.469000000000000661e+01 0.000000000000000000e+00
1.471000000000000618e+01 0.000000000000000000e+00
1.473000000000000576e+01 0.000000000000000000e+00
1.475000000000000533e+01 0.000000000000000000e+00
1.477000000000000490e+01 0.000000000000000000e+00
1.479000000000000448e+01 0.000000000000000000e+00
1.481000000000000405e+01 0.000000000000000000e+00
1.483000000000000362e+01 0.000000000000000000e+00
1.485000000000000320e+01 0.000000000000000000e+00
1.487000000000000277e+01 0.000000000000000000e+00
1.489000000000000234e+01 0.000000000000000000e+00
1.491000000000000192e+01 0.000000000000000000e+00
1.493000000000000149e+01 0.000000000000000000e+00
1.495000000000000107e+01 0.000000000000000000e+00
1.497000000000000064e+01 0.000000000000000000e+00
1.499000000000000021e+01 0.000000000000000000e+00
