# Redshift		Merger Rate Density [Gpc^-3yr^-1]
1.000000000031931770e-02 3.457450460106605306e+02
3.000000000031888964e-02 3.636043119370709178e+02
5.000000000031846331e-02 3.760333237038738048e+02
7.000000000031804392e-02 3.937325135682779660e+02
9.000000000031761760e-02 4.112468842089656391e+02
1.100000000003171913e-01 4.279709652084879963e+02
1.300000000003167511e-01 4.434803300854972008e+02
1.500000000003163247e-01 4.620966028553514775e+02
1.700000000003158984e-01 4.799189309227019180e+02
1.900000000003154721e-01 4.990769804101306590e+02
2.100000000003150458e-01 5.204628567525260223e+02
2.300000000003146194e-01 5.377676578400420340e+02
2.500000000003141931e-01 5.591843300490960473e+02
2.700000000003137668e-01 5.792715893540895422e+02
2.900000000003133405e-01 6.018660704973277689e+02
3.100000000003129141e-01 6.252479956725156853e+02
3.300000000003124878e-01 6.433289789735495106e+02
3.500000000003120615e-01 6.670973829961970978e+02
3.700000000003116352e-01 6.902609287643732614e+02
3.900000000003112088e-01 7.117877507619845119e+02
4.100000000003107825e-01 7.370013002573589347e+02
4.300000000003103562e-01 7.588115823254929637e+02
4.500000000003099299e-01 7.809427736538636964e+02
4.700000000003095035e-01 8.090186184742514115e+02
4.900000000003090772e-01 8.261501658689207943e+02
5.100000000003086509e-01 8.561595536751090094e+02
5.300000000003082246e-01 8.795673775266202483e+02
5.500000000003077982e-01 9.072749264618137204e+02
5.700000000003073719e-01 9.240469754141302019e+02
5.900000000003069456e-01 9.563818834731251854e+02
6.100000000003065193e-01 9.740342481458121711e+02
6.300000000003060929e-01 1.002950751507984023e+03
6.500000000003056666e-01 1.028362998571733442e+03
6.700000000003052403e-01 1.051585503175913345e+03
6.900000000003048140e-01 1.073515873892403533e+03
7.100000000003043876e-01 1.099594890538773825e+03
7.300000000003039613e-01 1.123723082342917905e+03
7.500000000003035350e-01 1.148802715012786621e+03
7.700000000003031086e-01 1.167529929639222701e+03
7.900000000003026823e-01 1.195958801289794110e+03
8.100000000003022560e-01 1.213489844297585933e+03
8.300000000003018297e-01 1.241367972344796726e+03
8.500000000003014033e-01 1.255009522427254979e+03
8.700000000003009770e-01 1.278093804053430404e+03
8.900000000003005507e-01 1.306171881534294243e+03
9.100000000003001244e-01 1.320181465677817414e+03
9.300000000002996980e-01 1.339800114991263627e+03
9.500000000002992717e-01 1.357521508587403787e+03
9.700000000002988454e-01 1.377302535217457262e+03
9.900000000002984191e-01 1.393954328334657475e+03
1.010000000000297993e+00 1.410567208834245548e+03
1.030000000000297566e+00 1.421309194675537810e+03
1.050000000000297140e+00 1.442412775012364591e+03
1.070000000000296714e+00 1.454097396357150046e+03
1.090000000000296287e+00 1.468092226927228012e+03
1.110000000000295861e+00 1.487766499459954957e+03
1.130000000000295435e+00 1.490914535721084121e+03
1.150000000000295008e+00 1.502443718503996024e+03
1.170000000000294582e+00 1.515103502471787351e+03
1.190000000000294156e+00 1.519011299290044235e+03
1.210000000000293729e+00 1.534570743600205560e+03
1.230000000000293303e+00 1.537441534427377974e+03
1.250000000000292877e+00 1.546061373902936793e+03
1.270000000000292451e+00 1.548937269591683844e+03
1.290000000000292024e+00 1.558403867966224198e+03
1.310000000000291598e+00 1.558837211842457918e+03
1.330000000000291172e+00 1.568744856115083167e+03
1.350000000000290745e+00 1.571485539865132750e+03
1.370000000000290319e+00 1.571032760078517413e+03
1.390000000000289893e+00 1.565828141929747744e+03
1.410000000000289466e+00 1.568330531035047898e+03
1.430000000000289040e+00 1.574260584550651402e+03
1.450000000000288614e+00 1.563964208360001066e+03
1.470000000000288187e+00 1.567492415198831395e+03
1.490000000000287761e+00 1.562059592086748808e+03
1.510000000000287335e+00 1.555915073717368614e+03
1.530000000000286908e+00 1.559956444396514144e+03
1.550000000000286482e+00 1.552040107345409979e+03
1.570000000000286056e+00 1.544037685423581252e+03
1.590000000000285629e+00 1.541612952994607895e+03
1.610000000000285203e+00 1.534817783418631734e+03
1.630000000000284777e+00 1.527120388990133506e+03
1.650000000000284350e+00 1.509946237478671037e+03
1.670000000000283924e+00 1.509833977950701410e+03
1.690000000000283498e+00 1.501309044039204764e+03
1.710000000000283071e+00 1.492010260921876579e+03
1.730000000000282645e+00 1.478284047729651093e+03
1.750000000000282219e+00 1.472526092292966268e+03
1.770000000000281792e+00 1.459480454752578680e+03
1.790000000000281366e+00 1.445776450131256979e+03
1.810000000000280940e+00 1.442840488602529604e+03
1.830000000000280513e+00 1.430448049555791840e+03
1.850000000000280087e+00 1.406804885179310304e+03
1.870000000000279661e+00 1.400615043429101434e+03
1.890000000000279234e+00 1.387279121970169626e+03
1.910000000000278808e+00 1.374836634407899510e+03
1.930000000000278382e+00 1.370944844404223659e+03
1.950000000000277955e+00 1.350855411432060237e+03
1.970000000000277529e+00 1.330216073041360005e+03
1.990000000000277103e+00 1.322576036748429260e+03
2.010000000000276899e+00 1.308886766752590347e+03
2.030000000000276472e+00 1.290982223962677608e+03
2.050000000000276046e+00 1.282594009573605717e+03
2.070000000000275620e+00 1.268378398390703069e+03
2.090000000000275193e+00 1.252552171781220522e+03
2.110000000000274767e+00 1.234529039679215202e+03
2.130000000000274341e+00 1.222227367686828984e+03
2.150000000000273914e+00 1.208449529465093974e+03
2.170000000000273488e+00 1.192647324360918901e+03
2.190000000000273062e+00 1.180179754941980036e+03
2.210000000000272635e+00 1.161285940087301697e+03
2.230000000000272209e+00 1.146988294788492794e+03
2.250000000000271783e+00 1.134710441003345068e+03
2.270000000000271356e+00 1.119700422892271263e+03
2.290000000000270930e+00 1.103830067416419524e+03
2.310000000000270504e+00 1.093567299755256727e+03
2.330000000000270077e+00 1.075005847157567132e+03
2.350000000000269651e+00 1.055253807105382293e+03
2.370000000000269225e+00 1.048785989380643514e+03
2.390000000000268798e+00 1.030003297140207223e+03
2.410000000000268372e+00 1.018154519915976948e+03
2.430000000000267946e+00 1.001820577377792915e+03
2.450000000000267519e+00 9.885040552024017870e+02
2.470000000000267093e+00 9.749515438633676467e+02
2.490000000000266667e+00 9.583306943129582578e+02
2.510000000000266240e+00 9.477232974697147938e+02
2.530000000000265814e+00 9.308135345143967925e+02
2.550000000000265388e+00 9.180452940314299894e+02
2.570000000000264961e+00 9.040471169042662041e+02
2.590000000000264535e+00 8.915246153074939457e+02
2.610000000000264109e+00 8.778604226860297786e+02
2.630000000000263682e+00 8.625955123967401050e+02
2.650000000000263256e+00 8.481593581976655969e+02
2.670000000000262830e+00 8.356666771960276492e+02
2.690000000000262403e+00 8.262309149139807687e+02
2.710000000000261977e+00 8.080622251031896894e+02
2.730000000000261551e+00 8.025638294541568030e+02
2.750000000000261124e+00 7.837668552114903378e+02
2.770000000000260698e+00 7.680037634699732507e+02
2.790000000000260272e+00 7.622142790754664929e+02
2.810000000000259845e+00 7.468835499703656069e+02
2.830000000000259419e+00 7.347184713448837101e+02
2.850000000000258993e+00 7.199434207944796071e+02
2.870000000000258567e+00 7.107432554074169957e+02
2.890000000000258140e+00 6.944295044776948771e+02
2.910000000000257714e+00 6.868695927539203012e+02
2.930000000000257288e+00 6.751085343427994303e+02
2.950000000000256861e+00 6.652069692078304115e+02
2.970000000000256435e+00 6.525445711517561449e+02
2.990000000000256009e+00 6.402399462428089691e+02
3.010000000000255582e+00 6.287869273127092811e+02
3.030000000000255156e+00 6.189247988081236826e+02
3.050000000000254730e+00 6.093777286896871601e+02
3.070000000000254303e+00 5.968498345328690675e+02
3.090000000000253877e+00 5.846388573701434552e+02
3.110000000000253451e+00 5.767078026321778452e+02
3.130000000000253024e+00 5.658989189057880367e+02
3.150000000000252598e+00 5.569298814869150647e+02
3.170000000000252172e+00 5.438463576837701794e+02
3.190000000000251745e+00 5.340732582623327289e+02
3.210000000000251319e+00 5.295024984482074615e+02
3.230000000000250893e+00 5.152128946743970346e+02
3.250000000000250466e+00 5.043375678011001355e+02
3.270000000000250040e+00 4.988700129860657171e+02
3.290000000000249614e+00 4.877528441925969105e+02
3.310000000000249187e+00 4.792771028942049156e+02
3.330000000000248761e+00 4.722786857328597421e+02
3.350000000000248335e+00 4.593313018538288475e+02
3.370000000000247908e+00 4.539255359732655961e+02
3.390000000000247482e+00 4.459181581372354799e+02
3.410000000000247056e+00 4.376941566232281389e+02
3.430000000000246629e+00 4.272038047236012517e+02
3.450000000000246203e+00 4.196404174046709841e+02
3.470000000000245777e+00 4.137116257876754162e+02
3.490000000000245350e+00 4.029393125703025476e+02
3.510000000000244924e+00 3.974470046601935564e+02
3.530000000000244498e+00 3.890550946788760029e+02
3.550000000000244071e+00 3.815080259533370395e+02
3.570000000000243645e+00 3.755927600021564103e+02
3.590000000000243219e+00 3.687124550674351440e+02
3.610000000000242792e+00 3.618239199847279224e+02
3.630000000000242366e+00 3.534611080174943254e+02
3.650000000000241940e+00 3.499847948169389156e+02
3.670000000000241513e+00 3.423642572456299717e+02
3.690000000000241087e+00 3.359047355334049030e+02
3.710000000000240661e+00 3.283296235723222480e+02
3.730000000000240234e+00 3.226608829094079169e+02
3.750000000000239808e+00 3.190471622526254123e+02
3.770000000000239382e+00 3.112437064108891036e+02
3.790000000000238956e+00 3.063938938611652816e+02
3.810000000000238529e+00 2.996651608230848183e+02
3.830000000000238103e+00 2.956949258034194372e+02
3.850000000000237677e+00 2.908133998285873645e+02
3.870000000000237250e+00 2.849395674659165820e+02
3.890000000000236824e+00 2.806525403364398130e+02
3.910000000000236398e+00 2.751261519689755346e+02
3.930000000000235971e+00 2.696943145989790196e+02
3.950000000000235545e+00 2.661443463655613755e+02
3.970000000000235119e+00 2.619097755986750258e+02
3.990000000000234692e+00 2.545397955065562030e+02
4.010000000000234266e+00 2.521698308927171297e+02
4.030000000000233840e+00 2.498015340097689716e+02
4.050000000000233413e+00 2.434539923956335201e+02
4.070000000000232987e+00 2.407389114873177505e+02
4.090000000000232561e+00 2.362907609658325327e+02
4.110000000000232134e+00 2.311705370483299475e+02
4.130000000000231708e+00 2.289913481257702870e+02
4.150000000000231282e+00 2.246337031316528510e+02
4.170000000000230855e+00 2.208246107812355206e+02
4.190000000000230429e+00 2.184206340247236540e+02
4.210000000000230003e+00 2.135013627264557670e+02
4.230000000000229576e+00 2.117623153934599713e+02
4.250000000000229150e+00 2.078122046879370544e+02
4.270000000000228724e+00 2.044067014312361721e+02
4.290000000000228297e+00 2.019347486315803621e+02
4.310000000000227871e+00 1.995477689278256150e+02
4.330000000000227445e+00 1.952397615289318651e+02
4.350000000000227018e+00 1.937994671827266018e+02
4.370000000000226592e+00 1.901719197550537501e+02
4.390000000000226166e+00 1.873652285901491723e+02
4.410000000000225739e+00 1.851454950548445311e+02
4.430000000000225313e+00 1.837544959192225917e+02
4.450000000000224887e+00 1.798348277498929235e+02
4.470000000000224460e+00 1.783039958086576746e+02
4.490000000000224034e+00 1.760694684683164724e+02
4.510000000000223608e+00 1.745571219375719352e+02
4.530000000000223181e+00 1.714270502593383014e+02
4.550000000000222755e+00 1.694921249761584647e+02
4.570000000000222329e+00 1.683101181309862113e+02
4.590000000000221902e+00 1.665667319197666245e+02
4.610000000000221476e+00 1.637240240425747118e+02
4.630000000000221050e+00 1.636235086530370211e+02
4.650000000000220624e+00 1.616235689913754925e+02
4.670000000000220197e+00 1.594404832886149563e+02
4.690000000000219771e+00 1.582024219146709640e+02
4.710000000000219345e+00 1.561983583602859653e+02
4.730000000000218918e+00 1.557597464654864154e+02
4.750000000000218492e+00 1.541283956522348433e+02
4.770000000000218066e+00 1.528277571705181686e+02
4.790000000000217639e+00 1.516391684609140782e+02
4.810000000000217213e+00 1.510223442412302575e+02
4.830000000000216787e+00 1.495289922520444463e+02
4.850000000000216360e+00 1.480561186684646771e+02
4.870000000000215934e+00 1.487449507934405233e+02
4.890000000000215508e+00 1.472970719022468415e+02
4.910000000000215081e+00 1.458969819703069675e+02
4.930000000000214655e+00 1.448366348468876765e+02
4.950000000000214229e+00 1.444584139026144953e+02
4.970000000000213802e+00 1.445719858773776423e+02
4.990000000000213376e+00 1.434795321900396061e+02
5.010000000000212950e+00 1.425075392669489247e+02
5.030000000000212523e+00 1.424544776616429260e+02
5.050000000000212097e+00 1.424272379647119919e+02
5.070000000000211671e+00 1.410402509926674668e+02
5.090000000000211244e+00 1.410740028541630124e+02
5.110000000000210818e+00 1.408630747620456134e+02
5.130000000000210392e+00 1.399045603100059907e+02
5.150000000000209965e+00 1.404585177013667590e+02
5.170000000000209539e+00 1.395565785004864381e+02
5.190000000000209113e+00 1.384163364729554644e+02
5.210000000000208686e+00 1.391145932130424967e+02
5.230000000000208260e+00 1.385620443089661364e+02
5.250000000000207834e+00 1.382329976435219123e+02
5.270000000000207407e+00 1.371413356963047647e+02
5.290000000000206981e+00 1.380861468980671702e+02
5.310000000000206555e+00 1.380001657981459005e+02
5.330000000000206128e+00 1.366472297850818620e+02
5.350000000000205702e+00 1.360531123517786511e+02
5.370000000000205276e+00 1.364999640524538336e+02
5.390000000000204849e+00 1.364672111479341936e+02
5.410000000000204423e+00 1.362865158000239774e+02
5.430000000000203997e+00 1.355577295072872630e+02
5.450000000000203570e+00 1.352617154319881365e+02
5.470000000000203144e+00 1.356485155809540117e+02
5.490000000000202718e+00 1.348546574222985441e+02
5.510000000000202292e+00 1.350581650824977658e+02
5.530000000000201865e+00 1.352649239521658444e+02
5.550000000000201439e+00 1.331106288237523643e+02
5.570000000000201013e+00 1.334145809625519234e+02
5.590000000000200586e+00 1.321515169994320615e+02
5.610000000000200160e+00 1.323470459982052319e+02
5.630000000000199734e+00 1.337550501661424391e+02
5.650000000000199307e+00 1.316778745550484189e+02
5.670000000000198881e+00 1.319670670436351543e+02
5.690000000000198455e+00 1.309895174894288346e+02
5.710000000000198028e+00 1.302022697583864215e+02
5.730000000000197602e+00 1.305165748509148500e+02
5.750000000000197176e+00 1.299617248497814899e+02
5.770000000000196749e+00 1.279520952387188544e+02
5.790000000000196323e+00 1.290693755768331528e+02
5.810000000000195897e+00 1.269122596455036955e+02
5.830000000000195470e+00 1.280077896108883806e+02
5.850000000000195044e+00 1.258355329340267588e+02
5.870000000000194618e+00 1.253216776945195079e+02
5.890000000000194191e+00 1.248223282667028258e+02
5.910000000000193765e+00 1.240696922815308483e+02
5.930000000000193339e+00 1.228730880251760595e+02
5.950000000000192912e+00 1.228409297544091174e+02
5.970000000000192486e+00 1.222041365065946792e+02
5.990000000000192060e+00 1.208197107999698687e+02
6.010000000000191633e+00 1.207726624678733032e+02
6.030000000000191207e+00 1.201055031905450932e+02
6.050000000000190781e+00 1.187780061532159266e+02
6.070000000000190354e+00 1.181420131197684924e+02
6.090000000000189928e+00 1.175358295041060472e+02
6.110000000000189502e+00 1.168369176131283353e+02
6.130000000000189075e+00 1.162428271164988729e+02
6.150000000000188649e+00 1.141325283660474810e+02
6.170000000000188223e+00 1.138966377271498800e+02
6.190000000000187796e+00 1.132879634895613918e+02
6.210000000000187370e+00 1.117992875186140367e+02
6.230000000000186944e+00 1.108451089304295181e+02
6.250000000000186517e+00 1.102823386648385906e+02
6.270000000000186091e+00 1.091806123504259034e+02
6.290000000000185665e+00 1.084718994429184562e+02
6.310000000000185238e+00 1.077729993474788444e+02
6.330000000000184812e+00 1.062225094610819127e+02
6.350000000000184386e+00 1.050145852891471066e+02
6.370000000000183960e+00 1.047541772737923083e+02
6.390000000000183533e+00 1.034448359701495264e+02
6.410000000000183107e+00 1.025047662188496531e+02
6.430000000000182681e+00 1.019793297511080397e+02
6.450000000000182254e+00 1.007660068925228245e+02
6.470000000000181828e+00 9.928466862747922050e+01
6.490000000000181402e+00 9.921141350341802934e+01
6.510000000000180975e+00 9.832995191656009126e+01
6.530000000000180549e+00 9.771222564160116519e+01
6.550000000000180123e+00 9.637084480705964040e+01
6.570000000000179696e+00 9.577159750468946697e+01
6.590000000000179270e+00 9.516357603763408690e+01
6.610000000000178844e+00 9.444289713368550565e+01
6.630000000000178417e+00 9.333600210411383102e+01
6.650000000000177991e+00 9.307045572436555858e+01
6.670000000000177565e+00 9.223431011677261893e+01
6.690000000000177138e+00 9.126584577239900398e+01
6.710000000000176712e+00 9.011431198506559781e+01
6.730000000000176286e+00 8.994210825159098022e+01
6.750000000000175859e+00 8.891013273335123301e+01
6.770000000000175433e+00 8.750886579941615651e+01
6.790000000000175007e+00 8.682728114594158342e+01
6.810000000000174580e+00 8.666611905602249522e+01
6.830000000000174154e+00 8.565344733461353144e+01
6.850000000000173728e+00 8.444022809076058422e+01
6.870000000000173301e+00 8.390171318148075841e+01
6.890000000000172875e+00 8.262789810654226130e+01
6.910000000000172449e+00 8.247533709038420113e+01
6.930000000000172022e+00 8.166477656218393122e+01
6.950000000000171596e+00 8.108410141260917214e+01
6.970000000000171170e+00 8.023174360724283360e+01
6.990000000000170743e+00 7.945272285595213191e+01
7.010000000000170317e+00 7.897554085168863480e+01
7.030000000000169891e+00 7.825038549471678095e+01
7.050000000000169464e+00 7.805018150982509439e+01
7.070000000000169038e+00 7.732026156101223080e+01
7.090000000000168612e+00 7.705939502935963503e+01
7.110000000000168185e+00 7.623059485439219429e+01
7.130000000000167759e+00 7.576213551546389624e+01
7.150000000000167333e+00 7.504875673647674716e+01
7.170000000000166906e+00 7.480924017223925659e+01
7.190000000000166480e+00 7.419876242555437784e+01
7.210000000000166054e+00 7.396642585750085175e+01
7.230000000000165628e+00 7.381806395073799365e+01
7.250000000000165201e+00 7.274702632390263091e+01
7.270000000000164775e+00 7.210821483216481909e+01
7.290000000000164349e+00 7.194511826859888970e+01
7.310000000000163922e+00 7.114847115141813561e+01
7.330000000000163496e+00 7.109207236034399102e+01
7.350000000000163070e+00 7.100963668277499607e+01
7.370000000000162643e+00 6.985856825797175418e+01
7.390000000000162217e+00 6.934287382413006640e+01
7.410000000000161791e+00 6.912201193054198711e+01
7.430000000000161364e+00 6.937186402636633886e+01
7.450000000000160938e+00 6.929296531821651683e+01
7.470000000000160512e+00 6.857294740055246507e+01
7.490000000000160085e+00 6.837636135469676901e+01
7.510000000000159659e+00 6.830294914638631099e+01
7.530000000000159233e+00 6.842656833245770542e+01
7.550000000000158806e+00 6.765010214382040488e+01
7.570000000000158380e+00 6.765483124726752351e+01
7.590000000000157954e+00 6.803609429270854037e+01
7.610000000000157527e+00 6.797459524117657281e+01
7.630000000000157101e+00 6.838308835683614006e+01
7.650000000000156675e+00 6.808886368095643604e+01
7.670000000000156248e+00 6.829999451896047447e+01
7.690000000000155822e+00 6.797665584830211571e+01
7.710000000000155396e+00 6.860419591756632940e+01
7.730000000000154969e+00 6.855099382459665946e+01
7.750000000000154543e+00 6.866674419056737122e+01
7.770000000000154117e+00 6.823157216741317654e+01
7.790000000000153690e+00 6.862709213145650722e+01
7.810000000000153264e+00 6.862605510831919275e+01
7.830000000000152838e+00 6.862649756469564011e+01
7.850000000000152411e+00 6.893231068035984777e+01
7.870000000000151985e+00 6.890615640091979799e+01
7.890000000000151559e+00 6.899599402261442549e+01
7.910000000000151132e+00 6.941801337463000721e+01
7.930000000000150706e+00 6.965624455551986216e+01
7.950000000000150280e+00 7.014105362722348502e+01
7.970000000000149853e+00 7.018171510280173209e+01
7.990000000000149427e+00 7.031796139679653379e+01
8.010000000000149001e+00 7.100998343713909833e+01
8.030000000000148574e+00 7.118230659547123196e+01
8.050000000000148148e+00 7.161053700210923978e+01
8.070000000000147722e+00 7.209316670241656766e+01
8.090000000000147296e+00 7.200607983835877235e+01
8.110000000000146869e+00 7.228262106006197030e+01
8.130000000000146443e+00 7.260796778991263523e+01
8.150000000000146017e+00 7.298573988947063640e+01
8.170000000000145590e+00 7.355982725814877199e+01
8.190000000000145164e+00 7.367598258710881964e+01
8.210000000000144738e+00 7.371791617531542329e+01
8.230000000000144311e+00 7.386850254284507855e+01
8.250000000000143885e+00 7.431834071637818795e+01
8.270000000000143459e+00 7.460402032543080963e+01
8.290000000000143032e+00 7.458191101852237637e+01
8.310000000000142606e+00 7.440955181509161775e+01
8.330000000000142180e+00 7.520730978196637295e+01
8.350000000000141753e+00 7.519373876350741170e+01
8.370000000000141327e+00 7.553908475427755320e+01
8.390000000000140901e+00 7.558438257197663290e+01
8.410000000000140474e+00 7.614014653015176748e+01
8.430000000000140048e+00 7.616271203797305134e+01
8.450000000000139622e+00 7.589934388641744079e+01
8.470000000000139195e+00 7.678837381094230352e+01
8.490000000000138769e+00 7.640271768317772683e+01
8.510000000000138343e+00 7.662444236226960470e+01
8.530000000000137916e+00 7.656925769219239442e+01
8.550000000000137490e+00 7.711638205234572752e+01
8.570000000000137064e+00 7.703664311330297210e+01
8.590000000000136637e+00 7.729440621035348613e+01
8.610000000000136211e+00 7.669204585066675861e+01
8.630000000000135785e+00 7.685370350602148903e+01
8.650000000000135358e+00 7.714422982326266265e+01
8.670000000000134932e+00 7.674350358360288737e+01
8.690000000000134506e+00 7.706014100842101300e+01
8.710000000000134079e+00 7.707449065057001292e+01
8.730000000000133653e+00 7.705979165094635164e+01
8.750000000000133227e+00 7.687353463453416680e+01
8.770000000000132800e+00 7.715876044906458731e+01
8.790000000000132374e+00 7.708756006736555833e+01
8.810000000000131948e+00 7.716060471119435249e+01
8.830000000000131521e+00 7.670757593224908533e+01
8.850000000000131095e+00 7.706176215309095312e+01
8.870000000000130669e+00 7.691430291684238796e+01
8.890000000000130242e+00 7.667198239553381711e+01
8.910000000000129816e+00 7.666879040221866148e+01
8.930000000000129390e+00 7.653493777540882093e+01
8.950000000000128964e+00 7.654813129165064822e+01
8.970000000000128537e+00 7.615923276086586213e+01
8.990000000000128111e+00 7.647734866943321208e+01
9.010000000000127685e+00 7.587217174242950080e+01
9.030000000000127258e+00 7.588541368680436960e+01
9.050000000000126832e+00 7.572320976416853000e+01
9.070000000000126406e+00 7.552102518778032447e+01
9.090000000000125979e+00 7.541718617371992650e+01
9.110000000000125553e+00 7.510583602682352478e+01
9.130000000000125127e+00 7.511121143654412435e+01
9.150000000000124700e+00 7.485083447494069731e+01
9.170000000000124274e+00 7.453374158845959130e+01
9.190000000000123848e+00 7.430453620584214036e+01
9.210000000000123421e+00 7.393038824351826577e+01
9.230000000000122995e+00 7.373947306219400843e+01
9.250000000000122569e+00 7.336048173570084430e+01
9.270000000000122142e+00 7.297796058955469789e+01
9.290000000000121716e+00 7.245697379029891749e+01
9.310000000000121290e+00 7.239069239772813091e+01
9.330000000000120863e+00 7.166656418188878774e+01
9.350000000000120437e+00 7.156311459234092354e+01
9.370000000000120011e+00 7.086637127659651014e+01
9.390000000000119584e+00 7.084361633165811156e+01
9.410000000000119158e+00 7.002761056542688323e+01
9.430000000000118732e+00 6.954738844574748668e+01
9.450000000000118305e+00 6.884043611737689616e+01
9.470000000000117879e+00 6.859657862550486129e+01
9.490000000000117453e+00 6.781905730437146929e+01
9.510000000000117026e+00 6.705715289637178955e+01
9.530000000000116600e+00 6.658955793642283538e+01
9.550000000000116174e+00 6.587657412142509372e+01
9.570000000000115747e+00 6.539029168698783678e+01
9.590000000000115321e+00 6.436535002656127347e+01
9.610000000000114895e+00 6.376307872425643808e+01
9.630000000000114468e+00 6.316384230036782554e+01
9.650000000000114042e+00 6.232831000328916105e+01
9.670000000000113616e+00 6.146442714323011103e+01
9.690000000000113189e+00 6.066809890932476179e+01
9.710000000000112763e+00 5.967543774397014289e+01
9.730000000000112337e+00 5.928330243269869726e+01
9.750000000000111910e+00 5.841385164402777974e+01
9.770000000000111484e+00 5.725669913160753310e+01
9.790000000000111058e+00 5.647775140525721582e+01
9.810000000000110632e+00 5.561976136325942832e+01
9.830000000000110205e+00 5.453651387112998350e+01
9.850000000000109779e+00 5.384333745481463751e+01
9.870000000000109353e+00 5.268199677684922477e+01
9.890000000000108926e+00 5.198218439881113540e+01
9.910000000000108500e+00 5.097585426237591122e+01
9.930000000000108074e+00 5.019516830356621995e+01
9.950000000000107647e+00 4.900358966308505870e+01
9.970000000000107221e+00 4.832800271144429161e+01
9.990000000000106795e+00 4.715301837262560980e+01
1.001000000000010637e+01 4.644250130535925791e+01
1.003000000000010594e+01 4.555879524505872524e+01
1.005000000000010552e+01 4.456796918201408886e+01
1.007000000000010509e+01 4.330787592547198273e+01
1.009000000000010466e+01 4.255488959185893094e+01
1.011000000000010424e+01 4.184521821090693550e+01
1.013000000000010381e+01 4.099388223423369482e+01
1.015000000000010338e+01 4.012051622605086720e+01
1.017000000000010296e+01 3.929465259514353193e+01
1.019000000000010253e+01 3.826762478273727908e+01
1.021000000000010210e+01 3.744080488380924976e+01
1.023000000000010168e+01 3.657229506087428206e+01
1.025000000000010125e+01 3.596425929665406329e+01
1.027000000000010083e+01 3.513720472796603644e+01
1.029000000000010040e+01 3.411734564110923884e+01
1.031000000000009997e+01 3.340568151855373458e+01
1.033000000000009955e+01 3.261691452229402444e+01
1.035000000000009912e+01 3.220417649626564582e+01
1.037000000000009869e+01 3.134997780601731776e+01
1.039000000000009827e+01 3.078999416411521750e+01
1.041000000000009784e+01 2.984938237925880955e+01
1.043000000000009742e+01 2.944525892024231695e+01
1.045000000000009699e+01 2.872946040823459057e+01
1.047000000000009656e+01 2.785632640773520663e+01
1.049000000000009614e+01 2.738386150735957258e+01
1.051000000000009571e+01 2.671673731499824811e+01
1.053000000000009528e+01 2.615917046355461295e+01
1.055000000000009486e+01 2.576237517414172018e+01
1.057000000000009443e+01 2.500766073808755507e+01
1.059000000000009400e+01 2.461690151359445622e+01
1.061000000000009358e+01 2.403610699996585254e+01
1.063000000000009315e+01 2.342720105108012874e+01
1.065000000000009273e+01 2.313228194027607287e+01
1.067000000000009230e+01 2.267336969064813346e+01
1.069000000000009187e+01 2.192213111380377200e+01
1.071000000000009145e+01 2.168065990679620469e+01
1.073000000000009102e+01 2.098205469308350146e+01
1.075000000000009059e+01 2.080740103327232049e+01
1.077000000000009017e+01 2.019456489272995370e+01
1.079000000000008974e+01 1.988278074856395961e+01
1.081000000000008932e+01 1.937768580795897222e+01
1.083000000000008889e+01 1.903387807967813217e+01
1.085000000000008846e+01 1.862688014803984871e+01
1.087000000000008804e+01 1.836113853407498908e+01
1.089000000000008761e+01 1.782944511186404313e+01
1.091000000000008718e+01 1.748679395578772144e+01
1.093000000000008676e+01 1.714617863126573738e+01
1.095000000000008633e+01 1.683755941571834214e+01
1.097000000000008590e+01 1.632861112431085360e+01
1.099000000000008548e+01 1.605255572039466472e+01
1.101000000000008505e+01 1.585379000926254989e+01
1.103000000000008463e+01 1.546168641570529090e+01
1.105000000000008420e+01 1.517312111022611987e+01
1.107000000000008377e+01 1.464084017114997671e+01
1.109000000000008335e+01 1.456174945539830645e+01
1.111000000000008292e+01 1.417930918432757359e+01
1.113000000000008249e+01 1.392857942827356865e+01
1.115000000000008207e+01 1.366717247999257090e+01
1.117000000000008164e+01 1.337672339681427758e+01
1.119000000000008122e+01 1.309283119427430364e+01
1.121000000000008079e+01 1.286288401031528572e+01
1.123000000000008036e+01 1.253926109997840754e+01
1.125000000000007994e+01 1.234472217328305810e+01
1.127000000000007951e+01 1.210601347047112419e+01
1.129000000000007908e+01 1.193178465551965850e+01
1.131000000000007866e+01 1.177388188303089578e+01
1.133000000000007823e+01 1.144826510320842416e+01
1.135000000000007780e+01 1.141420674371161681e+01
1.137000000000007738e+01 1.115017477369046617e+01
1.139000000000007695e+01 1.095239334120452668e+01
1.141000000000007653e+01 1.074593190535975218e+01
1.143000000000007610e+01 1.061118123365136867e+01
1.145000000000007567e+01 1.053941446785471037e+01
1.147000000000007525e+01 1.033297232400564880e+01
1.149000000000007482e+01 1.035245317045027491e+01
1.151000000000007439e+01 1.016244254664055013e+01
1.153000000000007397e+01 1.010363427129470004e+01
1.155000000000007354e+01 1.000890012834327614e+01
1.157000000000007311e+01 9.929473278532059410e+00
1.159000000000007269e+01 9.827384144577653302e+00
1.161000000000007226e+01 9.726948614997258602e+00
1.163000000000007184e+01 9.740203249048072109e+00
1.165000000000007141e+01 9.723158361976015129e+00
1.167000000000007098e+01 9.834438108712294735e+00
1.169000000000007056e+01 9.661075718744621454e+00
1.171000000000007013e+01 9.671577858628086943e+00
1.173000000000006970e+01 9.698712110410889764e+00
1.175000000000006928e+01 9.729209898038208237e+00
1.177000000000006885e+01 9.702925850671617169e+00
1.179000000000006843e+01 9.858467686221791482e+00
1.181000000000006800e+01 9.922972299645332228e+00
1.183000000000006757e+01 9.908033068018305300e+00
1.185000000000006715e+01 9.990976931347590906e+00
1.187000000000006672e+01 9.965430026344517245e+00
1.189000000000006629e+01 1.007951645988801559e+01
1.191000000000006587e+01 1.026214169922911701e+01
1.193000000000006544e+01 1.030378884607453038e+01
1.195000000000006501e+01 1.043030332847236430e+01
1.197000000000006459e+01 1.053067999077477346e+01
1.199000000000006416e+01 1.051337325321502547e+01
1.201000000000006374e+01 1.069223561928553679e+01
1.203000000000006331e+01 1.090139822619463317e+01
1.205000000000006288e+01 1.098072214860964202e+01
1.207000000000006246e+01 1.105309988752574313e+01
1.209000000000006203e+01 1.125223541667033977e+01
1.211000000000006160e+01 1.111176429445297842e+01
1.213000000000006118e+01 1.154079433761105911e+01
1.215000000000006075e+01 1.153626585535018734e+01
1.217000000000006033e+01 1.169826359060713372e+01
1.219000000000005990e+01 1.176179030373763901e+01
1.221000000000005947e+01 1.184430890078177789e+01
1.223000000000005905e+01 1.204178906596733789e+01
1.225000000000005862e+01 1.214503860083920017e+01
1.227000000000005819e+01 1.224014693253030472e+01
1.229000000000005777e+01 1.233099085719168642e+01
1.231000000000005734e+01 1.240393855178565374e+01
1.233000000000005691e+01 1.258914079428878985e+01
1.235000000000005649e+01 1.265423828069939916e+01
1.237000000000005606e+01 1.272311798439115904e+01
1.239000000000005564e+01 1.287067892940243929e+01
1.241000000000005521e+01 1.285443360929664891e+01
1.243000000000005478e+01 1.286293937071726745e+01
1.245000000000005436e+01 1.297957390593645144e+01
1.247000000000005393e+01 1.307096793373535526e+01
1.249000000000005350e+01 1.320141850535293493e+01
1.251000000000005308e+01 1.327485412025540334e+01
1.253000000000005265e+01 1.320179834648241268e+01
1.255000000000005222e+01 1.318889526432724502e+01
1.257000000000005180e+01 1.325873665970225623e+01
1.259000000000005137e+01 1.336809735391541309e+01
1.261000000000005095e+01 1.341066928426229588e+01
1.263000000000005052e+01 1.333941015944062869e+01
1.265000000000005009e+01 1.333472097469705275e+01
1.267000000000004967e+01 1.340141699563622524e+01
1.269000000000004924e+01 1.329325493427157667e+01
1.271000000000004881e+01 1.342938743362586607e+01
1.273000000000004839e+01 1.339963968966105590e+01
1.275000000000004796e+01 1.329167546810187694e+01
1.277000000000004754e+01 1.330411951846465790e+01
1.279000000000004711e+01 1.335958775272874988e+01
1.281000000000004668e+01 1.325030439955813044e+01
1.283000000000004626e+01 1.329687730088037512e+01
1.285000000000004583e+01 1.319481075609659726e+01
1.287000000000004540e+01 1.325641506250128998e+01
1.289000000000004498e+01 1.304176596661844201e+01
1.291000000000004455e+01 1.303812124857211252e+01
1.293000000000004412e+01 1.303930796225630928e+01
1.295000000000004370e+01 1.316186150988625947e+01
1.297000000000004327e+01 1.288678993737994816e+01
1.299000000000004285e+01 1.290232686954108665e+01
1.301000000000004242e+01 1.291191999094984943e+01
1.303000000000004199e+01 1.277437176533566898e+01
1.305000000000004157e+01 1.277762004773737381e+01
1.307000000000004114e+01 1.259779683946289808e+01
1.309000000000004071e+01 1.263248840559340103e+01
1.311000000000004029e+01 1.256078239010919972e+01
1.313000000000003986e+01 1.253090086906068379e+01
1.315000000000003944e+01 1.239884284370973511e+01
1.317000000000003901e+01 1.239048100590890833e+01
1.319000000000003858e+01 1.242812845100471009e+01
1.321000000000003816e+01 1.230487060826036050e+01
1.323000000000003773e+01 1.212519316166009453e+01
1.325000000000003730e+01 1.216544955226607172e+01
1.327000000000003688e+01 1.204516248681448332e+01
1.329000000000003645e+01 1.197567943639743504e+01
1.331000000000003602e+01 1.196253127879290545e+01
1.333000000000003560e+01 1.187992202150111432e+01
1.335000000000003517e+01 1.177414207348133424e+01
1.337000000000003475e+01 1.177840175943207157e+01
1.339000000000003432e+01 1.174349639617154217e+01
1.341000000000003389e+01 1.158207763975476290e+01
1.343000000000003347e+01 1.153054710381854520e+01
1.345000000000003304e+01 1.149733534201476637e+01
1.347000000000003261e+01 1.141343215949729206e+01
1.349000000000003219e+01 1.139781512401787644e+01
1.351000000000003176e+01 1.127641772042438717e+01
1.353000000000003133e+01 1.133201232663742530e+01
1.355000000000003091e+01 1.112139949800756789e+01
1.357000000000003048e+01 1.102136963429370198e+01
1.359000000000003006e+01 1.085267566796244409e+01
1.361000000000002963e+01 1.073456732966761251e+01
1.363000000000002920e+01 1.045335910935186874e+01
1.365000000000002878e+01 1.025436647160486636e+01
1.367000000000002835e+01 1.004659679179515130e+01
1.369000000000002792e+01 9.859538928965625004e+00
1.371000000000002750e+01 9.483507401904425649e+00
1.373000000000002707e+01 9.208887672749289877e+00
1.375000000000002665e+01 8.940283852479597115e+00
1.377000000000002622e+01 8.662430731625937241e+00
1.379000000000002579e+01 8.382946751067800406e+00
1.381000000000002537e+01 8.054295279554485987e+00
1.383000000000002494e+01 7.777379543358697411e+00
1.385000000000002451e+01 7.561728668662823338e+00
1.387000000000002409e+01 7.312244169775902414e+00
1.389000000000002366e+01 7.184093958610665354e+00
1.391000000000002323e+01 7.012849557326543248e+00
1.393000000000002281e+01 6.849540083634320098e+00
1.395000000000002238e+01 6.560289738104626345e+00
1.397000000000002196e+01 6.433529660769473857e+00
1.399000000000002153e+01 6.302472004373432135e+00
1.401000000000002110e+01 6.022785651169101584e+00
1.403000000000002068e+01 5.680517503483157427e+00
1.405000000000002025e+01 5.250275264109985685e+00
1.407000000000001982e+01 4.879781233060239920e+00
1.409000000000001940e+01 4.367716420381684728e+00
1.411000000000001897e+01 3.858546623071306580e+00
1.413000000000001855e+01 3.433676051916249694e+00
1.415000000000001812e+01 3.049427159483664607e+00
1.417000000000001769e+01 2.704085786066026564e+00
1.419000000000001727e+01 2.422251915805859745e+00
1.421000000000001684e+01 2.165069500415857551e+00
1.423000000000001641e+01 1.939884688268175505e+00
1.425000000000001599e+01 1.796817384393633921e+00
1.427000000000001556e+01 1.471919483961813269e+00
1.429000000000001513e+01 1.203434820300759656e+00
1.431000000000001471e+01 1.031136121580410236e+00
1.433000000000001428e+01 8.823430827337898075e-01
1.435000000000001386e+01 7.550684721852650716e-01
1.437000000000001343e+01 6.152522530270240209e-01
1.439000000000001300e+01 4.967317696219571976e-01
1.441000000000001258e+01 3.618399095303698743e-01
1.443000000000001215e+01 2.698492713678081190e-01
1.445000000000001172e+01 2.074407862132570946e-01
1.447000000000001130e+01 1.051925464731600923e-01
1.449000000000001087e+01 3.796843292720126356e-02
1.451000000000001044e+01 1.623855523317319430e-02
1.453000000000001002e+01 2.711698983614382885e-03
1.455000000000000959e+01 0.000000000000000000e+00
1.457000000000000917e+01 0.000000000000000000e+00
1.459000000000000874e+01 0.000000000000000000e+00
1.461000000000000831e+01 0.000000000000000000e+00
1.463000000000000789e+01 0.000000000000000000e+00
1.465000000000000746e+01 0.000000000000000000e+00
1.467000000000000703e+01 0.000000000000000000e+00
1.469000000000000661e+01 0.000000000000000000e+00
1.471000000000000618e+01 0.000000000000000000e+00
1.473000000000000576e+01 0.000000000000000000e+00
1.475000000000000533e+01 0.000000000000000000e+00
1.477000000000000490e+01 0.000000000000000000e+00
1.479000000000000448e+01 0.000000000000000000e+00
1.481000000000000405e+01 0.000000000000000000e+00
1.483000000000000362e+01 0.000000000000000000e+00
1.485000000000000320e+01 0.000000000000000000e+00
1.487000000000000277e+01 0.000000000000000000e+00
1.489000000000000234e+01 0.000000000000000000e+00
1.491000000000000192e+01 0.000000000000000000e+00
1.493000000000000149e+01 0.000000000000000000e+00
1.495000000000000107e+01 0.000000000000000000e+00
1.497000000000000064e+01 0.000000000000000000e+00
1.499000000000000021e+01 0.000000000000000000e+00
