# Redshift		Merger Rate Density [Gpc^-3yr^-1]
1.000000000031931770e-02 1.211335245326142882e+02
3.000000000031888964e-02 1.230984127387344529e+02
5.000000000031846331e-02 1.257001209950771852e+02
7.000000000031804392e-02 1.279496290181699436e+02
9.000000000031761760e-02 1.294006319346863449e+02
1.100000000003171913e-01 1.322585263622235630e+02
1.300000000003167511e-01 1.341343823205143622e+02
1.500000000003163247e-01 1.365617596028218372e+02
1.700000000003158984e-01 1.390321618120718199e+02
1.900000000003154721e-01 1.421013860671230304e+02
2.100000000003150458e-01 1.439062614755917195e+02
2.300000000003146194e-01 1.476082853403273134e+02
2.500000000003141931e-01 1.498747021186079564e+02
2.700000000003137668e-01 1.531062220837444556e+02
2.900000000003133405e-01 1.566452913015723993e+02
3.100000000003129141e-01 1.591529691437187353e+02
3.300000000003124878e-01 1.615466123373089431e+02
3.500000000003120615e-01 1.650114040020791322e+02
3.700000000003116352e-01 1.685305803822633663e+02
3.900000000003112088e-01 1.710968462030098749e+02
4.100000000003107825e-01 1.739832550738095733e+02
4.300000000003103562e-01 1.757712974808115121e+02
4.500000000003099299e-01 1.803513138709906798e+02
4.700000000003095035e-01 1.813549073410908932e+02
4.900000000003090772e-01 1.863260736218483942e+02
5.100000000003086509e-01 1.860251131343322868e+02
5.300000000003082246e-01 1.907298600952611878e+02
5.500000000003077982e-01 1.930633475834937656e+02
5.700000000003073719e-01 1.947120663799395572e+02
5.900000000003069456e-01 1.987470125075526539e+02
6.100000000003065193e-01 2.006444676702477921e+02
6.300000000003060929e-01 2.041839627004186752e+02
6.500000000003056666e-01 2.080711769219434473e+02
6.700000000003052403e-01 2.085441019957127082e+02
6.900000000003048140e-01 2.114801009720833918e+02
7.100000000003043876e-01 2.149363661188634183e+02
7.300000000003039613e-01 2.171923684293871020e+02
7.500000000003035350e-01 2.205847249043871159e+02
7.700000000003031086e-01 2.223445084073970577e+02
7.900000000003026823e-01 2.242159188552147668e+02
8.100000000003022560e-01 2.264516133184959870e+02
8.300000000003018297e-01 2.306895330013491900e+02
8.500000000003014033e-01 2.333788375535556554e+02
8.700000000003009770e-01 2.341242344111517468e+02
8.900000000003005507e-01 2.366202347464604543e+02
9.100000000003001244e-01 2.384254616919774321e+02
9.300000000002996980e-01 2.407358260766030753e+02
9.500000000002992717e-01 2.432506789404878305e+02
9.700000000002988454e-01 2.467030532261874498e+02
9.900000000002984191e-01 2.473629808337999805e+02
1.010000000000297993e+00 2.497722247390824748e+02
1.030000000000297566e+00 2.524680033788846458e+02
1.050000000000297140e+00 2.549092048404864670e+02
1.070000000000296714e+00 2.563030354964477056e+02
1.090000000000296287e+00 2.573018473363443945e+02
1.110000000000295861e+00 2.607736584582744968e+02
1.130000000000295435e+00 2.605798620015730762e+02
1.150000000000295008e+00 2.624923575878941051e+02
1.170000000000294582e+00 2.656786811225296105e+02
1.190000000000294156e+00 2.670840288033012371e+02
1.210000000000293729e+00 2.679274044545592233e+02
1.230000000000293303e+00 2.699125343510370953e+02
1.250000000000292877e+00 2.697837195150880234e+02
1.270000000000292451e+00 2.724393294157490573e+02
1.290000000000292024e+00 2.740150610335072088e+02
1.310000000000291598e+00 2.744013016404075529e+02
1.330000000000291172e+00 2.749831440120939874e+02
1.350000000000290745e+00 2.770645991462169491e+02
1.370000000000290319e+00 2.771270997885128509e+02
1.390000000000289893e+00 2.799872815584610066e+02
1.410000000000289466e+00 2.809876891886204362e+02
1.430000000000289040e+00 2.804985667894941344e+02
1.450000000000288614e+00 2.813378847054671610e+02
1.470000000000288187e+00 2.826719865963429470e+02
1.490000000000287761e+00 2.838202077319262457e+02
1.510000000000287335e+00 2.827881251175037391e+02
1.530000000000286908e+00 2.857308262112883881e+02
1.550000000000286482e+00 2.842790751689665285e+02
1.570000000000286056e+00 2.848808254005639355e+02
1.590000000000285629e+00 2.847838922774182606e+02
1.610000000000285203e+00 2.879900536990772366e+02
1.630000000000284777e+00 2.843265425906262180e+02
1.650000000000284350e+00 2.874859560144909096e+02
1.670000000000283924e+00 2.858515445286095087e+02
1.690000000000283498e+00 2.848809960631437548e+02
1.710000000000283071e+00 2.855222828805904101e+02
1.730000000000282645e+00 2.851358839233052436e+02
1.750000000000282219e+00 2.844640952271091692e+02
1.770000000000281792e+00 2.824310141016476337e+02
1.790000000000281366e+00 2.851832877443261509e+02
1.810000000000280940e+00 2.810651850273571313e+02
1.830000000000280513e+00 2.807634239007675205e+02
1.850000000000280087e+00 2.811396838361216624e+02
1.870000000000279661e+00 2.759170377592323575e+02
1.890000000000279234e+00 2.785131858203393449e+02
1.910000000000278808e+00 2.765383437736886663e+02
1.930000000000278382e+00 2.767414454307228198e+02
1.950000000000277955e+00 2.749950416383097149e+02
1.970000000000277529e+00 2.717909988990440411e+02
1.990000000000277103e+00 2.711394600825106522e+02
2.010000000000276899e+00 2.682916280177661292e+02
2.030000000000276472e+00 2.674631523400180981e+02
2.050000000000276046e+00 2.649379164086873857e+02
2.070000000000275620e+00 2.629408558013709012e+02
2.090000000000275193e+00 2.618624343895489233e+02
2.110000000000274767e+00 2.596628128216733558e+02
2.130000000000274341e+00 2.577827178775332868e+02
2.150000000000273914e+00 2.552198334249414131e+02
2.170000000000273488e+00 2.527748967691515816e+02
2.190000000000273062e+00 2.494890571181850305e+02
2.210000000000272635e+00 2.489559099283217449e+02
2.230000000000272209e+00 2.468154985555160863e+02
2.250000000000271783e+00 2.419990042668315482e+02
2.270000000000271356e+00 2.410207270181011552e+02
2.290000000000270930e+00 2.389347921504895851e+02
2.310000000000270504e+00 2.374232954065465719e+02
2.330000000000270077e+00 2.353010337773437186e+02
2.350000000000269651e+00 2.317074597373679410e+02
2.370000000000269225e+00 2.289674544638891689e+02
2.390000000000268798e+00 2.269557811747053790e+02
2.410000000000268372e+00 2.229411863241246010e+02
2.430000000000267946e+00 2.217794396134949579e+02
2.450000000000267519e+00 2.195990280455440029e+02
2.470000000000267093e+00 2.174430358613826400e+02
2.490000000000266667e+00 2.142458347043605897e+02
2.510000000000266240e+00 2.118362721861792579e+02
2.530000000000265814e+00 2.069110522589678283e+02
2.550000000000265388e+00 2.071135975173320105e+02
2.570000000000264961e+00 2.037238115692031499e+02
2.590000000000264535e+00 2.016164471340599675e+02
2.610000000000264109e+00 1.993055098580216509e+02
2.630000000000263682e+00 1.966843716409526621e+02
2.650000000000263256e+00 1.937783851033524911e+02
2.670000000000262830e+00 1.912269539038223911e+02
2.690000000000262403e+00 1.875590234463196282e+02
2.710000000000261977e+00 1.860423258998944220e+02
2.730000000000261551e+00 1.837939428779983757e+02
2.750000000000261124e+00 1.823173027867429710e+02
2.770000000000260698e+00 1.795686388036530161e+02
2.790000000000260272e+00 1.768280695041967476e+02
2.810000000000259845e+00 1.752532779806674625e+02
2.830000000000259419e+00 1.718246542816306714e+02
2.850000000000258993e+00 1.704374630667489612e+02
2.870000000000258567e+00 1.674681309653288679e+02
2.890000000000258140e+00 1.647157469139079922e+02
2.910000000000257714e+00 1.632818997513982424e+02
2.930000000000257288e+00 1.613717171512588493e+02
2.950000000000256861e+00 1.580817442677763722e+02
2.970000000000256435e+00 1.574310668064020433e+02
2.990000000000256009e+00 1.542582527739901366e+02
3.010000000000255582e+00 1.528307185855588557e+02
3.030000000000255156e+00 1.499218746998332392e+02
3.050000000000254730e+00 1.482452840122086286e+02
3.070000000000254303e+00 1.457774821099475844e+02
3.090000000000253877e+00 1.449894132083955753e+02
3.110000000000253451e+00 1.429788796080840712e+02
3.130000000000253024e+00 1.404254401082062884e+02
3.150000000000252598e+00 1.391471567682516763e+02
3.170000000000252172e+00 1.364745026390575902e+02
3.190000000000251745e+00 1.345046894616178292e+02
3.210000000000251319e+00 1.327646203794337509e+02
3.230000000000250893e+00 1.302777611732487628e+02
3.250000000000250466e+00 1.289247691722566742e+02
3.270000000000250040e+00 1.270759535529793993e+02
3.290000000000249614e+00 1.252584314168271931e+02
3.310000000000249187e+00 1.239202925466588283e+02
3.330000000000248761e+00 1.228929895332229592e+02
3.350000000000248335e+00 1.201224334168832542e+02
3.370000000000247908e+00 1.185161939147298114e+02
3.390000000000247482e+00 1.166750892129055330e+02
3.410000000000247056e+00 1.156967937732577667e+02
3.430000000000246629e+00 1.137845138621076586e+02
3.450000000000246203e+00 1.122670886268958981e+02
3.470000000000245777e+00 1.108156716298277900e+02
3.490000000000245350e+00 1.096948559147851796e+02
3.510000000000244924e+00 1.081904571701360851e+02
3.530000000000244498e+00 1.071352054974767753e+02
3.550000000000244071e+00 1.051358958402741308e+02
3.570000000000243645e+00 1.033343913000959731e+02
3.590000000000243219e+00 1.021624853671340247e+02
3.610000000000242792e+00 1.013687530075701915e+02
3.630000000000242366e+00 9.926726084844591469e+01
3.650000000000241940e+00 9.843397176122404346e+01
3.670000000000241513e+00 9.722741520482425415e+01
3.690000000000241087e+00 9.580849333064979589e+01
3.710000000000240661e+00 9.491298747259430968e+01
3.730000000000240234e+00 9.331057193995225418e+01
3.750000000000239808e+00 9.226960887216510798e+01
3.770000000000239382e+00 9.085809695483800397e+01
3.790000000000238956e+00 9.011204550794762724e+01
3.810000000000238529e+00 8.925846018128511616e+01
3.830000000000238103e+00 8.798726925017854228e+01
3.850000000000237677e+00 8.673218021474323791e+01
3.870000000000237250e+00 8.610682449834786212e+01
3.890000000000236824e+00 8.456166244431697976e+01
3.910000000000236398e+00 8.377999787478891847e+01
3.930000000000235971e+00 8.283946723667907008e+01
3.950000000000235545e+00 8.168531013232103533e+01
3.970000000000235119e+00 8.122988966114249365e+01
3.990000000000234692e+00 8.017680752517598819e+01
4.010000000000234266e+00 7.875544678154190592e+01
4.030000000000233840e+00 7.853870626287611856e+01
4.050000000000233413e+00 7.713110786875550673e+01
4.070000000000232987e+00 7.618493761619222937e+01
4.090000000000232561e+00 7.589230261607629302e+01
4.110000000000232134e+00 7.542688984442395395e+01
4.130000000000231708e+00 7.420070164753340691e+01
4.150000000000231282e+00 7.376928765424656831e+01
4.170000000000230855e+00 7.216742521468802352e+01
4.190000000000230429e+00 7.170878803143334324e+01
4.210000000000230003e+00 7.136488748047578667e+01
4.230000000000229576e+00 7.031384769832523318e+01
4.250000000000229150e+00 6.909728488491985843e+01
4.270000000000228724e+00 6.930739591101293229e+01
4.290000000000228297e+00 6.824414849323829912e+01
4.310000000000227871e+00 6.790012063434578238e+01
4.330000000000227445e+00 6.715676906142273594e+01
4.350000000000227018e+00 6.662496311117038772e+01
4.370000000000226592e+00 6.618668820893201143e+01
4.390000000000226166e+00 6.527982013437184605e+01
4.410000000000225739e+00 6.452758202041947300e+01
4.430000000000225313e+00 6.425804407482169722e+01
4.450000000000224887e+00 6.439002869517486261e+01
4.470000000000224460e+00 6.317786870510856545e+01
4.490000000000224034e+00 6.229150630936911881e+01
4.510000000000223608e+00 6.216606619389155952e+01
4.530000000000223181e+00 6.208019375304533582e+01
4.550000000000222755e+00 6.145852796170817101e+01
4.570000000000222329e+00 6.155055246877773811e+01
4.590000000000221902e+00 6.110684600353194185e+01
4.610000000000221476e+00 6.023662249108112121e+01
4.630000000000221050e+00 5.992177225454514655e+01
4.650000000000220624e+00 5.969953985771559957e+01
4.670000000000220197e+00 5.961122341899954336e+01
4.690000000000219771e+00 5.913256394568589513e+01
4.710000000000219345e+00 5.885287389408078695e+01
4.730000000000218918e+00 5.791119525752912267e+01
4.750000000000218492e+00 5.795696075500134725e+01
4.770000000000218066e+00 5.733945334399517435e+01
4.790000000000217639e+00 5.744275249948856299e+01
4.810000000000217213e+00 5.702929393841331063e+01
4.830000000000216787e+00 5.730091369489836950e+01
4.850000000000216360e+00 5.653656665693738859e+01
4.870000000000215934e+00 5.668137454494227256e+01
4.890000000000215508e+00 5.640802196076209185e+01
4.910000000000215081e+00 5.586186207555064698e+01
4.930000000000214655e+00 5.578390083883563477e+01
4.950000000000214229e+00 5.589778024930101452e+01
4.970000000000213802e+00 5.548877983127303537e+01
4.990000000000213376e+00 5.565975457832957574e+01
5.010000000000212950e+00 5.509262957127791083e+01
5.030000000000212523e+00 5.513324894189318570e+01
5.050000000000212097e+00 5.521398338059817235e+01
5.070000000000211671e+00 5.521564519266215143e+01
5.090000000000211244e+00 5.482580694013093847e+01
5.110000000000210818e+00 5.486202970195638073e+01
5.130000000000210392e+00 5.497659016105878749e+01
5.150000000000209965e+00 5.477129431690023154e+01
5.170000000000209539e+00 5.501411597550044519e+01
5.190000000000209113e+00 5.487343047829221376e+01
5.210000000000208686e+00 5.464733720919643645e+01
5.230000000000208260e+00 5.471532138251175326e+01
5.250000000000207834e+00 5.482344209339016317e+01
5.270000000000207407e+00 5.463569333354701030e+01
5.290000000000206981e+00 5.470613871285964791e+01
5.310000000000206555e+00 5.486272934022195358e+01
5.330000000000206128e+00 5.482473255561627923e+01
5.350000000000205702e+00 5.489613297897113142e+01
5.370000000000205276e+00 5.505751487741527939e+01
5.390000000000204849e+00 5.482061623102650572e+01
5.410000000000204423e+00 5.523791439635734690e+01
5.430000000000203997e+00 5.529302799747422625e+01
5.450000000000203570e+00 5.511244492598401479e+01
5.470000000000203144e+00 5.552445577012505851e+01
5.490000000000202718e+00 5.545393453997339606e+01
5.510000000000202292e+00 5.585521475994272578e+01
5.530000000000201865e+00 5.587147442826516652e+01
5.550000000000201439e+00 5.578030921706327661e+01
5.570000000000201013e+00 5.601613401827911076e+01
5.590000000000200586e+00 5.605377156551519846e+01
5.610000000000200160e+00 5.634047806870338349e+01
5.630000000000199734e+00 5.636697870552814749e+01
5.650000000000199307e+00 5.627344833954287395e+01
5.670000000000198881e+00 5.672452250986951583e+01
5.690000000000198455e+00 5.721232193001281985e+01
5.710000000000198028e+00 5.691847711499963225e+01
5.730000000000197602e+00 5.708585142342293750e+01
5.750000000000197176e+00 5.728476086450321958e+01
5.770000000000196749e+00 5.781811609780780259e+01
5.790000000000196323e+00 5.744742997590396527e+01
5.810000000000195897e+00 5.807445886021393733e+01
5.830000000000195470e+00 5.808929879819584130e+01
5.850000000000195044e+00 5.865994118866739626e+01
5.870000000000194618e+00 5.846811405559276409e+01
5.890000000000194191e+00 5.829592337857675233e+01
5.910000000000193765e+00 5.946918018609877521e+01
5.930000000000193339e+00 5.939961984246566828e+01
5.950000000000192912e+00 5.915708968753635588e+01
5.970000000000192486e+00 5.977342815215686045e+01
5.990000000000192060e+00 5.989783222271226037e+01
6.010000000000191633e+00 5.997119228902980836e+01
6.030000000000191207e+00 6.022778499114340178e+01
6.050000000000190781e+00 6.037200286115006520e+01
6.070000000000190354e+00 6.140600481432564806e+01
6.090000000000189928e+00 6.111337298077197033e+01
6.110000000000189502e+00 6.127251529689081622e+01
6.130000000000189075e+00 6.162605894013435659e+01
6.150000000000188649e+00 6.164317695795860175e+01
6.170000000000188223e+00 6.214865298974398655e+01
6.190000000000187796e+00 6.237897633187204605e+01
6.210000000000187370e+00 6.232027091589745993e+01
6.230000000000186944e+00 6.262959109887117393e+01
6.250000000000186517e+00 6.316175250263280105e+01
6.270000000000186091e+00 6.295703518370029173e+01
6.290000000000185665e+00 6.323202081314984468e+01
6.310000000000185238e+00 6.349223013897076129e+01
6.330000000000184812e+00 6.379168309470387754e+01
6.350000000000184386e+00 6.410286349270671735e+01
6.370000000000183960e+00 6.386580631149173115e+01
6.390000000000183533e+00 6.454908909833964969e+01
6.410000000000183107e+00 6.472851919841815516e+01
6.430000000000182681e+00 6.467950602079243083e+01
6.450000000000182254e+00 6.528173359271295340e+01
6.470000000000181828e+00 6.517060514743997146e+01
6.490000000000181402e+00 6.533214159192652914e+01
6.510000000000180975e+00 6.571112470241354231e+01
6.530000000000180549e+00 6.602130782202897308e+01
6.550000000000180123e+00 6.616521472065711862e+01
6.570000000000179696e+00 6.640938003547891810e+01
6.590000000000179270e+00 6.647535122103882088e+01
6.610000000000178844e+00 6.656446249840684004e+01
6.630000000000178417e+00 6.718296634902962694e+01
6.650000000000177991e+00 6.705383340301820283e+01
6.670000000000177565e+00 6.765353861156380333e+01
6.690000000000177138e+00 6.757654256265976755e+01
6.710000000000176712e+00 6.769060146383307597e+01
6.730000000000176286e+00 6.777585646021887555e+01
6.750000000000175859e+00 6.798079973296889023e+01
6.770000000000175433e+00 6.812243670834861575e+01
6.790000000000175007e+00 6.812150993588430481e+01
6.810000000000174580e+00 6.831693257313754941e+01
6.830000000000174154e+00 6.870121119253258257e+01
6.850000000000173728e+00 6.851593492587254275e+01
6.870000000000173301e+00 6.864761278121817156e+01
6.890000000000172875e+00 6.891734236118422530e+01
6.910000000000172449e+00 6.907464953985527245e+01
6.930000000000172022e+00 6.917206003536094272e+01
6.950000000000171596e+00 6.943746191836137882e+01
6.970000000000171170e+00 6.905858697741007290e+01
6.990000000000170743e+00 6.990160055342477108e+01
7.010000000000170317e+00 7.000401319346120488e+01
7.030000000000169891e+00 6.982526522465433061e+01
7.050000000000169464e+00 6.981730985841768700e+01
7.070000000000169038e+00 7.011980479640695307e+01
7.090000000000168612e+00 7.047679463918359488e+01
7.110000000000168185e+00 7.022395130298582444e+01
7.130000000000167759e+00 7.032871769074350254e+01
7.150000000000167333e+00 7.026042052390788228e+01
7.170000000000166906e+00 7.087535830398944370e+01
7.190000000000166480e+00 7.035956521010272979e+01
7.210000000000166054e+00 7.071359272024064069e+01
7.230000000000165628e+00 7.041963724674535285e+01
7.250000000000165201e+00 7.092320757759877381e+01
7.270000000000164775e+00 7.088303251553878681e+01
7.290000000000164349e+00 7.074511849743552716e+01
7.310000000000163922e+00 7.066817568815842776e+01
7.330000000000163496e+00 7.070022135588405376e+01
7.350000000000163070e+00 7.119559601028156237e+01
7.370000000000162643e+00 7.088326228369804483e+01
7.390000000000162217e+00 7.102509370498533769e+01
7.410000000000161791e+00 7.136248212014125158e+01
7.430000000000161364e+00 7.132061200116733346e+01
7.450000000000160938e+00 7.127416258161107976e+01
7.470000000000160512e+00 7.125677859046484741e+01
7.490000000000160085e+00 7.151856234192307227e+01
7.510000000000159659e+00 7.119653093774685715e+01
7.530000000000159233e+00 7.142745491697689886e+01
7.550000000000158806e+00 7.154225984173790209e+01
7.570000000000158380e+00 7.105943705638678409e+01
7.590000000000157954e+00 7.133051453431353650e+01
7.610000000000157527e+00 7.149174050286268312e+01
7.630000000000157101e+00 7.111526083685092203e+01
7.650000000000156675e+00 7.124567842975903886e+01
7.670000000000156248e+00 7.139107350362270665e+01
7.690000000000155822e+00 7.168321035663090868e+01
7.710000000000155396e+00 7.157784244237180360e+01
7.730000000000154969e+00 7.154504222396961666e+01
7.750000000000154543e+00 7.114903227252300155e+01
7.770000000000154117e+00 7.179654637036877318e+01
7.790000000000153690e+00 7.137965928814679728e+01
7.810000000000153264e+00 7.168166665677401284e+01
7.830000000000152838e+00 7.126199056280084676e+01
7.850000000000152411e+00 7.148987426623962449e+01
7.870000000000151985e+00 7.160797406163484879e+01
7.890000000000151559e+00 7.146911611707372458e+01
7.910000000000151132e+00 7.168778414175123714e+01
7.930000000000150706e+00 7.158244659810226551e+01
7.950000000000150280e+00 7.162697907309170375e+01
7.970000000000149853e+00 7.161619747291254612e+01
7.990000000000149427e+00 7.160960675545153720e+01
8.010000000000149001e+00 7.129749469862996136e+01
8.030000000000148574e+00 7.149614566712806152e+01
8.050000000000148148e+00 7.138955748286032588e+01
8.070000000000147722e+00 7.151729366105634256e+01
8.090000000000147296e+00 7.158971922123943443e+01
8.110000000000146869e+00 7.144166763687380239e+01
8.130000000000146443e+00 7.179904417629748536e+01
8.150000000000146017e+00 7.168622994079875355e+01
8.170000000000145590e+00 7.152765867791602261e+01
8.190000000000145164e+00 7.161931089175463683e+01
8.210000000000144738e+00 7.181999336323299588e+01
8.230000000000144311e+00 7.176977114000895597e+01
8.250000000000143885e+00 7.188056245059314620e+01
8.270000000000143459e+00 7.170069639926610705e+01
8.290000000000143032e+00 7.177619291901872600e+01
8.310000000000142606e+00 7.160124045644226953e+01
8.330000000000142180e+00 7.171173487206145580e+01
8.350000000000141753e+00 7.164134769688742210e+01
8.370000000000141327e+00 7.167593940095696325e+01
8.390000000000140901e+00 7.176756766850019176e+01
8.410000000000140474e+00 7.178962987013703412e+01
8.430000000000140048e+00 7.163443265688327699e+01
8.450000000000139622e+00 7.213111539312252773e+01
8.470000000000139195e+00 7.186986292566420786e+01
8.490000000000138769e+00 7.220609724261259998e+01
8.510000000000138343e+00 7.198691225613035272e+01
8.530000000000137916e+00 7.202925051980966487e+01
8.550000000000137490e+00 7.211131686739287261e+01
8.570000000000137064e+00 7.215363037255771417e+01
8.590000000000136637e+00 7.200377750897695250e+01
8.610000000000136211e+00 7.234085629095181957e+01
8.630000000000135785e+00 7.227433753069696820e+01
8.650000000000135358e+00 7.230901934627046046e+01
8.670000000000134932e+00 7.212503266838892557e+01
8.690000000000134506e+00 7.243592096400038827e+01
8.710000000000134079e+00 7.242039411741325239e+01
8.730000000000133653e+00 7.240829177154979845e+01
8.750000000000133227e+00 7.232833590769325838e+01
8.770000000000132800e+00 7.266253071290719845e+01
8.790000000000132374e+00 7.248742305668207564e+01
8.810000000000131948e+00 7.267080168413362173e+01
8.830000000000131521e+00 7.282523163329516080e+01
8.850000000000131095e+00 7.281362084018492453e+01
8.870000000000130669e+00 7.274103988550605493e+01
8.890000000000130242e+00 7.299514970741061859e+01
8.910000000000129816e+00 7.286477739668558229e+01
8.930000000000129390e+00 7.308468293854322440e+01
8.950000000000128964e+00 7.310090983980887813e+01
8.970000000000128537e+00 7.320715294831074971e+01
8.990000000000128111e+00 7.299351100889629151e+01
9.010000000000127685e+00 7.343879896257119810e+01
9.030000000000127258e+00 7.322128216601281281e+01
9.050000000000126832e+00 7.340404437549079830e+01
9.070000000000126406e+00 7.352821779061801521e+01
9.090000000000125979e+00 7.352414323278448194e+01
9.110000000000125553e+00 7.355414815511234394e+01
9.130000000000125127e+00 7.363029520944705553e+01
9.150000000000124700e+00 7.341458269932880398e+01
9.170000000000124274e+00 7.379865353255705429e+01
9.190000000000123848e+00 7.388715742529214481e+01
9.210000000000123421e+00 7.388061159115781606e+01
9.230000000000122995e+00 7.405631393479438884e+01
9.250000000000122569e+00 7.394294014729129572e+01
9.270000000000122142e+00 7.404891276593512828e+01
9.290000000000121716e+00 7.422250855040820738e+01
9.310000000000121290e+00 7.392582427584206073e+01
9.330000000000120863e+00 7.430742695528790875e+01
9.350000000000120437e+00 7.422436740635562558e+01
9.370000000000120011e+00 7.431875238384832016e+01
9.390000000000119584e+00 7.442811329787109287e+01
9.410000000000119158e+00 7.443313828206719052e+01
9.430000000000118732e+00 7.469708147268563891e+01
9.450000000000118305e+00 7.439920386889752990e+01
9.470000000000117879e+00 7.468289722362834482e+01
9.490000000000117453e+00 7.450960642440581694e+01
9.510000000000117026e+00 7.436354058001019496e+01
9.530000000000116600e+00 7.483884586317797982e+01
9.550000000000116174e+00 7.459379384008292391e+01
9.570000000000115747e+00 7.477416055246445126e+01
9.590000000000115321e+00 7.469003610785090075e+01
9.610000000000114895e+00 7.479881013537500678e+01
9.630000000000114468e+00 7.484260911623047718e+01
9.650000000000114042e+00 7.488958663166857832e+01
9.670000000000113616e+00 7.482798273394314492e+01
9.690000000000113189e+00 7.482690047782647014e+01
9.710000000000112763e+00 7.470597315792353754e+01
9.730000000000112337e+00 7.505189857624242222e+01
9.750000000000111910e+00 7.469685245273463181e+01
9.770000000000111484e+00 7.471699006647033059e+01
9.790000000000111058e+00 7.503075941790642389e+01
9.810000000000110632e+00 7.487010454283692695e+01
9.830000000000110205e+00 7.454765921727641853e+01
9.850000000000109779e+00 7.472697434649546722e+01
9.870000000000109353e+00 7.479905881853457572e+01
9.890000000000108926e+00 7.501625103277027051e+01
9.910000000000108500e+00 7.473916256693044602e+01
9.930000000000108074e+00 7.435355299742775514e+01
9.950000000000107647e+00 7.466583355190026339e+01
9.970000000000107221e+00 7.460784256031818984e+01
9.990000000000106795e+00 7.474623683008063324e+01
1.001000000000010637e+01 7.440505100895994417e+01
1.003000000000010594e+01 7.432423471778538726e+01
1.005000000000010552e+01 7.429289505333215970e+01
1.007000000000010509e+01 7.424001175282580789e+01
1.009000000000010466e+01 7.440351697129483455e+01
1.011000000000010424e+01 7.402150981588557954e+01
1.013000000000010381e+01 7.432473553426962098e+01
1.015000000000010338e+01 7.375011891557184640e+01
1.017000000000010296e+01 7.391570307857040234e+01
1.019000000000010253e+01 7.397851907311019204e+01
1.021000000000010210e+01 7.368876364083617148e+01
1.023000000000010168e+01 7.348512350249141889e+01
1.025000000000010125e+01 7.342791256240353448e+01
1.027000000000010083e+01 7.338738329987985765e+01
1.029000000000010040e+01 7.341543207490722978e+01
1.031000000000009997e+01 7.321303439918521860e+01
1.033000000000009955e+01 7.298896675344926166e+01
1.035000000000009912e+01 7.311018936651996114e+01
1.037000000000009869e+01 7.280210763842235622e+01
1.039000000000009827e+01 7.294739908336417500e+01
1.041000000000009784e+01 7.253882650513772035e+01
1.043000000000009742e+01 7.224233029311905341e+01
1.045000000000009699e+01 7.255778788448174055e+01
1.047000000000009656e+01 7.219891048243624709e+01
1.049000000000009614e+01 7.194713573666165018e+01
1.051000000000009571e+01 7.191473647844749451e+01
1.053000000000009528e+01 7.197063597650948452e+01
1.055000000000009486e+01 7.178720006278665267e+01
1.057000000000009443e+01 7.154160178037244577e+01
1.059000000000009400e+01 7.141716842466500736e+01
1.061000000000009358e+01 7.119972691434118417e+01
1.063000000000009315e+01 7.123251661343310559e+01
1.065000000000009273e+01 7.100538118275109412e+01
1.067000000000009230e+01 7.080277926817029766e+01
1.069000000000009187e+01 7.066092051586689138e+01
1.071000000000009145e+01 7.060138689208766039e+01
1.073000000000009102e+01 7.066966132832953917e+01
1.075000000000009059e+01 7.017315961566542626e+01
1.077000000000009017e+01 7.020222459474568666e+01
1.079000000000008974e+01 7.005147028399220233e+01
1.081000000000008932e+01 7.006164967064746918e+01
1.083000000000008889e+01 6.982868202519775025e+01
1.085000000000008846e+01 6.967406542229861088e+01
1.087000000000008804e+01 6.956338558098391900e+01
1.089000000000008761e+01 6.940403485026382668e+01
1.091000000000008718e+01 6.943936531577229232e+01
1.093000000000008676e+01 6.903455711972615916e+01
1.095000000000008633e+01 6.909568280967160092e+01
1.097000000000008590e+01 6.908165151854475994e+01
1.099000000000008548e+01 6.876744441951589693e+01
1.101000000000008505e+01 6.885883172364360405e+01
1.103000000000008463e+01 6.861580206969928497e+01
1.105000000000008420e+01 6.867214051303473354e+01
1.107000000000008377e+01 6.821891085138783239e+01
1.109000000000008335e+01 6.844839753811841376e+01
1.111000000000008292e+01 6.825057081812158799e+01
1.113000000000008249e+01 6.811732767369713315e+01
1.115000000000008207e+01 6.817009588574802592e+01
1.117000000000008164e+01 6.809982424890596064e+01
1.119000000000008122e+01 6.790819914432911730e+01
1.121000000000008079e+01 6.787194999202075962e+01
1.123000000000008036e+01 6.799356231879070833e+01
1.125000000000007994e+01 6.758094824177892690e+01
1.127000000000007951e+01 6.767990692784367468e+01
1.129000000000007908e+01 6.772899771496453525e+01
1.131000000000007866e+01 6.746068846544508801e+01
1.133000000000007823e+01 6.762433798091591086e+01
1.135000000000007780e+01 6.730325519545732504e+01
1.137000000000007738e+01 6.745172551044456100e+01
1.139000000000007695e+01 6.734421561100884901e+01
1.141000000000007653e+01 6.750782135441363607e+01
1.143000000000007610e+01 6.739950474852152240e+01
1.145000000000007567e+01 6.713404347406151373e+01
1.147000000000007525e+01 6.707013639945924410e+01
1.149000000000007482e+01 6.741186755816372056e+01
1.151000000000007439e+01 6.721653074927743887e+01
1.153000000000007397e+01 6.714838339367356923e+01
1.155000000000007354e+01 6.703339795415422486e+01
1.157000000000007311e+01 6.712210348194675191e+01
1.159000000000007269e+01 6.708658998403696216e+01
1.161000000000007226e+01 6.730753917255235308e+01
1.163000000000007184e+01 6.686581961477938307e+01
1.165000000000007141e+01 6.711532976979682985e+01
1.167000000000007098e+01 6.711352160739507156e+01
1.169000000000007056e+01 6.693223145167711152e+01
1.171000000000007013e+01 6.712487682821031854e+01
1.173000000000006970e+01 6.676567636038930686e+01
1.175000000000006928e+01 6.701927545795498986e+01
1.177000000000006885e+01 6.712299447830807253e+01
1.179000000000006843e+01 6.682621804605564364e+01
1.181000000000006800e+01 6.707365264563041762e+01
1.183000000000006757e+01 6.695638029908354838e+01
1.185000000000006715e+01 6.663923943431012731e+01
1.187000000000006672e+01 6.679103808492392602e+01
1.189000000000006629e+01 6.705614271213526933e+01
1.191000000000006587e+01 6.694669677114112005e+01
1.193000000000006544e+01 6.671872818506658120e+01
1.195000000000006501e+01 6.667138963593644974e+01
1.197000000000006459e+01 6.664858407074143543e+01
1.199000000000006416e+01 6.663703933546277369e+01
1.201000000000006374e+01 6.690670093165549304e+01
1.203000000000006331e+01 6.645715325420061959e+01
1.205000000000006288e+01 6.657471135218511904e+01
1.207000000000006246e+01 6.659050305542585591e+01
1.209000000000006203e+01 6.629352552242067986e+01
1.211000000000006160e+01 6.622251947898178059e+01
1.213000000000006118e+01 6.651361385370371693e+01
1.215000000000006075e+01 6.601633747475503355e+01
1.217000000000006033e+01 6.606711608471439945e+01
1.219000000000005990e+01 6.610180302009793252e+01
1.221000000000005947e+01 6.624825694120772823e+01
1.223000000000005905e+01 6.565098990309789428e+01
1.225000000000005862e+01 6.567953913575306046e+01
1.227000000000005819e+01 6.555778448639934197e+01
1.229000000000005777e+01 6.557952332961664865e+01
1.231000000000005734e+01 6.574626755772916908e+01
1.233000000000005691e+01 6.521736282060240342e+01
1.235000000000005649e+01 6.502500856735180434e+01
1.237000000000005606e+01 6.519799730146530692e+01
1.239000000000005564e+01 6.474453541517101485e+01
1.241000000000005521e+01 6.484622073363358652e+01
1.243000000000005478e+01 6.456452615707497955e+01
1.245000000000005436e+01 6.449370901696683234e+01
1.247000000000005393e+01 6.433561436461984329e+01
1.249000000000005350e+01 6.415116976720123887e+01
1.251000000000005308e+01 6.384485316668867938e+01
1.253000000000005265e+01 6.369148621599623539e+01
1.255000000000005222e+01 6.359718538498807305e+01
1.257000000000005180e+01 6.325284873469407643e+01
1.259000000000005137e+01 6.323511869641711058e+01
1.261000000000005095e+01 6.329677777007491102e+01
1.263000000000005052e+01 6.271536385987107565e+01
1.265000000000005009e+01 6.243852527168760957e+01
1.267000000000004967e+01 6.235974284396465350e+01
1.269000000000004924e+01 6.203807841831942937e+01
1.271000000000004881e+01 6.200826725011909701e+01
1.273000000000004839e+01 6.192080965567951978e+01
1.275000000000004796e+01 6.114429478611451430e+01
1.277000000000004754e+01 6.103771720892611796e+01
1.279000000000004711e+01 6.107983980948994684e+01
1.281000000000004668e+01 6.070699698502876629e+01
1.283000000000004626e+01 6.043764255873154667e+01
1.285000000000004583e+01 5.988148175480252178e+01
1.287000000000004540e+01 5.967589584152375437e+01
1.289000000000004498e+01 5.972734990839499147e+01
1.291000000000004455e+01 5.897329547051722898e+01
1.293000000000004412e+01 5.905198577763526657e+01
1.295000000000004370e+01 5.858033563318961967e+01
1.297000000000004327e+01 5.837516913679574770e+01
1.299000000000004285e+01 5.806290421778026456e+01
1.301000000000004242e+01 5.756042286527549123e+01
1.303000000000004199e+01 5.719610421758482488e+01
1.305000000000004157e+01 5.676969091165817360e+01
1.307000000000004114e+01 5.673823368021416513e+01
1.309000000000004071e+01 5.638159934597529599e+01
1.311000000000004029e+01 5.610894623077267340e+01
1.313000000000003986e+01 5.548987757449975078e+01
1.315000000000003944e+01 5.502796173179420691e+01
1.317000000000003901e+01 5.487620730524663770e+01
1.319000000000003858e+01 5.438968094794219610e+01
1.321000000000003816e+01 5.379258241594070711e+01
1.323000000000003773e+01 5.365155497047785360e+01
1.325000000000003730e+01 5.306732538466183513e+01
1.327000000000003688e+01 5.249727272341208817e+01
1.329000000000003645e+01 5.213199097555131090e+01
1.331000000000003602e+01 5.161475629155566480e+01
1.333000000000003560e+01 5.125281976617176127e+01
1.335000000000003517e+01 5.074105927787770298e+01
1.337000000000003475e+01 5.001653627439383598e+01
1.339000000000003432e+01 4.941094384134576245e+01
1.341000000000003389e+01 4.879606405654953249e+01
1.343000000000003347e+01 4.825364363408966994e+01
1.345000000000003304e+01 4.773141084550807989e+01
1.347000000000003261e+01 4.702698777100686556e+01
1.349000000000003219e+01 4.633721459732188208e+01
1.351000000000003176e+01 4.554644362102639832e+01
1.353000000000003133e+01 4.479715668688444197e+01
1.355000000000003091e+01 4.413774886038843448e+01
1.357000000000003048e+01 4.304447258574175095e+01
1.359000000000003006e+01 4.234009078938306914e+01
1.361000000000002963e+01 4.149342959150814636e+01
1.363000000000002920e+01 4.028047846001719279e+01
1.365000000000002878e+01 3.936128605875005348e+01
1.367000000000002835e+01 3.842223970382673315e+01
1.369000000000002792e+01 3.775499076930788789e+01
1.371000000000002750e+01 3.670075539978011392e+01
1.373000000000002707e+01 3.588614411660905290e+01
1.375000000000002665e+01 3.487629566142899051e+01
1.377000000000002622e+01 3.381260223258372832e+01
1.379000000000002579e+01 3.270040392707317523e+01
1.381000000000002537e+01 3.182510124037394661e+01
1.383000000000002494e+01 3.087695647479925398e+01
1.385000000000002451e+01 2.953381047374309887e+01
1.387000000000002409e+01 2.849448184810321649e+01
1.389000000000002366e+01 2.731974055000924650e+01
1.391000000000002323e+01 2.612449619690224978e+01
1.393000000000002281e+01 2.484386940214363904e+01
1.395000000000002238e+01 2.362367914185382034e+01
1.397000000000002196e+01 2.229122864129336179e+01
1.399000000000002153e+01 2.107956437096029134e+01
1.401000000000002110e+01 1.951169340334552160e+01
1.403000000000002068e+01 1.841035702767444704e+01
1.405000000000002025e+01 1.701048696129486615e+01
1.407000000000001982e+01 1.579252360491510565e+01
1.409000000000001940e+01 1.412956301564221562e+01
1.411000000000001897e+01 1.289523988347829686e+01
1.413000000000001855e+01 1.150710150546930421e+01
1.415000000000001812e+01 9.934128045965492149e+00
1.417000000000001769e+01 8.695765188762381470e+00
1.419000000000001727e+01 7.520251180396757107e+00
1.421000000000001684e+01 6.343643102746497675e+00
1.423000000000001641e+01 5.230284556840905985e+00
1.425000000000001599e+01 4.054587330118377686e+00
1.427000000000001556e+01 3.064209909232448403e+00
1.429000000000001513e+01 2.260560903970318058e+00
1.431000000000001471e+01 1.650550296207302425e+00
1.433000000000001428e+01 1.204926832515701207e+00
1.435000000000001386e+01 8.885017250231771468e-01
1.437000000000001343e+01 6.347098377479947207e-01
1.439000000000001300e+01 4.714323707452655610e-01
1.441000000000001258e+01 3.033329083909407364e-01
1.443000000000001215e+01 1.799042563013161511e-01
1.445000000000001172e+01 1.048731055674459595e-01
1.447000000000001130e+01 3.246849957215517529e-02
1.449000000000001087e+01 1.092221494169809924e-02
1.451000000000001044e+01 2.832849735163886495e-03
1.453000000000001002e+01 2.796110002731469653e-03
1.455000000000000959e+01 2.783641123596779406e-03
1.457000000000000917e+01 2.771300485784947837e-03
1.459000000000000874e+01 2.759030405138260603e-03
1.461000000000000831e+01 2.746804856909730065e-03
1.463000000000000789e+01 2.898296568148800181e-08
1.465000000000000746e+01 0.000000000000000000e+00
1.467000000000000703e+01 0.000000000000000000e+00
1.469000000000000661e+01 0.000000000000000000e+00
1.471000000000000618e+01 0.000000000000000000e+00
1.473000000000000576e+01 0.000000000000000000e+00
1.475000000000000533e+01 0.000000000000000000e+00
1.477000000000000490e+01 0.000000000000000000e+00
1.479000000000000448e+01 0.000000000000000000e+00
1.481000000000000405e+01 0.000000000000000000e+00
1.483000000000000362e+01 0.000000000000000000e+00
1.485000000000000320e+01 0.000000000000000000e+00
1.487000000000000277e+01 0.000000000000000000e+00
1.489000000000000234e+01 0.000000000000000000e+00
1.491000000000000192e+01 0.000000000000000000e+00
1.493000000000000149e+01 0.000000000000000000e+00
1.495000000000000107e+01 0.000000000000000000e+00
1.497000000000000064e+01 0.000000000000000000e+00
1.499000000000000021e+01 0.000000000000000000e+00
