# Redshift		Merger Rate Density [Gpc^-3yr^-1]
1.000000000031931770e-02 2.195900448159976293e+01
3.000000000031888964e-02 2.293463065206553964e+01
5.000000000031846331e-02 2.408114206126114709e+01
7.000000000031804392e-02 2.507334103400828695e+01
9.000000000031761760e-02 2.632927353563016126e+01
1.100000000003171913e-01 2.743396483851130441e+01
1.300000000003167511e-01 2.868929703554854527e+01
1.500000000003163247e-01 2.985821240786013320e+01
1.700000000003158984e-01 3.120559921348209897e+01
1.900000000003154721e-01 3.239392589953586565e+01
2.100000000003150458e-01 3.383256241398847664e+01
2.300000000003146194e-01 3.518373477439991603e+01
2.500000000003141931e-01 3.648232487685722703e+01
2.700000000003137668e-01 3.796975054265214311e+01
2.900000000003133405e-01 3.931783778747919200e+01
3.100000000003129141e-01 4.069933667726741788e+01
3.300000000003124878e-01 4.213447455865176039e+01
3.500000000003120615e-01 4.352548084884715962e+01
3.700000000003116352e-01 4.513756948732709873e+01
3.900000000003112088e-01 4.674426186387841398e+01
4.100000000003107825e-01 4.818218982866905264e+01
4.300000000003103562e-01 4.993823644361656022e+01
4.500000000003099299e-01 5.133223492563744372e+01
4.700000000003095035e-01 5.300326846496940192e+01
4.900000000003090772e-01 5.472926513338040166e+01
5.100000000003086509e-01 5.622620748897359277e+01
5.300000000003082246e-01 5.813465736853328991e+01
5.500000000003077982e-01 5.988117458918676306e+01
5.700000000003073719e-01 6.155517140854505698e+01
5.900000000003069456e-01 6.320661099010010275e+01
6.100000000003065193e-01 6.498674874590328443e+01
6.300000000003060929e-01 6.701046249436133451e+01
6.500000000003056666e-01 6.890239753258343569e+01
6.700000000003052403e-01 7.068953117715736312e+01
6.900000000003048140e-01 7.256651802647044747e+01
7.100000000003043876e-01 7.442135384028077283e+01
7.300000000003039613e-01 7.632513022268591385e+01
7.500000000003035350e-01 7.876424696661668179e+01
7.700000000003031086e-01 8.021758985310923151e+01
7.900000000003026823e-01 8.237848243511729152e+01
8.100000000003022560e-01 8.452992872189091145e+01
8.300000000003018297e-01 8.610457043682475842e+01
8.500000000003014033e-01 8.827444700889226681e+01
8.700000000003009770e-01 9.008849551878441275e+01
8.900000000003005507e-01 9.194931089843692007e+01
9.100000000003001244e-01 9.406881751488583632e+01
9.300000000002996980e-01 9.600063251605799053e+01
9.500000000002992717e-01 9.796818731301088690e+01
9.700000000002988454e-01 9.989838831322441592e+01
9.900000000002984191e-01 1.021796889865219669e+02
1.010000000000297993e+00 1.037877543151722790e+02
1.030000000000297566e+00 1.059190194142918102e+02
1.050000000000297140e+00 1.081007518703888621e+02
1.070000000000296714e+00 1.098881833301125113e+02
1.090000000000296287e+00 1.121346548821669273e+02
1.110000000000295861e+00 1.136594188692489666e+02
1.130000000000295435e+00 1.157891367442951065e+02
1.150000000000295008e+00 1.179044565599997725e+02
1.170000000000294582e+00 1.191428097609711898e+02
1.190000000000294156e+00 1.212288818549138512e+02
1.210000000000293729e+00 1.241884856654907168e+02
1.230000000000293303e+00 1.251953302758222861e+02
1.250000000000292877e+00 1.269640860336049144e+02
1.270000000000292451e+00 1.284304160788659033e+02
1.290000000000292024e+00 1.301407565898652194e+02
1.310000000000291598e+00 1.318616096162600400e+02
1.330000000000291172e+00 1.339754253786228730e+02
1.350000000000290745e+00 1.348416638628266924e+02
1.370000000000290319e+00 1.365906148772131985e+02
1.390000000000289893e+00 1.383011640511098506e+02
1.410000000000289466e+00 1.403425985064263557e+02
1.430000000000289040e+00 1.404354379808372926e+02
1.450000000000288614e+00 1.424053623851988561e+02
1.470000000000288187e+00 1.441446256355851006e+02
1.490000000000287761e+00 1.447455929141457318e+02
1.510000000000287335e+00 1.462103858718062668e+02
1.530000000000286908e+00 1.475082168321054610e+02
1.550000000000286482e+00 1.479670571837505122e+02
1.570000000000286056e+00 1.488500886010211843e+02
1.590000000000285629e+00 1.499725401674675140e+02
1.610000000000285203e+00 1.507762132099318535e+02
1.630000000000284777e+00 1.514953536766614093e+02
1.650000000000284350e+00 1.518881605021471159e+02
1.670000000000283924e+00 1.529895508334641363e+02
1.690000000000283498e+00 1.534450807329183988e+02
1.710000000000283071e+00 1.535184208858740931e+02
1.730000000000282645e+00 1.544114773941654448e+02
1.750000000000282219e+00 1.543486568125825329e+02
1.770000000000281792e+00 1.558095926950445289e+02
1.790000000000281366e+00 1.556988948920387941e+02
1.810000000000280940e+00 1.561047471948042755e+02
1.830000000000280513e+00 1.554013329745255589e+02
1.850000000000280087e+00 1.545181066415956366e+02
1.870000000000279661e+00 1.564129003206994355e+02
1.890000000000279234e+00 1.561430150556540184e+02
1.910000000000278808e+00 1.552981504838903675e+02
1.930000000000278382e+00 1.532332868339045433e+02
1.950000000000277955e+00 1.529711948554432297e+02
1.970000000000277529e+00 1.530047959045726600e+02
1.990000000000277103e+00 1.523934218213203451e+02
2.010000000000276899e+00 1.512016376856699367e+02
2.030000000000276472e+00 1.503867334162573854e+02
2.050000000000276046e+00 1.498372441144215657e+02
2.070000000000275620e+00 1.484034672796021539e+02
2.090000000000275193e+00 1.480485669208077013e+02
2.110000000000274767e+00 1.474533883008415671e+02
2.130000000000274341e+00 1.446057074133467211e+02
2.150000000000273914e+00 1.439347459840534782e+02
2.170000000000273488e+00 1.436286470071364931e+02
2.190000000000273062e+00 1.423619881399628184e+02
2.210000000000272635e+00 1.408955855015757948e+02
2.230000000000272209e+00 1.398185320427536453e+02
2.250000000000271783e+00 1.380794932760611289e+02
2.270000000000271356e+00 1.371244129775499800e+02
2.290000000000270930e+00 1.366901676451683443e+02
2.310000000000270504e+00 1.356260368650734449e+02
2.330000000000270077e+00 1.348860812901637587e+02
2.350000000000269651e+00 1.328013460304178750e+02
2.370000000000269225e+00 1.307107658107414068e+02
2.390000000000268798e+00 1.297202271236456568e+02
2.410000000000268372e+00 1.280493456400309356e+02
2.430000000000267946e+00 1.270184152526602759e+02
2.450000000000267519e+00 1.251311162236982852e+02
2.470000000000267093e+00 1.233057092417204785e+02
2.490000000000266667e+00 1.219088447692626147e+02
2.510000000000266240e+00 1.219689720219222266e+02
2.530000000000265814e+00 1.202627707125098766e+02
2.550000000000265388e+00 1.183743700447674172e+02
2.570000000000264961e+00 1.167740572513281876e+02
2.590000000000264535e+00 1.158541026040456501e+02
2.610000000000264109e+00 1.133476935306973132e+02
2.630000000000263682e+00 1.122351277533116303e+02
2.650000000000263256e+00 1.109256340156243112e+02
2.670000000000262830e+00 1.093010096275479839e+02
2.690000000000262403e+00 1.071080740821123811e+02
2.710000000000261977e+00 1.056638307803806498e+02
2.730000000000261551e+00 1.039006880534627726e+02
2.750000000000261124e+00 1.024915521493825992e+02
2.770000000000260698e+00 1.007574258545041772e+02
2.790000000000260272e+00 9.906719941992814427e+01
2.810000000000259845e+00 9.779522137929639314e+01
2.830000000000259419e+00 9.653270874260380197e+01
2.850000000000258993e+00 9.473471048060744693e+01
2.870000000000258567e+00 9.384410085005937674e+01
2.890000000000258140e+00 9.170289899684867407e+01
2.910000000000257714e+00 9.061562044178387509e+01
2.930000000000257288e+00 8.942208554346214555e+01
2.950000000000256861e+00 8.795997263373166675e+01
2.970000000000256435e+00 8.671613258355205289e+01
2.990000000000256009e+00 8.540493376957810767e+01
3.010000000000255582e+00 8.378898975141420635e+01
3.030000000000255156e+00 8.295895995049127691e+01
3.050000000000254730e+00 8.129145948055852955e+01
3.070000000000254303e+00 8.024222932025408284e+01
3.090000000000253877e+00 7.921639652913945895e+01
3.110000000000253451e+00 7.794043133225237341e+01
3.130000000000253024e+00 7.649376691345675283e+01
3.150000000000252598e+00 7.595813950445594287e+01
3.170000000000252172e+00 7.424098964597774852e+01
3.190000000000251745e+00 7.351810727046547811e+01
3.210000000000251319e+00 7.244342657064103719e+01
3.230000000000250893e+00 7.202851593737057101e+01
3.250000000000250466e+00 7.142199393512939309e+01
3.270000000000250040e+00 7.017748108533528750e+01
3.290000000000249614e+00 6.811407954198723758e+01
3.310000000000249187e+00 6.759922854517373025e+01
3.330000000000248761e+00 6.660222605606756474e+01
3.350000000000248335e+00 6.592527699632967142e+01
3.370000000000247908e+00 6.491740750328426657e+01
3.390000000000247482e+00 6.347044637741917938e+01
3.410000000000247056e+00 6.259764730801457944e+01
3.430000000000246629e+00 6.145420750418672640e+01
3.450000000000246203e+00 6.043357049281542714e+01
3.470000000000245777e+00 5.960080866724244686e+01
3.490000000000245350e+00 5.951168702022793866e+01
3.510000000000244924e+00 5.870764715129003974e+01
3.530000000000244498e+00 5.728599974525813110e+01
3.550000000000244071e+00 5.626792990609693135e+01
3.570000000000243645e+00 5.566123962322988916e+01
3.590000000000243219e+00 5.452899895331351843e+01
3.610000000000242792e+00 5.433071676381506165e+01
3.630000000000242366e+00 5.331311514123826356e+01
3.650000000000241940e+00 5.255781626842662035e+01
3.670000000000241513e+00 5.198508834340101714e+01
3.690000000000241087e+00 5.117918268055296949e+01
3.710000000000240661e+00 5.042820601330124930e+01
3.730000000000240234e+00 4.978346146962660868e+01
3.750000000000239808e+00 4.914872582548868962e+01
3.770000000000239382e+00 4.797617681744232954e+01
3.790000000000238956e+00 4.761780813434491222e+01
3.810000000000238529e+00 4.711637898249028922e+01
3.830000000000238103e+00 4.625513875117317042e+01
3.850000000000237677e+00 4.556070280650880022e+01
3.870000000000237250e+00 4.502599585433972607e+01
3.890000000000236824e+00 4.424327437021796072e+01
3.910000000000236398e+00 4.353518581206424898e+01
3.930000000000235971e+00 4.307036528780388096e+01
3.950000000000235545e+00 4.281695011893106795e+01
3.970000000000235119e+00 4.217108224307204267e+01
3.990000000000234692e+00 4.162122934997790935e+01
4.010000000000234266e+00 4.132815703931299822e+01
4.030000000000233840e+00 4.037539418417122050e+01
4.050000000000233413e+00 3.996168929568669625e+01
4.070000000000232987e+00 3.965302762401928760e+01
4.090000000000232561e+00 3.898061502199673356e+01
4.110000000000232134e+00 3.890314665467048627e+01
4.130000000000231708e+00 3.846312294774327967e+01
4.150000000000231282e+00 3.814942427843823225e+01
4.170000000000230855e+00 3.796938960449497813e+01
4.190000000000230429e+00 3.766299148184829448e+01
4.210000000000230003e+00 3.753432618273274812e+01
4.230000000000229576e+00 3.691014093974262522e+01
4.250000000000229150e+00 3.620554028680592751e+01
4.270000000000228724e+00 3.545726675342688594e+01
4.290000000000228297e+00 3.531202284500150768e+01
4.310000000000227871e+00 3.459162888697569826e+01
4.330000000000227445e+00 3.443888260978978622e+01
4.350000000000227018e+00 3.433643879129517984e+01
4.370000000000226592e+00 3.378018773160755472e+01
4.390000000000226166e+00 3.324075666452262112e+01
4.410000000000225739e+00 3.291361902185134625e+01
4.430000000000225313e+00 3.254056183849475303e+01
4.450000000000224887e+00 3.215911472700005902e+01
4.470000000000224460e+00 3.173805562147671111e+01
4.490000000000224034e+00 3.162171073111815289e+01
4.510000000000223608e+00 3.143333438676013714e+01
4.530000000000223181e+00 3.123196082759680081e+01
4.550000000000222755e+00 3.068329964834045498e+01
4.570000000000222329e+00 3.011646719193721822e+01
4.590000000000221902e+00 2.969919646374850686e+01
4.610000000000221476e+00 2.942041554170265982e+01
4.630000000000221050e+00 2.906665200602751753e+01
4.650000000000220624e+00 2.887958385401489281e+01
4.670000000000220197e+00 2.876454752262703352e+01
4.690000000000219771e+00 2.824919664612613346e+01
4.710000000000219345e+00 2.815137002780413411e+01
4.730000000000218918e+00 2.784114859690228272e+01
4.750000000000218492e+00 2.738027580294392749e+01
4.770000000000218066e+00 2.692961585962630977e+01
4.790000000000217639e+00 2.691794694201198368e+01
4.810000000000217213e+00 2.676332370470645472e+01
4.830000000000216787e+00 2.656807402554435527e+01
4.850000000000216360e+00 2.610880762167895952e+01
4.870000000000215934e+00 2.568857819093820893e+01
4.890000000000215508e+00 2.550827801922391913e+01
4.910000000000215081e+00 2.517126251640716106e+01
4.930000000000214655e+00 2.517479310459480857e+01
4.950000000000214229e+00 2.511145601157964080e+01
4.970000000000213802e+00 2.484950073334054466e+01
4.990000000000213376e+00 2.461575484410362336e+01
5.010000000000212950e+00 2.413786224682639059e+01
5.030000000000212523e+00 2.364129026666623901e+01
5.050000000000212097e+00 2.342937177247956271e+01
5.070000000000211671e+00 2.312689093293000653e+01
5.090000000000211244e+00 2.287406960446812221e+01
5.110000000000210818e+00 2.280071205040464122e+01
5.130000000000210392e+00 2.262258329387909939e+01
5.150000000000209965e+00 2.212372811210692092e+01
5.170000000000209539e+00 2.182276167440308257e+01
5.190000000000209113e+00 2.174241883950808685e+01
5.210000000000208686e+00 2.139233740463115652e+01
5.230000000000208260e+00 2.143483427880120828e+01
5.250000000000207834e+00 2.106279923216220595e+01
5.270000000000207407e+00 2.074300550451998859e+01
5.290000000000206981e+00 2.071232994972402253e+01
5.310000000000206555e+00 2.060450638987830629e+01
5.330000000000206128e+00 2.048582167245541541e+01
5.350000000000205702e+00 2.020837557450834865e+01
5.370000000000205276e+00 1.966852577562319837e+01
5.390000000000204849e+00 1.950750934905666512e+01
5.410000000000204423e+00 1.932683254405348450e+01
5.430000000000203997e+00 1.905177552902939908e+01
5.450000000000203570e+00 1.880064046463046523e+01
5.470000000000203144e+00 1.858030326987506342e+01
5.490000000000202718e+00 1.860815948595304903e+01
5.510000000000202292e+00 1.832903297356229899e+01
5.530000000000201865e+00 1.794198309065275510e+01
5.550000000000201439e+00 1.810644273637247892e+01
5.570000000000201013e+00 1.790431095928518346e+01
5.590000000000200586e+00 1.775359537213274308e+01
5.610000000000200160e+00 1.757789694688154114e+01
5.630000000000199734e+00 1.727174847320372564e+01
5.650000000000199307e+00 1.704720353542081668e+01
5.670000000000198881e+00 1.659146020742948124e+01
5.690000000000198455e+00 1.639142614078370030e+01
5.710000000000198028e+00 1.591404102814344945e+01
5.730000000000197602e+00 1.578638073688011545e+01
5.750000000000197176e+00 1.587694017551411463e+01
5.770000000000196749e+00 1.554682109790623734e+01
5.790000000000196323e+00 1.535786486281976870e+01
5.810000000000195897e+00 1.495167482141799553e+01
5.830000000000195470e+00 1.483556614557008757e+01
5.850000000000195044e+00 1.463974574418258001e+01
5.870000000000194618e+00 1.452210617406213089e+01
5.890000000000194191e+00 1.436052093391527862e+01
5.910000000000193765e+00 1.407421975418446358e+01
5.930000000000193339e+00 1.381492807709900106e+01
5.950000000000192912e+00 1.381724880796580024e+01
5.970000000000192486e+00 1.348083205150115305e+01
5.990000000000192060e+00 1.355675438219162388e+01
6.010000000000191633e+00 1.315447339282548533e+01
6.030000000000191207e+00 1.311652629793670677e+01
6.050000000000190781e+00 1.278322267135822266e+01
6.070000000000190354e+00 1.264443565451379570e+01
6.090000000000189928e+00 1.246434505332407383e+01
6.110000000000189502e+00 1.243703865934117481e+01
6.130000000000189075e+00 1.244385645182755340e+01
6.150000000000188649e+00 1.208011945270576604e+01
6.170000000000188223e+00 1.189720897384393439e+01
6.190000000000187796e+00 1.169416858499408995e+01
6.210000000000187370e+00 1.154494077195924895e+01
6.230000000000186944e+00 1.115215923182524449e+01
6.250000000000186517e+00 1.114630404300995359e+01
6.270000000000186091e+00 1.082807119642932037e+01
6.290000000000185665e+00 1.066346082663418393e+01
6.310000000000185238e+00 1.066366304327764603e+01
6.330000000000184812e+00 1.036141529078203938e+01
6.350000000000184386e+00 1.033688272483482073e+01
6.370000000000183960e+00 1.005901282870646796e+01
6.390000000000183533e+00 9.801791445698370353e+00
6.410000000000183107e+00 9.731038878890384325e+00
6.430000000000182681e+00 9.752684431791671216e+00
6.450000000000182254e+00 9.673522993564240835e+00
6.470000000000181828e+00 9.369002261053283931e+00
6.490000000000181402e+00 9.068244836029988321e+00
6.510000000000180975e+00 8.980985632898706328e+00
6.530000000000180549e+00 8.741301723098397147e+00
6.550000000000180123e+00 8.607192040945662370e+00
6.570000000000179696e+00 8.543248393299132104e+00
6.590000000000179270e+00 8.442209953809092227e+00
6.610000000000178844e+00 8.304889931441271855e+00
6.630000000000178417e+00 8.203464645788734799e+00
6.650000000000177991e+00 7.969651460545934540e+00
6.670000000000177565e+00 7.904581698316127891e+00
6.690000000000177138e+00 7.662658627096958774e+00
6.710000000000176712e+00 7.585446262153151764e+00
6.730000000000176286e+00 7.456121649083971015e+00
6.750000000000175859e+00 7.155509024636836024e+00
6.770000000000175433e+00 7.103646464711399489e+00
6.790000000000175007e+00 6.930327358904404100e+00
6.810000000000174580e+00 6.834176045305507152e+00
6.830000000000174154e+00 6.791776116010307618e+00
6.850000000000173728e+00 6.745375875854579206e+00
6.870000000000173301e+00 6.493164382382989430e+00
6.890000000000172875e+00 6.377119153053391720e+00
6.910000000000172449e+00 6.347009019104910443e+00
6.930000000000172022e+00 6.334108460339010094e+00
6.950000000000171596e+00 6.251902675974748469e+00
6.970000000000171170e+00 6.215342939257358701e+00
6.990000000000170743e+00 5.902733985527778948e+00
7.010000000000170317e+00 5.843096014246229153e+00
7.030000000000169891e+00 5.669764854149494049e+00
7.050000000000169464e+00 5.567833214050278201e+00
7.070000000000169038e+00 5.563687675811586075e+00
7.090000000000168612e+00 5.309793622795463186e+00
7.110000000000168185e+00 5.308763244939685322e+00
7.130000000000167759e+00 5.142754874495429895e+00
7.150000000000167333e+00 5.003348534325041008e+00
7.170000000000166906e+00 4.924572620470121898e+00
7.190000000000166480e+00 4.808235942883492875e+00
7.210000000000166054e+00 4.688777824925725923e+00
7.230000000000165628e+00 4.614413371775012429e+00
7.250000000000165201e+00 4.562125428700765539e+00
7.270000000000164775e+00 4.488687058629318827e+00
7.290000000000164349e+00 4.361277892962923453e+00
7.310000000000163922e+00 4.373069420453361111e+00
7.330000000000163496e+00 4.172250432687079957e+00
7.350000000000163070e+00 4.107474839860341120e+00
7.370000000000162643e+00 4.109546351142847165e+00
7.390000000000162217e+00 4.087856609031086386e+00
7.410000000000161791e+00 4.009497205137683373e+00
7.430000000000161364e+00 4.106958061408339411e+00
7.450000000000160938e+00 3.981354525415587542e+00
7.470000000000160512e+00 3.730948405072751051e+00
7.490000000000160085e+00 3.670040826002443968e+00
7.510000000000159659e+00 3.559543410746643044e+00
7.530000000000159233e+00 3.547855851071382016e+00
7.550000000000158806e+00 3.463643778886037250e+00
7.570000000000158380e+00 3.361632058192904449e+00
7.590000000000157954e+00 3.300509533015606678e+00
7.610000000000157527e+00 3.230759422924533109e+00
7.630000000000157101e+00 3.209117016765890895e+00
7.650000000000156675e+00 3.082223737066906555e+00
7.670000000000156248e+00 3.039105849028497897e+00
7.690000000000155822e+00 3.012663496136700036e+00
7.710000000000155396e+00 2.960246747916524868e+00
7.730000000000154969e+00 2.881744559327943822e+00
7.750000000000154543e+00 2.862518070598159881e+00
7.770000000000154117e+00 2.791433524999588300e+00
7.790000000000153690e+00 2.751526714290313702e+00
7.810000000000153264e+00 2.769742076382976759e+00
7.830000000000152838e+00 2.686818104062618673e+00
7.850000000000152411e+00 2.742791992841681292e+00
7.870000000000151985e+00 2.656470603749963022e+00
7.890000000000151559e+00 2.520412262444897689e+00
7.910000000000151132e+00 2.473858175163927697e+00
7.930000000000150706e+00 2.413053208893736645e+00
7.950000000000150280e+00 2.367175820389354701e+00
7.970000000000149853e+00 2.292864305523140800e+00
7.990000000000149427e+00 2.260291837032931905e+00
8.010000000000149001e+00 2.192645190283628143e+00
8.030000000000148574e+00 2.228909510859511833e+00
8.050000000000148148e+00 2.124886911007373147e+00
8.070000000000147722e+00 2.051488412530532823e+00
8.090000000000147296e+00 2.113963526229615031e+00
8.110000000000146869e+00 2.063225284814551586e+00
8.130000000000146443e+00 1.997688366354122058e+00
8.150000000000146017e+00 1.965485920014463650e+00
8.170000000000145590e+00 1.922782664204145231e+00
8.190000000000145164e+00 1.886467029542146179e+00
8.210000000000144738e+00 1.924952544195758009e+00
8.230000000000144311e+00 1.879285843813005341e+00
8.250000000000143885e+00 1.870200245257534588e+00
8.270000000000143459e+00 1.838361878464253474e+00
8.290000000000143032e+00 1.743202571158664060e+00
8.310000000000142606e+00 1.704797452723169959e+00
8.330000000000142180e+00 1.644316385380446999e+00
8.350000000000141753e+00 1.606581008922552067e+00
8.370000000000141327e+00 1.608332735508408939e+00
8.390000000000140901e+00 1.580905290897030024e+00
8.410000000000140474e+00 1.565602899327095177e+00
8.430000000000140048e+00 1.510544888541629716e+00
8.450000000000139622e+00 1.515420227761522520e+00
8.470000000000139195e+00 1.445228361635697789e+00
8.490000000000138769e+00 1.477152871846045823e+00
8.510000000000138343e+00 1.432789573613707512e+00
8.530000000000137916e+00 1.380942016258513982e+00
8.550000000000137490e+00 1.353148324180742712e+00
8.570000000000137064e+00 1.324438098372773265e+00
8.590000000000136637e+00 1.345254315917925991e+00
8.610000000000136211e+00 1.348553097031058412e+00
8.630000000000135785e+00 1.298430939413937057e+00
8.650000000000135358e+00 1.240284594184656974e+00
8.670000000000134932e+00 1.251771162278828342e+00
8.690000000000134506e+00 1.214240238946573847e+00
8.710000000000134079e+00 1.172747103321765572e+00
8.730000000000133653e+00 1.143825120621089653e+00
8.750000000000133227e+00 1.145562122034998298e+00
8.770000000000132800e+00 1.127991688724793384e+00
8.790000000000132374e+00 1.088841428879173456e+00
8.810000000000131948e+00 1.101544286946489981e+00
8.830000000000131521e+00 1.055058982367785392e+00
8.850000000000131095e+00 1.024542991970875505e+00
8.870000000000130669e+00 1.023829090439563938e+00
8.890000000000130242e+00 1.002774905349749224e+00
8.910000000000129816e+00 9.690710952920855714e-01
8.930000000000129390e+00 9.947006482388639492e-01
8.950000000000128964e+00 9.758760414729285015e-01
8.970000000000128537e+00 9.823086068118870307e-01
8.990000000000128111e+00 9.292784045353270628e-01
9.010000000000127685e+00 8.966022038964633900e-01
9.030000000000127258e+00 8.841885362207089205e-01
9.050000000000126832e+00 8.555168995154004419e-01
9.070000000000126406e+00 8.456229086537618844e-01
9.090000000000125979e+00 8.216362035236266514e-01
9.110000000000125553e+00 8.042171067734573686e-01
9.130000000000125127e+00 7.881081365195621302e-01
9.150000000000124700e+00 7.754526492937728888e-01
9.170000000000124274e+00 7.894150280031128064e-01
9.190000000000123848e+00 7.617164463492283044e-01
9.210000000000123421e+00 7.590580365868416779e-01
9.230000000000122995e+00 7.698828373704518224e-01
9.250000000000122569e+00 7.290664363115814117e-01
9.270000000000122142e+00 7.195615373568086115e-01
9.290000000000121716e+00 6.959481217787836238e-01
9.310000000000121290e+00 6.793354628018615227e-01
9.330000000000120863e+00 6.822853412284912711e-01
9.350000000000120437e+00 6.410195547393909843e-01
9.370000000000120011e+00 6.448144562104449751e-01
9.390000000000119584e+00 6.201526940712975833e-01
9.410000000000119158e+00 6.142180216296082573e-01
9.430000000000118732e+00 5.981086795530202727e-01
9.450000000000118305e+00 5.887445075515607140e-01
9.470000000000117879e+00 5.933386003951000021e-01
9.490000000000117453e+00 5.729019979778213756e-01
9.510000000000117026e+00 5.771380148059894744e-01
9.530000000000116600e+00 5.589768277528540663e-01
9.550000000000116174e+00 5.360034725577668135e-01
9.570000000000115747e+00 5.239138675888028729e-01
9.590000000000115321e+00 5.379971952410114167e-01
9.610000000000114895e+00 5.178694486854062973e-01
9.630000000000114468e+00 4.973973694960602820e-01
9.650000000000114042e+00 4.900301305399985541e-01
9.670000000000113616e+00 4.878678651779491671e-01
9.690000000000113189e+00 4.672006602722124646e-01
9.710000000000112763e+00 4.647258907478659662e-01
9.730000000000112337e+00 4.554675987871493192e-01
9.750000000000111910e+00 4.397765902318030995e-01
9.770000000000111484e+00 4.298090325748191720e-01
9.790000000000111058e+00 4.264081417434217869e-01
9.810000000000110632e+00 4.177411161428312147e-01
9.830000000000110205e+00 4.096417918266255787e-01
9.850000000000109779e+00 4.056932316633628521e-01
9.870000000000109353e+00 3.987466865407809369e-01
9.890000000000108926e+00 3.994866656783201964e-01
9.910000000000108500e+00 3.709570784671445409e-01
9.930000000000108074e+00 3.772191605832774242e-01
9.950000000000107647e+00 3.544402070517870262e-01
9.970000000000107221e+00 3.520319163041638055e-01
9.990000000000106795e+00 3.556995955890124295e-01
1.001000000000010637e+01 3.252978656601596685e-01
1.003000000000010594e+01 3.370215565675688252e-01
1.005000000000010552e+01 3.284007161053051349e-01
1.007000000000010509e+01 3.213928104788116302e-01
1.009000000000010466e+01 2.975702937033474216e-01
1.011000000000010424e+01 2.982102020616713145e-01
1.013000000000010381e+01 3.134218704380521414e-01
1.015000000000010338e+01 2.948077820174418995e-01
1.017000000000010296e+01 2.832802781971865413e-01
1.019000000000010253e+01 2.775101976671631165e-01
1.021000000000010210e+01 2.680192703576168567e-01
1.023000000000010168e+01 2.697972158096534345e-01
1.025000000000010125e+01 2.545389785308294073e-01
1.027000000000010083e+01 2.656728218490107540e-01
1.029000000000010040e+01 2.478280557100953074e-01
1.031000000000009997e+01 2.326421670611659165e-01
1.033000000000009955e+01 2.297966077335349411e-01
1.035000000000009912e+01 2.271047232075992517e-01
1.037000000000009869e+01 2.215313697810641913e-01
1.039000000000009827e+01 2.227358096090942263e-01
1.041000000000009784e+01 2.111637087466240736e-01
1.043000000000009742e+01 2.203985940177038694e-01
1.045000000000009699e+01 2.001379440999407622e-01
1.047000000000009656e+01 1.993176409030345819e-01
1.049000000000009614e+01 1.929748780140631559e-01
1.051000000000009571e+01 1.872936097739580641e-01
1.053000000000009528e+01 1.813473902752308353e-01
1.055000000000009486e+01 1.750356629325915125e-01
1.057000000000009443e+01 1.752273485388075036e-01
1.059000000000009400e+01 1.681950262420242315e-01
1.061000000000009358e+01 1.621457788227663177e-01
1.063000000000009315e+01 1.568634160727568894e-01
1.065000000000009273e+01 1.511450966119345374e-01
1.067000000000009230e+01 1.473941439594642633e-01
1.069000000000009187e+01 1.565543961436215992e-01
1.071000000000009145e+01 1.514022308394048777e-01
1.073000000000009102e+01 1.401081476837804096e-01
1.075000000000009059e+01 1.306401431570793636e-01
1.077000000000009017e+01 1.239155855824582986e-01
1.079000000000008974e+01 1.277505184791818127e-01
1.081000000000008932e+01 1.236180432171641724e-01
1.083000000000008889e+01 1.199795231493121783e-01
1.085000000000008846e+01 1.149584823174061021e-01
1.087000000000008804e+01 1.086947938322778001e-01
1.089000000000008761e+01 1.170405421442225619e-01
1.091000000000008718e+01 1.018663564848955178e-01
1.093000000000008676e+01 1.004212405744236286e-01
1.095000000000008633e+01 1.001337496654177150e-01
1.097000000000008590e+01 1.023251442656132465e-01
1.099000000000008548e+01 9.475836508557516913e-02
1.101000000000008505e+01 8.523225220520545820e-02
1.103000000000008463e+01 8.370334721395558675e-02
1.105000000000008420e+01 8.914106839974231256e-02
1.107000000000008377e+01 7.759578576482926981e-02
1.109000000000008335e+01 8.113632701973946815e-02
1.111000000000008292e+01 8.059167963722776995e-02
1.113000000000008249e+01 7.399633120637541528e-02
1.115000000000008207e+01 6.678099348638799615e-02
1.117000000000008164e+01 6.828677803415872383e-02
1.119000000000008122e+01 6.995271897968050046e-02
1.121000000000008079e+01 6.710312986951889880e-02
1.123000000000008036e+01 6.021463556755476260e-02
1.125000000000007994e+01 6.448517039984072441e-02
1.127000000000007951e+01 5.636026648057307353e-02
1.129000000000007908e+01 5.519260980400703120e-02
1.131000000000007866e+01 5.178259528839304626e-02
1.133000000000007823e+01 5.065548885929824913e-02
1.135000000000007780e+01 5.297572749302910389e-02
1.137000000000007738e+01 5.345964150385060232e-02
1.139000000000007695e+01 4.714961826063187450e-02
1.141000000000007653e+01 4.613691918935652891e-02
1.143000000000007610e+01 4.299770849001146450e-02
1.145000000000007567e+01 4.272363340888726824e-02
1.147000000000007525e+01 3.857682926127002643e-02
1.149000000000007482e+01 4.013047647503795862e-02
1.151000000000007439e+01 4.079210436832307607e-02
1.153000000000007397e+01 3.846697137392133398e-02
1.155000000000007354e+01 3.350881377875540579e-02
1.157000000000007311e+01 3.472498601801283363e-02
1.159000000000007269e+01 3.331541891826090424e-02
1.161000000000007226e+01 3.169764608953815760e-02
1.163000000000007184e+01 3.108144328279428825e-02
1.165000000000007141e+01 3.223149707773605155e-02
1.167000000000007098e+01 3.022256160381755347e-02
1.169000000000007056e+01 2.714913899817486889e-02
1.171000000000007013e+01 2.487425850034109473e-02
1.173000000000006970e+01 2.624611821826609848e-02
1.175000000000006928e+01 2.633396872377914699e-02
1.177000000000006885e+01 2.388713867649147615e-02
1.179000000000006843e+01 2.267495379437965003e-02
1.181000000000006800e+01 2.663773263434776606e-02
1.183000000000006757e+01 2.120969389724577589e-02
1.185000000000006715e+01 2.091097312513260503e-02
1.187000000000006672e+01 2.162372064886125544e-02
1.189000000000006629e+01 2.065338186361388717e-02
1.191000000000006587e+01 1.800975025088267373e-02
1.193000000000006544e+01 1.920887136911628157e-02
1.195000000000006501e+01 1.957882031273043902e-02
1.197000000000006459e+01 1.706085586158669065e-02
1.199000000000006416e+01 1.703252713194105747e-02
1.201000000000006374e+01 1.778558254228491953e-02
1.203000000000006331e+01 1.789470977655340314e-02
1.205000000000006288e+01 1.447591416690314180e-02
1.207000000000006246e+01 1.608610187436189387e-02
1.209000000000006203e+01 1.605003182785279606e-02
1.211000000000006160e+01 1.330977269609841251e-02
1.213000000000006118e+01 1.298123955196305024e-02
1.215000000000006075e+01 1.545078667040569211e-02
1.217000000000006033e+01 1.539185336611738168e-02
1.219000000000005990e+01 1.366805031152626242e-02
1.221000000000005947e+01 1.312773832351399501e-02
1.223000000000005905e+01 1.184490473033089457e-02
1.225000000000005862e+01 1.121329074725610844e-02
1.227000000000005819e+01 1.379955218467522615e-02
1.229000000000005777e+01 1.346974959591259319e-02
1.231000000000005734e+01 1.077970900814454076e-02
1.233000000000005691e+01 1.151856794443782521e-02
1.235000000000005649e+01 1.137465221390620597e-02
1.237000000000005606e+01 9.866841658175690491e-03
1.239000000000005564e+01 9.955802215128787755e-03
1.241000000000005521e+01 1.221137562692936086e-02
1.243000000000005478e+01 1.223757653430442537e-02
1.245000000000005436e+01 1.009235371926196084e-02
1.247000000000005393e+01 9.054932684786668254e-03
1.249000000000005350e+01 1.003844304163384153e-02
1.251000000000005308e+01 8.683252274138365465e-03
1.253000000000005265e+01 1.155720397399706209e-02
1.255000000000005222e+01 1.143429668344067215e-02
1.257000000000005180e+01 9.028388980935218508e-03
1.259000000000005137e+01 8.257080566067043909e-03
1.261000000000005095e+01 8.874353890654627930e-03
1.263000000000005052e+01 8.118582081533844835e-03
1.265000000000005009e+01 7.937502869714199022e-03
1.267000000000004967e+01 1.079025125508646654e-02
1.269000000000004924e+01 1.116116952284066169e-02
1.271000000000004881e+01 7.608376826484699283e-03
1.273000000000004839e+01 7.572420777498999923e-03
1.275000000000004796e+01 7.993814528034411462e-03
1.277000000000004754e+01 7.414450675210882379e-03
1.279000000000004711e+01 1.037812009801937843e-02
1.281000000000004668e+01 1.056885843111815895e-02
1.283000000000004626e+01 7.129837620539080170e-03
1.285000000000004583e+01 7.087505520243289441e-03
1.287000000000004540e+01 7.424228256918991020e-03
1.289000000000004498e+01 6.946403941733176983e-03
1.291000000000004455e+01 9.907575981070995338e-03
1.293000000000004412e+01 1.009468237572903881e-02
1.295000000000004370e+01 6.798851616825000652e-03
1.297000000000004327e+01 6.731890701088082476e-03
1.299000000000004285e+01 6.931404327187654958e-03
1.301000000000004242e+01 6.599132774286655366e-03
1.303000000000004199e+01 9.528062847043848593e-03
1.305000000000004157e+01 9.680376616343026180e-03
1.307000000000004114e+01 6.461990144620811775e-03
1.309000000000004071e+01 6.410435172333858039e-03
1.311000000000004029e+01 6.554018282523032743e-03
1.313000000000003986e+01 6.325925563656542919e-03
1.315000000000003944e+01 9.215968442839552952e-03
1.317000000000003901e+01 9.284636949372952405e-03
1.319000000000003858e+01 6.169806686627756290e-03
1.321000000000003816e+01 6.143489978982182888e-03
1.323000000000003773e+01 6.242737441862264598e-03
1.325000000000003730e+01 6.073942828588477921e-03
1.327000000000003688e+01 9.000254151080555251e-03
1.329000000000003645e+01 8.841524367050795918e-03
1.331000000000003602e+01 5.941969335419452700e-03
1.333000000000003560e+01 5.902964619548646888e-03
1.335000000000003517e+01 5.962172377941172240e-03
1.337000000000003475e+01 5.839036445447953402e-03
1.339000000000003432e+01 8.680796827663015552e-03
1.341000000000003389e+01 8.561548983345197358e-03
1.343000000000003347e+01 5.714497325817007728e-03
1.345000000000003304e+01 5.688570418425117035e-03
1.347000000000003261e+01 5.718498156502191225e-03
1.349000000000003219e+01 8.418104759279312205e-03
1.351000000000003176e+01 5.584079714395161556e-03
1.353000000000003133e+01 8.280793724889387933e-03
1.355000000000003091e+01 5.513648136252310115e-03
1.357000000000003048e+01 5.489862803551219354e-03
1.359000000000003006e+01 5.500086055931902723e-03
1.361000000000002963e+01 8.127716687897450915e-03
1.363000000000002920e+01 8.046633349205989730e-03
1.365000000000002878e+01 5.349223285074994165e-03
1.367000000000002835e+01 5.325433655857266142e-03
1.369000000000002792e+01 5.323725400661115902e-03
1.371000000000002750e+01 5.292482763849967048e-03
1.373000000000002707e+01 7.837877435061334219e-03
1.375000000000002665e+01 7.786560447058881763e-03
1.377000000000002622e+01 5.168093752232781612e-03
1.379000000000002579e+01 5.144984189152813220e-03
1.381000000000002537e+01 5.147506255557181797e-03
1.383000000000002494e+01 7.616564367988479245e-03
1.385000000000002451e+01 7.565781675172785457e-03
1.387000000000002409e+01 5.017347591527613476e-03
1.389000000000002366e+01 4.995843343400380859e-03
1.391000000000002323e+01 4.982715015984700950e-03
1.393000000000002281e+01 4.945461990403583752e-03
1.395000000000002238e+01 4.924592333644617348e-03
1.397000000000002196e+01 1.021342316125316456e-06
1.399000000000002153e+01 8.618538206715295651e-07
1.401000000000002110e+01 5.769090478061074185e-07
1.403000000000002068e+01 5.168072761616559191e-07
1.405000000000002025e+01 5.380454110507049342e-07
1.407000000000001982e+01 4.390261134671268810e-07
1.409000000000001940e+01 4.116737756849147210e-07
1.411000000000001897e+01 2.908133753767642340e-07
1.413000000000001855e+01 2.829300274322039066e-07
1.415000000000001812e+01 2.521363687398108980e-07
1.417000000000001769e+01 1.777169845553281648e-07
1.419000000000001727e+01 1.579340801115212204e-07
1.421000000000001684e+01 1.672390077478351239e-07
1.423000000000001641e+01 9.782703190871923310e-08
1.425000000000001599e+01 6.254992877001910148e-08
1.427000000000001556e+01 3.165676875856720068e-08
1.429000000000001513e+01 3.357126390589484695e-09
1.431000000000001471e+01 2.070688902459287445e-09
1.433000000000001428e+01 1.182297994149700106e-09
1.435000000000001386e+01 6.776614227360659662e-10
1.437000000000001343e+01 2.952070940998756454e-10
1.439000000000001300e+01 1.374425033225919310e-10
1.441000000000001258e+01 1.539240539950126059e-12
1.443000000000001215e+01 2.328280001309227991e-14
1.445000000000001172e+01 1.952634489471398348e-14
1.447000000000001130e+01 1.702589972802513196e-16
1.449000000000001087e+01 1.396499279324221659e-16
1.451000000000001044e+01 9.386278672550182538e-17
1.453000000000001002e+01 2.528896143867510680e-17
1.455000000000000959e+01 0.000000000000000000e+00
1.457000000000000917e+01 0.000000000000000000e+00
1.459000000000000874e+01 0.000000000000000000e+00
1.461000000000000831e+01 0.000000000000000000e+00
1.463000000000000789e+01 0.000000000000000000e+00
1.465000000000000746e+01 0.000000000000000000e+00
1.467000000000000703e+01 0.000000000000000000e+00
1.469000000000000661e+01 0.000000000000000000e+00
1.471000000000000618e+01 0.000000000000000000e+00
1.473000000000000576e+01 0.000000000000000000e+00
1.475000000000000533e+01 0.000000000000000000e+00
1.477000000000000490e+01 0.000000000000000000e+00
1.479000000000000448e+01 0.000000000000000000e+00
1.481000000000000405e+01 0.000000000000000000e+00
1.483000000000000362e+01 0.000000000000000000e+00
1.485000000000000320e+01 0.000000000000000000e+00
1.487000000000000277e+01 0.000000000000000000e+00
1.489000000000000234e+01 0.000000000000000000e+00
1.491000000000000192e+01 0.000000000000000000e+00
1.493000000000000149e+01 0.000000000000000000e+00
1.495000000000000107e+01 0.000000000000000000e+00
1.497000000000000064e+01 0.000000000000000000e+00
1.499000000000000021e+01 0.000000000000000000e+00
