# Redshift		Merger Rate Density [Gpc^-3yr^-1]
1.000000000031931770e-02 1.404184936569639497e+01
3.000000000031888964e-02 1.474876858617291298e+01
5.000000000031846331e-02 1.529242624447899956e+01
7.000000000031804392e-02 1.608516767502307943e+01
9.000000000031761760e-02 1.682745741448763610e+01
1.100000000003171913e-01 1.765159111185354845e+01
1.300000000003167511e-01 1.838299369332515809e+01
1.500000000003163247e-01 1.917152336034591187e+01
1.700000000003158984e-01 1.988911237047297220e+01
1.900000000003154721e-01 2.093106379083808122e+01
2.100000000003150458e-01 2.151498330378450063e+01
2.300000000003146194e-01 2.230209202985250627e+01
2.500000000003141931e-01 2.314093514794260287e+01
2.700000000003137668e-01 2.407687511516494538e+01
2.900000000003133405e-01 2.483084550380802469e+01
3.100000000003129141e-01 2.569932609545024249e+01
3.300000000003124878e-01 2.657705102392662866e+01
3.500000000003120615e-01 2.751403358472727234e+01
3.700000000003116352e-01 2.850139827627662470e+01
3.900000000003112088e-01 2.943128196010300712e+01
4.100000000003107825e-01 3.027334174266675859e+01
4.300000000003103562e-01 3.141495824322857544e+01
4.500000000003099299e-01 3.247136378672426815e+01
4.700000000003095035e-01 3.346821870277706523e+01
4.900000000003090772e-01 3.443495136182271921e+01
5.100000000003086509e-01 3.541605245665110857e+01
5.300000000003082246e-01 3.649427083865751342e+01
5.500000000003077982e-01 3.782776814211045746e+01
5.700000000003073719e-01 3.893054782719531204e+01
5.900000000003069456e-01 3.980185352867249549e+01
6.100000000003065193e-01 4.084501684679548106e+01
6.300000000003060929e-01 4.204044082485972922e+01
6.500000000003056666e-01 4.335137508118252470e+01
6.700000000003052403e-01 4.420530639389829020e+01
6.900000000003048140e-01 4.529202355389875123e+01
7.100000000003043876e-01 4.649459040623462869e+01
7.300000000003039613e-01 4.782350317041682075e+01
7.500000000003035350e-01 4.914886064036377178e+01
7.700000000003031086e-01 4.995532208313782263e+01
7.900000000003026823e-01 5.138690187847486612e+01
8.100000000003022560e-01 5.232609892392379436e+01
8.300000000003018297e-01 5.351388703802034996e+01
8.500000000003014033e-01 5.499927844063898164e+01
8.700000000003009770e-01 5.600827328115693149e+01
8.900000000003005507e-01 5.733164394158737309e+01
9.100000000003001244e-01 5.877039841456539193e+01
9.300000000002996980e-01 5.914375531828923727e+01
9.500000000002992717e-01 6.058814785335506059e+01
9.700000000002988454e-01 6.175490510415190926e+01
9.900000000002984191e-01 6.290309255340747541e+01
1.010000000000297993e+00 6.366033794710838833e+01
1.030000000000297566e+00 6.550107290019927575e+01
1.050000000000297140e+00 6.643803137168832507e+01
1.070000000000296714e+00 6.805839984906074847e+01
1.090000000000296287e+00 6.794797610607818683e+01
1.110000000000295861e+00 6.964383748198079616e+01
1.130000000000295435e+00 7.039042599351073193e+01
1.150000000000295008e+00 7.157730416793081929e+01
1.170000000000294582e+00 7.258518808602900663e+01
1.190000000000294156e+00 7.395522448909531477e+01
1.210000000000293729e+00 7.504563659415359211e+01
1.230000000000293303e+00 7.497526014485957546e+01
1.250000000000292877e+00 7.690363346917317244e+01
1.270000000000292451e+00 7.706722437880422660e+01
1.290000000000292024e+00 7.772979576220700437e+01
1.310000000000291598e+00 7.918585916221337584e+01
1.330000000000291172e+00 8.004672159105371065e+01
1.350000000000290745e+00 8.026859646025106088e+01
1.370000000000290319e+00 8.138424489989291999e+01
1.390000000000289893e+00 8.202326141791408531e+01
1.410000000000289466e+00 8.305227647964704829e+01
1.430000000000289040e+00 8.341404029037913403e+01
1.450000000000288614e+00 8.411838012378338192e+01
1.470000000000288187e+00 8.501945404836185105e+01
1.490000000000287761e+00 8.473527798984373760e+01
1.510000000000287335e+00 8.555643716099537244e+01
1.530000000000286908e+00 8.587064022267703933e+01
1.550000000000286482e+00 8.649687518299842282e+01
1.570000000000286056e+00 8.718324598337277109e+01
1.590000000000285629e+00 8.741321314293693945e+01
1.610000000000285203e+00 8.770257244239081729e+01
1.630000000000284777e+00 8.748700196270876006e+01
1.650000000000284350e+00 8.765830696494921881e+01
1.670000000000283924e+00 8.830685654946178431e+01
1.690000000000283498e+00 8.797406877885684651e+01
1.710000000000283071e+00 8.807285848285725649e+01
1.730000000000282645e+00 8.795908230455165722e+01
1.750000000000282219e+00 8.865616359974946192e+01
1.770000000000281792e+00 8.812129822561536230e+01
1.790000000000281366e+00 8.790232064936141398e+01
1.810000000000280940e+00 8.790890095035740615e+01
1.830000000000280513e+00 8.794890168122950058e+01
1.850000000000280087e+00 8.771592667457740333e+01
1.870000000000279661e+00 8.771063332519590006e+01
1.890000000000279234e+00 8.749985165624839567e+01
1.910000000000278808e+00 8.647230877313128872e+01
1.930000000000278382e+00 8.660459161878723933e+01
1.950000000000277955e+00 8.635666492841866670e+01
1.970000000000277529e+00 8.610753476639769133e+01
1.990000000000277103e+00 8.592633836412552739e+01
2.010000000000276899e+00 8.513932016542030112e+01
2.030000000000276472e+00 8.465444100832273477e+01
2.050000000000276046e+00 8.397134791791361863e+01
2.070000000000275620e+00 8.299446711584843683e+01
2.090000000000275193e+00 8.224277149927446828e+01
2.110000000000274767e+00 8.166083562176947908e+01
2.130000000000274341e+00 8.068775303366409446e+01
2.150000000000273914e+00 8.010141178565368136e+01
2.170000000000273488e+00 7.940679864891505702e+01
2.190000000000273062e+00 7.807887469096358757e+01
2.210000000000272635e+00 7.739085682667845845e+01
2.230000000000272209e+00 7.619018895245210388e+01
2.250000000000271783e+00 7.602646363737994761e+01
2.270000000000271356e+00 7.571092368705892284e+01
2.290000000000270930e+00 7.494421099755633975e+01
2.310000000000270504e+00 7.433446474357516820e+01
2.330000000000270077e+00 7.355664375396860066e+01
2.350000000000269651e+00 7.171388119489981250e+01
2.370000000000269225e+00 7.060410064099728800e+01
2.390000000000268798e+00 6.923489502822891950e+01
2.410000000000268372e+00 6.876154586964244686e+01
2.430000000000267946e+00 6.746977566700616080e+01
2.450000000000267519e+00 6.638699494602155937e+01
2.470000000000267093e+00 6.527277040350337245e+01
2.490000000000266667e+00 6.506071933137741325e+01
2.510000000000266240e+00 6.377999893798198627e+01
2.530000000000265814e+00 6.390215593731699073e+01
2.550000000000265388e+00 6.232536819617804014e+01
2.570000000000264961e+00 6.139369529734965170e+01
2.590000000000264535e+00 6.106773899753077472e+01
2.610000000000264109e+00 5.928137099446792746e+01
2.630000000000263682e+00 5.823278424455436664e+01
2.650000000000263256e+00 5.823919266950284168e+01
2.670000000000262830e+00 5.658663652886438911e+01
2.690000000000262403e+00 5.512024497784246080e+01
2.710000000000261977e+00 5.409764999348848136e+01
2.730000000000261551e+00 5.320232279061196579e+01
2.750000000000261124e+00 5.188058349023599902e+01
2.770000000000260698e+00 5.146797300311892087e+01
2.790000000000260272e+00 4.992514175803414389e+01
2.810000000000259845e+00 4.919341170110927663e+01
2.830000000000259419e+00 4.821630312496714055e+01
2.850000000000258993e+00 4.722548226274373917e+01
2.870000000000258567e+00 4.684830755559467974e+01
2.890000000000258140e+00 4.556038118754307931e+01
2.910000000000257714e+00 4.468436870303210640e+01
2.930000000000257288e+00 4.385193461575094886e+01
2.950000000000256861e+00 4.300865248208901903e+01
2.970000000000256435e+00 4.235759398193993519e+01
2.990000000000256009e+00 4.170845213420053454e+01
3.010000000000255582e+00 4.090837012852711041e+01
3.030000000000255156e+00 4.018060787611544526e+01
3.050000000000254730e+00 3.928122460164177454e+01
3.070000000000254303e+00 3.863168329150258984e+01
3.090000000000253877e+00 3.820127943492762057e+01
3.110000000000253451e+00 3.727796113833969827e+01
3.130000000000253024e+00 3.657031511394816903e+01
3.150000000000252598e+00 3.613489238220960686e+01
3.170000000000252172e+00 3.508314643930598464e+01
3.190000000000251745e+00 3.450971537688467095e+01
3.210000000000251319e+00 3.391476577789747182e+01
3.230000000000250893e+00 3.343134198443277683e+01
3.250000000000250466e+00 3.278078066516683720e+01
3.270000000000250040e+00 3.233720091508872230e+01
3.290000000000249614e+00 3.133853986327175534e+01
3.310000000000249187e+00 3.091470969006118352e+01
3.330000000000248761e+00 3.055343983640251082e+01
3.350000000000248335e+00 2.987248471246488890e+01
3.370000000000247908e+00 2.913397168533005299e+01
3.390000000000247482e+00 2.860169193313078750e+01
3.410000000000247056e+00 2.818261726751080687e+01
3.430000000000246629e+00 2.774376026683150087e+01
3.450000000000246203e+00 2.730789538277099382e+01
3.470000000000245777e+00 2.679928832789664739e+01
3.490000000000245350e+00 2.635825967681793713e+01
3.510000000000244924e+00 2.586582066282106496e+01
3.530000000000244498e+00 2.528052646218995747e+01
3.550000000000244071e+00 2.462801929383503818e+01
3.570000000000243645e+00 2.431670701366523701e+01
3.590000000000243219e+00 2.393800440889021175e+01
3.610000000000242792e+00 2.355222887201128401e+01
3.630000000000242366e+00 2.305198965040979786e+01
3.650000000000241940e+00 2.255210136677991528e+01
3.670000000000241513e+00 2.241881027909299462e+01
3.690000000000241087e+00 2.214079922140961187e+01
3.710000000000240661e+00 2.163272893497731530e+01
3.730000000000240234e+00 2.128728825285305959e+01
3.750000000000239808e+00 2.072218883887520491e+01
3.770000000000239382e+00 2.004411819360790759e+01
3.790000000000238956e+00 1.971069149529043329e+01
3.810000000000238529e+00 1.954841181708242104e+01
3.830000000000238103e+00 1.912034591930730443e+01
3.850000000000237677e+00 1.853840195614491293e+01
3.870000000000237250e+00 1.839601295500821720e+01
3.890000000000236824e+00 1.800002794551059182e+01
3.910000000000236398e+00 1.745257730682940078e+01
3.930000000000235971e+00 1.725613758975715228e+01
3.950000000000235545e+00 1.682671619402345087e+01
3.970000000000235119e+00 1.661312234477364669e+01
3.990000000000234692e+00 1.625792899993472673e+01
4.010000000000234266e+00 1.584086319373936291e+01
4.030000000000233840e+00 1.553483245865552576e+01
4.050000000000233413e+00 1.526557525432066953e+01
4.070000000000232987e+00 1.502599127993866723e+01
4.090000000000232561e+00 1.478067508483211334e+01
4.110000000000232134e+00 1.461065730974178400e+01
4.130000000000231708e+00 1.434287363457008624e+01
4.150000000000231282e+00 1.415490155340582490e+01
4.170000000000230855e+00 1.380212821525537592e+01
4.190000000000230429e+00 1.353963226314054324e+01
4.210000000000230003e+00 1.322373535136764033e+01
4.230000000000229576e+00 1.291686469938578874e+01
4.250000000000229150e+00 1.255710067573344979e+01
4.270000000000228724e+00 1.229509529955517699e+01
4.290000000000228297e+00 1.198991924965774380e+01
4.310000000000227871e+00 1.178996088282836574e+01
4.330000000000227445e+00 1.172609300436825031e+01
4.350000000000227018e+00 1.149772122088662485e+01
4.370000000000226592e+00 1.113759155410891921e+01
4.390000000000226166e+00 1.097198658699099916e+01
4.410000000000225739e+00 1.082320289610158959e+01
4.430000000000225313e+00 1.064063026560737235e+01
4.450000000000224887e+00 1.031044273297543157e+01
4.470000000000224460e+00 1.024036473180592033e+01
4.490000000000224034e+00 1.010283664454418329e+01
4.510000000000223608e+00 9.786712826494424533e+00
4.530000000000223181e+00 9.672234255781754442e+00
4.550000000000222755e+00 9.352751166804983640e+00
4.570000000000222329e+00 9.188832638654954366e+00
4.590000000000221902e+00 9.007524524203766703e+00
4.610000000000221476e+00 9.016572760794446140e+00
4.630000000000221050e+00 8.732519435302545929e+00
4.650000000000220624e+00 8.513908603600304659e+00
4.670000000000220197e+00 8.375716246296553535e+00
4.690000000000219771e+00 8.148684443338712668e+00
4.710000000000219345e+00 8.027506607751023537e+00
4.730000000000218918e+00 7.959590563402246133e+00
4.750000000000218492e+00 7.689821054556962743e+00
4.770000000000218066e+00 7.680965534539852868e+00
4.790000000000217639e+00 7.583728802757335075e+00
4.810000000000217213e+00 7.350176172304967004e+00
4.830000000000216787e+00 7.118501839836886447e+00
4.850000000000216360e+00 7.010615860451873793e+00
4.870000000000215934e+00 6.771094044870480388e+00
4.890000000000215508e+00 6.767464578705425282e+00
4.910000000000215081e+00 6.573984690854610236e+00
4.930000000000214655e+00 6.463422388055431789e+00
4.950000000000214229e+00 6.304739581128581349e+00
4.970000000000213802e+00 6.278007099610786845e+00
4.990000000000213376e+00 6.104005725563943940e+00
5.010000000000212950e+00 5.958750618725887627e+00
5.030000000000212523e+00 5.745692813075627292e+00
5.050000000000212097e+00 5.628252958610021395e+00
5.070000000000211671e+00 5.633339136787897772e+00
5.090000000000211244e+00 5.509240909066882352e+00
5.110000000000210818e+00 5.348657070839916372e+00
5.130000000000210392e+00 5.259690139428212952e+00
5.150000000000209965e+00 5.144657144152075645e+00
5.170000000000209539e+00 5.101184736133214770e+00
5.190000000000209113e+00 4.926720547445028409e+00
5.210000000000208686e+00 4.818374677323302713e+00
5.230000000000208260e+00 4.885705771889978344e+00
5.250000000000207834e+00 4.703019803925634790e+00
5.270000000000207407e+00 4.593196673494486681e+00
5.290000000000206981e+00 4.564780141505362820e+00
5.310000000000206555e+00 4.467014613402803924e+00
5.330000000000206128e+00 4.388939095504929888e+00
5.350000000000205702e+00 4.414441958548405154e+00
5.370000000000205276e+00 4.164094436224234919e+00
5.390000000000204849e+00 4.157631061395552052e+00
5.410000000000204423e+00 4.006862887454340161e+00
5.430000000000203997e+00 3.895873275788137136e+00
5.450000000000203570e+00 3.858495022708297029e+00
5.470000000000203144e+00 3.794441728293316718e+00
5.490000000000202718e+00 3.678750952582045652e+00
5.510000000000202292e+00 3.619892754744560293e+00
5.530000000000201865e+00 3.551177905940154478e+00
5.550000000000201439e+00 3.537479947695767901e+00
5.570000000000201013e+00 3.418831707759999450e+00
5.590000000000200586e+00 3.336137318556149811e+00
5.610000000000200160e+00 3.283630598203110651e+00
5.630000000000199734e+00 3.263951300783358711e+00
5.650000000000199307e+00 3.188612944202245725e+00
5.670000000000198881e+00 3.115579693484320067e+00
5.690000000000198455e+00 3.007876536177945592e+00
5.710000000000198028e+00 2.881662913549912552e+00
5.730000000000197602e+00 2.899379070324978436e+00
5.750000000000197176e+00 2.930968393913150116e+00
5.770000000000196749e+00 2.749802954277608347e+00
5.790000000000196323e+00 2.743044314443487952e+00
5.810000000000195897e+00 2.650677447871462977e+00
5.830000000000195470e+00 2.612521409901078062e+00
5.850000000000195044e+00 2.601857538033958583e+00
5.870000000000194618e+00 2.534589401921746976e+00
5.890000000000194191e+00 2.480927950355886757e+00
5.910000000000193765e+00 2.375792572213041076e+00
5.930000000000193339e+00 2.411887447990790356e+00
5.950000000000192912e+00 2.342508018799097425e+00
5.970000000000192486e+00 2.342607213554286805e+00
5.990000000000192060e+00 2.309312436142383795e+00
6.010000000000191633e+00 2.201695549584814504e+00
6.030000000000191207e+00 2.176497706819978450e+00
6.050000000000190781e+00 2.131127750945588595e+00
6.070000000000190354e+00 2.086541664303429133e+00
6.090000000000189928e+00 2.019615528510873226e+00
6.110000000000189502e+00 2.012424907846042110e+00
6.130000000000189075e+00 1.985703320682451034e+00
6.150000000000188649e+00 1.972064048502013556e+00
6.170000000000188223e+00 1.885847947470427277e+00
6.190000000000187796e+00 1.868888443746035799e+00
6.210000000000187370e+00 1.939130462446114089e+00
6.230000000000186944e+00 1.811228628480182623e+00
6.250000000000186517e+00 1.785825839459675990e+00
6.270000000000186091e+00 1.749714833071350562e+00
6.290000000000185665e+00 1.703084064170981682e+00
6.310000000000185238e+00 1.681305226326602398e+00
6.330000000000184812e+00 1.620553056813512027e+00
6.350000000000184386e+00 1.622177025619678581e+00
6.370000000000183960e+00 1.553722623018203297e+00
6.390000000000183533e+00 1.516667387592056215e+00
6.410000000000183107e+00 1.483571287616906265e+00
6.430000000000182681e+00 1.440117609271843513e+00
6.450000000000182254e+00 1.431964111140722196e+00
6.470000000000181828e+00 1.448922784738869263e+00
6.490000000000181402e+00 1.413412232651438449e+00
6.510000000000180975e+00 1.373710329349976167e+00
6.530000000000180549e+00 1.329738917364261974e+00
6.550000000000180123e+00 1.354967198409120499e+00
6.570000000000179696e+00 1.283927807572139868e+00
6.590000000000179270e+00 1.278252833735539662e+00
6.610000000000178844e+00 1.205325050830505784e+00
6.630000000000178417e+00 1.234545130410054981e+00
6.650000000000177991e+00 1.218114309909211102e+00
6.670000000000177565e+00 1.144341443483712917e+00
6.690000000000177138e+00 1.123226191134118590e+00
6.710000000000176712e+00 1.128536724421116633e+00
6.730000000000176286e+00 1.126213654954584698e+00
6.750000000000175859e+00 1.068425017671630339e+00
6.770000000000175433e+00 1.046183141430039099e+00
6.790000000000175007e+00 1.034003482979835686e+00
6.810000000000174580e+00 1.039619249328223471e+00
6.830000000000174154e+00 1.012015500491996178e+00
6.850000000000173728e+00 9.866358009537794516e-01
6.870000000000173301e+00 9.763722797575811185e-01
6.890000000000172875e+00 9.862401589770337651e-01
6.910000000000172449e+00 9.816214831565077681e-01
6.930000000000172022e+00 9.618402728992070383e-01
6.950000000000171596e+00 9.214524574134119739e-01
6.970000000000171170e+00 8.995369765952890839e-01
6.990000000000170743e+00 8.494339217979371970e-01
7.010000000000170317e+00 8.679569850038967305e-01
7.030000000000169891e+00 8.552961382840539306e-01
7.050000000000169464e+00 7.934926435452009930e-01
7.070000000000169038e+00 8.192593113747353994e-01
7.090000000000168612e+00 7.677237763832627238e-01
7.110000000000168185e+00 7.673075671941941289e-01
7.130000000000167759e+00 7.682677866261777844e-01
7.150000000000167333e+00 7.279918125171114252e-01
7.170000000000166906e+00 7.154514037362291745e-01
7.190000000000166480e+00 7.104733828553139174e-01
7.210000000000166054e+00 6.981915334990972388e-01
7.230000000000165628e+00 6.722258136550632868e-01
7.250000000000165201e+00 6.753891887465539590e-01
7.270000000000164775e+00 6.681395383117482156e-01
7.290000000000164349e+00 6.610039916809008487e-01
7.310000000000163922e+00 6.866008408614909797e-01
7.330000000000163496e+00 6.276635769372899132e-01
7.350000000000163070e+00 6.256886397915170095e-01
7.370000000000162643e+00 6.301223775475151001e-01
7.390000000000162217e+00 6.149299297733442637e-01
7.410000000000161791e+00 5.824549466820154731e-01
7.430000000000161364e+00 5.983482669600344028e-01
7.450000000000160938e+00 5.744150875647742183e-01
7.470000000000160512e+00 5.501659988770862819e-01
7.490000000000160085e+00 5.442796704862093993e-01
7.510000000000159659e+00 5.388453514138568101e-01
7.530000000000159233e+00 5.329460001977889272e-01
7.550000000000158806e+00 5.243915065312619861e-01
7.570000000000158380e+00 4.979369929547512452e-01
7.590000000000157954e+00 5.015938310239344000e-01
7.610000000000157527e+00 4.977724302933591027e-01
7.630000000000157101e+00 4.913283366001622854e-01
7.650000000000156675e+00 4.685657253908769859e-01
7.670000000000156248e+00 4.587979604573992343e-01
7.690000000000155822e+00 4.913970214982933959e-01
7.710000000000155396e+00 4.718552967363044970e-01
7.730000000000154969e+00 4.524810733820944786e-01
7.750000000000154543e+00 4.481661392394927779e-01
7.770000000000154117e+00 4.252204178526882705e-01
7.790000000000153690e+00 4.392781219017445338e-01
7.810000000000153264e+00 4.261963536122831409e-01
7.830000000000152838e+00 3.965804001807394785e-01
7.850000000000152411e+00 4.139379550672998564e-01
7.870000000000151985e+00 3.933108638379514965e-01
7.890000000000151559e+00 3.912369097374276405e-01
7.910000000000151132e+00 4.099599151576779898e-01
7.930000000000150706e+00 3.907375504116716858e-01
7.950000000000150280e+00 3.799209001223088356e-01
7.970000000000149853e+00 3.602885796557694364e-01
7.990000000000149427e+00 3.829207167870055106e-01
8.010000000000149001e+00 3.549814490939993128e-01
8.030000000000148574e+00 3.846528701388732818e-01
8.050000000000148148e+00 3.609988538768899025e-01
8.070000000000147722e+00 3.367882414963994653e-01
8.090000000000147296e+00 3.587541124633221168e-01
8.110000000000146869e+00 3.499190404278689215e-01
8.130000000000146443e+00 3.383324228050717530e-01
8.150000000000146017e+00 3.215359372942779292e-01
8.170000000000145590e+00 3.238905181292519586e-01
8.190000000000145164e+00 3.103672591807349890e-01
8.210000000000144738e+00 3.224883858525706692e-01
8.230000000000144311e+00 3.059503549765807406e-01
8.250000000000143885e+00 3.150883909214752254e-01
8.270000000000143459e+00 3.223524051716499250e-01
8.290000000000143032e+00 2.961570348657586726e-01
8.310000000000142606e+00 3.053438505200659625e-01
8.330000000000142180e+00 2.976663965687342261e-01
8.350000000000141753e+00 2.907336211559596317e-01
8.370000000000141327e+00 3.034646366454939459e-01
8.390000000000140901e+00 3.028808919380389653e-01
8.410000000000140474e+00 2.878345642143686489e-01
8.430000000000140048e+00 2.866316781176646566e-01
8.450000000000139622e+00 2.865437640974998756e-01
8.470000000000139195e+00 2.669362965802561383e-01
8.490000000000138769e+00 2.797789762900595445e-01
8.510000000000138343e+00 2.764149566251010715e-01
8.530000000000137916e+00 2.786570063191718405e-01
8.550000000000137490e+00 2.574853877736755781e-01
8.570000000000137064e+00 2.632528994860769411e-01
8.590000000000136637e+00 2.602808239742621099e-01
8.610000000000136211e+00 2.596478611569449368e-01
8.630000000000135785e+00 2.595105667478402323e-01
8.650000000000135358e+00 2.464480634019148020e-01
8.670000000000134932e+00 2.502468007016027118e-01
8.690000000000134506e+00 2.448678349368682006e-01
8.710000000000134079e+00 2.487688581844419988e-01
8.730000000000133653e+00 2.502314665655586690e-01
8.750000000000133227e+00 2.588439309393220089e-01
8.770000000000132800e+00 2.442799509398405344e-01
8.790000000000132374e+00 2.390267991736649278e-01
8.810000000000131948e+00 2.427826914915088563e-01
8.830000000000131521e+00 2.301726733838070638e-01
8.850000000000131095e+00 2.262675434435375277e-01
8.870000000000130669e+00 2.463199779346782192e-01
8.890000000000130242e+00 2.369841229477658573e-01
8.910000000000129816e+00 2.265080768681938805e-01
8.930000000000129390e+00 2.363095949221991621e-01
8.950000000000128964e+00 2.225326063134121790e-01
8.970000000000128537e+00 2.166220358007200919e-01
8.990000000000128111e+00 2.156400568739134938e-01
9.010000000000127685e+00 2.273187144669965853e-01
9.030000000000127258e+00 2.188872916411538916e-01
9.050000000000126832e+00 2.214839735678354182e-01
9.070000000000126406e+00 2.130903530698740889e-01
9.090000000000125979e+00 2.101278326406031960e-01
9.110000000000125553e+00 2.047175073595003947e-01
9.130000000000125127e+00 2.046524338714196811e-01
9.150000000000124700e+00 2.040336509852797853e-01
9.170000000000124274e+00 2.077981498948843209e-01
9.190000000000123848e+00 2.025164086285409781e-01
9.210000000000123421e+00 2.106938324367422510e-01
9.230000000000122995e+00 2.042790167857513883e-01
9.250000000000122569e+00 2.053134560154256660e-01
9.270000000000122142e+00 2.111312830647939232e-01
9.290000000000121716e+00 1.897067532955770686e-01
9.310000000000121290e+00 1.907128204318534470e-01
9.330000000000120863e+00 1.902806024997613088e-01
9.350000000000120437e+00 1.872967146266008853e-01
9.370000000000120011e+00 1.842710041560398915e-01
9.390000000000119584e+00 1.884249557879875137e-01
9.410000000000119158e+00 1.822436145973008181e-01
9.430000000000118732e+00 1.762870392399028818e-01
9.450000000000118305e+00 1.728713019083295555e-01
9.470000000000117879e+00 1.762113619445012103e-01
9.490000000000117453e+00 1.722032021036550009e-01
9.510000000000117026e+00 1.813068813895706011e-01
9.530000000000116600e+00 1.807263928086393634e-01
9.550000000000116174e+00 1.685403471324882219e-01
9.570000000000115747e+00 1.810567140787301688e-01
9.590000000000115321e+00 1.774839868950487398e-01
9.610000000000114895e+00 1.677220723449365236e-01
9.630000000000114468e+00 1.610441437356993077e-01
9.650000000000114042e+00 1.524523376212059966e-01
9.670000000000113616e+00 1.559741930761469608e-01
9.690000000000113189e+00 1.533607834664960090e-01
9.710000000000112763e+00 1.496570365916233269e-01
9.730000000000112337e+00 1.544916574856017577e-01
9.750000000000111910e+00 1.468312543592764086e-01
9.770000000000111484e+00 1.398860753931682466e-01
9.790000000000111058e+00 1.451939499691888014e-01
9.810000000000110632e+00 1.485448740035935355e-01
9.830000000000110205e+00 1.473816642136383803e-01
9.850000000000109779e+00 1.355110098462257995e-01
9.870000000000109353e+00 1.539312516383728457e-01
9.890000000000108926e+00 1.407739687881117141e-01
9.910000000000108500e+00 1.255368234744458911e-01
9.930000000000108074e+00 1.359611164087684565e-01
9.950000000000107647e+00 1.249056234456728670e-01
9.970000000000107221e+00 1.234276198517584577e-01
9.990000000000106795e+00 1.200687704129230066e-01
1.001000000000010637e+01 1.203157941463517955e-01
1.003000000000010594e+01 1.193076166312601327e-01
1.005000000000010552e+01 1.158823538172514545e-01
1.007000000000010509e+01 1.111114742852564730e-01
1.009000000000010466e+01 1.168345315610031521e-01
1.011000000000010424e+01 1.096167968685631128e-01
1.013000000000010381e+01 1.191890130162049505e-01
1.015000000000010338e+01 1.067939440071124374e-01
1.017000000000010296e+01 1.076803159034874641e-01
1.019000000000010253e+01 9.517208551583522524e-02
1.021000000000010210e+01 1.007058140297584364e-01
1.023000000000010168e+01 9.705584407294759464e-02
1.025000000000010125e+01 9.216014082942688979e-02
1.027000000000010083e+01 9.848270259367655766e-02
1.029000000000010040e+01 8.783355704171688649e-02
1.031000000000009997e+01 8.722003683449243427e-02
1.033000000000009955e+01 8.605307293520265965e-02
1.035000000000009912e+01 8.201660014693189227e-02
1.037000000000009869e+01 8.775153878240891936e-02
1.039000000000009827e+01 8.704054347210402054e-02
1.041000000000009784e+01 7.665230004858834822e-02
1.043000000000009742e+01 8.071299337903209414e-02
1.045000000000009699e+01 7.458967342631993291e-02
1.047000000000009656e+01 6.846477047648169556e-02
1.049000000000009614e+01 6.952788697294623455e-02
1.051000000000009571e+01 6.750182984293136290e-02
1.053000000000009528e+01 6.326199237899836347e-02
1.055000000000009486e+01 6.576676006713397249e-02
1.057000000000009443e+01 6.504868180867055816e-02
1.059000000000009400e+01 6.215549545226252415e-02
1.061000000000009358e+01 6.208137090151104320e-02
1.063000000000009315e+01 6.178460814745714846e-02
1.065000000000009273e+01 5.342797297961288105e-02
1.067000000000009230e+01 5.520894886126550410e-02
1.069000000000009187e+01 5.290003852840311632e-02
1.071000000000009145e+01 5.434586019432594006e-02
1.073000000000009102e+01 4.660451499575569978e-02
1.075000000000009059e+01 4.561757510208475086e-02
1.077000000000009017e+01 4.446581579660555117e-02
1.079000000000008974e+01 4.471801116093849365e-02
1.081000000000008932e+01 4.143800659895294919e-02
1.083000000000008889e+01 4.250831017091587921e-02
1.085000000000008846e+01 4.069839103168147731e-02
1.087000000000008804e+01 4.024611241975627890e-02
1.089000000000008761e+01 4.115356941524472151e-02
1.091000000000008718e+01 3.745913244060761899e-02
1.093000000000008676e+01 3.311462524836297772e-02
1.095000000000008633e+01 3.287389555853920120e-02
1.097000000000008590e+01 3.396231717697805602e-02
1.099000000000008548e+01 3.096442248471429487e-02
1.101000000000008505e+01 2.790727612895289866e-02
1.103000000000008463e+01 2.750434616263523757e-02
1.105000000000008420e+01 2.735863162300022217e-02
1.107000000000008377e+01 2.738131866356636676e-02
1.109000000000008335e+01 2.444931944263838489e-02
1.111000000000008292e+01 2.677394214078738371e-02
1.113000000000008249e+01 2.583478560538522012e-02
1.115000000000008207e+01 2.200249638335080582e-02
1.117000000000008164e+01 2.102375882203567220e-02
1.119000000000008122e+01 2.160999797579617535e-02
1.121000000000008079e+01 2.030821555464897704e-02
1.123000000000008036e+01 1.806317239895458698e-02
1.125000000000007994e+01 1.774906664466132863e-02
1.127000000000007951e+01 1.765899096272054852e-02
1.129000000000007908e+01 1.547665032749485393e-02
1.131000000000007866e+01 1.510072213649442212e-02
1.133000000000007823e+01 1.519315017282986749e-02
1.135000000000007780e+01 1.579347441121653831e-02
1.137000000000007738e+01 1.415941394832163740e-02
1.139000000000007695e+01 1.475972153264174316e-02
1.141000000000007653e+01 1.213462997779252844e-02
1.143000000000007610e+01 1.185256999584685320e-02
1.145000000000007567e+01 1.125071495540241363e-02
1.147000000000007525e+01 1.073679074405377472e-02
1.149000000000007482e+01 1.027104708031584268e-02
1.151000000000007439e+01 9.833967803742450081e-03
1.153000000000007397e+01 9.054668414840110272e-03
1.155000000000007354e+01 8.264649974611865818e-03
1.157000000000007311e+01 9.390665222379407720e-03
1.159000000000007269e+01 7.900857871125242099e-03
1.161000000000007226e+01 7.644036643058984420e-03
1.163000000000007184e+01 8.387699239874930879e-03
1.165000000000007141e+01 6.574178879764508605e-03
1.167000000000007098e+01 6.279058491811589406e-03
1.169000000000007056e+01 6.317712018860117962e-03
1.171000000000007013e+01 5.407473845592663045e-03
1.173000000000006970e+01 5.200926025564635291e-03
1.175000000000006928e+01 5.353393188639275768e-03
1.177000000000006885e+01 5.473843735796992717e-03
1.179000000000006843e+01 4.396271521992157170e-03
1.181000000000006800e+01 4.255582227388919267e-03
1.183000000000006757e+01 4.277281621865859119e-03
1.185000000000006715e+01 3.762955057569734689e-03
1.187000000000006672e+01 4.291811009579577993e-03
1.189000000000006629e+01 3.491476656934150175e-03
1.191000000000006587e+01 3.242622407026786967e-03
1.193000000000006544e+01 2.951153306749602478e-03
1.195000000000006501e+01 2.756903862407174971e-03
1.197000000000006459e+01 2.633376374705558454e-03
1.199000000000006416e+01 2.983368264897257038e-03
1.201000000000006374e+01 2.293621454221268265e-03
1.203000000000006331e+01 2.230395371445719702e-03
1.205000000000006288e+01 2.148542544760838682e-03
1.207000000000006246e+01 1.990563848021892606e-03
1.209000000000006203e+01 2.275708409368789285e-03
1.211000000000006160e+01 1.725205961295176978e-03
1.213000000000006118e+01 1.602398027401923932e-03
1.215000000000006075e+01 1.501833102693926007e-03
1.217000000000006033e+01 1.366480651684570235e-03
1.219000000000005990e+01 1.582172891055262307e-03
1.221000000000005947e+01 1.230837730447994658e-03
1.223000000000005905e+01 1.125319161402291981e-03
1.225000000000005862e+01 1.066352987297873459e-03
1.227000000000005819e+01 1.056259181844893457e-03
1.229000000000005777e+01 9.577017328520182581e-04
1.231000000000005734e+01 9.059623198459853741e-04
1.233000000000005691e+01 1.044626024033736694e-03
1.235000000000005649e+01 7.779188793509225373e-04
1.237000000000005606e+01 7.026383686832004009e-04
1.239000000000005564e+01 8.112267874841188903e-04
1.241000000000005521e+01 5.949223685545315188e-04
1.243000000000005478e+01 5.500878493629783811e-04
1.245000000000005436e+01 5.387341841114936516e-04
1.247000000000005393e+01 4.970151741534880284e-04
1.249000000000005350e+01 4.647348982982682486e-04
1.251000000000005308e+01 4.310069276348001913e-04
1.253000000000005265e+01 4.242604492644263679e-04
1.255000000000005222e+01 4.919209262559399694e-04
1.257000000000005180e+01 3.428529220851443942e-04
1.259000000000005137e+01 4.008501398867831593e-04
1.261000000000005095e+01 2.837533860263131611e-04
1.263000000000005052e+01 2.643143337801062329e-04
1.265000000000005009e+01 2.469145405706006397e-04
1.267000000000004967e+01 2.350813433213722211e-04
1.269000000000004924e+01 2.156256173775764669e-04
1.271000000000004881e+01 2.018643712423060790e-04
1.273000000000004839e+01 1.843467949833269980e-04
1.275000000000004796e+01 2.349503665404143588e-04
1.277000000000004754e+01 2.099842348641039688e-04
1.279000000000004711e+01 1.378864973967325943e-04
1.281000000000004668e+01 1.290186831555287597e-04
1.283000000000004626e+01 1.198752120993412098e-04
1.285000000000004583e+01 1.098930490432416083e-04
1.287000000000004540e+01 1.044664998709935550e-04
1.289000000000004498e+01 9.546512216515353063e-05
1.291000000000004455e+01 8.880468348832875865e-05
1.293000000000004412e+01 8.097193945892021101e-05
1.295000000000004370e+01 9.886949754675569940e-05
1.297000000000004327e+01 9.582296471374903541e-05
1.299000000000004285e+01 6.049124152452034140e-05
1.301000000000004242e+01 5.587339207866326966e-05
1.303000000000004199e+01 5.146071510535303757e-05
1.305000000000004157e+01 4.682855083502648978e-05
1.307000000000004114e+01 4.360579087593120535e-05
1.309000000000004071e+01 4.068591559490302350e-05
1.311000000000004029e+01 3.690151308718031846e-05
1.313000000000003986e+01 4.482340326878865008e-05
1.315000000000003944e+01 3.051032365679039204e-05
1.317000000000003901e+01 4.000831255477850024e-05
1.319000000000003858e+01 2.441044155947100599e-05
1.321000000000003816e+01 2.243783983423240297e-05
1.323000000000003773e+01 2.112568412918527697e-05
1.325000000000003730e+01 1.894453361871729485e-05
1.327000000000003688e+01 1.739699935518463532e-05
1.329000000000003645e+01 1.620472729154460835e-05
1.331000000000003602e+01 1.935928477405445778e-05
1.333000000000003560e+01 1.303994175147657273e-05
1.335000000000003517e+01 1.188413900813051879e-05
1.337000000000003475e+01 1.561076278506307060e-05
1.339000000000003432e+01 9.468199685257200557e-06
1.341000000000003389e+01 8.619519070441475426e-06
1.343000000000003347e+01 7.884612273886689143e-06
1.345000000000003304e+01 7.329904968976989962e-06
1.347000000000003261e+01 6.617778291687454168e-06
1.349000000000003219e+01 8.001946679684018935e-06
1.351000000000003176e+01 5.295092447429606374e-06
1.353000000000003133e+01 4.784324974964334563e-06
1.355000000000003091e+01 6.399320500920602959e-06
1.357000000000003048e+01 3.736794236966296251e-06
1.359000000000003006e+01 3.440510452625782582e-06
1.361000000000002963e+01 3.107420065440109359e-06
1.363000000000002920e+01 2.840004627966063386e-06
1.365000000000002878e+01 2.572200992253690936e-06
1.367000000000002835e+01 3.153330373244778450e-06
1.369000000000002792e+01 2.053733654111839505e-06
1.371000000000002750e+01 1.834699467953399808e-06
1.373000000000002707e+01 1.661568993624951465e-06
1.375000000000002665e+01 2.227502122924207101e-06
1.377000000000002622e+01 1.287783273568048427e-06
1.379000000000002579e+01 1.166845172314446111e-06
1.381000000000002537e+01 1.053448553836892261e-06
1.383000000000002494e+01 1.279459142016199089e-06
1.385000000000002451e+01 8.275181944940657960e-07
1.387000000000002409e+01 7.500913714136682984e-07
1.389000000000002366e+01 6.726066146959067962e-07
1.391000000000002323e+01 6.006901346234667772e-07
1.393000000000002281e+01 8.093589381666138705e-07
1.395000000000002238e+01 4.572159446303386968e-07
1.397000000000002196e+01 4.139391395105756975e-07
1.399000000000002153e+01 4.997545305112198330e-07
1.401000000000002110e+01 3.188596384722313450e-07
1.403000000000002068e+01 2.867182778480397113e-07
1.405000000000002025e+01 2.576757995785356487e-07
1.407000000000001982e+01 2.303482115880406760e-07
1.409000000000001940e+01 2.066494899101536441e-07
1.411000000000001897e+01 2.776364648958249313e-07
1.413000000000001855e+01 1.535644207883187403e-07
1.415000000000001812e+01 1.862665708393330586e-07
1.417000000000001769e+01 1.179568593416977431e-07
1.419000000000001727e+01 1.050753492387447478e-07
1.421000000000001684e+01 9.363022736270852251e-08
1.423000000000001641e+01 8.394225616906450764e-08
1.425000000000001599e+01 7.478442103806198966e-08
1.427000000000001556e+01 4.175689760800871810e-08
1.429000000000001513e+01 6.787116239804127425e-08
1.431000000000001471e+01 2.871671157896276452e-08
1.433000000000001428e+01 7.446305272639325429e-10
1.435000000000001386e+01 5.285536745571435605e-10
1.437000000000001343e+01 2.259257075836900720e-10
1.439000000000001300e+01 1.356355635166050151e-10
1.441000000000001258e+01 1.920798848112543652e-14
1.443000000000001215e+01 3.385711142144503198e-17
1.445000000000001172e+01 2.788513734847243784e-17
1.447000000000001130e+01 2.288069451893801339e-17
1.449000000000001087e+01 1.883122328282055816e-17
1.451000000000001044e+01 1.542191402208710893e-17
1.453000000000001002e+01 1.264448071933755340e-17
1.455000000000000959e+01 0.000000000000000000e+00
1.457000000000000917e+01 0.000000000000000000e+00
1.459000000000000874e+01 0.000000000000000000e+00
1.461000000000000831e+01 0.000000000000000000e+00
1.463000000000000789e+01 0.000000000000000000e+00
1.465000000000000746e+01 0.000000000000000000e+00
1.467000000000000703e+01 0.000000000000000000e+00
1.469000000000000661e+01 0.000000000000000000e+00
1.471000000000000618e+01 0.000000000000000000e+00
1.473000000000000576e+01 0.000000000000000000e+00
1.475000000000000533e+01 0.000000000000000000e+00
1.477000000000000490e+01 0.000000000000000000e+00
1.479000000000000448e+01 0.000000000000000000e+00
1.481000000000000405e+01 0.000000000000000000e+00
1.483000000000000362e+01 0.000000000000000000e+00
1.485000000000000320e+01 0.000000000000000000e+00
1.487000000000000277e+01 0.000000000000000000e+00
1.489000000000000234e+01 0.000000000000000000e+00
1.491000000000000192e+01 0.000000000000000000e+00
1.493000000000000149e+01 0.000000000000000000e+00
1.495000000000000107e+01 0.000000000000000000e+00
1.497000000000000064e+01 0.000000000000000000e+00
1.499000000000000021e+01 0.000000000000000000e+00
