# Redshift		Merger Rate Density [Gpc^-3yr^-1]
1.000000000031931770e-02 2.793017265905930024e+00
3.000000000031888964e-02 2.922742351184465015e+00
5.000000000031846331e-02 2.910443597786080971e+00
7.000000000031804392e-02 2.876834602539564578e+00
9.000000000031761760e-02 2.949737245411047315e+00
1.100000000003171913e-01 3.064862561837775612e+00
1.300000000003167511e-01 3.031494589862678612e+00
1.500000000003163247e-01 2.978707516705474401e+00
1.700000000003158984e-01 3.167443894550943551e+00
1.900000000003154721e-01 3.152093504476380481e+00
2.100000000003150458e-01 3.216295203237491851e+00
2.300000000003146194e-01 3.219196241604942443e+00
2.500000000003141931e-01 3.286826334619878942e+00
2.700000000003137668e-01 3.436184374689861265e+00
2.900000000003133405e-01 3.476076633508576208e+00
3.100000000003129141e-01 3.230361480312050837e+00
3.300000000003124878e-01 3.327615586595071395e+00
3.500000000003120615e-01 3.286709607347257478e+00
3.700000000003116352e-01 3.211314605038502190e+00
3.900000000003112088e-01 3.188666947850008260e+00
4.100000000003107825e-01 3.014899466534595174e+00
4.300000000003103562e-01 3.164434403688642927e+00
4.500000000003099299e-01 3.013519198236598307e+00
4.700000000003095035e-01 3.023500955942758139e+00
4.900000000003090772e-01 3.105504538692653416e+00
5.100000000003086509e-01 3.069438721836716066e+00
5.300000000003082246e-01 3.082418862500768686e+00
5.500000000003077982e-01 3.169148322150283636e+00
5.700000000003073719e-01 3.128788014588281374e+00
5.900000000003069456e-01 3.096867305653105973e+00
6.100000000003065193e-01 3.183146605976082455e+00
6.300000000003060929e-01 3.166972764411032149e+00
6.500000000003056666e-01 3.333749710936526167e+00
6.700000000003052403e-01 3.494595180089154152e+00
6.900000000003048140e-01 3.493553341319514782e+00
7.100000000003043876e-01 3.336118195469512049e+00
7.300000000003039613e-01 3.580542140378616622e+00
7.500000000003035350e-01 3.607209493295167935e+00
7.700000000003031086e-01 3.763434708822222863e+00
7.900000000003026823e-01 3.623221487530931206e+00
8.100000000003022560e-01 3.677964339950451578e+00
8.300000000003018297e-01 3.849336641743161813e+00
8.500000000003014033e-01 3.881291003469654832e+00
8.700000000003009770e-01 3.827711987096688251e+00
8.900000000003005507e-01 3.935274833866017730e+00
9.100000000003001244e-01 3.884520122507656215e+00
9.300000000002996980e-01 4.135026665061830364e+00
9.500000000002992717e-01 4.011266528490848415e+00
9.700000000002988454e-01 4.192674605885780892e+00
9.900000000002984191e-01 4.111477718053204278e+00
1.010000000000297993e+00 4.242039686209302829e+00
1.030000000000297566e+00 4.128165625577929099e+00
1.050000000000297140e+00 4.219198332000404505e+00
1.070000000000296714e+00 4.210512540301873941e+00
1.090000000000296287e+00 4.304735670338674325e+00
1.110000000000295861e+00 4.319952758607067622e+00
1.130000000000295435e+00 4.189200805454035503e+00
1.150000000000295008e+00 4.539759031043344883e+00
1.170000000000294582e+00 4.355806409249445288e+00
1.190000000000294156e+00 4.488677972101108971e+00
1.210000000000293729e+00 4.791523559949612654e+00
1.230000000000293303e+00 4.412180908356993392e+00
1.250000000000292877e+00 4.631115530225224042e+00
1.270000000000292451e+00 4.574926281527704752e+00
1.290000000000292024e+00 4.626188208815719349e+00
1.310000000000291598e+00 4.551416453082515190e+00
1.330000000000291172e+00 4.792354202063923374e+00
1.350000000000290745e+00 4.630562615921014924e+00
1.370000000000290319e+00 4.698970842456833275e+00
1.390000000000289893e+00 4.965339997814798068e+00
1.410000000000289466e+00 4.647635372499724582e+00
1.430000000000289040e+00 5.021961271967421148e+00
1.450000000000288614e+00 4.766958830113179779e+00
1.470000000000288187e+00 4.557998308571899138e+00
1.490000000000287761e+00 5.199574485368324339e+00
1.510000000000287335e+00 4.839277839312675411e+00
1.530000000000286908e+00 4.817469113998967600e+00
1.550000000000286482e+00 4.797707718971244262e+00
1.570000000000286056e+00 5.067280320906307978e+00
1.590000000000285629e+00 4.957776348277868728e+00
1.610000000000285203e+00 4.810340036274458164e+00
1.630000000000284777e+00 4.971526136822683739e+00
1.650000000000284350e+00 4.847370648489317091e+00
1.670000000000283924e+00 5.050977545272059999e+00
1.690000000000283498e+00 4.860527709644677508e+00
1.710000000000283071e+00 4.999115930851159462e+00
1.730000000000282645e+00 4.705134731983116936e+00
1.750000000000282219e+00 5.166203470605908343e+00
1.770000000000281792e+00 4.754749631198582627e+00
1.790000000000281366e+00 5.057961382814274209e+00
1.810000000000280940e+00 4.844387048780777860e+00
1.830000000000280513e+00 4.915116383353828944e+00
1.850000000000280087e+00 4.883515094103314524e+00
1.870000000000279661e+00 4.922643714683429650e+00
1.890000000000279234e+00 4.758067502541405425e+00
1.910000000000278808e+00 4.916886633489250258e+00
1.930000000000278382e+00 4.622088562149540003e+00
1.950000000000277955e+00 4.965805469986686482e+00
1.970000000000277529e+00 5.008540385266682549e+00
1.990000000000277103e+00 5.015405650216523625e+00
2.010000000000276899e+00 4.657566509982089542e+00
2.030000000000276472e+00 4.682758161327604363e+00
2.050000000000276046e+00 4.706098625108371181e+00
2.070000000000275620e+00 4.444276080866331746e+00
2.090000000000275193e+00 4.518198152967444869e+00
2.110000000000274767e+00 4.581451049999509806e+00
2.130000000000274341e+00 4.678409238595970798e+00
2.150000000000273914e+00 4.301845416126290012e+00
2.170000000000273488e+00 4.514656737774046746e+00
2.190000000000273062e+00 4.212068636378447195e+00
2.210000000000272635e+00 4.336285403388298931e+00
2.230000000000272209e+00 4.371834614762368787e+00
2.250000000000271783e+00 4.319575541101675853e+00
2.270000000000271356e+00 4.125220438353697894e+00
2.290000000000270930e+00 4.095060747331211282e+00
2.310000000000270504e+00 4.230355079410428765e+00
2.330000000000270077e+00 4.234610668145147194e+00
2.350000000000269651e+00 3.963040544364166529e+00
2.370000000000269225e+00 3.955014878557134406e+00
2.390000000000268798e+00 3.965610101020513589e+00
2.410000000000268372e+00 4.029271315353335936e+00
2.430000000000267946e+00 3.982086261626026857e+00
2.450000000000267519e+00 3.855488798234922410e+00
2.470000000000267093e+00 3.807975466873235071e+00
2.490000000000266667e+00 3.920137178012434553e+00
2.510000000000266240e+00 3.675074141837050945e+00
2.530000000000265814e+00 3.621663959403195854e+00
2.550000000000265388e+00 3.896876310096006879e+00
2.570000000000264961e+00 3.594310663816108420e+00
2.590000000000264535e+00 3.561167850291163006e+00
2.610000000000264109e+00 3.458682534457380608e+00
2.630000000000263682e+00 3.594621790311964826e+00
2.650000000000263256e+00 3.439218421484928179e+00
2.670000000000262830e+00 3.378672326192553310e+00
2.690000000000262403e+00 3.394996300472014727e+00
2.710000000000261977e+00 3.380168746623904763e+00
2.730000000000261551e+00 3.325907912927327459e+00
2.750000000000261124e+00 3.175624500588384080e+00
2.770000000000260698e+00 3.281456999692254239e+00
2.790000000000260272e+00 3.174940849017952704e+00
2.810000000000259845e+00 3.192276353265695921e+00
2.830000000000259419e+00 3.116875498166340464e+00
2.850000000000258993e+00 3.101963251438283109e+00
2.870000000000258567e+00 3.102449079678069044e+00
2.890000000000258140e+00 2.962085597027785511e+00
2.910000000000257714e+00 2.991123634100701700e+00
2.930000000000257288e+00 3.051234620089420257e+00
2.950000000000256861e+00 2.852518523161167163e+00
2.970000000000256435e+00 2.862215754268113699e+00
2.990000000000256009e+00 2.778848745351336191e+00
3.010000000000255582e+00 2.760573694564245617e+00
3.030000000000255156e+00 2.706256190392805738e+00
3.050000000000254730e+00 2.693219132968840412e+00
3.070000000000254303e+00 2.694840725975178763e+00
3.090000000000253877e+00 2.544483738639530035e+00
3.110000000000253451e+00 2.652179898330234487e+00
3.130000000000253024e+00 2.528063839189600426e+00
3.150000000000252598e+00 2.524129074249867433e+00
3.170000000000252172e+00 2.490402244351610950e+00
3.190000000000251745e+00 2.456837362588456752e+00
3.210000000000251319e+00 2.468832191284278110e+00
3.230000000000250893e+00 2.355633642932172922e+00
3.250000000000250466e+00 2.372444634582121292e+00
3.270000000000250040e+00 2.356408549911058969e+00
3.290000000000249614e+00 2.308759612923923399e+00
3.310000000000249187e+00 2.256826598377640547e+00
3.330000000000248761e+00 2.221996724624078379e+00
3.350000000000248335e+00 2.298993901941191353e+00
3.370000000000247908e+00 2.214880021012644029e+00
3.390000000000247482e+00 2.379822779638736119e+00
3.410000000000247056e+00 2.214801248713746507e+00
3.430000000000246629e+00 2.184762984595008728e+00
3.450000000000246203e+00 2.050931458549925424e+00
3.470000000000245777e+00 2.072084211449092717e+00
3.490000000000245350e+00 2.054141746660570256e+00
3.510000000000244924e+00 2.025765100269354413e+00
3.530000000000244498e+00 2.023733388522582555e+00
3.550000000000244071e+00 1.968462895182824912e+00
3.570000000000243645e+00 2.016275727800272755e+00
3.590000000000243219e+00 1.874105912464683055e+00
3.610000000000242792e+00 1.902235084938897591e+00
3.630000000000242366e+00 1.927044432987180089e+00
3.650000000000241940e+00 2.037794361938289001e+00
3.670000000000241513e+00 1.898551909109547298e+00
3.690000000000241087e+00 1.766199038669473698e+00
3.710000000000240661e+00 1.859128069172930831e+00
3.730000000000240234e+00 1.813862849028291313e+00
3.750000000000239808e+00 1.704285990638976456e+00
3.770000000000239382e+00 1.756732269919176082e+00
3.790000000000238956e+00 1.663086170877856373e+00
3.810000000000238529e+00 1.665043427431559531e+00
3.830000000000238103e+00 1.666259793279150081e+00
3.850000000000237677e+00 1.592939610146589358e+00
3.870000000000237250e+00 1.640462994734411151e+00
3.890000000000236824e+00 1.649438941585936069e+00
3.910000000000236398e+00 1.570090792576794847e+00
3.930000000000235971e+00 1.564846837105166477e+00
3.950000000000235545e+00 1.531550886702419456e+00
3.970000000000235119e+00 1.531273074209503982e+00
3.990000000000234692e+00 1.498985752826931472e+00
4.010000000000234266e+00 1.474159475754783344e+00
4.030000000000233840e+00 1.527428289817723384e+00
4.050000000000233413e+00 1.462264213207657981e+00
4.070000000000232987e+00 1.458866822596869284e+00
4.090000000000232561e+00 1.441157323412836089e+00
4.110000000000232134e+00 1.410729762577861646e+00
4.130000000000231708e+00 1.394797805927425527e+00
4.150000000000231282e+00 1.393259526631991596e+00
4.170000000000230855e+00 1.415303726571645271e+00
4.190000000000230429e+00 1.398248005478328615e+00
4.210000000000230003e+00 1.337237586462443950e+00
4.230000000000229576e+00 1.321350671044604352e+00
4.250000000000229150e+00 1.340288013176421433e+00
4.270000000000228724e+00 1.314622537160448301e+00
4.290000000000228297e+00 1.286518324945166825e+00
4.310000000000227871e+00 1.276951493399484772e+00
4.330000000000227445e+00 1.342093396746178335e+00
4.350000000000227018e+00 1.302900292304318919e+00
4.370000000000226592e+00 1.339091174419936969e+00
4.390000000000226166e+00 1.323113916050103533e+00
4.410000000000225739e+00 1.464006571106961196e+00
4.430000000000225313e+00 1.255825949724423518e+00
4.450000000000224887e+00 1.223876821945328874e+00
4.470000000000224460e+00 1.247832697581456873e+00
4.490000000000224034e+00 1.186348938122028684e+00
4.510000000000223608e+00 1.156673186970035072e+00
4.530000000000223181e+00 1.222340502463076906e+00
4.550000000000222755e+00 1.181476432491333384e+00
4.570000000000222329e+00 1.172054399489975696e+00
4.590000000000221902e+00 1.152619196481238451e+00
4.610000000000221476e+00 1.145137818167520027e+00
4.630000000000221050e+00 1.138667808841552942e+00
4.650000000000220624e+00 1.127304130086740575e+00
4.670000000000220197e+00 1.089494050694826299e+00
4.690000000000219771e+00 1.102183970589044382e+00
4.710000000000219345e+00 1.124223477944525262e+00
4.730000000000218918e+00 1.064186242212486810e+00
4.750000000000218492e+00 1.059472692559938922e+00
4.770000000000218066e+00 1.043706323155671578e+00
4.790000000000217639e+00 1.034430416631178407e+00
4.810000000000217213e+00 1.029118843023775653e+00
4.830000000000216787e+00 1.019173195096187756e+00
4.850000000000216360e+00 1.020686355401030809e+00
4.870000000000215934e+00 9.932714668173996397e-01
4.890000000000215508e+00 9.829119481165544681e-01
4.910000000000215081e+00 9.756316454544440298e-01
4.930000000000214655e+00 9.853433517806258202e-01
4.950000000000214229e+00 9.671837832358518572e-01
4.970000000000213802e+00 9.496511909107810956e-01
4.990000000000213376e+00 9.379027008990988845e-01
5.010000000000212950e+00 9.332481372154336485e-01
5.030000000000212523e+00 9.485407948470210293e-01
5.050000000000212097e+00 9.169287336628705321e-01
5.070000000000211671e+00 9.129058125909279564e-01
5.090000000000211244e+00 9.313066523503605865e-01
5.110000000000210818e+00 9.030984668579613572e-01
5.130000000000210392e+00 9.598339038011167723e-01
5.150000000000209965e+00 9.904231496137588797e-01
5.170000000000209539e+00 9.833158423239551915e-01
5.190000000000209113e+00 9.524320034556915671e-01
5.210000000000208686e+00 9.094162490865151938e-01
5.230000000000208260e+00 8.407078374046949021e-01
5.250000000000207834e+00 9.056634938521898048e-01
5.270000000000207407e+00 8.264754993213121459e-01
5.290000000000206981e+00 8.171525203311450491e-01
5.310000000000206555e+00 8.395061497615885493e-01
5.330000000000206128e+00 8.525809483520945253e-01
5.350000000000205702e+00 8.128475295501521591e-01
5.370000000000205276e+00 7.871804601309806415e-01
5.390000000000204849e+00 7.962247431956743782e-01
5.410000000000204423e+00 7.701924190445029739e-01
5.430000000000203997e+00 8.307803719943902543e-01
5.450000000000203570e+00 7.571784306777971096e-01
5.470000000000203144e+00 7.747880523070387326e-01
5.490000000000202718e+00 7.379507738519803794e-01
5.510000000000202292e+00 7.347979993688271705e-01
5.530000000000201865e+00 7.434910085004500235e-01
5.550000000000201439e+00 7.145524894869201837e-01
5.570000000000201013e+00 7.101753757333819639e-01
5.590000000000200586e+00 7.025070122988518184e-01
5.610000000000200160e+00 6.917306984325894970e-01
5.630000000000199734e+00 6.911168619109168132e-01
5.650000000000199307e+00 6.768895722129690817e-01
5.670000000000198881e+00 6.685071266799026413e-01
5.690000000000198455e+00 6.662722094344777357e-01
5.710000000000198028e+00 6.587784954076122412e-01
5.730000000000197602e+00 6.724380716654215773e-01
5.750000000000197176e+00 6.375107103353386817e-01
5.770000000000196749e+00 6.819831588209174233e-01
5.790000000000196323e+00 6.334548194416080857e-01
5.810000000000195897e+00 6.950923961322819089e-01
5.830000000000195470e+00 7.207379937157732952e-01
5.850000000000195044e+00 6.307990987831192387e-01
5.870000000000194618e+00 6.359781360864270594e-01
5.890000000000194191e+00 5.827371573658473025e-01
5.910000000000193765e+00 6.184246895088777451e-01
5.930000000000193339e+00 5.611635244089911989e-01
5.950000000000192912e+00 5.533902054515670299e-01
5.970000000000192486e+00 5.490002194226963894e-01
5.990000000000192060e+00 5.612599420088922875e-01
6.010000000000191633e+00 5.615807234709143669e-01
6.030000000000191207e+00 5.214006094377782174e-01
6.050000000000190781e+00 5.162825992123486474e-01
6.070000000000190354e+00 5.138929392630119386e-01
6.090000000000189928e+00 5.199487126264874526e-01
6.110000000000189502e+00 5.116109845548534318e-01
6.130000000000189075e+00 4.839213338103957596e-01
6.150000000000188649e+00 4.953356939569318884e-01
6.170000000000188223e+00 4.660275985559505507e-01
6.190000000000187796e+00 4.590239926105806334e-01
6.210000000000187370e+00 4.532011048550601551e-01
6.230000000000186944e+00 4.447158102541921565e-01
6.250000000000186517e+00 4.377689931140232860e-01
6.270000000000186091e+00 4.279568884630251535e-01
6.290000000000185665e+00 4.409839015020833308e-01
6.310000000000185238e+00 4.125407424327089956e-01
6.330000000000184812e+00 4.413593989742271573e-01
6.350000000000184386e+00 4.018169050418220478e-01
6.370000000000183960e+00 4.429393430408794519e-01
6.390000000000183533e+00 4.380368205867732345e-01
6.410000000000183107e+00 4.112754322389831074e-01
6.430000000000182681e+00 3.970378686015924585e-01
6.450000000000182254e+00 3.568154098360923343e-01
6.470000000000181828e+00 3.488737592347850303e-01
6.490000000000181402e+00 3.735299377002824772e-01
6.510000000000180975e+00 3.347635803855311676e-01
6.530000000000180549e+00 3.273513726899932030e-01
6.550000000000180123e+00 3.202690597195919642e-01
6.570000000000179696e+00 3.280303011692977666e-01
6.590000000000179270e+00 3.242776074740165160e-01
6.610000000000178844e+00 2.991922295919863251e-01
6.630000000000178417e+00 2.925813182471889151e-01
6.650000000000177991e+00 2.892890966421868826e-01
6.670000000000177565e+00 2.795618579817202298e-01
6.690000000000177138e+00 2.986526383907848192e-01
6.710000000000176712e+00 2.660351191673090421e-01
6.730000000000176286e+00 2.723752498590622517e-01
6.750000000000175859e+00 2.532736226451149375e-01
6.770000000000175433e+00 2.472040604699798083e-01
6.790000000000175007e+00 2.526249274840802750e-01
6.810000000000174580e+00 2.350029876218303615e-01
6.830000000000174154e+00 2.398453979033303429e-01
6.850000000000173728e+00 2.350805192330302495e-01
6.870000000000173301e+00 2.471957046086017962e-01
6.890000000000172875e+00 2.201214547215483430e-01
6.910000000000172449e+00 2.349334466607960470e-01
6.930000000000172022e+00 2.090322039032320722e-01
6.950000000000171596e+00 2.105382324236513003e-01
6.970000000000171170e+00 1.866226978422073912e-01
6.990000000000170743e+00 1.988030673868615150e-01
7.010000000000170317e+00 1.761342172232230052e-01
7.030000000000169891e+00 1.711561279570134320e-01
7.050000000000169464e+00 1.661915495354264471e-01
7.070000000000169038e+00 1.613283595478476884e-01
7.090000000000168612e+00 1.641225003009493810e-01
7.110000000000168185e+00 1.600216861086302678e-01
7.130000000000167759e+00 1.470815270651982531e-01
7.150000000000167333e+00 1.426090053991113660e-01
7.170000000000166906e+00 1.391222410809689336e-01
7.190000000000166480e+00 1.340813063987713327e-01
7.210000000000166054e+00 1.361296753891151623e-01
7.230000000000165628e+00 1.316604579693283483e-01
7.250000000000165201e+00 1.271155672570130069e-01
7.270000000000164775e+00 1.230248101846756481e-01
7.290000000000164349e+00 1.239439317710193528e-01
7.310000000000163922e+00 1.098440538134676514e-01
7.330000000000163496e+00 1.205318793302882774e-01
7.350000000000163070e+00 1.063480763177285515e-01
7.370000000000162643e+00 1.124241039045801305e-01
7.390000000000162217e+00 9.896242262215936003e-02
7.410000000000161791e+00 9.925964621145665079e-02
7.430000000000161364e+00 8.713016094540267098e-02
7.450000000000160938e+00 8.406058535723226477e-02
7.470000000000160512e+00 8.888060968970180886e-02
7.490000000000160085e+00 7.788582961057885501e-02
7.510000000000159659e+00 7.506429504582960710e-02
7.530000000000159233e+00 7.233200116453526729e-02
7.550000000000158806e+00 7.308933448582677350e-02
7.570000000000158380e+00 7.045275170730999625e-02
7.590000000000157954e+00 6.428968631244365295e-02
7.610000000000157527e+00 6.185257914683782443e-02
7.630000000000157101e+00 5.949597759675553238e-02
7.650000000000156675e+00 5.741795554501304133e-02
7.670000000000156248e+00 5.752658629448315075e-02
7.690000000000155822e+00 5.529432481300607799e-02
7.710000000000155396e+00 5.769569086155867249e-02
7.730000000000154969e+00 4.831094058961066945e-02
7.750000000000154543e+00 5.501039626660968185e-02
7.770000000000154117e+00 4.392376954128714844e-02
7.790000000000153690e+00 5.026109371076528665e-02
7.810000000000153264e+00 4.202556793875251995e-02
7.830000000000152838e+00 4.189123074676179975e-02
7.850000000000152411e+00 3.642724634630786773e-02
7.870000000000151985e+00 3.487201803326061417e-02
7.890000000000151559e+00 3.660141642402342521e-02
7.910000000000151132e+00 3.176753558556581758e-02
7.930000000000150706e+00 3.037950901973512571e-02
7.950000000000150280e+00 2.903793755299406004e-02
7.970000000000149853e+00 2.774744720004743842e-02
7.990000000000149427e+00 2.779246607099622110e-02
8.010000000000149001e+00 2.653389301139475950e-02
8.030000000000148574e+00 2.402222763699106423e-02
8.050000000000148148e+00 2.398630048816985036e-02
8.070000000000147722e+00 2.179968656306595365e-02
8.090000000000147296e+00 2.179590819836208296e-02
8.110000000000146869e+00 2.066961983652709778e-02
8.130000000000146443e+00 1.972617059028521427e-02
8.150000000000146017e+00 2.120077327173064061e-02
8.170000000000145590e+00 1.915491021893136331e-02
8.190000000000145164e+00 1.741181053091999179e-02
8.210000000000144738e+00 1.570567480562037530e-02
8.230000000000144311e+00 1.554234716257038400e-02
8.250000000000143885e+00 1.339112856357873790e-02
8.270000000000143459e+00 1.271632959465321053e-02
8.290000000000143032e+00 1.324447295783840427e-02
8.310000000000142606e+00 1.138713793690553609e-02
8.330000000000142180e+00 1.080015909758506171e-02
8.350000000000141753e+00 1.023890125096926264e-02
8.370000000000141327e+00 9.703107608847929416e-03
8.390000000000140901e+00 9.640269356177321933e-03
8.410000000000140474e+00 9.515767018212091186e-03
8.430000000000140048e+00 8.163178602312307769e-03
8.450000000000139622e+00 7.722944141484258153e-03
8.470000000000139195e+00 7.980329367617144606e-03
8.490000000000138769e+00 6.881707178755825174e-03
8.510000000000138343e+00 7.389914998732936662e-03
8.530000000000137916e+00 6.067284104812629975e-03
8.550000000000137490e+00 7.116406726427403073e-03
8.570000000000137064e+00 5.833950126647644702e-03
8.590000000000136637e+00 5.463338054814211205e-03
8.610000000000136211e+00 4.909316365353307877e-03
8.630000000000135785e+00 4.383776218463853597e-03
8.650000000000135358e+00 4.128715209125704416e-03
8.670000000000134932e+00 4.264258941474491187e-03
8.690000000000134506e+00 3.633408139992515273e-03
8.710000000000134079e+00 3.417563065039528215e-03
8.730000000000133653e+00 3.213040366451661890e-03
8.750000000000133227e+00 3.157451731025488328e-03
8.770000000000132800e+00 2.965933878565264834e-03
8.790000000000132374e+00 2.778300121118544921e-03
8.810000000000131948e+00 2.587981069151632819e-03
8.830000000000131521e+00 2.422167646942378384e-03
8.850000000000131095e+00 2.261686715145790408e-03
8.870000000000130669e+00 2.208623599863727104e-03
8.890000000000130242e+00 2.143697697759731034e-03
8.910000000000129816e+00 1.822804949194580491e-03
8.930000000000129390e+00 1.866922339577512186e-03
8.950000000000128964e+00 1.645510345131035715e-03
8.970000000000128537e+00 1.393607913322266823e-03
8.990000000000128111e+00 1.370029219748574193e-03
9.010000000000127685e+00 1.329292380428273882e-03
9.030000000000127258e+00 1.122937718799038153e-03
9.050000000000126832e+00 1.047916693054230623e-03
9.070000000000126406e+00 9.774644642228510691e-04
9.090000000000125979e+00 9.526373115519229254e-04
9.110000000000125553e+00 8.462742576890216464e-04
9.130000000000125127e+00 8.627631498995178266e-04
9.150000000000124700e+00 7.982239587096321125e-04
9.170000000000124274e+00 6.730562173225268377e-04
9.190000000000123848e+00 7.121224459725419191e-04
9.210000000000123421e+00 5.751303506526372206e-04
9.230000000000122995e+00 6.096898413266264860e-04
9.250000000000122569e+00 5.370939976861874516e-04
9.270000000000122142e+00 4.947534925647485487e-04
9.290000000000121716e+00 4.590443890203732384e-04
9.310000000000121290e+00 3.824071126544752392e-04
9.330000000000120863e+00 3.544568590982488210e-04
9.350000000000120437e+00 3.772328884916971220e-04
9.370000000000120011e+00 3.002404535894659127e-04
9.390000000000119584e+00 2.903703621387846443e-04
9.410000000000119158e+00 2.560606983263311260e-04
9.430000000000118732e+00 2.367620601109414057e-04
9.450000000000118305e+00 2.393989016891897453e-04
9.470000000000117879e+00 2.096397570544428061e-04
9.490000000000117453e+00 2.019508186255688652e-04
9.510000000000117026e+00 1.841491194124839309e-04
9.530000000000116600e+00 1.614150730847899141e-04
9.550000000000116174e+00 1.614236820748570736e-04
9.570000000000115747e+00 1.349920690534052307e-04
9.590000000000115321e+00 1.292860246560441015e-04
9.610000000000114895e+00 1.077782975810472575e-04
9.630000000000114468e+00 1.043114784710098131e-04
9.650000000000114042e+00 9.547719029419352347e-05
9.670000000000113616e+00 9.096040750844125379e-05
9.690000000000113189e+00 7.888059624170767588e-05
9.710000000000112763e+00 7.273417250139774031e-05
9.730000000000112337e+00 6.304166126385856578e-05
9.750000000000111910e+00 6.298291782841437315e-05
9.770000000000111484e+00 5.255564681445462481e-05
9.790000000000111058e+00 5.268161115942345641e-05
9.810000000000110632e+00 4.983120827232414874e-05
9.830000000000110205e+00 4.123548908321356544e-05
9.850000000000109779e+00 4.088123147535447223e-05
9.870000000000109353e+00 3.388866623362423645e-05
9.890000000000108926e+00 3.220346590364871263e-05
9.910000000000108500e+00 2.663342818802760396e-05
9.930000000000108074e+00 2.430269696366479926e-05
9.950000000000107647e+00 2.333040589292244434e-05
9.970000000000107221e+00 2.395553532438611090e-05
9.990000000000106795e+00 1.796768147048512018e-05
1.001000000000010637e+01 1.636501787398849333e-05
1.003000000000010594e+01 1.635374375306741833e-05
1.005000000000010552e+01 1.401645493142801979e-05
1.007000000000010509e+01 1.214406710116108481e-05
1.009000000000010466e+01 1.306047214294188337e-05
1.011000000000010424e+01 9.833632792573212303e-06
1.013000000000010381e+01 1.059443829175827982e-05
1.015000000000010338e+01 8.673358961745712071e-06
1.017000000000010296e+01 7.126745581977667403e-06
1.019000000000010253e+01 7.063023366210775069e-06
1.021000000000010210e+01 5.791612565343929580e-06
1.023000000000010168e+01 5.242524832213870387e-06
1.025000000000010125e+01 4.945879411491871512e-06
1.027000000000010083e+01 4.901141052489561131e-06
1.029000000000010040e+01 4.000426667269177881e-06
1.031000000000009997e+01 3.707049123200954159e-06
1.033000000000009955e+01 3.048437764554407298e-06
1.035000000000009912e+01 3.021687382980104345e-06
1.037000000000009869e+01 2.671221773101663051e-06
1.039000000000009827e+01 2.298123379345159430e-06
1.041000000000009784e+01 2.325044001396428811e-06
1.043000000000009742e+01 1.886454886548109194e-06
1.045000000000009699e+01 1.537182872306401668e-06
1.047000000000009656e+01 1.511231546216862361e-06
1.049000000000009614e+01 1.228883970897827056e-06
1.051000000000009571e+01 1.150491172628565776e-06
1.053000000000009528e+01 1.032771801202169583e-06
1.055000000000009486e+01 9.217179757448644525e-07
1.057000000000009443e+01 8.935828602733382569e-07
1.059000000000009400e+01 7.291692955812494080e-07
1.061000000000009358e+01 6.152686169274448938e-07
1.063000000000009315e+01 6.228891897660784721e-07
1.065000000000009273e+01 5.120117083839254576e-07
1.067000000000009230e+01 5.098703822418131974e-07
1.069000000000009187e+01 4.125761139941730929e-07
1.071000000000009145e+01 3.472003771270667243e-07
1.073000000000009102e+01 3.218280527706773657e-07
1.075000000000009059e+01 2.704695961707615538e-07
1.077000000000009017e+01 2.302758130440173377e-07
1.079000000000008974e+01 2.052063327353302701e-07
1.081000000000008932e+01 2.075880296484398441e-07
1.083000000000008889e+01 1.665895900223938900e-07
1.085000000000008846e+01 1.490705239390156055e-07
1.087000000000008804e+01 1.369963480023381118e-07
1.089000000000008761e+01 1.189828860601627228e-07
1.091000000000008718e+01 9.609075022281315798e-08
1.093000000000008676e+01 1.055501805852219652e-07
1.095000000000008633e+01 7.988952182475373630e-08
1.097000000000008590e+01 6.747866184899490657e-08
1.099000000000008548e+01 6.162463574246385501e-08
1.101000000000008505e+01 5.135211582279442030e-08
1.103000000000008463e+01 4.339247573299318083e-08
1.105000000000008420e+01 3.836773369845993462e-08
1.107000000000008377e+01 3.848994928986224111e-08
1.109000000000008335e+01 3.062580308252018557e-08
1.111000000000008292e+01 2.578973368865873917e-08
1.113000000000008249e+01 2.687521954470712648e-08
1.115000000000008207e+01 2.064844663904379255e-08
1.117000000000008164e+01 1.932459214608885268e-08
1.119000000000008122e+01 1.617343794853220616e-08
1.121000000000008079e+01 1.415022411767706934e-08
1.123000000000008036e+01 1.314623509256407103e-08
1.125000000000007994e+01 9.508846857317573183e-09
1.127000000000007951e+01 8.350994754537475046e-09
1.129000000000007908e+01 7.329942623036022209e-09
1.131000000000007866e+01 7.255592625589668288e-09
1.133000000000007823e+01 5.795682980739933351e-09
1.135000000000007780e+01 4.812951869908800719e-09
1.137000000000007738e+01 4.742663302580897040e-09
1.139000000000007695e+01 3.822556775432874665e-09
1.141000000000007653e+01 3.720762377811540387e-09
1.143000000000007610e+01 2.785737721971151253e-09
1.145000000000007567e+01 2.535717190343967859e-09
1.147000000000007525e+01 2.248557371316586166e-09
1.149000000000007482e+01 1.896888045941802957e-09
1.151000000000007439e+01 1.459566729422113497e-09
1.153000000000007397e+01 1.322888212533072560e-09
1.155000000000007354e+01 1.144865303733675683e-09
1.157000000000007311e+01 1.041022997450938008e-09
1.159000000000007269e+01 8.826948420305900901e-10
1.161000000000007226e+01 7.285794294961728967e-10
1.163000000000007184e+01 6.033308834240408526e-10
1.165000000000007141e+01 6.193793403106772941e-10
1.167000000000007098e+01 4.859112710592361056e-10
1.169000000000007056e+01 4.263286569434896666e-10
1.171000000000007013e+01 3.477281854719905274e-10
1.173000000000006970e+01 2.866198171168781187e-10
1.175000000000006928e+01 2.571935111628700888e-10
1.177000000000006885e+01 2.065605263526186313e-10
1.179000000000006843e+01 1.784633166189674374e-10
1.181000000000006800e+01 1.529647043095112708e-10
1.183000000000006757e+01 1.404215105057039735e-10
1.185000000000006715e+01 1.056592132708190535e-10
1.187000000000006672e+01 1.024595449758331331e-10
1.189000000000006629e+01 8.006139771250336004e-11
1.191000000000006587e+01 7.850841047632373109e-11
1.193000000000006544e+01 6.225582296627611713e-11
1.195000000000006501e+01 4.581634565372119342e-11
1.197000000000006459e+01 4.296401739697495389e-11
1.199000000000006416e+01 3.665563788417845655e-11
1.201000000000006374e+01 2.803029872480937960e-11
1.203000000000006331e+01 2.627837076570913571e-11
1.205000000000006288e+01 2.271881421880219398e-11
1.207000000000006246e+01 1.697485170648272420e-11
1.209000000000006203e+01 1.632581171665355220e-11
1.211000000000006160e+01 1.309840085941467215e-11
1.213000000000006118e+01 1.067603497663389350e-11
1.215000000000006075e+01 9.941191229119858942e-12
1.217000000000006033e+01 8.030164259945045300e-12
1.219000000000005990e+01 6.258449593827163494e-12
1.221000000000005947e+01 5.570459336363747569e-12
1.223000000000005905e+01 4.546547324601103781e-12
1.225000000000005862e+01 4.213793506021882899e-12
1.227000000000005819e+01 3.082183004747587994e-12
1.229000000000005777e+01 2.498079279755965990e-12
1.231000000000005734e+01 2.382430475725589918e-12
1.233000000000005691e+01 1.896028170055742061e-12
1.235000000000005649e+01 1.533995264440409629e-12
1.237000000000005606e+01 1.343289644157352343e-12
1.239000000000005564e+01 1.248321826258472422e-12
1.241000000000005521e+01 8.709654106060549284e-13
1.243000000000005478e+01 7.426305152681567192e-13
1.245000000000005436e+01 5.895054658661849317e-13
1.247000000000005393e+01 6.336208764851983272e-13
1.249000000000005350e+01 3.986451301107496376e-13
1.251000000000005308e+01 3.772182503694891009e-13
1.253000000000005265e+01 2.979514012445143938e-13
1.255000000000005222e+01 2.394072799516477204e-13
1.257000000000005180e+01 1.917920862356851320e-13
1.259000000000005137e+01 1.807597247666041764e-13
1.261000000000005095e+01 1.523351145008549769e-13
1.263000000000005052e+01 1.149046877776311263e-13
1.265000000000005009e+01 9.438268328285532992e-14
1.267000000000004967e+01 8.622036223151979128e-14
1.269000000000004924e+01 6.316864113593571197e-14
1.271000000000004881e+01 6.110057408408378503e-14
1.273000000000004839e+01 4.171966704070655539e-14
1.275000000000004796e+01 3.461791469831462238e-14
1.277000000000004754e+01 2.753899873617105123e-14
1.279000000000004711e+01 2.574505517629666839e-14
1.281000000000004668e+01 1.940741327503748248e-14
1.283000000000004626e+01 1.730198769628742313e-14
1.285000000000004583e+01 1.344637919575386698e-14
1.287000000000004540e+01 1.210879543155188099e-14
1.289000000000004498e+01 9.123916557079001095e-15
1.291000000000004455e+01 7.833327913060447618e-15
1.293000000000004412e+01 6.096822321768877710e-15
1.295000000000004370e+01 4.634968110420178874e-15
1.297000000000004327e+01 3.662060205388107883e-15
1.299000000000004285e+01 3.396104586738081126e-15
1.301000000000004242e+01 2.539929271326210442e-15
1.303000000000004199e+01 2.121957753521762110e-15
1.305000000000004157e+01 1.874310893378922510e-15
1.307000000000004114e+01 1.533350397919379052e-15
1.309000000000004071e+01 1.188771730270013156e-15
1.311000000000004029e+01 9.498722757487942411e-16
1.313000000000003986e+01 7.131124116559122491e-16
1.315000000000003944e+01 6.250516558804783902e-16
1.317000000000003901e+01 4.677003976661643935e-16
1.319000000000003858e+01 4.140519406426134780e-16
1.321000000000003816e+01 2.937266600573924926e-16
1.323000000000003773e+01 2.553546188823922129e-16
1.325000000000003730e+01 2.169155945421187894e-16
1.327000000000003688e+01 1.769613435753270655e-16
1.329000000000003645e+01 1.506025893480893897e-16
1.331000000000003602e+01 1.033165678663493067e-16
1.333000000000003560e+01 7.975913967140616067e-17
1.335000000000003517e+01 6.802038901178388377e-17
1.337000000000003475e+01 6.135859314306027476e-17
1.339000000000003432e+01 3.793598712509977872e-17
1.341000000000003389e+01 3.331014801204174073e-17
1.343000000000003347e+01 2.872685124293682329e-17
1.345000000000003304e+01 1.940540376160267644e-17
1.347000000000003261e+01 2.039313912858923402e-17
1.349000000000003219e+01 1.843145501684876058e-17
1.351000000000003176e+01 1.150237765691965423e-17
1.353000000000003133e+01 9.655010363336413402e-18
1.355000000000003091e+01 7.485987509240144269e-18
1.357000000000003048e+01 3.932693004321335575e-18
1.359000000000003006e+01 1.783968616187583221e-18
1.361000000000002963e+01 1.068871974986947046e-18
1.363000000000002920e+01 0.000000000000000000e+00
1.365000000000002878e+01 0.000000000000000000e+00
1.367000000000002835e+01 0.000000000000000000e+00
1.369000000000002792e+01 0.000000000000000000e+00
1.371000000000002750e+01 0.000000000000000000e+00
1.373000000000002707e+01 0.000000000000000000e+00
1.375000000000002665e+01 0.000000000000000000e+00
1.377000000000002622e+01 0.000000000000000000e+00
1.379000000000002579e+01 0.000000000000000000e+00
1.381000000000002537e+01 0.000000000000000000e+00
1.383000000000002494e+01 0.000000000000000000e+00
1.385000000000002451e+01 0.000000000000000000e+00
1.387000000000002409e+01 0.000000000000000000e+00
1.389000000000002366e+01 0.000000000000000000e+00
1.391000000000002323e+01 0.000000000000000000e+00
1.393000000000002281e+01 0.000000000000000000e+00
1.395000000000002238e+01 0.000000000000000000e+00
1.397000000000002196e+01 0.000000000000000000e+00
1.399000000000002153e+01 0.000000000000000000e+00
1.401000000000002110e+01 0.000000000000000000e+00
1.403000000000002068e+01 0.000000000000000000e+00
1.405000000000002025e+01 0.000000000000000000e+00
1.407000000000001982e+01 0.000000000000000000e+00
1.409000000000001940e+01 0.000000000000000000e+00
1.411000000000001897e+01 0.000000000000000000e+00
1.413000000000001855e+01 0.000000000000000000e+00
1.415000000000001812e+01 0.000000000000000000e+00
1.417000000000001769e+01 0.000000000000000000e+00
1.419000000000001727e+01 0.000000000000000000e+00
1.421000000000001684e+01 0.000000000000000000e+00
1.423000000000001641e+01 0.000000000000000000e+00
1.425000000000001599e+01 0.000000000000000000e+00
1.427000000000001556e+01 0.000000000000000000e+00
1.429000000000001513e+01 0.000000000000000000e+00
1.431000000000001471e+01 0.000000000000000000e+00
1.433000000000001428e+01 0.000000000000000000e+00
1.435000000000001386e+01 0.000000000000000000e+00
1.437000000000001343e+01 0.000000000000000000e+00
1.439000000000001300e+01 0.000000000000000000e+00
1.441000000000001258e+01 0.000000000000000000e+00
1.443000000000001215e+01 0.000000000000000000e+00
1.445000000000001172e+01 0.000000000000000000e+00
1.447000000000001130e+01 0.000000000000000000e+00
1.449000000000001087e+01 0.000000000000000000e+00
1.451000000000001044e+01 0.000000000000000000e+00
1.453000000000001002e+01 0.000000000000000000e+00
1.455000000000000959e+01 0.000000000000000000e+00
1.457000000000000917e+01 0.000000000000000000e+00
1.459000000000000874e+01 0.000000000000000000e+00
1.461000000000000831e+01 0.000000000000000000e+00
1.463000000000000789e+01 0.000000000000000000e+00
1.465000000000000746e+01 0.000000000000000000e+00
1.467000000000000703e+01 0.000000000000000000e+00
1.469000000000000661e+01 0.000000000000000000e+00
1.471000000000000618e+01 0.000000000000000000e+00
1.473000000000000576e+01 0.000000000000000000e+00
1.475000000000000533e+01 0.000000000000000000e+00
1.477000000000000490e+01 0.000000000000000000e+00
1.479000000000000448e+01 0.000000000000000000e+00
1.481000000000000405e+01 0.000000000000000000e+00
1.483000000000000362e+01 0.000000000000000000e+00
1.485000000000000320e+01 0.000000000000000000e+00
1.487000000000000277e+01 0.000000000000000000e+00
1.489000000000000234e+01 0.000000000000000000e+00
1.491000000000000192e+01 0.000000000000000000e+00
1.493000000000000149e+01 0.000000000000000000e+00
1.495000000000000107e+01 0.000000000000000000e+00
1.497000000000000064e+01 0.000000000000000000e+00
1.499000000000000021e+01 0.000000000000000000e+00
