# Redshift		Merger Rate Density [Gpc^-3yr^-1]
1.000000000031931770e-02 4.030100681592949741e+01
3.000000000031888964e-02 4.121193212486854662e+01
5.000000000031846331e-02 4.284396052584435921e+01
7.000000000031804392e-02 4.464856123456355874e+01
9.000000000031761760e-02 4.561685223785099197e+01
1.100000000003171913e-01 4.716749059408944333e+01
1.300000000003167511e-01 4.899610358663272081e+01
1.500000000003163247e-01 5.047586622952608337e+01
1.700000000003158984e-01 5.216044715951959887e+01
1.900000000003154721e-01 5.363604943862902985e+01
2.100000000003150458e-01 5.552909680250369462e+01
2.300000000003146194e-01 5.694543346484551449e+01
2.500000000003141931e-01 5.971717246723473238e+01
2.700000000003137668e-01 5.961990237521980873e+01
2.900000000003133405e-01 6.260786821037337546e+01
3.100000000003129141e-01 6.395240038472295652e+01
3.300000000003124878e-01 6.618781014103986138e+01
3.500000000003120615e-01 6.706330268840740416e+01
3.700000000003116352e-01 6.927390789956007211e+01
3.900000000003112088e-01 7.191657940183806375e+01
4.100000000003107825e-01 7.292831840295990276e+01
4.300000000003103562e-01 7.538435844490972215e+01
4.500000000003099299e-01 7.790724197160473352e+01
4.700000000003095035e-01 7.822714684895258586e+01
4.900000000003090772e-01 8.245164918706386459e+01
5.100000000003086509e-01 8.347381632723306666e+01
5.300000000003082246e-01 8.452269756184516325e+01
5.500000000003077982e-01 8.752305505505374583e+01
5.700000000003073719e-01 8.927062035986729427e+01
5.900000000003069456e-01 9.067961628964715715e+01
6.100000000003065193e-01 9.401087957805094675e+01
6.300000000003060929e-01 9.564539714396512693e+01
6.500000000003056666e-01 9.720512353660458871e+01
6.700000000003052403e-01 9.964586312383249833e+01
6.900000000003048140e-01 1.013501085386855181e+02
7.100000000003043876e-01 1.037995774510729774e+02
7.300000000003039613e-01 1.049768793602072776e+02
7.500000000003035350e-01 1.074926727977014593e+02
7.700000000003031086e-01 1.105555250859370631e+02
7.900000000003026823e-01 1.114800957945533071e+02
8.100000000003022560e-01 1.148470924965700135e+02
8.300000000003018297e-01 1.158427511942121271e+02
8.500000000003014033e-01 1.191524690128433264e+02
8.700000000003009770e-01 1.202962133561986491e+02
8.900000000003005507e-01 1.222123181215298189e+02
9.100000000003001244e-01 1.235165782951362843e+02
9.300000000002996980e-01 1.273935199180381090e+02
9.500000000002992717e-01 1.279216371435762198e+02
9.700000000002988454e-01 1.303709803845072202e+02
9.900000000002984191e-01 1.316914484652530177e+02
1.010000000000297993e+00 1.346151135604182798e+02
1.030000000000297566e+00 1.351790887590341868e+02
1.050000000000297140e+00 1.378463188568543103e+02
1.070000000000296714e+00 1.386812566358100582e+02
1.090000000000296287e+00 1.407858345637058903e+02
1.110000000000295861e+00 1.430072821379885113e+02
1.130000000000295435e+00 1.446110099529263380e+02
1.150000000000295008e+00 1.470486261770469980e+02
1.170000000000294582e+00 1.466676397114744077e+02
1.190000000000294156e+00 1.491069389831389742e+02
1.210000000000293729e+00 1.498436933350910465e+02
1.230000000000293303e+00 1.520595354475673844e+02
1.250000000000292877e+00 1.534824129806690678e+02
1.270000000000292451e+00 1.544052609544547749e+02
1.290000000000292024e+00 1.567912522102569142e+02
1.310000000000291598e+00 1.575681169908458514e+02
1.330000000000291172e+00 1.586906211627718619e+02
1.350000000000290745e+00 1.608225940548978770e+02
1.370000000000290319e+00 1.609961164851491162e+02
1.390000000000289893e+00 1.621001555227589677e+02
1.410000000000289466e+00 1.623495665222935713e+02
1.430000000000289040e+00 1.633663586994720731e+02
1.450000000000288614e+00 1.652607630950060411e+02
1.470000000000288187e+00 1.653375238744821445e+02
1.490000000000287761e+00 1.671693094254360119e+02
1.510000000000287335e+00 1.671208418562822828e+02
1.530000000000286908e+00 1.696654406809125533e+02
1.550000000000286482e+00 1.680462006378321860e+02
1.570000000000286056e+00 1.677982024117935111e+02
1.590000000000285629e+00 1.694773298461289812e+02
1.610000000000285203e+00 1.698954828867545643e+02
1.630000000000284777e+00 1.717064537449123236e+02
1.650000000000284350e+00 1.714874511673618258e+02
1.670000000000283924e+00 1.721164667878536534e+02
1.690000000000283498e+00 1.698537750122738998e+02
1.710000000000283071e+00 1.706722866665523668e+02
1.730000000000282645e+00 1.703141600430830351e+02
1.750000000000282219e+00 1.708146353431025943e+02
1.770000000000281792e+00 1.702456687944626310e+02
1.790000000000281366e+00 1.702807834657600665e+02
1.810000000000280940e+00 1.699577884133651935e+02
1.830000000000280513e+00 1.685170203751532938e+02
1.850000000000280087e+00 1.714977352464779017e+02
1.870000000000279661e+00 1.689858203124263980e+02
1.890000000000279234e+00 1.683648999286511696e+02
1.910000000000278808e+00 1.670030856061212603e+02
1.930000000000278382e+00 1.667796581645767731e+02
1.950000000000277955e+00 1.671905400990280270e+02
1.970000000000277529e+00 1.655885990140078263e+02
1.990000000000277103e+00 1.640756770716924393e+02
2.010000000000276899e+00 1.640549995723051211e+02
2.030000000000276472e+00 1.622354509762652697e+02
2.050000000000276046e+00 1.626446463712555897e+02
2.070000000000275620e+00 1.615127072201223655e+02
2.090000000000275193e+00 1.589318472992027296e+02
2.110000000000274767e+00 1.589403869115367058e+02
2.130000000000274341e+00 1.574467428851839941e+02
2.150000000000273914e+00 1.553884659434627622e+02
2.170000000000273488e+00 1.543673628798549657e+02
2.190000000000273062e+00 1.529637738372269951e+02
2.210000000000272635e+00 1.512925727161267275e+02
2.230000000000272209e+00 1.498826503268671786e+02
2.250000000000271783e+00 1.506657871113506530e+02
2.270000000000271356e+00 1.466167934181201531e+02
2.290000000000270930e+00 1.469720390366756249e+02
2.310000000000270504e+00 1.439339637387165567e+02
2.330000000000270077e+00 1.434279310811286905e+02
2.350000000000269651e+00 1.421207559487370418e+02
2.370000000000269225e+00 1.392199881668747992e+02
2.390000000000268798e+00 1.386434930021611649e+02
2.410000000000268372e+00 1.371064265747122022e+02
2.430000000000267946e+00 1.351314357903604275e+02
2.450000000000267519e+00 1.326853492001667973e+02
2.470000000000267093e+00 1.326026220626599468e+02
2.490000000000266667e+00 1.301802594127628083e+02
2.510000000000266240e+00 1.287997088303853843e+02
2.530000000000265814e+00 1.281878036155544862e+02
2.550000000000265388e+00 1.249941784019613067e+02
2.570000000000264961e+00 1.251390548885107989e+02
2.590000000000264535e+00 1.229549600995110694e+02
2.610000000000264109e+00 1.210508039120172015e+02
2.630000000000263682e+00 1.186059228269618160e+02
2.650000000000263256e+00 1.182267196642794005e+02
2.670000000000262830e+00 1.160745392555323292e+02
2.690000000000262403e+00 1.158785420900117202e+02
2.710000000000261977e+00 1.130253149376309239e+02
2.730000000000261551e+00 1.125363697346646319e+02
2.750000000000261124e+00 1.096238731325249773e+02
2.770000000000260698e+00 1.089291144767640702e+02
2.790000000000260272e+00 1.072833250277605686e+02
2.810000000000259845e+00 1.055491389529573780e+02
2.830000000000259419e+00 1.048977301770992341e+02
2.850000000000258993e+00 1.022313793683846086e+02
2.870000000000258567e+00 1.018909811823541958e+02
2.890000000000258140e+00 1.003135320317286840e+02
2.910000000000257714e+00 9.883709132739153347e+01
2.930000000000257288e+00 9.664955049492199635e+01
2.950000000000256861e+00 9.569767918983370691e+01
2.970000000000256435e+00 9.471830659270557362e+01
2.990000000000256009e+00 9.350324318900811704e+01
3.010000000000255582e+00 9.187349886943862032e+01
3.030000000000255156e+00 9.101659971787763936e+01
3.050000000000254730e+00 8.882322480986999835e+01
3.070000000000254303e+00 8.741885012788172560e+01
3.090000000000253877e+00 8.652622508873197660e+01
3.110000000000253451e+00 8.554538526958717171e+01
3.130000000000253024e+00 8.521437295865540307e+01
3.150000000000252598e+00 8.226109354759594794e+01
3.170000000000252172e+00 8.119066600125948696e+01
3.190000000000251745e+00 8.055300511052456613e+01
3.210000000000251319e+00 7.911875802717814565e+01
3.230000000000250893e+00 7.813325933524016875e+01
3.250000000000250466e+00 7.627482837153449680e+01
3.270000000000250040e+00 7.640082527398757861e+01
3.290000000000249614e+00 7.406156207058795360e+01
3.310000000000249187e+00 7.373710451725460757e+01
3.330000000000248761e+00 7.220845761215396408e+01
3.350000000000248335e+00 7.056676568331248234e+01
3.370000000000247908e+00 7.031714265894157734e+01
3.390000000000247482e+00 6.879870101410897121e+01
3.410000000000247056e+00 6.807378192091449876e+01
3.430000000000246629e+00 6.718138317848314500e+01
3.450000000000246203e+00 6.609117761436941407e+01
3.470000000000245777e+00 6.470944956167627993e+01
3.490000000000245350e+00 6.414291210630973694e+01
3.510000000000244924e+00 6.312657226079894457e+01
3.530000000000244498e+00 6.212370719928407681e+01
3.550000000000244071e+00 6.167531716690341170e+01
3.570000000000243645e+00 6.106814421449944064e+01
3.590000000000243219e+00 5.961239236048693613e+01
3.610000000000242792e+00 5.845238773951825806e+01
3.630000000000242366e+00 5.813510199591177496e+01
3.650000000000241940e+00 5.725930860560915647e+01
3.670000000000241513e+00 5.657186295619209204e+01
3.690000000000241087e+00 5.551954980201598033e+01
3.710000000000240661e+00 5.432420894818477564e+01
3.730000000000240234e+00 5.407095070108834278e+01
3.750000000000239808e+00 5.308561200499222110e+01
3.770000000000239382e+00 5.278727654367332178e+01
3.790000000000238956e+00 5.167717390252285981e+01
3.810000000000238529e+00 5.112983551666352611e+01
3.830000000000238103e+00 5.025731697211998750e+01
3.850000000000237677e+00 4.919860963462865300e+01
3.870000000000237250e+00 4.930263897207817791e+01
3.890000000000236824e+00 4.843105153068701441e+01
3.910000000000236398e+00 4.693325995837935949e+01
3.930000000000235971e+00 4.727102399749873030e+01
3.950000000000235545e+00 4.615468259454407729e+01
3.970000000000235119e+00 4.526483231631678450e+01
3.990000000000234692e+00 4.456774096566181242e+01
4.010000000000234266e+00 4.498077128371060240e+01
4.030000000000233840e+00 4.394661621576290855e+01
4.050000000000233413e+00 4.338165086237918899e+01
4.070000000000232987e+00 4.308958092202372825e+01
4.090000000000232561e+00 4.213995150467979300e+01
4.110000000000232134e+00 4.152211990226620486e+01
4.130000000000231708e+00 4.147672344057048832e+01
4.150000000000231282e+00 4.043656314706891663e+01
4.170000000000230855e+00 4.029396230546464608e+01
4.190000000000230429e+00 3.982356004277777117e+01
4.210000000000230003e+00 3.961729258965657863e+01
4.230000000000229576e+00 3.905805929823974765e+01
4.250000000000229150e+00 3.825180646859800504e+01
4.270000000000228724e+00 3.807579894110397589e+01
4.290000000000228297e+00 3.759817756428612512e+01
4.310000000000227871e+00 3.720455354914557233e+01
4.330000000000227445e+00 3.664222390217743452e+01
4.350000000000227018e+00 3.631764116715520885e+01
4.370000000000226592e+00 3.588740721529344313e+01
4.390000000000226166e+00 3.508327395146354633e+01
4.410000000000225739e+00 3.520749727593117484e+01
4.430000000000225313e+00 3.478392922053421898e+01
4.450000000000224887e+00 3.438049715606047840e+01
4.470000000000224460e+00 3.417068567511027055e+01
4.490000000000224034e+00 3.372657975846734502e+01
4.510000000000223608e+00 3.346493032176650217e+01
4.530000000000223181e+00 3.325826515467380773e+01
4.550000000000222755e+00 3.310318474085145368e+01
4.570000000000222329e+00 3.290464673141667618e+01
4.590000000000221902e+00 3.224167487778812813e+01
4.610000000000221476e+00 3.210271929960484982e+01
4.630000000000221050e+00 3.182237345104852722e+01
4.650000000000220624e+00 3.164457257394042600e+01
4.670000000000220197e+00 3.105642215627665692e+01
4.690000000000219771e+00 3.074494963506406719e+01
4.710000000000219345e+00 3.068204246978661942e+01
4.730000000000218918e+00 3.056691059081886408e+01
4.750000000000218492e+00 3.022583416780479126e+01
4.770000000000218066e+00 2.997121264169225441e+01
4.790000000000217639e+00 2.996409528162126534e+01
4.810000000000217213e+00 2.939185133009241113e+01
4.830000000000216787e+00 2.975496870942618699e+01
4.850000000000216360e+00 2.921525870760519084e+01
4.870000000000215934e+00 2.896852197077256363e+01
4.890000000000215508e+00 2.881927803344729355e+01
4.910000000000215081e+00 2.879733972337186998e+01
4.930000000000214655e+00 2.844955888807909616e+01
4.950000000000214229e+00 2.833759925333885477e+01
4.970000000000213802e+00 2.834949384583590870e+01
4.990000000000213376e+00 2.798205155144388456e+01
5.010000000000212950e+00 2.781961963568520702e+01
5.030000000000212523e+00 2.773782109137100704e+01
5.050000000000212097e+00 2.777022818019069561e+01
5.070000000000211671e+00 2.740836479643874313e+01
5.090000000000211244e+00 2.722874855749331857e+01
5.110000000000210818e+00 2.738887933310214606e+01
5.130000000000210392e+00 2.731478297110093933e+01
5.150000000000209965e+00 2.688197849285222674e+01
5.170000000000209539e+00 2.688717100312571517e+01
5.190000000000209113e+00 2.652902435564660877e+01
5.210000000000208686e+00 2.679955060564675406e+01
5.230000000000208260e+00 2.659112794956204340e+01
5.250000000000207834e+00 2.609051409207143024e+01
5.270000000000207407e+00 2.637886874891649214e+01
5.290000000000206981e+00 2.659478198885346956e+01
5.310000000000206555e+00 2.610947743682240940e+01
5.330000000000206128e+00 2.644379493665363512e+01
5.350000000000205702e+00 2.624047235969977621e+01
5.370000000000205276e+00 2.634340825438691169e+01
5.390000000000204849e+00 2.624372117775012114e+01
5.410000000000204423e+00 2.626226631603823947e+01
5.430000000000203997e+00 2.608442884411627105e+01
5.450000000000203570e+00 2.596309089159283801e+01
5.470000000000203144e+00 2.595998935859339696e+01
5.490000000000202718e+00 2.604216886144984500e+01
5.510000000000202292e+00 2.594655856117640624e+01
5.530000000000201865e+00 2.590912604290380727e+01
5.550000000000201439e+00 2.601194717848076365e+01
5.570000000000201013e+00 2.574905398661674738e+01
5.590000000000200586e+00 2.606724657989003902e+01
5.610000000000200160e+00 2.607251516976561945e+01
5.630000000000199734e+00 2.586591007183982072e+01
5.650000000000199307e+00 2.578469065344017963e+01
5.670000000000198881e+00 2.588620751543826515e+01
5.690000000000198455e+00 2.578166775241453124e+01
5.710000000000198028e+00 2.584322188557202793e+01
5.730000000000197602e+00 2.603133887317600070e+01
5.750000000000197176e+00 2.597407319504809564e+01
5.770000000000196749e+00 2.589777010301377658e+01
5.790000000000196323e+00 2.596046453257747189e+01
5.810000000000195897e+00 2.625274359972132032e+01
5.830000000000195470e+00 2.570130258030980741e+01
5.850000000000195044e+00 2.615401911471483132e+01
5.870000000000194618e+00 2.593204596285540475e+01
5.890000000000194191e+00 2.603011427027546887e+01
5.910000000000193765e+00 2.611442954889007240e+01
5.930000000000193339e+00 2.631030262868693015e+01
5.950000000000192912e+00 2.607956084977615063e+01
5.970000000000192486e+00 2.598850866170760554e+01
5.990000000000192060e+00 2.633406660504143204e+01
6.010000000000191633e+00 2.635483396892364993e+01
6.030000000000191207e+00 2.663955168575290955e+01
6.050000000000190781e+00 2.631423925206914305e+01
6.070000000000190354e+00 2.660425608778538020e+01
6.090000000000189928e+00 2.651114841352076112e+01
6.110000000000189502e+00 2.638789576454689367e+01
6.130000000000189075e+00 2.660424056171139995e+01
6.150000000000188649e+00 2.654762640124238615e+01
6.170000000000188223e+00 2.663156968388623014e+01
6.190000000000187796e+00 2.657546293257867731e+01
6.210000000000187370e+00 2.684600070170847985e+01
6.230000000000186944e+00 2.696005297105098464e+01
6.250000000000186517e+00 2.699156411685947177e+01
6.270000000000186091e+00 2.674627367991068283e+01
6.290000000000185665e+00 2.692121895843014201e+01
6.310000000000185238e+00 2.690831780826944097e+01
6.330000000000184812e+00 2.714100009817051173e+01
6.350000000000184386e+00 2.682330745241805658e+01
6.370000000000183960e+00 2.713633273893103137e+01
6.390000000000183533e+00 2.705920159635698141e+01
6.410000000000183107e+00 2.721105804225161506e+01
6.430000000000182681e+00 2.735472570198807674e+01
6.450000000000182254e+00 2.699942083733334997e+01
6.470000000000181828e+00 2.715250942265268108e+01
6.490000000000181402e+00 2.765868576861539196e+01
6.510000000000180975e+00 2.757088490488598254e+01
6.530000000000180549e+00 2.738656234430872871e+01
6.550000000000180123e+00 2.719882962632831891e+01
6.570000000000179696e+00 2.769155112998838320e+01
6.590000000000179270e+00 2.748472159375034707e+01
6.610000000000178844e+00 2.754748926019076904e+01
6.630000000000178417e+00 2.776085879348855201e+01
6.650000000000177991e+00 2.777240007365852392e+01
6.670000000000177565e+00 2.752652676680085264e+01
6.690000000000177138e+00 2.778857231244392167e+01
6.710000000000176712e+00 2.781475572790076001e+01
6.730000000000176286e+00 2.770192726959207263e+01
6.750000000000175859e+00 2.794382910373862927e+01
6.770000000000175433e+00 2.800418794527124433e+01
6.790000000000175007e+00 2.810072232671056369e+01
6.810000000000174580e+00 2.803522875341608867e+01
6.830000000000174154e+00 2.793711944153772464e+01
6.850000000000173728e+00 2.805967043312626075e+01
6.870000000000173301e+00 2.796607234238489781e+01
6.890000000000172875e+00 2.805563453529223494e+01
6.910000000000172449e+00 2.809564777022019300e+01
6.930000000000172022e+00 2.804327876779446527e+01
6.950000000000171596e+00 2.818038873310808867e+01
6.970000000000171170e+00 2.801438018197709212e+01
6.990000000000170743e+00 2.784134274752813454e+01
7.010000000000170317e+00 2.814163196865316507e+01
7.030000000000169891e+00 2.804693974906925291e+01
7.050000000000169464e+00 2.850134553622351774e+01
7.070000000000169038e+00 2.830549537873590893e+01
7.090000000000168612e+00 2.828396277640581502e+01
7.110000000000168185e+00 2.814497146021933816e+01
7.130000000000167759e+00 2.823982135565722729e+01
7.150000000000167333e+00 2.847547606956868549e+01
7.170000000000166906e+00 2.823675796581218123e+01
7.190000000000166480e+00 2.812638806236763500e+01
7.210000000000166054e+00 2.850722470539196252e+01
7.230000000000165628e+00 2.839450900913912434e+01
7.250000000000165201e+00 2.831693499403870007e+01
7.270000000000164775e+00 2.821080023777124879e+01
7.290000000000164349e+00 2.828210014228239899e+01
7.310000000000163922e+00 2.819551810863990227e+01
7.330000000000163496e+00 2.812939749829247305e+01
7.350000000000163070e+00 2.829251058938148233e+01
7.370000000000162643e+00 2.818973884499749616e+01
7.390000000000162217e+00 2.828097816452845237e+01
7.410000000000161791e+00 2.819494170273321032e+01
7.430000000000161364e+00 2.823058748643333260e+01
7.450000000000160938e+00 2.846984373494556309e+01
7.470000000000160512e+00 2.834760190684824011e+01
7.490000000000160085e+00 2.831304329266417952e+01
7.510000000000159659e+00 2.829940702122423346e+01
7.530000000000159233e+00 2.826770998294984238e+01
7.550000000000158806e+00 2.816386585884987070e+01
7.570000000000158380e+00 2.820033478525209603e+01
7.590000000000157954e+00 2.804230970469856743e+01
7.610000000000157527e+00 2.834967786815544599e+01
7.630000000000157101e+00 2.825859997305025928e+01
7.650000000000156675e+00 2.794873897283304487e+01
7.670000000000156248e+00 2.800017586935203795e+01
7.690000000000155822e+00 2.822592801802305829e+01
7.710000000000155396e+00 2.843096382741025607e+01
7.730000000000154969e+00 2.824994855357540757e+01
7.750000000000154543e+00 2.810719976049707824e+01
7.770000000000154117e+00 2.807182691070237723e+01
7.790000000000153690e+00 2.835204187345395610e+01
7.810000000000153264e+00 2.791758957325370005e+01
7.830000000000152838e+00 2.814393315660122141e+01
7.850000000000152411e+00 2.819475530244747219e+01
7.870000000000151985e+00 2.806669292199261534e+01
7.890000000000151559e+00 2.795264973968772182e+01
7.910000000000151132e+00 2.814736037356282239e+01
7.930000000000150706e+00 2.808453226849111317e+01
7.950000000000150280e+00 2.818280978455013752e+01
7.970000000000149853e+00 2.799158063569909771e+01
7.990000000000149427e+00 2.808723600020961797e+01
8.010000000000149001e+00 2.793981312813635753e+01
8.030000000000148574e+00 2.801726536201151063e+01
8.050000000000148148e+00 2.789630361856740492e+01
8.070000000000147722e+00 2.813016041837779468e+01
8.090000000000147296e+00 2.803005345480954347e+01
8.110000000000146869e+00 2.811690287193765769e+01
8.130000000000146443e+00 2.811712603658683207e+01
8.150000000000146017e+00 2.803831377039285044e+01
8.170000000000145590e+00 2.800357148700245702e+01
8.190000000000145164e+00 2.795493573896441930e+01
8.210000000000144738e+00 2.781214771193223001e+01
8.230000000000144311e+00 2.802679902797371980e+01
8.250000000000143885e+00 2.798096842903978754e+01
8.270000000000143459e+00 2.791780324602979846e+01
8.290000000000143032e+00 2.801399075339966771e+01
8.310000000000142606e+00 2.791460070907796620e+01
8.330000000000142180e+00 2.792203502938729898e+01
8.350000000000141753e+00 2.798680132853320401e+01
8.370000000000141327e+00 2.798658058346281052e+01
8.390000000000140901e+00 2.803398202240437698e+01
8.410000000000140474e+00 2.794562939570162285e+01
8.430000000000140048e+00 2.784559682194687014e+01
8.450000000000139622e+00 2.805125438389152137e+01
8.470000000000139195e+00 2.800355100723439605e+01
8.490000000000138769e+00 2.798370180398234552e+01
8.510000000000138343e+00 2.795891408110006893e+01
8.530000000000137916e+00 2.808518195380112914e+01
8.550000000000137490e+00 2.792314040233629768e+01
8.570000000000137064e+00 2.804745873269901679e+01
8.590000000000136637e+00 2.783301408970120505e+01
8.610000000000136211e+00 2.800234695733935197e+01
8.630000000000135785e+00 2.801195637594305765e+01
8.650000000000135358e+00 2.808562642338985071e+01
8.670000000000134932e+00 2.775659688757986032e+01
8.690000000000134506e+00 2.790536576170337213e+01
8.710000000000134079e+00 2.801799387738230251e+01
8.730000000000133653e+00 2.801330552701567811e+01
8.750000000000133227e+00 2.803271552533086819e+01
8.770000000000132800e+00 2.807610435040020747e+01
8.790000000000132374e+00 2.814926896380004351e+01
8.810000000000131948e+00 2.784943907541735086e+01
8.830000000000131521e+00 2.801377573525001097e+01
8.850000000000131095e+00 2.810986870087307565e+01
8.870000000000130669e+00 2.810765998209154048e+01
8.890000000000130242e+00 2.804434600398174027e+01
8.910000000000129816e+00 2.790633156163607964e+01
8.930000000000129390e+00 2.805556460982634093e+01
8.950000000000128964e+00 2.806181889347934089e+01
8.970000000000128537e+00 2.816242241305008420e+01
8.990000000000128111e+00 2.812295295659997763e+01
9.010000000000127685e+00 2.799480831437177741e+01
9.030000000000127258e+00 2.803079130107266081e+01
9.050000000000126832e+00 2.798784305079914603e+01
9.070000000000126406e+00 2.817507506923419669e+01
9.090000000000125979e+00 2.805985968168314315e+01
9.110000000000125553e+00 2.824109181157156812e+01
9.130000000000125127e+00 2.804881831783551505e+01
9.150000000000124700e+00 2.814803121019069465e+01
9.170000000000124274e+00 2.809723562004936781e+01
9.190000000000123848e+00 2.817660433177608326e+01
9.210000000000123421e+00 2.821185943121943041e+01
9.230000000000122995e+00 2.810202028065437929e+01
9.250000000000122569e+00 2.816364712999660824e+01
9.270000000000122142e+00 2.810296207642996436e+01
9.290000000000121716e+00 2.812716581022086970e+01
9.310000000000121290e+00 2.809562924489985392e+01
9.330000000000120863e+00 2.822417689221822812e+01
9.350000000000120437e+00 2.815015439415396870e+01
9.370000000000120011e+00 2.808912574698664599e+01
9.390000000000119584e+00 2.813306599274300623e+01
9.410000000000119158e+00 2.824129003278318706e+01
9.430000000000118732e+00 2.811039317726196174e+01
9.450000000000118305e+00 2.809914256983677916e+01
9.470000000000117879e+00 2.821768331924076634e+01
9.490000000000117453e+00 2.810913652583698408e+01
9.510000000000117026e+00 2.833886825463281411e+01
9.530000000000116600e+00 2.811448111932428517e+01
9.550000000000116174e+00 2.811512356774165156e+01
9.570000000000115747e+00 2.815739104238996759e+01
9.590000000000115321e+00 2.811841804307042025e+01
9.610000000000114895e+00 2.817069448401782950e+01
9.630000000000114468e+00 2.814639617254578852e+01
9.650000000000114042e+00 2.809126016508701795e+01
9.670000000000113616e+00 2.806958672248148190e+01
9.690000000000113189e+00 2.806384851115311463e+01
9.710000000000112763e+00 2.804298569937414953e+01
9.730000000000112337e+00 2.815136889086095096e+01
9.750000000000111910e+00 2.800663346077566374e+01
9.770000000000111484e+00 2.811217136230740365e+01
9.790000000000111058e+00 2.813498340369637063e+01
9.810000000000110632e+00 2.797025116957589219e+01
9.830000000000110205e+00 2.816675419476925057e+01
9.850000000000109779e+00 2.789534010161824540e+01
9.870000000000109353e+00 2.799227526125874377e+01
9.890000000000108926e+00 2.797590556747062607e+01
9.910000000000108500e+00 2.790684078541028867e+01
9.930000000000108074e+00 2.787719710987520827e+01
9.950000000000107647e+00 2.792928126375667475e+01
9.970000000000107221e+00 2.790793757799943009e+01
9.990000000000106795e+00 2.785555058551710772e+01
1.001000000000010637e+01 2.788666362355635187e+01
1.003000000000010594e+01 2.785992271752685667e+01
1.005000000000010552e+01 2.775840942539393552e+01
1.007000000000010509e+01 2.779484956381592653e+01
1.009000000000010466e+01 2.776712475304353944e+01
1.011000000000010424e+01 2.775847486687692012e+01
1.013000000000010381e+01 2.760138504817091132e+01
1.015000000000010338e+01 2.760573912045598632e+01
1.017000000000010296e+01 2.761496388351389442e+01
1.019000000000010253e+01 2.744991902537777051e+01
1.021000000000010210e+01 2.762918824658675376e+01
1.023000000000010168e+01 2.768673834126408906e+01
1.025000000000010125e+01 2.748430270943850218e+01
1.027000000000010083e+01 2.737458397629213636e+01
1.029000000000010040e+01 2.744776731486002319e+01
1.031000000000009997e+01 2.738454682661831896e+01
1.033000000000009955e+01 2.729303320096221341e+01
1.035000000000009912e+01 2.737658388272791399e+01
1.037000000000009869e+01 2.716680608037134803e+01
1.039000000000009827e+01 2.717921940734978037e+01
1.041000000000009784e+01 2.723854774502895637e+01
1.043000000000009742e+01 2.715326271382719625e+01
1.045000000000009699e+01 2.713298712722506778e+01
1.047000000000009656e+01 2.687341029939810610e+01
1.049000000000009614e+01 2.691027090693406265e+01
1.051000000000009571e+01 2.693318634991144478e+01
1.053000000000009528e+01 2.696044380701531651e+01
1.055000000000009486e+01 2.691291815342147586e+01
1.057000000000009443e+01 2.688848839395348023e+01
1.059000000000009400e+01 2.665056520429471831e+01
1.061000000000009358e+01 2.656576279208168501e+01
1.063000000000009315e+01 2.684103999587415856e+01
1.065000000000009273e+01 2.667799890363076898e+01
1.067000000000009230e+01 2.654464317601030388e+01
1.069000000000009187e+01 2.660600717342795818e+01
1.071000000000009145e+01 2.618054882454672239e+01
1.073000000000009102e+01 2.657936540050452123e+01
1.075000000000009059e+01 2.642488399903826490e+01
1.077000000000009017e+01 2.621504032430073750e+01
1.079000000000008974e+01 2.627133253767460630e+01
1.081000000000008932e+01 2.625344837046406710e+01
1.083000000000008889e+01 2.617965366297701735e+01
1.085000000000008846e+01 2.622029726579297204e+01
1.087000000000008804e+01 2.612897021283768950e+01
1.089000000000008761e+01 2.600998232191991377e+01
1.091000000000008718e+01 2.601077718133375072e+01
1.093000000000008676e+01 2.586104520340695245e+01
1.095000000000008633e+01 2.578976605562258939e+01
1.097000000000008590e+01 2.588779120407440359e+01
1.099000000000008548e+01 2.594091673356054883e+01
1.101000000000008505e+01 2.580438613451252650e+01
1.103000000000008463e+01 2.580719332483581852e+01
1.105000000000008420e+01 2.570901295586261170e+01
1.107000000000008377e+01 2.557840013077513319e+01
1.109000000000008335e+01 2.551741533198311629e+01
1.111000000000008292e+01 2.554626022685043907e+01
1.113000000000008249e+01 2.555705649174757710e+01
1.115000000000008207e+01 2.566765767411692423e+01
1.117000000000008164e+01 2.534369174678315062e+01
1.119000000000008122e+01 2.530829929930425948e+01
1.121000000000008079e+01 2.547059445608527639e+01
1.123000000000008036e+01 2.532357318845652472e+01
1.125000000000007994e+01 2.535438975879556622e+01
1.127000000000007951e+01 2.529389509680237680e+01
1.129000000000007908e+01 2.528291713097434368e+01
1.131000000000007866e+01 2.500467229455712825e+01
1.133000000000007823e+01 2.516794344538881845e+01
1.135000000000007780e+01 2.527497272838200360e+01
1.137000000000007738e+01 2.514977135064952662e+01
1.139000000000007695e+01 2.503344844425934568e+01
1.141000000000007653e+01 2.513880953449561062e+01
1.143000000000007610e+01 2.489751638451970095e+01
1.145000000000007567e+01 2.496053309352426908e+01
1.147000000000007525e+01 2.492259465967972076e+01
1.149000000000007482e+01 2.481742576555289403e+01
1.151000000000007439e+01 2.515365446203995248e+01
1.153000000000007397e+01 2.486244400243019470e+01
1.155000000000007354e+01 2.487885537928589130e+01
1.157000000000007311e+01 2.487395642784844441e+01
1.159000000000007269e+01 2.468396442624670684e+01
1.161000000000007226e+01 2.478591077432699663e+01
1.163000000000007184e+01 2.476489551440203130e+01
1.165000000000007141e+01 2.469743394896184441e+01
1.167000000000007098e+01 2.471626241664988299e+01
1.169000000000007056e+01 2.460846278277195864e+01
1.171000000000007013e+01 2.468234457216003364e+01
1.173000000000006970e+01 2.459457081738708695e+01
1.175000000000006928e+01 2.462985094740837866e+01
1.177000000000006885e+01 2.458327305066582014e+01
1.179000000000006843e+01 2.449229184008682836e+01
1.181000000000006800e+01 2.447561497191144042e+01
1.183000000000006757e+01 2.446402245482192583e+01
1.185000000000006715e+01 2.452289970556288168e+01
1.187000000000006672e+01 2.453096858672853031e+01
1.189000000000006629e+01 2.428263939369663760e+01
1.191000000000006587e+01 2.444546825071477869e+01
1.193000000000006544e+01 2.432254389962413299e+01
1.195000000000006501e+01 2.440228349989341083e+01
1.197000000000006459e+01 2.420119438043924731e+01
1.199000000000006416e+01 2.421572149360699555e+01
1.201000000000006374e+01 2.425822351665864218e+01
1.203000000000006331e+01 2.424023608095705740e+01
1.205000000000006288e+01 2.418704035081870884e+01
1.207000000000006246e+01 2.404508393536100286e+01
1.209000000000006203e+01 2.397853931565312280e+01
1.211000000000006160e+01 2.405644899422785343e+01
1.213000000000006118e+01 2.397012023822555093e+01
1.215000000000006075e+01 2.405298289008176837e+01
1.217000000000006033e+01 2.385527316588393276e+01
1.219000000000005990e+01 2.389313413212742176e+01
1.221000000000005947e+01 2.388747705153267020e+01
1.223000000000005905e+01 2.379595903241886745e+01
1.225000000000005862e+01 2.368066683996703858e+01
1.227000000000005819e+01 2.369391311135997569e+01
1.229000000000005777e+01 2.361949261098564534e+01
1.231000000000005734e+01 2.363395562276985729e+01
1.233000000000005691e+01 2.350754120277603221e+01
1.235000000000005649e+01 2.333177384521728825e+01
1.237000000000005606e+01 2.343461764124586111e+01
1.239000000000005564e+01 2.343127408994948624e+01
1.241000000000005521e+01 2.335180865946302120e+01
1.243000000000005478e+01 2.325865563425264781e+01
1.245000000000005436e+01 2.319139698570882047e+01
1.247000000000005393e+01 2.304099166479859306e+01
1.249000000000005350e+01 2.289162761950892033e+01
1.251000000000005308e+01 2.290245986666754874e+01
1.253000000000005265e+01 2.302541139414165627e+01
1.255000000000005222e+01 2.278855776891528961e+01
1.257000000000005180e+01 2.282949628042763734e+01
1.259000000000005137e+01 2.262039874461521549e+01
1.261000000000005095e+01 2.264101213176302352e+01
1.263000000000005052e+01 2.255473134459233364e+01
1.265000000000005009e+01 2.254016806213821411e+01
1.267000000000004967e+01 2.239944778205510545e+01
1.269000000000004924e+01 2.228741236313523189e+01
1.271000000000004881e+01 2.223012933990949946e+01
1.273000000000004839e+01 2.192425415363368302e+01
1.275000000000004796e+01 2.209411026625418373e+01
1.277000000000004754e+01 2.181871923533040203e+01
1.279000000000004711e+01 2.188161076804905392e+01
1.281000000000004668e+01 2.189317939117488621e+01
1.283000000000004626e+01 2.166539179663567438e+01
1.285000000000004583e+01 2.151867553752621376e+01
1.287000000000004540e+01 2.135100266794830759e+01
1.289000000000004498e+01 2.142541694682937958e+01
1.291000000000004455e+01 2.117781124235087731e+01
1.293000000000004412e+01 2.106927410105202014e+01
1.295000000000004370e+01 2.113826263586677712e+01
1.297000000000004327e+01 2.094138096767182589e+01
1.299000000000004285e+01 2.061290680567121214e+01
1.301000000000004242e+01 2.074404355596095684e+01
1.303000000000004199e+01 2.057157788469263693e+01
1.305000000000004157e+01 2.025228119571352892e+01
1.307000000000004114e+01 2.042746521123609327e+01
1.309000000000004071e+01 2.020774791274014603e+01
1.311000000000004029e+01 2.008668745322399118e+01
1.313000000000003986e+01 2.005614765011655365e+01
1.315000000000003944e+01 1.976087351492655841e+01
1.317000000000003901e+01 1.969002154672828908e+01
1.319000000000003858e+01 1.955867296195420479e+01
1.321000000000003816e+01 1.941809991884525388e+01
1.323000000000003773e+01 1.945183084810089369e+01
1.325000000000003730e+01 1.906999332114843426e+01
1.327000000000003688e+01 1.907446548263144948e+01
1.329000000000003645e+01 1.903646022349964895e+01
1.331000000000003602e+01 1.870782184010399263e+01
1.333000000000003560e+01 1.850504080547055707e+01
1.335000000000003517e+01 1.850713653744050546e+01
1.337000000000003475e+01 1.822993139119785511e+01
1.339000000000003432e+01 1.810112118823454352e+01
1.341000000000003389e+01 1.799607839117823715e+01
1.343000000000003347e+01 1.779389958047163844e+01
1.345000000000003304e+01 1.775203801065280729e+01
1.347000000000003261e+01 1.734723143526490219e+01
1.349000000000003219e+01 1.717721677041318529e+01
1.351000000000003176e+01 1.706062681638303147e+01
1.353000000000003133e+01 1.692926009208683169e+01
1.355000000000003091e+01 1.667758925587035890e+01
1.357000000000003048e+01 1.657066089267778608e+01
1.359000000000003006e+01 1.625560781657652498e+01
1.361000000000002963e+01 1.606925846719444806e+01
1.363000000000002920e+01 1.589452595261385959e+01
1.365000000000002878e+01 1.560327324631533585e+01
1.367000000000002835e+01 1.522295478562020854e+01
1.369000000000002792e+01 1.521106495426794147e+01
1.371000000000002750e+01 1.486301227814423598e+01
1.373000000000002707e+01 1.465336161611787702e+01
1.375000000000002665e+01 1.426700320187082838e+01
1.377000000000002622e+01 1.399938305700903740e+01
1.379000000000002579e+01 1.370594554928092101e+01
1.381000000000002537e+01 1.351755119578253428e+01
1.383000000000002494e+01 1.323563848714614188e+01
1.385000000000002451e+01 1.285000435839818955e+01
1.387000000000002409e+01 1.251948866951081740e+01
1.389000000000002366e+01 1.219921413270715860e+01
1.391000000000002323e+01 1.184527517497087423e+01
1.393000000000002281e+01 1.152610207834898404e+01
1.395000000000002238e+01 1.106637496673385890e+01
1.397000000000002196e+01 1.065651882104194570e+01
1.399000000000002153e+01 1.021235817584742733e+01
1.401000000000002110e+01 9.755369225523269350e+00
1.403000000000002068e+01 9.297832989171553209e+00
1.405000000000002025e+01 8.799802763121862270e+00
1.407000000000001982e+01 8.272341706391150851e+00
1.409000000000001940e+01 7.873216375353334406e+00
1.411000000000001897e+01 7.294952865132064979e+00
1.413000000000001855e+01 6.838849019646474403e+00
1.415000000000001812e+01 6.178667242038884844e+00
1.417000000000001769e+01 5.714428718696353826e+00
1.419000000000001727e+01 5.133517665314113465e+00
1.421000000000001684e+01 4.572680929186383025e+00
1.423000000000001641e+01 4.063557734482193595e+00
1.425000000000001599e+01 3.476253257645315120e+00
1.427000000000001556e+01 2.889252431676017530e+00
1.429000000000001513e+01 2.458344707938080020e+00
1.431000000000001471e+01 2.058012959493709548e+00
1.433000000000001428e+01 1.730838041273746519e+00
1.435000000000001386e+01 1.357989012342141866e+00
1.437000000000001343e+01 1.023461322621231018e+00
1.439000000000001300e+01 7.553391186440565619e-01
1.441000000000001258e+01 5.648832360114375284e-01
1.443000000000001215e+01 4.136342910266308515e-01
1.445000000000001172e+01 2.525064559279666665e-01
1.447000000000001130e+01 1.819007616470391941e-01
1.449000000000001087e+01 1.116963999210512926e-01
1.451000000000001044e+01 7.353194525577406993e-02
1.453000000000001002e+01 4.093177206793626594e-02
1.455000000000000959e+01 2.190275446122049233e-02
1.457000000000000917e+01 1.097962603243811744e-02
1.459000000000000874e+01 5.496882665643297236e-03
1.461000000000000831e+01 2.746743521437406549e-03
1.463000000000000789e+01 7.079788504707604187e-11
1.465000000000000746e+01 1.289027195121083087e-17
1.467000000000000703e+01 0.000000000000000000e+00
1.469000000000000661e+01 0.000000000000000000e+00
1.471000000000000618e+01 0.000000000000000000e+00
1.473000000000000576e+01 0.000000000000000000e+00
1.475000000000000533e+01 0.000000000000000000e+00
1.477000000000000490e+01 0.000000000000000000e+00
1.479000000000000448e+01 0.000000000000000000e+00
1.481000000000000405e+01 0.000000000000000000e+00
1.483000000000000362e+01 0.000000000000000000e+00
1.485000000000000320e+01 0.000000000000000000e+00
1.487000000000000277e+01 0.000000000000000000e+00
1.489000000000000234e+01 0.000000000000000000e+00
1.491000000000000192e+01 0.000000000000000000e+00
1.493000000000000149e+01 0.000000000000000000e+00
1.495000000000000107e+01 0.000000000000000000e+00
1.497000000000000064e+01 0.000000000000000000e+00
1.499000000000000021e+01 0.000000000000000000e+00
