# Redshift		Merger Rate Density [Gpc^-3yr^-1]
1.000000000031931770e-02 1.068642361032869275e+02
3.000000000031888964e-02 1.120172464390376206e+02
5.000000000031846331e-02 1.176590416115260354e+02
7.000000000031804392e-02 1.233094392378635433e+02
9.000000000031761760e-02 1.291637044451476868e+02
1.100000000003171913e-01 1.352994853542678584e+02
1.300000000003167511e-01 1.413899122193941196e+02
1.500000000003163247e-01 1.477447754690771546e+02
1.700000000003158984e-01 1.541200911876980513e+02
1.900000000003154721e-01 1.606608613612376075e+02
2.100000000003150458e-01 1.675656702541904792e+02
2.300000000003146194e-01 1.743348000427487818e+02
2.500000000003141931e-01 1.810963332423544898e+02
2.700000000003137668e-01 1.887106656983322637e+02
2.900000000003133405e-01 1.958847364058403286e+02
3.100000000003129141e-01 2.034668453150433436e+02
3.300000000003124878e-01 2.106478496502892312e+02
3.500000000003120615e-01 2.190268762390296331e+02
3.700000000003116352e-01 2.266880948980301582e+02
3.900000000003112088e-01 2.344715968900745509e+02
4.100000000003107825e-01 2.432224979587802522e+02
4.300000000003103562e-01 2.511458369329315587e+02
4.500000000003099299e-01 2.592478537176870077e+02
4.700000000003095035e-01 2.679119500981714168e+02
4.900000000003090772e-01 2.767872319548627615e+02
5.100000000003086509e-01 2.859629655137724171e+02
5.300000000003082246e-01 2.947795394497314305e+02
5.500000000003077982e-01 3.047320683666135892e+02
5.700000000003073719e-01 3.133323362236296816e+02
5.900000000003069456e-01 3.230031573077131952e+02
6.100000000003065193e-01 3.331192945293025787e+02
6.300000000003060929e-01 3.420746522808631767e+02
6.500000000003056666e-01 3.526244981031076122e+02
6.700000000003052403e-01 3.624100523653766004e+02
6.900000000003048140e-01 3.719006379544201764e+02
7.100000000003043876e-01 3.824690791275546076e+02
7.300000000003039613e-01 3.927214285306540091e+02
7.500000000003035350e-01 4.034195625243228847e+02
7.700000000003031086e-01 4.134308303769197437e+02
7.900000000003026823e-01 4.249164971223826797e+02
8.100000000003022560e-01 4.352028512338199562e+02
8.300000000003018297e-01 4.456598032509958216e+02
8.500000000003014033e-01 4.578431362698805174e+02
8.700000000003009770e-01 4.673572557813213280e+02
8.900000000003005507e-01 4.788791114962219808e+02
9.100000000003001244e-01 4.910130977993025567e+02
9.300000000002996980e-01 5.014332587607182177e+02
9.500000000002992717e-01 5.116112039101244022e+02
9.700000000002988454e-01 5.245311334333954392e+02
9.900000000002984191e-01 5.344723993663784540e+02
1.010000000000297993e+00 5.449589114023568754e+02
1.030000000000297566e+00 5.566392681839455463e+02
1.050000000000297140e+00 5.677949795135123168e+02
1.070000000000296714e+00 5.792760442433958588e+02
1.090000000000296287e+00 5.904522816400481133e+02
1.110000000000295861e+00 6.011086989327519632e+02
1.130000000000295435e+00 6.117836944450388046e+02
1.150000000000295008e+00 6.227721153032983921e+02
1.170000000000294582e+00 6.333879669834282140e+02
1.190000000000294156e+00 6.451915377753407483e+02
1.210000000000293729e+00 6.544997514272921535e+02
1.230000000000293303e+00 6.642378590175956106e+02
1.250000000000292877e+00 6.762587293741078156e+02
1.270000000000292451e+00 6.854023025696955074e+02
1.290000000000292024e+00 6.964423741896738420e+02
1.310000000000291598e+00 7.065380446353750585e+02
1.330000000000291172e+00 7.154579160200762544e+02
1.350000000000290745e+00 7.236041045369983067e+02
1.370000000000290319e+00 7.337626085566521397e+02
1.390000000000289893e+00 7.423022868637722240e+02
1.410000000000289466e+00 7.511403527567016454e+02
1.430000000000289040e+00 7.596947234689367860e+02
1.450000000000288614e+00 7.681489523213294888e+02
1.470000000000288187e+00 7.775847117804725031e+02
1.490000000000287761e+00 7.860273411750941932e+02
1.510000000000287335e+00 7.936676905345890418e+02
1.530000000000286908e+00 7.999133253612715180e+02
1.550000000000286482e+00 8.071801648161335834e+02
1.570000000000286056e+00 8.164404999153805420e+02
1.590000000000285629e+00 8.224854424329305402e+02
1.610000000000285203e+00 8.308218250822272921e+02
1.630000000000284777e+00 8.385142585671201232e+02
1.650000000000284350e+00 8.473915388835463318e+02
1.670000000000283924e+00 8.497592499926057599e+02
1.690000000000283498e+00 8.627400795237068678e+02
1.710000000000283071e+00 8.676279867681820406e+02
1.730000000000282645e+00 8.754645173691990294e+02
1.750000000000282219e+00 8.710754238133797571e+02
1.770000000000281792e+00 8.666925352092185904e+02
1.790000000000281366e+00 8.653711698456060049e+02
1.810000000000280940e+00 8.651975748029167335e+02
1.830000000000280513e+00 8.642177545124320659e+02
1.850000000000280087e+00 8.641514843344880319e+02
1.870000000000279661e+00 8.649915025945955449e+02
1.890000000000279234e+00 8.662561179783431271e+02
1.910000000000278808e+00 8.667126799178199690e+02
1.930000000000278382e+00 8.690349504957316640e+02
1.950000000000277955e+00 8.757956381745020735e+02
1.970000000000277529e+00 8.716877727125209958e+02
1.990000000000277103e+00 8.693645552718064664e+02
2.010000000000276899e+00 8.658711198451917426e+02
2.030000000000276472e+00 8.605788953461770916e+02
2.050000000000276046e+00 8.598082576807673831e+02
2.070000000000275620e+00 8.554183357054945418e+02
2.090000000000275193e+00 8.555489285893999067e+02
2.110000000000274767e+00 8.524714597488531354e+02
2.130000000000274341e+00 8.494867282467749874e+02
2.150000000000273914e+00 8.469665828271076862e+02
2.170000000000273488e+00 8.400867209220627956e+02
2.190000000000273062e+00 8.336481444195445647e+02
2.210000000000272635e+00 8.286421947563404728e+02
2.230000000000272209e+00 8.175241751490528941e+02
2.250000000000271783e+00 8.103641814392843798e+02
2.270000000000271356e+00 7.976539095053165056e+02
2.290000000000270930e+00 7.890110464676823767e+02
2.310000000000270504e+00 7.824365186798510194e+02
2.330000000000270077e+00 7.759896201850715443e+02
2.350000000000269651e+00 7.688745876329196562e+02
2.370000000000269225e+00 7.618478942210155083e+02
2.390000000000268798e+00 7.574157126526534967e+02
2.410000000000268372e+00 7.487782904096218317e+02
2.430000000000267946e+00 7.398243978940021179e+02
2.450000000000267519e+00 7.306315016240996556e+02
2.470000000000267093e+00 7.211667700714961029e+02
2.490000000000266667e+00 7.146534605673332408e+02
2.510000000000266240e+00 7.069542254312427758e+02
2.530000000000265814e+00 6.965566188733564559e+02
2.550000000000265388e+00 6.882710405602839501e+02
2.570000000000264961e+00 6.793988319387162846e+02
2.590000000000264535e+00 6.726906069062666802e+02
2.610000000000264109e+00 6.627820745455369433e+02
2.630000000000263682e+00 6.558479413542611383e+02
2.650000000000263256e+00 6.476525825894484569e+02
2.670000000000262830e+00 6.395619890232869693e+02
2.690000000000262403e+00 6.313972953233262615e+02
2.710000000000261977e+00 6.231119609344092396e+02
2.730000000000261551e+00 6.151616633823332450e+02
2.750000000000261124e+00 6.076496921000599514e+02
2.770000000000260698e+00 5.995078477813918880e+02
2.790000000000260272e+00 5.913159613166935742e+02
2.810000000000259845e+00 5.832456011498486532e+02
2.830000000000259419e+00 5.763529833283110975e+02
2.850000000000258993e+00 5.686199930243833478e+02
2.870000000000258567e+00 5.614072695129372050e+02
2.890000000000258140e+00 5.540875651564278996e+02
2.910000000000257714e+00 5.461431760472246424e+02
2.930000000000257288e+00 5.394472354743902542e+02
2.950000000000256861e+00 5.320524898457935024e+02
2.970000000000256435e+00 5.234891447704166012e+02
2.990000000000256009e+00 5.154416812279880560e+02
3.010000000000255582e+00 5.084242552553939731e+02
3.030000000000255156e+00 5.021752091049522733e+02
3.050000000000254730e+00 4.941957585718056976e+02
3.070000000000254303e+00 4.879939931425510622e+02
3.090000000000253877e+00 4.809178813896000975e+02
3.110000000000253451e+00 4.745028773933706816e+02
3.130000000000253024e+00 4.692976299508787861e+02
3.150000000000252598e+00 4.611295038850649348e+02
3.170000000000252172e+00 4.579458644620005430e+02
3.190000000000251745e+00 4.498433380780464859e+02
3.210000000000251319e+00 4.448241066459122521e+02
3.230000000000250893e+00 4.392437312360776787e+02
3.250000000000250466e+00 4.331999160706017165e+02
3.270000000000250040e+00 4.273893220316411430e+02
3.290000000000249614e+00 4.196954771700054039e+02
3.310000000000249187e+00 4.109351467074588413e+02
3.330000000000248761e+00 4.026764554002901377e+02
3.350000000000248335e+00 3.935563110897732031e+02
3.370000000000247908e+00 3.875025985988258981e+02
3.390000000000247482e+00 3.803634173552472930e+02
3.410000000000247056e+00 3.748516183175140100e+02
3.430000000000246629e+00 3.681172577073433558e+02
3.450000000000246203e+00 3.630577893034202930e+02
3.470000000000245777e+00 3.575387188810400971e+02
3.490000000000245350e+00 3.528193367077140010e+02
3.510000000000244924e+00 3.468100665875391542e+02
3.530000000000244498e+00 3.416873642117228655e+02
3.550000000000244071e+00 3.374003523627215486e+02
3.570000000000243645e+00 3.336607179837584454e+02
3.590000000000243219e+00 3.299198665711591048e+02
3.610000000000242792e+00 3.256292397948997746e+02
3.630000000000242366e+00 3.202640062375602383e+02
3.650000000000241940e+00 3.145562320992399918e+02
3.670000000000241513e+00 3.084546675536963107e+02
3.690000000000241087e+00 3.034422864056308526e+02
3.710000000000240661e+00 2.986864024908339843e+02
3.730000000000240234e+00 2.939697764232125792e+02
3.750000000000239808e+00 2.893964029540969136e+02
3.770000000000239382e+00 2.857106827817425483e+02
3.790000000000238956e+00 2.814602744137760624e+02
3.810000000000238529e+00 2.776158983433790013e+02
3.830000000000238103e+00 2.739821688401939355e+02
3.850000000000237677e+00 2.706053983245982408e+02
3.870000000000237250e+00 2.655082974354057797e+02
3.890000000000236824e+00 2.614054514656259016e+02
3.910000000000236398e+00 2.571706958120000763e+02
3.930000000000235971e+00 2.533607638324608047e+02
3.950000000000235545e+00 2.498410155995506159e+02
3.970000000000235119e+00 2.465026178962419579e+02
3.990000000000234692e+00 2.424471785892965272e+02
4.010000000000234266e+00 2.382360231737658012e+02
4.030000000000233840e+00 2.341873665214842219e+02
4.050000000000233413e+00 2.309746233933752251e+02
4.070000000000232987e+00 2.277516256786789199e+02
4.090000000000232561e+00 2.236640905860715520e+02
4.110000000000232134e+00 2.212845606195767800e+02
4.130000000000231708e+00 2.184701100664168791e+02
4.150000000000231282e+00 2.155390622299378265e+02
4.170000000000230855e+00 2.125812469583157167e+02
4.190000000000230429e+00 2.098189996057674875e+02
4.210000000000230003e+00 2.071517482880109071e+02
4.230000000000229576e+00 2.048899815240531552e+02
4.250000000000229150e+00 2.010284188052092986e+02
4.270000000000228724e+00 1.972994417005781713e+02
4.290000000000228297e+00 1.940541864209382368e+02
4.310000000000227871e+00 1.904523736306188653e+02
4.330000000000227445e+00 1.872351899244532945e+02
4.350000000000227018e+00 1.833876845682559065e+02
4.370000000000226592e+00 1.815599666329920012e+02
4.390000000000226166e+00 1.788146710687220775e+02
4.410000000000225739e+00 1.762255864909116951e+02
4.430000000000225313e+00 1.737010238293582631e+02
4.450000000000224887e+00 1.717201032670316465e+02
4.470000000000224460e+00 1.699196971092666502e+02
4.490000000000224034e+00 1.676644786435614662e+02
4.510000000000223608e+00 1.655981226889962272e+02
4.530000000000223181e+00 1.636936443924907962e+02
4.550000000000222755e+00 1.609230817250384291e+02
4.570000000000222329e+00 1.584694526237761352e+02
4.590000000000221902e+00 1.570145946650240774e+02
4.610000000000221476e+00 1.549209244155741203e+02
4.630000000000221050e+00 1.538907533031021444e+02
4.650000000000220624e+00 1.514208395105848979e+02
4.670000000000220197e+00 1.492674477817011507e+02
4.690000000000219771e+00 1.469945280611599401e+02
4.710000000000219345e+00 1.445726847056967301e+02
4.730000000000218918e+00 1.423721039408751494e+02
4.750000000000218492e+00 1.401331309980683102e+02
4.770000000000218066e+00 1.388043804180702523e+02
4.790000000000217639e+00 1.368446871864559569e+02
4.810000000000217213e+00 1.348608639300236973e+02
4.830000000000216787e+00 1.332309970215439137e+02
4.850000000000216360e+00 1.323398163381015138e+02
4.870000000000215934e+00 1.310341057702220837e+02
4.890000000000215508e+00 1.289447952452009929e+02
4.910000000000215081e+00 1.281091497044262724e+02
4.930000000000214655e+00 1.266341368141550845e+02
4.950000000000214229e+00 1.247074303673025497e+02
4.970000000000213802e+00 1.237942952218202350e+02
4.990000000000213376e+00 1.222747373864355751e+02
5.010000000000212950e+00 1.201393106270659530e+02
5.030000000000212523e+00 1.179838699238006541e+02
5.050000000000212097e+00 1.164504159730695818e+02
5.070000000000211671e+00 1.148001115440646913e+02
5.090000000000211244e+00 1.129158554675821620e+02
5.110000000000210818e+00 1.112075650820433452e+02
5.130000000000210392e+00 1.094078683864112946e+02
5.150000000000209965e+00 1.074996274193216124e+02
5.170000000000209539e+00 1.061759191577151284e+02
5.190000000000209113e+00 1.046941468494396048e+02
5.210000000000208686e+00 1.032217246338293677e+02
5.230000000000208260e+00 1.021739205172499965e+02
5.250000000000207834e+00 1.010389878523739213e+02
5.270000000000207407e+00 9.930573227850942430e+01
5.290000000000206981e+00 9.844208757565213830e+01
5.310000000000206555e+00 9.732358812249873381e+01
5.330000000000206128e+00 9.599212617678708170e+01
5.350000000000205702e+00 9.455090009467868128e+01
5.370000000000205276e+00 9.371324510829485632e+01
5.390000000000204849e+00 9.313742585799698759e+01
5.410000000000204423e+00 9.173356664045432751e+01
5.430000000000203997e+00 9.105405674280663675e+01
5.450000000000203570e+00 9.000450326667933609e+01
5.470000000000203144e+00 8.948131886021468517e+01
5.490000000000202718e+00 8.819912012766434373e+01
5.510000000000202292e+00 8.676722257141010175e+01
5.530000000000201865e+00 8.636690480412418935e+01
5.550000000000201439e+00 8.514751683807725158e+01
5.570000000000201013e+00 8.422615780401280006e+01
5.590000000000200586e+00 8.292305550786547030e+01
5.610000000000200160e+00 8.244473685007680785e+01
5.630000000000199734e+00 8.187312335530569385e+01
5.650000000000199307e+00 8.005802222001612733e+01
5.670000000000198881e+00 7.851529905768997253e+01
5.690000000000198455e+00 7.776270834133130450e+01
5.710000000000198028e+00 7.641822625240922662e+01
5.730000000000197602e+00 7.568320425490625780e+01
5.750000000000197176e+00 7.453709439096208200e+01
5.770000000000196749e+00 7.356676430713368120e+01
5.790000000000196323e+00 7.244886764015377878e+01
5.810000000000195897e+00 7.165719923106874489e+01
5.830000000000195470e+00 7.124485205641153129e+01
5.850000000000195044e+00 7.025195938816031571e+01
5.870000000000194618e+00 6.916926246440587533e+01
5.890000000000194191e+00 6.854812778869205658e+01
5.910000000000193765e+00 6.800882255003259047e+01
5.930000000000193339e+00 6.730671473452714793e+01
5.950000000000192912e+00 6.663504996852024931e+01
5.970000000000192486e+00 6.604460469152490987e+01
5.990000000000192060e+00 6.525068181123405964e+01
6.010000000000191633e+00 6.481713183601019068e+01
6.030000000000191207e+00 6.368459272872944865e+01
6.050000000000190781e+00 6.286774472739134723e+01
6.070000000000190354e+00 6.283775526377518617e+01
6.090000000000189928e+00 6.215798329444697856e+01
6.110000000000189502e+00 6.148942200177624073e+01
6.130000000000189075e+00 6.039222047755969669e+01
6.150000000000188649e+00 6.024287902486528878e+01
6.170000000000188223e+00 5.913261821057649570e+01
6.190000000000187796e+00 5.860187364752246708e+01
6.210000000000187370e+00 5.740989671267198702e+01
6.230000000000186944e+00 5.675482954419102555e+01
6.250000000000186517e+00 5.563402284429167821e+01
6.270000000000186091e+00 5.527992950678888207e+01
6.290000000000185665e+00 5.493458246712081205e+01
6.310000000000185238e+00 5.381543970525387266e+01
6.330000000000184812e+00 5.339379563219404901e+01
6.350000000000184386e+00 5.258496825804773067e+01
6.370000000000183960e+00 5.237196408325581842e+01
6.390000000000183533e+00 5.197530005414431997e+01
6.410000000000183107e+00 5.158029907240437240e+01
6.430000000000182681e+00 5.092808116438684607e+01
6.450000000000182254e+00 5.024832422996512804e+01
6.470000000000181828e+00 4.980846065996276195e+01
6.490000000000181402e+00 4.970422964801023369e+01
6.510000000000180975e+00 4.915669880303443051e+01
6.530000000000180549e+00 4.823163468999653247e+01
6.550000000000180123e+00 4.803449400813913428e+01
6.570000000000179696e+00 4.772157445973007128e+01
6.590000000000179270e+00 4.677380592655264024e+01
6.610000000000178844e+00 4.633453643896680774e+01
6.630000000000178417e+00 4.612938197923669748e+01
6.650000000000177991e+00 4.567869937986075968e+01
6.670000000000177565e+00 4.557289365514235158e+01
6.690000000000177138e+00 4.489049386855947432e+01
6.710000000000176712e+00 4.446948556672622033e+01
6.730000000000176286e+00 4.371990161894980531e+01
6.750000000000175859e+00 4.313648779201562888e+01
6.770000000000175433e+00 4.265136251702122649e+01
6.790000000000175007e+00 4.254571081996122217e+01
6.810000000000174580e+00 4.161042454902944598e+01
6.830000000000174154e+00 4.102988548271973457e+01
6.850000000000173728e+00 4.093183528385961267e+01
6.870000000000173301e+00 4.051723103087626754e+01
6.890000000000172875e+00 4.037336997477076750e+01
6.910000000000172449e+00 3.973905770599085940e+01
6.930000000000172022e+00 3.962363670424872453e+01
6.950000000000171596e+00 3.899432630270222688e+01
6.970000000000171170e+00 3.874526618195472594e+01
6.990000000000170743e+00 3.857981808532548484e+01
7.010000000000170317e+00 3.852196212307084267e+01
7.030000000000169891e+00 3.783960524910349932e+01
7.050000000000169464e+00 3.748797944933985349e+01
7.070000000000169038e+00 3.707627892861120955e+01
7.090000000000168612e+00 3.684787624363555381e+01
7.110000000000168185e+00 3.674949569086283674e+01
7.130000000000167759e+00 3.621819925067497081e+01
7.150000000000167333e+00 3.608834419820465911e+01
7.170000000000166906e+00 3.567800531517600149e+01
7.190000000000166480e+00 3.491472401600272235e+01
7.210000000000166054e+00 3.484957052774741015e+01
7.230000000000165628e+00 3.476005673381057903e+01
7.250000000000165201e+00 3.418436220812509418e+01
7.270000000000164775e+00 3.388033629126994839e+01
7.290000000000164349e+00 3.333880976205475122e+01
7.310000000000163922e+00 3.318744231756745222e+01
7.330000000000163496e+00 3.322052129725163638e+01
7.350000000000163070e+00 3.272345209568243263e+01
7.370000000000162643e+00 3.246544495676143072e+01
7.390000000000162217e+00 3.232062740832557779e+01
7.410000000000161791e+00 3.227179143054606669e+01
7.430000000000161364e+00 3.184622214925893502e+01
7.450000000000160938e+00 3.173673888608569627e+01
7.470000000000160512e+00 3.141844727282553862e+01
7.490000000000160085e+00 3.151298390730835308e+01
7.510000000000159659e+00 3.057140650227161771e+01
7.530000000000159233e+00 3.074480774926101745e+01
7.550000000000158806e+00 3.049899451613223889e+01
7.570000000000158380e+00 3.025932429521869338e+01
7.590000000000157954e+00 2.994536555711965065e+01
7.610000000000157527e+00 2.956823835840047821e+01
7.630000000000157101e+00 2.938902555074755796e+01
7.650000000000156675e+00 2.919617170137273376e+01
7.670000000000156248e+00 2.911946587766675520e+01
7.690000000000155822e+00 2.860564935579586532e+01
7.710000000000155396e+00 2.844310568414700668e+01
7.730000000000154969e+00 2.834579300426765514e+01
7.750000000000154543e+00 2.828344895243080970e+01
7.770000000000154117e+00 2.791169303619792075e+01
7.790000000000153690e+00 2.797437646756897323e+01
7.810000000000153264e+00 2.755733162872631681e+01
7.830000000000152838e+00 2.735957719987443681e+01
7.850000000000152411e+00 2.726242592916593210e+01
7.870000000000151985e+00 2.721727252388144436e+01
7.890000000000151559e+00 2.683356260521192382e+01
7.910000000000151132e+00 2.681036763439690063e+01
7.930000000000150706e+00 2.659534807863720118e+01
7.950000000000150280e+00 2.636029955317503948e+01
7.970000000000149853e+00 2.608429549794895053e+01
7.990000000000149427e+00 2.587464514618763189e+01
8.010000000000149001e+00 2.585009662388671359e+01
8.030000000000148574e+00 2.551906666087804965e+01
8.050000000000148148e+00 2.541526443748291086e+01
8.070000000000147722e+00 2.521689323287811391e+01
8.090000000000147296e+00 2.502510460289864369e+01
8.110000000000146869e+00 2.485492806436509383e+01
8.130000000000146443e+00 2.467338153756989527e+01
8.150000000000146017e+00 2.465985077750458387e+01
8.170000000000145590e+00 2.438356520360677493e+01
8.190000000000145164e+00 2.440322574008011003e+01
8.210000000000144738e+00 2.420236271093533631e+01
8.230000000000144311e+00 2.413463869936645523e+01
8.250000000000143885e+00 2.374489748586479365e+01
8.270000000000143459e+00 2.365060858201600524e+01
8.290000000000143032e+00 2.351102507806114161e+01
8.310000000000142606e+00 2.334905615249422794e+01
8.330000000000142180e+00 2.323479823505427433e+01
8.350000000000141753e+00 2.296621221977937921e+01
8.370000000000141327e+00 2.292622750481511673e+01
8.390000000000140901e+00 2.265016458611580319e+01
8.410000000000140474e+00 2.254552156116819006e+01
8.430000000000140048e+00 2.238856928205363417e+01
8.450000000000139622e+00 2.220467064051576500e+01
8.470000000000139195e+00 2.203378963101201649e+01
8.490000000000138769e+00 2.195345636508141851e+01
8.510000000000138343e+00 2.174353769791846247e+01
8.530000000000137916e+00 2.170579637002798279e+01
8.550000000000137490e+00 2.155048856376771127e+01
8.570000000000137064e+00 2.138627660855500068e+01
8.590000000000136637e+00 2.122032581246812555e+01
8.610000000000136211e+00 2.098136591180510280e+01
8.630000000000135785e+00 2.092915614820502412e+01
8.650000000000135358e+00 2.079558725156319099e+01
8.670000000000134932e+00 2.051458408935506128e+01
8.690000000000134506e+00 2.044438520706030360e+01
8.710000000000134079e+00 2.022579990972363717e+01
8.730000000000133653e+00 2.015396473287522383e+01
8.750000000000133227e+00 2.006435299865455946e+01
8.770000000000132800e+00 1.979545862066331097e+01
8.790000000000132374e+00 1.965963654628606250e+01
8.810000000000131948e+00 1.942404109871691986e+01
8.830000000000131521e+00 1.936042080127808873e+01
8.850000000000131095e+00 1.925219375490334883e+01
8.870000000000130669e+00 1.901480869256906203e+01
8.890000000000130242e+00 1.898993656715041922e+01
8.910000000000129816e+00 1.862802720923379596e+01
8.930000000000129390e+00 1.849498324861412257e+01
8.950000000000128964e+00 1.843910896588173287e+01
8.970000000000128537e+00 1.824246935563605732e+01
8.990000000000128111e+00 1.823467437345415831e+01
9.010000000000127685e+00 1.789593310176688945e+01
9.030000000000127258e+00 1.776049117483972495e+01
9.050000000000126832e+00 1.766070269707021012e+01
9.070000000000126406e+00 1.750295766845304968e+01
9.090000000000125979e+00 1.732744065834803138e+01
9.110000000000125553e+00 1.712025940914889688e+01
9.130000000000125127e+00 1.700004564057458012e+01
9.150000000000124700e+00 1.671305672427885014e+01
9.170000000000124274e+00 1.664734356846460628e+01
9.190000000000123848e+00 1.654561511352164516e+01
9.210000000000123421e+00 1.633388055407113981e+01
9.230000000000122995e+00 1.612112159791454857e+01
9.250000000000122569e+00 1.600996479282648366e+01
9.270000000000122142e+00 1.592737502137505068e+01
9.290000000000121716e+00 1.573921346444304881e+01
9.310000000000121290e+00 1.556845175744838983e+01
9.330000000000120863e+00 1.539643610665526019e+01
9.350000000000120437e+00 1.519636047663859024e+01
9.370000000000120011e+00 1.508888717554288128e+01
9.390000000000119584e+00 1.487107678758675533e+01
9.410000000000119158e+00 1.469291465145838593e+01
9.430000000000118732e+00 1.456815242995834225e+01
9.450000000000118305e+00 1.444576484722849941e+01
9.470000000000117879e+00 1.420711538679333152e+01
9.490000000000117453e+00 1.411590232591146687e+01
9.510000000000117026e+00 1.395593199834982379e+01
9.530000000000116600e+00 1.385129505502103697e+01
9.550000000000116174e+00 1.361130284275908764e+01
9.570000000000115747e+00 1.348598700670024719e+01
9.590000000000115321e+00 1.336005298614761649e+01
9.610000000000114895e+00 1.320714065015840788e+01
9.630000000000114468e+00 1.297781251135992164e+01
9.650000000000114042e+00 1.291440794631274791e+01
9.670000000000113616e+00 1.267955295823198547e+01
9.690000000000113189e+00 1.260475183698644308e+01
9.710000000000112763e+00 1.250128783865749327e+01
9.730000000000112337e+00 1.225794046438158169e+01
9.750000000000111910e+00 1.218378056779857133e+01
9.770000000000111484e+00 1.209548149649112148e+01
9.790000000000111058e+00 1.181762253817259101e+01
9.810000000000110632e+00 1.166743296570163935e+01
9.830000000000110205e+00 1.158106298366502074e+01
9.850000000000109779e+00 1.149425614048913857e+01
9.870000000000109353e+00 1.137263043666581730e+01
9.890000000000108926e+00 1.116949855034887307e+01
9.910000000000108500e+00 1.110710716031618617e+01
9.930000000000108074e+00 1.098370188016650140e+01
9.950000000000107647e+00 1.085393802060652391e+01
9.970000000000107221e+00 1.071873983772266570e+01
9.990000000000106795e+00 1.054944202626354866e+01
1.001000000000010637e+01 1.044832078599807801e+01
1.003000000000010594e+01 1.029249726567914003e+01
1.005000000000010552e+01 1.020528664137267683e+01
1.007000000000010509e+01 1.010792894699106448e+01
1.009000000000010466e+01 1.002116935712883539e+01
1.011000000000010424e+01 9.998374041660744282e+00
1.013000000000010381e+01 9.797850551137688768e+00
1.015000000000010338e+01 9.723898986330034688e+00
1.017000000000010296e+01 9.665875807202322534e+00
1.019000000000010253e+01 9.445013000906957501e+00
1.021000000000010210e+01 9.316236098649145703e+00
1.023000000000010168e+01 9.338631003134414854e+00
1.025000000000010125e+01 9.197119106892236218e+00
1.027000000000010083e+01 9.153506719103647882e+00
1.029000000000010040e+01 9.027085453580447449e+00
1.031000000000009997e+01 8.970422266883574025e+00
1.033000000000009955e+01 8.835583124367017760e+00
1.035000000000009912e+01 8.784565457903644514e+00
1.037000000000009869e+01 8.711504316313547491e+00
1.039000000000009827e+01 8.619299836171167684e+00
1.041000000000009784e+01 8.581089304005436347e+00
1.043000000000009742e+01 8.500637020225449092e+00
1.045000000000009699e+01 8.426222771076524509e+00
1.047000000000009656e+01 8.310928256886722210e+00
1.049000000000009614e+01 8.236126667008399238e+00
1.051000000000009571e+01 8.217650265025291390e+00
1.053000000000009528e+01 8.095438741813655525e+00
1.055000000000009486e+01 8.108858903271519480e+00
1.057000000000009443e+01 8.018839702525440316e+00
1.059000000000009400e+01 7.926808836228438793e+00
1.061000000000009358e+01 7.859473605584633482e+00
1.063000000000009315e+01 7.828429413630772160e+00
1.065000000000009273e+01 7.772252798788088946e+00
1.067000000000009230e+01 7.698379667539458460e+00
1.069000000000009187e+01 7.585924408838624622e+00
1.071000000000009145e+01 7.678036935158820242e+00
1.073000000000009102e+01 7.568378525615897523e+00
1.075000000000009059e+01 7.460292354831936201e+00
1.077000000000009017e+01 7.407760398251379108e+00
1.079000000000008974e+01 7.344665373510602890e+00
1.081000000000008932e+01 7.347821560528103646e+00
1.083000000000008889e+01 7.307893719232227525e+00
1.085000000000008846e+01 7.221288990152645582e+00
1.087000000000008804e+01 7.227091671036778742e+00
1.089000000000008761e+01 7.070321981890932861e+00
1.091000000000008718e+01 7.005056031110937553e+00
1.093000000000008676e+01 7.007113004803073864e+00
1.095000000000008633e+01 6.990653825419197887e+00
1.097000000000008590e+01 6.927538416628719276e+00
1.099000000000008548e+01 6.866944998447307213e+00
1.101000000000008505e+01 6.863647657405671509e+00
1.103000000000008463e+01 6.735214237348158051e+00
1.105000000000008420e+01 6.681050628892512222e+00
1.107000000000008377e+01 6.646018911253648298e+00
1.109000000000008335e+01 6.612255927223301022e+00
1.111000000000008292e+01 6.534414738154965541e+00
1.113000000000008249e+01 6.463374156976585461e+00
1.115000000000008207e+01 6.408308995228811256e+00
1.117000000000008164e+01 6.406775125924869307e+00
1.119000000000008122e+01 6.321272014668902983e+00
1.121000000000008079e+01 6.252532676076740792e+00
1.123000000000008036e+01 6.188548319887263283e+00
1.125000000000007994e+01 6.132671798487555392e+00
1.127000000000007951e+01 6.120256905594805730e+00
1.129000000000007908e+01 6.021425532114879964e+00
1.131000000000007866e+01 5.932760288758782252e+00
1.133000000000007823e+01 5.882677949366960313e+00
1.135000000000007780e+01 5.807972334471100950e+00
1.137000000000007738e+01 5.755414896360415256e+00
1.139000000000007695e+01 5.757688436263974197e+00
1.141000000000007653e+01 5.606081415530381307e+00
1.143000000000007610e+01 5.542090479242452794e+00
1.145000000000007567e+01 5.473147452984207462e+00
1.147000000000007525e+01 5.447271504179976631e+00
1.149000000000007482e+01 5.373016009346891941e+00
1.151000000000007439e+01 5.271862892711298265e+00
1.153000000000007397e+01 5.223616968285512918e+00
1.155000000000007354e+01 5.115714678640341795e+00
1.157000000000007311e+01 5.057169976226806085e+00
1.159000000000007269e+01 4.935112749693070455e+00
1.161000000000007226e+01 4.974688059152397202e+00
1.163000000000007184e+01 4.775175501528470257e+00
1.165000000000007141e+01 4.821004152671840792e+00
1.167000000000007098e+01 4.666481913861380448e+00
1.169000000000007056e+01 4.630874808980625090e+00
1.171000000000007013e+01 4.565626137463262957e+00
1.173000000000006970e+01 4.400529080775920754e+00
1.175000000000006928e+01 4.334459731730798460e+00
1.177000000000006885e+01 4.320782396916366785e+00
1.179000000000006843e+01 4.218934190532023010e+00
1.181000000000006800e+01 4.119379862711278761e+00
1.183000000000006757e+01 4.129721142030083669e+00
1.185000000000006715e+01 3.988044655983028708e+00
1.187000000000006672e+01 3.850610947336091439e+00
1.189000000000006629e+01 3.845485161285776776e+00
1.191000000000006587e+01 3.703219346092200492e+00
1.193000000000006544e+01 3.699569983193616629e+00
1.195000000000006501e+01 3.599976941884020398e+00
1.197000000000006459e+01 3.496609305466794826e+00
1.199000000000006416e+01 3.418389178896505065e+00
1.201000000000006374e+01 3.368682621654557785e+00
1.203000000000006331e+01 3.315226461621412213e+00
1.205000000000006288e+01 3.185561575220265063e+00
1.207000000000006246e+01 3.138136596665376477e+00
1.209000000000006203e+01 3.058269028652707444e+00
1.211000000000006160e+01 2.915216194990020160e+00
1.213000000000006118e+01 2.948279962071954419e+00
1.215000000000006075e+01 2.861647438968452306e+00
1.217000000000006033e+01 2.738381003771662936e+00
1.219000000000005990e+01 2.718859022249668911e+00
1.221000000000005947e+01 2.610221047432090824e+00
1.223000000000005905e+01 2.561738879926152013e+00
1.225000000000005862e+01 2.480445006903639893e+00
1.227000000000005819e+01 2.405967098788472036e+00
1.229000000000005777e+01 2.369729182510196708e+00
1.231000000000005734e+01 2.281033765199568464e+00
1.233000000000005691e+01 2.259558157920776633e+00
1.235000000000005649e+01 2.164566925028705846e+00
1.237000000000005606e+01 2.097236523839625555e+00
1.239000000000005564e+01 2.040790067270658259e+00
1.241000000000005521e+01 1.969724847040226656e+00
1.243000000000005478e+01 1.956635599439145778e+00
1.245000000000005436e+01 1.851888627378471819e+00
1.247000000000005393e+01 1.839422823831224019e+00
1.249000000000005350e+01 1.792021553193911210e+00
1.251000000000005308e+01 1.689095515942589776e+00
1.253000000000005265e+01 1.645572621876267627e+00
1.255000000000005222e+01 1.631005078505781247e+00
1.257000000000005180e+01 1.541165871918313446e+00
1.259000000000005137e+01 1.531160520413958892e+00
1.261000000000005095e+01 1.480381682103991015e+00
1.263000000000005052e+01 1.440762457209495029e+00
1.265000000000005009e+01 1.400897734667296168e+00
1.267000000000004967e+01 1.337904972629825551e+00
1.269000000000004924e+01 1.286186998909415902e+00
1.271000000000004881e+01 1.251034867345916624e+00
1.273000000000004839e+01 1.249197377424142053e+00
1.275000000000004796e+01 1.155184238995140555e+00
1.277000000000004754e+01 1.195046413966928567e+00
1.279000000000004711e+01 1.117107122130476693e+00
1.281000000000004668e+01 1.070764899813828608e+00
1.283000000000004626e+01 1.061133872738238670e+00
1.285000000000004583e+01 1.011422570166934820e+00
1.287000000000004540e+01 9.990535766008225016e-01
1.289000000000004498e+01 9.760164046083650291e-01
1.291000000000004455e+01 9.440355056571125836e-01
1.293000000000004412e+01 9.122229837539993502e-01
1.295000000000004370e+01 8.744359071956548934e-01
1.297000000000004327e+01 8.601092159410421711e-01
1.299000000000004285e+01 8.367631950214863279e-01
1.301000000000004242e+01 8.193793680462285733e-01
1.303000000000004199e+01 8.026764248431553783e-01
1.305000000000004157e+01 7.549557506831438003e-01
1.307000000000004114e+01 7.485075607092974703e-01
1.309000000000004071e+01 7.367278430355688190e-01
1.311000000000004029e+01 7.257905999121281315e-01
1.313000000000003986e+01 7.198846854280070984e-01
1.315000000000003944e+01 6.610566823263392955e-01
1.317000000000003901e+01 6.653912602785763131e-01
1.319000000000003858e+01 6.367087862040915480e-01
1.321000000000003816e+01 6.299512018748806286e-01
1.323000000000003773e+01 6.101829923003140310e-01
1.325000000000003730e+01 6.161190569727400534e-01
1.327000000000003688e+01 5.752399339070329853e-01
1.329000000000003645e+01 6.285780898405464168e-01
1.331000000000003602e+01 5.634173754882493279e-01
1.333000000000003560e+01 5.412309491024827057e-01
1.335000000000003517e+01 5.478100942060223355e-01
1.337000000000003475e+01 5.474289237265647090e-01
1.339000000000003432e+01 5.230769332117931603e-01
1.341000000000003389e+01 5.296099623198663453e-01
1.343000000000003347e+01 4.977936866972895169e-01
1.345000000000003304e+01 4.947286195801623987e-01
1.347000000000003261e+01 5.119514187729634624e-01
1.349000000000003219e+01 4.692709502329946436e-01
1.351000000000003176e+01 4.852319071428635722e-01
1.353000000000003133e+01 4.736352008909059386e-01
1.355000000000003091e+01 4.666781009939544034e-01
1.357000000000003048e+01 4.508179041169644297e-01
1.359000000000003006e+01 4.543282811428305812e-01
1.361000000000002963e+01 4.307315326391445987e-01
1.363000000000002920e+01 4.599464840200375160e-01
1.365000000000002878e+01 4.410459475047532885e-01
1.367000000000002835e+01 4.273034731689564492e-01
1.369000000000002792e+01 4.124842946413502798e-01
1.371000000000002750e+01 4.129349602515172690e-01
1.373000000000002707e+01 3.996508338193587861e-01
1.375000000000002665e+01 4.271042259383086570e-01
1.377000000000002622e+01 3.938838189441611903e-01
1.379000000000002579e+01 3.944187542835389526e-01
1.381000000000002537e+01 3.629455013587447043e-01
1.383000000000002494e+01 3.619563411756328009e-01
1.385000000000002451e+01 3.426819469628696879e-01
1.387000000000002409e+01 3.299122692983603167e-01
1.389000000000002366e+01 3.339667652570318390e-01
1.391000000000002323e+01 2.990782423818353353e-01
1.393000000000002281e+01 2.927133977790599140e-01
1.395000000000002238e+01 2.818613980341140302e-01
1.397000000000002196e+01 2.589096528787044882e-01
1.399000000000002153e+01 2.085001121632800991e-01
1.401000000000002110e+01 1.668400175401089924e-01
1.403000000000002068e+01 1.468025762895883157e-01
1.405000000000002025e+01 1.569236864655998709e-01
1.407000000000001982e+01 1.389003953909916655e-01
1.409000000000001940e+01 1.270546234381299822e-01
1.411000000000001897e+01 1.364933319008751478e-01
1.413000000000001855e+01 1.222611651170495695e-01
1.415000000000001812e+01 1.057281348161916296e-01
1.417000000000001769e+01 1.026096260529680837e-01
1.419000000000001727e+01 8.390532084713792083e-02
1.421000000000001684e+01 8.350918930348016911e-02
1.423000000000001641e+01 7.551202514114765951e-02
1.425000000000001599e+01 6.778019823446357339e-02
1.427000000000001556e+01 5.411616793453111196e-02
1.429000000000001513e+01 3.787075874562742528e-02
1.431000000000001471e+01 3.764663597054985350e-02
1.433000000000001428e+01 2.178176794024589552e-02
1.435000000000001386e+01 1.640353689429055808e-02
1.437000000000001343e+01 1.100868511377066372e-02
1.439000000000001300e+01 1.089264627173008870e-02
1.441000000000001258e+01 1.079188502390473516e-02
1.443000000000001215e+01 5.401517642389383651e-03
1.445000000000001172e+01 2.713451893756362292e-03
1.447000000000001130e+01 1.899907359155047522e-05
1.449000000000001087e+01 1.752510932888815903e-05
1.451000000000001044e+01 8.763659902988797537e-06
1.453000000000001002e+01 8.090238744609743441e-06
1.455000000000000959e+01 8.008963245205289840e-11
1.457000000000000917e+01 6.936427054089586112e-11
1.459000000000000874e+01 0.000000000000000000e+00
1.461000000000000831e+01 0.000000000000000000e+00
1.463000000000000789e+01 0.000000000000000000e+00
1.465000000000000746e+01 0.000000000000000000e+00
1.467000000000000703e+01 0.000000000000000000e+00
1.469000000000000661e+01 0.000000000000000000e+00
1.471000000000000618e+01 0.000000000000000000e+00
1.473000000000000576e+01 0.000000000000000000e+00
1.475000000000000533e+01 0.000000000000000000e+00
1.477000000000000490e+01 0.000000000000000000e+00
1.479000000000000448e+01 0.000000000000000000e+00
1.481000000000000405e+01 0.000000000000000000e+00
1.483000000000000362e+01 0.000000000000000000e+00
1.485000000000000320e+01 0.000000000000000000e+00
1.487000000000000277e+01 0.000000000000000000e+00
1.489000000000000234e+01 0.000000000000000000e+00
1.491000000000000192e+01 0.000000000000000000e+00
1.493000000000000149e+01 0.000000000000000000e+00
1.495000000000000107e+01 0.000000000000000000e+00
1.497000000000000064e+01 0.000000000000000000e+00
1.499000000000000021e+01 0.000000000000000000e+00
