# Redshift		Merger Rate Density [Gpc^-3yr^-1]
1.000000000031931770e-02 1.943155731118538654e+01
3.000000000031888964e-02 2.030636058734152982e+01
5.000000000031846331e-02 2.118405851772931214e+01
7.000000000031804392e-02 2.195408898467652037e+01
9.000000000031761760e-02 2.294912485092267218e+01
1.100000000003171913e-01 2.383885966744998797e+01
1.300000000003167511e-01 2.478698398401487069e+01
1.500000000003163247e-01 2.591520790644735683e+01
1.700000000003158984e-01 2.690606283337862337e+01
1.900000000003154721e-01 2.818075314366505779e+01
2.100000000003150458e-01 2.918939079133517822e+01
2.300000000003146194e-01 3.051607323943240502e+01
2.500000000003141931e-01 3.165949099862752902e+01
2.700000000003137668e-01 3.293315606933128947e+01
2.900000000003133405e-01 3.404017748820172784e+01
3.100000000003129141e-01 3.538515468971265676e+01
3.300000000003124878e-01 3.671835393085861199e+01
3.500000000003120615e-01 3.792847708574583265e+01
3.700000000003116352e-01 3.934175724040567701e+01
3.900000000003112088e-01 4.050322242915775917e+01
4.100000000003107825e-01 4.175172098259893261e+01
4.300000000003103562e-01 4.333911282973640766e+01
4.500000000003099299e-01 4.479709666293768322e+01
4.700000000003095035e-01 4.613452275022448390e+01
4.900000000003090772e-01 4.753939480318113908e+01
5.100000000003086509e-01 4.917427510449093120e+01
5.300000000003082246e-01 5.064678638360000207e+01
5.500000000003077982e-01 5.203628330863930529e+01
5.700000000003073719e-01 5.370068551987669991e+01
5.900000000003069456e-01 5.500371999149599844e+01
6.100000000003065193e-01 5.656188515719553322e+01
6.300000000003060929e-01 5.824420404614295421e+01
6.500000000003056666e-01 5.965358511960847920e+01
6.700000000003052403e-01 6.143725707895502808e+01
6.900000000003048140e-01 6.296759648546894539e+01
7.100000000003043876e-01 6.470463018714615089e+01
7.300000000003039613e-01 6.638125360013276577e+01
7.500000000003035350e-01 6.816262498994205998e+01
7.700000000003031086e-01 7.000434194950770461e+01
7.900000000003026823e-01 7.129602164447831569e+01
8.100000000003022560e-01 7.321550326433087719e+01
8.300000000003018297e-01 7.461549689966162191e+01
8.500000000003014033e-01 7.666231473900980120e+01
8.700000000003009770e-01 7.800587075543502635e+01
8.900000000003005507e-01 8.003467746263240201e+01
9.100000000003001244e-01 8.176644359290992270e+01
9.300000000002996980e-01 8.332351191685035019e+01
9.500000000002992717e-01 8.532028431781498057e+01
9.700000000002988454e-01 8.698085046761516992e+01
9.900000000002984191e-01 8.854197146214393399e+01
1.010000000000297993e+00 9.039502960922628461e+01
1.030000000000297566e+00 9.214417983166555359e+01
1.050000000000297140e+00 9.378628396129322198e+01
1.070000000000296714e+00 9.544940208559651751e+01
1.090000000000296287e+00 9.708327697556551072e+01
1.110000000000295861e+00 9.838325648746727836e+01
1.130000000000295435e+00 1.003429826965194707e+02
1.150000000000295008e+00 1.022505713856795779e+02
1.170000000000294582e+00 1.039347210918350584e+02
1.190000000000294156e+00 1.052556338254345292e+02
1.210000000000293729e+00 1.066991085384167803e+02
1.230000000000293303e+00 1.086870911388835594e+02
1.250000000000292877e+00 1.098569182735118233e+02
1.270000000000292451e+00 1.115699270836581434e+02
1.290000000000292024e+00 1.126707119475095880e+02
1.310000000000291598e+00 1.140061101635525489e+02
1.330000000000291172e+00 1.154592523638075789e+02
1.350000000000290745e+00 1.169973885704589236e+02
1.370000000000290319e+00 1.182788600337973577e+02
1.390000000000289893e+00 1.201243176795318419e+02
1.410000000000289466e+00 1.208664579790181364e+02
1.430000000000289040e+00 1.216189790711012648e+02
1.450000000000288614e+00 1.238017184101930326e+02
1.470000000000288187e+00 1.244273722030387006e+02
1.490000000000287761e+00 1.255254673475139100e+02
1.510000000000287335e+00 1.260021630113062798e+02
1.530000000000286908e+00 1.273590798324259623e+02
1.550000000000286482e+00 1.279725324758610725e+02
1.570000000000286056e+00 1.289541685798411663e+02
1.590000000000285629e+00 1.292655616752143146e+02
1.610000000000285203e+00 1.304704167996230524e+02
1.630000000000284777e+00 1.307486601028491009e+02
1.650000000000284350e+00 1.312389935159525862e+02
1.670000000000283924e+00 1.324201841536149118e+02
1.690000000000283498e+00 1.330972267046668946e+02
1.710000000000283071e+00 1.338921849904499197e+02
1.730000000000282645e+00 1.333369546939679822e+02
1.750000000000282219e+00 1.337651205032080384e+02
1.770000000000281792e+00 1.338167427766684057e+02
1.790000000000281366e+00 1.352331662912058050e+02
1.810000000000280940e+00 1.356249854705169184e+02
1.830000000000280513e+00 1.340017340682468898e+02
1.850000000000280087e+00 1.346169972183448067e+02
1.870000000000279661e+00 1.350096235372741091e+02
1.890000000000279234e+00 1.341620877345603162e+02
1.910000000000278808e+00 1.333663737664097084e+02
1.930000000000278382e+00 1.332494887419134955e+02
1.950000000000277955e+00 1.320004939593333688e+02
1.970000000000277529e+00 1.321987698887406850e+02
1.990000000000277103e+00 1.318298788278274856e+02
2.010000000000276899e+00 1.309276515230529014e+02
2.030000000000276472e+00 1.308540082687689790e+02
2.050000000000276046e+00 1.298418524892956611e+02
2.070000000000275620e+00 1.287818586536049565e+02
2.090000000000275193e+00 1.288165116563006620e+02
2.110000000000274767e+00 1.276139543210869078e+02
2.130000000000274341e+00 1.261120091759335793e+02
2.150000000000273914e+00 1.254479238541185708e+02
2.170000000000273488e+00 1.246938457604984052e+02
2.190000000000273062e+00 1.236467643061203177e+02
2.210000000000272635e+00 1.223470429237719372e+02
2.230000000000272209e+00 1.217085850124562256e+02
2.250000000000271783e+00 1.202620731336511568e+02
2.270000000000271356e+00 1.196671624198727386e+02
2.290000000000270930e+00 1.186263094619027072e+02
2.310000000000270504e+00 1.175639740273785634e+02
2.330000000000270077e+00 1.163945971654389666e+02
2.350000000000269651e+00 1.151718764453084276e+02
2.370000000000269225e+00 1.133290073193173129e+02
2.390000000000268798e+00 1.123930244481615546e+02
2.410000000000268372e+00 1.123456671640731201e+02
2.430000000000267946e+00 1.099855771143169960e+02
2.450000000000267519e+00 1.091401677654588553e+02
2.470000000000267093e+00 1.074723995490000163e+02
2.490000000000266667e+00 1.064729419186167263e+02
2.510000000000266240e+00 1.061345509439480566e+02
2.530000000000265814e+00 1.045966892737341709e+02
2.550000000000265388e+00 1.030777748249598886e+02
2.570000000000264961e+00 1.018673285092508820e+02
2.590000000000264535e+00 1.010843121441337047e+02
2.610000000000264109e+00 9.930746090396229420e+01
2.630000000000263682e+00 9.712367688964975798e+01
2.650000000000263256e+00 9.638148898545330212e+01
2.670000000000262830e+00 9.521908249771892940e+01
2.690000000000262403e+00 9.384282295133171203e+01
2.710000000000261977e+00 9.202788265935285494e+01
2.730000000000261551e+00 9.047930379577069004e+01
2.750000000000261124e+00 8.952012027262695426e+01
2.770000000000260698e+00 8.820751498993485029e+01
2.790000000000260272e+00 8.643540907075556845e+01
2.810000000000259845e+00 8.538019225559348513e+01
2.830000000000259419e+00 8.383060143364293992e+01
2.850000000000258993e+00 8.275279081477980014e+01
2.870000000000258567e+00 8.188569250974390457e+01
2.890000000000258140e+00 8.023630972382993320e+01
2.910000000000257714e+00 7.925011993093245621e+01
2.930000000000257288e+00 7.815471226374558000e+01
2.950000000000256861e+00 7.659258882967193927e+01
2.970000000000256435e+00 7.574460690673355145e+01
2.990000000000256009e+00 7.476326083350389240e+01
3.010000000000255582e+00 7.361411404712313811e+01
3.030000000000255156e+00 7.252366400668525159e+01
3.050000000000254730e+00 7.173941258405542953e+01
3.070000000000254303e+00 7.009511248680621520e+01
3.090000000000253877e+00 6.937674778242291040e+01
3.110000000000253451e+00 6.809040293106600927e+01
3.130000000000253024e+00 6.735949589692471307e+01
3.150000000000252598e+00 6.614018564559827951e+01
3.170000000000252172e+00 6.509092327209626205e+01
3.190000000000251745e+00 6.444785728169500771e+01
3.210000000000251319e+00 6.357666243781906701e+01
3.230000000000250893e+00 6.322978667754845361e+01
3.250000000000250466e+00 6.210754859362181435e+01
3.270000000000250040e+00 6.151932624074250100e+01
3.290000000000249614e+00 5.985041591694063356e+01
3.310000000000249187e+00 5.887060005609824742e+01
3.330000000000248761e+00 5.846141719876974463e+01
3.350000000000248335e+00 5.708442941932665349e+01
3.370000000000247908e+00 5.689915927732805301e+01
3.390000000000247482e+00 5.578695377541250622e+01
3.410000000000247056e+00 5.486241557622107479e+01
3.430000000000246629e+00 5.428644658984735827e+01
3.450000000000246203e+00 5.320146213780583366e+01
3.470000000000245777e+00 5.220481161428526207e+01
3.490000000000245350e+00 5.167851428418890691e+01
3.510000000000244924e+00 5.089873823480780146e+01
3.530000000000244498e+00 4.983953355719425105e+01
3.550000000000244071e+00 4.939160477714803221e+01
3.570000000000243645e+00 4.833921909552443452e+01
3.590000000000243219e+00 4.770398750799511589e+01
3.610000000000242792e+00 4.754295009476974343e+01
3.630000000000242366e+00 4.665764214777114205e+01
3.650000000000241940e+00 4.596030699032531430e+01
3.670000000000241513e+00 4.535690157495359642e+01
3.690000000000241087e+00 4.453076334978803885e+01
3.710000000000240661e+00 4.432419222410866411e+01
3.730000000000240234e+00 4.313690860852401698e+01
3.750000000000239808e+00 4.306568944314473413e+01
3.770000000000239382e+00 4.203886168548054059e+01
3.790000000000238956e+00 4.185274073903981673e+01
3.810000000000238529e+00 4.101129806921478149e+01
3.830000000000238103e+00 4.051961551919731619e+01
3.850000000000237677e+00 3.986360167574513014e+01
3.870000000000237250e+00 3.919025672678352379e+01
3.890000000000236824e+00 3.877830867379114466e+01
3.910000000000236398e+00 3.823168531296096972e+01
3.930000000000235971e+00 3.783154549971620639e+01
3.950000000000235545e+00 3.734337196463648212e+01
3.970000000000235119e+00 3.696656751151364517e+01
3.990000000000234692e+00 3.648864206488586603e+01
4.010000000000234266e+00 3.595063926791291919e+01
4.030000000000233840e+00 3.546815469512485919e+01
4.050000000000233413e+00 3.480007583628946577e+01
4.070000000000232987e+00 3.475672227015234483e+01
4.090000000000232561e+00 3.427666720838313807e+01
4.110000000000232134e+00 3.407099322824241483e+01
4.130000000000231708e+00 3.346524103407803352e+01
4.150000000000231282e+00 3.286841393449122961e+01
4.170000000000230855e+00 3.288047169693626159e+01
4.190000000000230429e+00 3.246325316726687760e+01
4.210000000000230003e+00 3.276614290105700888e+01
4.230000000000229576e+00 3.205948690374409438e+01
4.250000000000229150e+00 3.135723571181940983e+01
4.270000000000228724e+00 3.098257580950102863e+01
4.290000000000228297e+00 3.031880227730886546e+01
4.310000000000227871e+00 3.028456881857194816e+01
4.330000000000227445e+00 2.977581743074304299e+01
4.350000000000227018e+00 2.963083488708930702e+01
4.370000000000226592e+00 2.937845393357060786e+01
4.390000000000226166e+00 2.886413089052349790e+01
4.410000000000225739e+00 2.842483944868480350e+01
4.430000000000225313e+00 2.842148878800028911e+01
4.450000000000224887e+00 2.818934963826470508e+01
4.470000000000224460e+00 2.774240656819392470e+01
4.490000000000224034e+00 2.740067981889868065e+01
4.510000000000223608e+00 2.689215290579157980e+01
4.530000000000223181e+00 2.681653339519261792e+01
4.550000000000222755e+00 2.628190996978421268e+01
4.570000000000222329e+00 2.580336732549907452e+01
4.590000000000221902e+00 2.580807604125989840e+01
4.610000000000221476e+00 2.543542328982054812e+01
4.630000000000221050e+00 2.515093442511513899e+01
4.650000000000220624e+00 2.506341134137628046e+01
4.670000000000220197e+00 2.466782482859869674e+01
4.690000000000219771e+00 2.441727519662202894e+01
4.710000000000219345e+00 2.410865889442478505e+01
4.730000000000218918e+00 2.375251693157166955e+01
4.750000000000218492e+00 2.364705394080226242e+01
4.770000000000218066e+00 2.328250990035203216e+01
4.790000000000217639e+00 2.303274916654576643e+01
4.810000000000217213e+00 2.280032410619679695e+01
4.830000000000216787e+00 2.253318965837892662e+01
4.850000000000216360e+00 2.229505885783287056e+01
4.870000000000215934e+00 2.186309378884547883e+01
4.890000000000215508e+00 2.165643943173749975e+01
4.910000000000215081e+00 2.176686104681773060e+01
4.930000000000214655e+00 2.160509832445908884e+01
4.950000000000214229e+00 2.156913908987518624e+01
4.970000000000213802e+00 2.130313771822190816e+01
4.990000000000213376e+00 2.095451231428508621e+01
5.010000000000212950e+00 2.087072640783344823e+01
5.030000000000212523e+00 2.055561628643786065e+01
5.050000000000212097e+00 1.993057020973628113e+01
5.070000000000211671e+00 1.977340804526975049e+01
5.090000000000211244e+00 1.954543582699956161e+01
5.110000000000210818e+00 1.939098668254430535e+01
5.130000000000210392e+00 1.922404047526956816e+01
5.150000000000209965e+00 1.895338098349880696e+01
5.170000000000209539e+00 1.862811415951973615e+01
5.190000000000209113e+00 1.858989040737914422e+01
5.210000000000208686e+00 1.845498298723349251e+01
5.230000000000208260e+00 1.823099979174317298e+01
5.250000000000207834e+00 1.801985772623277526e+01
5.270000000000207407e+00 1.785545085386928932e+01
5.290000000000206981e+00 1.753666581259784607e+01
5.310000000000206555e+00 1.728716662294205975e+01
5.330000000000206128e+00 1.719730423622904425e+01
5.350000000000205702e+00 1.686436469172135588e+01
5.370000000000205276e+00 1.652429839744712226e+01
5.390000000000204849e+00 1.645978445403117263e+01
5.410000000000204423e+00 1.641433342502199721e+01
5.430000000000203997e+00 1.604546786094643451e+01
5.450000000000203570e+00 1.602748515056589085e+01
5.470000000000203144e+00 1.583134318980077104e+01
5.490000000000202718e+00 1.550313468905122072e+01
5.510000000000202292e+00 1.529872387264822997e+01
5.530000000000201865e+00 1.535117168108742192e+01
5.550000000000201439e+00 1.520655449106485158e+01
5.570000000000201013e+00 1.508213384976203031e+01
5.590000000000200586e+00 1.512257856104624842e+01
5.610000000000200160e+00 1.498603715143579151e+01
5.630000000000199734e+00 1.451471247796287756e+01
5.650000000000199307e+00 1.433592215402395986e+01
5.670000000000198881e+00 1.402156580247956086e+01
5.690000000000198455e+00 1.372211067779660532e+01
5.710000000000198028e+00 1.361974216617011635e+01
5.730000000000197602e+00 1.342474785757934086e+01
5.750000000000197176e+00 1.325867268985811442e+01
5.770000000000196749e+00 1.307759064400041638e+01
5.790000000000196323e+00 1.284002881696579834e+01
5.810000000000195897e+00 1.270925602762213558e+01
5.830000000000195470e+00 1.254428496869627985e+01
5.850000000000195044e+00 1.264937030338498580e+01
5.870000000000194618e+00 1.245490044192685986e+01
5.890000000000194191e+00 1.228748864205799052e+01
5.910000000000193765e+00 1.182247291911629716e+01
5.930000000000193339e+00 1.164824146283714690e+01
5.950000000000192912e+00 1.180495754527576047e+01
5.970000000000192486e+00 1.142048911032036607e+01
5.990000000000192060e+00 1.137266503990614908e+01
6.010000000000191633e+00 1.097420373043095765e+01
6.030000000000191207e+00 1.090638549441743521e+01
6.050000000000190781e+00 1.082502866492533755e+01
6.070000000000190354e+00 1.073458729353823315e+01
6.090000000000189928e+00 1.059498995341526317e+01
6.110000000000189502e+00 1.035064767218642601e+01
6.130000000000189075e+00 1.039807496771604711e+01
6.150000000000188649e+00 1.041863430254463907e+01
6.170000000000188223e+00 1.026197567612599038e+01
6.190000000000187796e+00 9.872217829115164989e+00
6.210000000000187370e+00 9.962994280894882593e+00
6.230000000000186944e+00 9.536187043245613282e+00
6.250000000000186517e+00 9.442136130938575178e+00
6.270000000000186091e+00 9.240843237557468726e+00
6.290000000000185665e+00 9.114003487772093237e+00
6.310000000000185238e+00 9.057407031559716160e+00
6.330000000000184812e+00 8.808277481985987478e+00
6.350000000000184386e+00 8.883489286765279047e+00
6.370000000000183960e+00 8.518644585035570316e+00
6.390000000000183533e+00 8.441412236926694845e+00
6.410000000000183107e+00 8.509671844635990468e+00
6.430000000000182681e+00 8.397702041656783578e+00
6.450000000000182254e+00 8.167935350062505151e+00
6.470000000000181828e+00 8.134419397219115666e+00
6.490000000000181402e+00 7.820502989628466572e+00
6.510000000000180975e+00 7.631645870875979121e+00
6.530000000000180549e+00 7.481905473167567600e+00
6.550000000000180123e+00 7.429699111542217516e+00
6.570000000000179696e+00 7.355813384485751172e+00
6.590000000000179270e+00 7.232869863538163635e+00
6.610000000000178844e+00 7.145069947913411212e+00
6.630000000000178417e+00 7.143946409259045893e+00
6.650000000000177991e+00 7.034414340816010025e+00
6.670000000000177565e+00 6.996026131635605161e+00
6.690000000000177138e+00 6.674787497213192644e+00
6.710000000000176712e+00 6.610809007297470785e+00
6.730000000000176286e+00 6.523560431391610237e+00
6.750000000000175859e+00 6.353514489233205609e+00
6.770000000000175433e+00 6.245258988383851850e+00
6.790000000000175007e+00 6.140536407699557664e+00
6.810000000000174580e+00 6.036525535344252624e+00
6.830000000000174154e+00 5.858613002140101500e+00
6.850000000000173728e+00 5.877503155137779878e+00
6.870000000000173301e+00 5.727029059607235517e+00
6.890000000000172875e+00 5.689169963651704798e+00
6.910000000000172449e+00 5.622407107112362468e+00
6.930000000000172022e+00 5.687958250440192209e+00
6.950000000000171596e+00 5.593252356781745149e+00
6.970000000000171170e+00 5.392982117578110746e+00
6.990000000000170743e+00 5.321149376612524406e+00
7.010000000000170317e+00 5.226239264479597857e+00
7.030000000000169891e+00 5.115866200962338795e+00
7.050000000000169464e+00 4.928270659815598975e+00
7.070000000000169038e+00 4.941472959946811905e+00
7.090000000000168612e+00 4.900012595179420671e+00
7.110000000000168185e+00 4.726408988530679700e+00
7.130000000000167759e+00 4.740938662931235115e+00
7.150000000000167333e+00 4.587753192860949625e+00
7.170000000000166906e+00 4.503936361359826002e+00
7.190000000000166480e+00 4.341180077905080203e+00
7.210000000000166054e+00 4.319916443828101471e+00
7.230000000000165628e+00 4.225736600101960505e+00
7.250000000000165201e+00 4.221173697524065460e+00
7.270000000000164775e+00 4.096303636504151413e+00
7.290000000000164349e+00 4.017732908909246170e+00
7.310000000000163922e+00 4.007931831326814631e+00
7.330000000000163496e+00 3.910446828595515623e+00
7.350000000000163070e+00 3.870792862456927885e+00
7.370000000000162643e+00 3.831516076018369521e+00
7.390000000000162217e+00 3.901567327795156359e+00
7.410000000000161791e+00 3.833447139574694962e+00
7.430000000000161364e+00 3.746908245629767542e+00
7.450000000000160938e+00 3.590518819254813199e+00
7.470000000000160512e+00 3.513069184473265327e+00
7.490000000000160085e+00 3.519110402492221290e+00
7.510000000000159659e+00 3.446473066424380782e+00
7.530000000000159233e+00 3.353765537605135627e+00
7.550000000000158806e+00 3.320412070300232443e+00
7.570000000000158380e+00 3.287668625687596879e+00
7.590000000000157954e+00 3.130916264119669723e+00
7.610000000000157527e+00 3.120647498140994625e+00
7.630000000000157101e+00 3.071619446671863152e+00
7.650000000000156675e+00 2.996259632338054146e+00
7.670000000000156248e+00 2.973845387393759143e+00
7.690000000000155822e+00 2.939590981646228673e+00
7.710000000000155396e+00 2.868193135726637699e+00
7.730000000000154969e+00 2.869506139969776548e+00
7.750000000000154543e+00 2.749457661225667149e+00
7.770000000000154117e+00 2.798850521781269141e+00
7.790000000000153690e+00 2.679355998698504049e+00
7.810000000000153264e+00 2.784251630338991035e+00
7.830000000000152838e+00 2.788129566231136724e+00
7.850000000000152411e+00 2.673013607177566087e+00
7.870000000000151985e+00 2.606095636161962936e+00
7.890000000000151559e+00 2.548225705328608814e+00
7.910000000000151132e+00 2.517389897711820534e+00
7.930000000000150706e+00 2.477258102864310363e+00
7.950000000000150280e+00 2.423091637164195955e+00
7.970000000000149853e+00 2.353065308332122019e+00
7.990000000000149427e+00 2.305120871749683165e+00
8.010000000000149001e+00 2.315467126108242901e+00
8.030000000000148574e+00 2.299431860379088199e+00
8.050000000000148148e+00 2.206164809622533252e+00
8.070000000000147722e+00 2.194341303755714012e+00
8.090000000000147296e+00 2.214151731707483250e+00
8.110000000000146869e+00 2.151742968705575354e+00
8.130000000000146443e+00 2.127388767174362538e+00
8.150000000000146017e+00 2.131600625710178054e+00
8.170000000000145590e+00 2.089278471809402848e+00
8.190000000000145164e+00 2.024175671385874953e+00
8.210000000000144738e+00 2.116037924507262691e+00
8.230000000000144311e+00 2.087058214835718850e+00
8.250000000000143885e+00 1.966360104226411831e+00
8.270000000000143459e+00 1.961489541369886513e+00
8.290000000000143032e+00 1.948832167131351323e+00
8.310000000000142606e+00 1.879401139445978419e+00
8.330000000000142180e+00 1.858734588439817870e+00
8.350000000000141753e+00 1.848638541248650347e+00
8.370000000000141327e+00 1.860254495281711273e+00
8.390000000000140901e+00 1.790022446848356541e+00
8.410000000000140474e+00 1.789857225589556400e+00
8.430000000000140048e+00 1.783929113903134356e+00
8.450000000000139622e+00 1.787303904148247913e+00
8.470000000000139195e+00 1.746479736560609730e+00
8.490000000000138769e+00 1.722142227716427554e+00
8.510000000000138343e+00 1.708859335498643661e+00
8.530000000000137916e+00 1.672906962809340037e+00
8.550000000000137490e+00 1.661750436101174344e+00
8.570000000000137064e+00 1.633117747518590512e+00
8.590000000000136637e+00 1.695601787604193555e+00
8.610000000000136211e+00 1.676511064871144097e+00
8.630000000000135785e+00 1.625552545933087734e+00
8.650000000000135358e+00 1.587082034457535595e+00
8.670000000000134932e+00 1.585000236554993336e+00
8.690000000000134506e+00 1.587372783408186105e+00
8.710000000000134079e+00 1.561295471387652789e+00
8.730000000000133653e+00 1.561327481534114048e+00
8.750000000000133227e+00 1.544086896357964811e+00
8.770000000000132800e+00 1.524866565925754980e+00
8.790000000000132374e+00 1.526544869939721494e+00
8.810000000000131948e+00 1.507966492470903308e+00
8.830000000000131521e+00 1.512333196045293260e+00
8.850000000000131095e+00 1.467643996290855846e+00
8.870000000000130669e+00 1.496961827812931300e+00
8.890000000000130242e+00 1.476554503356481085e+00
8.910000000000129816e+00 1.469982769338954443e+00
8.930000000000129390e+00 1.475629371767715137e+00
8.950000000000128964e+00 1.489960644265990508e+00
8.970000000000128537e+00 1.463928701693022694e+00
8.990000000000128111e+00 1.444169825846517430e+00
9.010000000000127685e+00 1.453657619115619415e+00
9.030000000000127258e+00 1.425826170544483240e+00
9.050000000000126832e+00 1.430513020232638821e+00
9.070000000000126406e+00 1.391565175003569355e+00
9.090000000000125979e+00 1.435799273730720360e+00
9.110000000000125553e+00 1.411170663968124517e+00
9.130000000000125127e+00 1.426646194448826455e+00
9.150000000000124700e+00 1.414293971341429312e+00
9.170000000000124274e+00 1.423239881383373540e+00
9.190000000000123848e+00 1.401443852573681426e+00
9.210000000000123421e+00 1.402417461101528540e+00
9.230000000000122995e+00 1.428553264084954977e+00
9.250000000000122569e+00 1.390424658110796408e+00
9.270000000000122142e+00 1.414190489401220940e+00
9.290000000000121716e+00 1.397432111434373736e+00
9.310000000000121290e+00 1.399404874595608472e+00
9.330000000000120863e+00 1.382123197998085917e+00
9.350000000000120437e+00 1.388492304765598373e+00
9.370000000000120011e+00 1.384581283138129892e+00
9.390000000000119584e+00 1.393964774587497457e+00
9.410000000000119158e+00 1.378954955693397322e+00
9.430000000000118732e+00 1.395323896139340603e+00
9.450000000000118305e+00 1.405676403003034203e+00
9.470000000000117879e+00 1.426023703033187040e+00
9.490000000000117453e+00 1.378241358479963319e+00
9.510000000000117026e+00 1.379075325062283808e+00
9.530000000000116600e+00 1.391798910272957102e+00
9.550000000000116174e+00 1.372422024950458175e+00
9.570000000000115747e+00 1.377609077073710386e+00
9.590000000000115321e+00 1.384798807162055834e+00
9.610000000000114895e+00 1.417153779589565898e+00
9.630000000000114468e+00 1.400450586766921246e+00
9.650000000000114042e+00 1.402590633530892195e+00
9.670000000000113616e+00 1.385539527374994861e+00
9.690000000000113189e+00 1.388888296719456239e+00
9.710000000000112763e+00 1.350131191666086750e+00
9.730000000000112337e+00 1.396896061009944123e+00
9.750000000000111910e+00 1.361678185206590230e+00
9.770000000000111484e+00 1.386617721816112869e+00
9.790000000000111058e+00 1.408723462180975883e+00
9.810000000000110632e+00 1.398903665293441012e+00
9.830000000000110205e+00 1.381879351899474084e+00
9.850000000000109779e+00 1.370508933365590432e+00
9.870000000000109353e+00 1.360921893487410328e+00
9.890000000000108926e+00 1.368283914201383844e+00
9.910000000000108500e+00 1.371014165712193034e+00
9.930000000000108074e+00 1.388996853852074942e+00
9.950000000000107647e+00 1.356419255719810035e+00
9.970000000000107221e+00 1.378501611106969005e+00
9.990000000000106795e+00 1.328406686933549796e+00
1.001000000000010637e+01 1.380652145486246374e+00
1.003000000000010594e+01 1.361504956597368921e+00
1.005000000000010552e+01 1.338913435470987734e+00
1.007000000000010509e+01 1.344072242763209246e+00
1.009000000000010466e+01 1.351538266253234477e+00
1.011000000000010424e+01 1.349961384515419249e+00
1.013000000000010381e+01 1.323101786667290058e+00
1.015000000000010338e+01 1.335885096228198288e+00
1.017000000000010296e+01 1.334093768867212315e+00
1.019000000000010253e+01 1.277057082076197503e+00
1.021000000000010210e+01 1.301780606928373940e+00
1.023000000000010168e+01 1.318774675301782162e+00
1.025000000000010125e+01 1.295748611124826866e+00
1.027000000000010083e+01 1.299506209684091029e+00
1.029000000000010040e+01 1.331439986752330995e+00
1.031000000000009997e+01 1.262326305698511231e+00
1.033000000000009955e+01 1.250339780346901186e+00
1.035000000000009912e+01 1.229634929121189879e+00
1.037000000000009869e+01 1.260909300552641055e+00
1.039000000000009827e+01 1.240742847278383909e+00
1.041000000000009784e+01 1.233277591626409819e+00
1.043000000000009742e+01 1.239783244480515245e+00
1.045000000000009699e+01 1.230658516726742757e+00
1.047000000000009656e+01 1.202421726200590513e+00
1.049000000000009614e+01 1.200973057122712850e+00
1.051000000000009571e+01 1.210780930258257282e+00
1.053000000000009528e+01 1.162352342467908306e+00
1.055000000000009486e+01 1.148418740208912103e+00
1.057000000000009443e+01 1.174931625463660589e+00
1.059000000000009400e+01 1.129819810169869321e+00
1.061000000000009358e+01 1.160785836707386665e+00
1.063000000000009315e+01 1.136816782421953942e+00
1.065000000000009273e+01 1.111546675209189594e+00
1.067000000000009230e+01 1.095152203241108069e+00
1.069000000000009187e+01 1.097276727893087944e+00
1.071000000000009145e+01 1.069691151786793748e+00
1.073000000000009102e+01 1.088013472808409654e+00
1.075000000000009059e+01 1.046992057327689407e+00
1.077000000000009017e+01 1.053453351722418496e+00
1.079000000000008974e+01 1.015466688531419859e+00
1.081000000000008932e+01 1.026322647081613360e+00
1.083000000000008889e+01 1.033620051456131339e+00
1.085000000000008846e+01 9.867361363708685440e-01
1.087000000000008804e+01 9.861873410644619309e-01
1.089000000000008761e+01 9.784280310677307968e-01
1.091000000000008718e+01 9.494783870512583102e-01
1.093000000000008676e+01 9.324708427719624604e-01
1.095000000000008633e+01 9.276903748361886581e-01
1.097000000000008590e+01 9.208717409576595569e-01
1.099000000000008548e+01 9.232772568249277834e-01
1.101000000000008505e+01 9.137832115894136686e-01
1.103000000000008463e+01 8.937567568639803728e-01
1.105000000000008420e+01 8.659191469718072742e-01
1.107000000000008377e+01 8.245194612099668863e-01
1.109000000000008335e+01 8.497002209978641307e-01
1.111000000000008292e+01 8.052503334450659134e-01
1.113000000000008249e+01 8.211481190597917923e-01
1.115000000000008207e+01 8.264598994513894237e-01
1.117000000000008164e+01 7.969144614854322128e-01
1.119000000000008122e+01 7.876158109725578393e-01
1.121000000000008079e+01 7.595205778885676384e-01
1.123000000000008036e+01 7.551339406941717236e-01
1.125000000000007994e+01 7.374874930861828881e-01
1.127000000000007951e+01 7.118585922422100420e-01
1.129000000000007908e+01 7.080061960559711487e-01
1.131000000000007866e+01 7.185285882906328192e-01
1.133000000000007823e+01 6.757351003191035543e-01
1.135000000000007780e+01 6.871901435250418189e-01
1.137000000000007738e+01 6.903380891082707693e-01
1.139000000000007695e+01 6.354730634272307555e-01
1.141000000000007653e+01 6.472151819162245134e-01
1.143000000000007610e+01 5.989742902077777043e-01
1.145000000000007567e+01 6.091875512132238768e-01
1.147000000000007525e+01 6.251855943097384127e-01
1.149000000000007482e+01 5.860007168114185205e-01
1.151000000000007439e+01 5.993170765206872197e-01
1.153000000000007397e+01 5.756873160067120798e-01
1.155000000000007354e+01 5.455854954105253674e-01
1.157000000000007311e+01 5.277745682723107290e-01
1.159000000000007269e+01 5.307696525206145877e-01
1.161000000000007226e+01 5.258864738966417818e-01
1.163000000000007184e+01 5.147480984810874904e-01
1.165000000000007141e+01 5.033184304150215560e-01
1.167000000000007098e+01 5.067330499220760176e-01
1.169000000000007056e+01 4.643817758747926794e-01
1.171000000000007013e+01 4.713699468912271318e-01
1.173000000000006970e+01 4.498550477502839540e-01
1.175000000000006928e+01 4.440202920970852118e-01
1.177000000000006885e+01 4.440991618042791633e-01
1.179000000000006843e+01 4.287798217122754663e-01
1.181000000000006800e+01 4.136265325497837653e-01
1.183000000000006757e+01 4.122464978534564062e-01
1.185000000000006715e+01 3.909568348065278753e-01
1.187000000000006672e+01 3.872181916276791758e-01
1.189000000000006629e+01 3.914888690384453751e-01
1.191000000000006587e+01 3.659395540402491931e-01
1.193000000000006544e+01 3.405495437744168186e-01
1.195000000000006501e+01 3.629129567570582582e-01
1.197000000000006459e+01 3.401005164574565920e-01
1.199000000000006416e+01 3.361096232855201871e-01
1.201000000000006374e+01 3.274205909827559435e-01
1.203000000000006331e+01 3.185801219789927696e-01
1.205000000000006288e+01 3.003451697290337452e-01
1.207000000000006246e+01 2.931959605505909394e-01
1.209000000000006203e+01 3.054697010570906479e-01
1.211000000000006160e+01 2.940614197542101294e-01
1.213000000000006118e+01 2.641407438207494240e-01
1.215000000000006075e+01 2.682114728746318177e-01
1.217000000000006033e+01 2.532025376900517988e-01
1.219000000000005990e+01 2.594739202033318204e-01
1.221000000000005947e+01 2.548211864815435601e-01
1.223000000000005905e+01 2.479257717700633357e-01
1.225000000000005862e+01 2.305746167585586426e-01
1.227000000000005819e+01 2.188397633094871231e-01
1.229000000000005777e+01 2.188090922506751579e-01
1.231000000000005734e+01 2.116934345442428034e-01
1.233000000000005691e+01 2.140165821911923227e-01
1.235000000000005649e+01 2.131608801950761189e-01
1.237000000000005606e+01 1.959838257817776708e-01
1.239000000000005564e+01 1.868658565953173201e-01
1.241000000000005521e+01 1.762516475095683710e-01
1.243000000000005478e+01 1.845038705695414005e-01
1.245000000000005436e+01 1.748827401238362000e-01
1.247000000000005393e+01 1.818819295555680060e-01
1.249000000000005350e+01 1.635943349953966341e-01
1.251000000000005308e+01 1.558393447334900928e-01
1.253000000000005265e+01 1.501833563329215138e-01
1.255000000000005222e+01 1.562984381411880175e-01
1.257000000000005180e+01 1.493149027909095594e-01
1.259000000000005137e+01 1.404826185209528955e-01
1.261000000000005095e+01 1.441520643677237368e-01
1.263000000000005052e+01 1.300645801039557736e-01
1.265000000000005009e+01 1.294750427107285162e-01
1.267000000000004967e+01 1.276073507795533746e-01
1.269000000000004924e+01 1.224416444793236525e-01
1.271000000000004881e+01 1.242890804596240989e-01
1.273000000000004839e+01 1.228602478785929125e-01
1.275000000000004796e+01 1.083783765115543946e-01
1.277000000000004754e+01 1.086737912093218017e-01
1.279000000000004711e+01 1.088504459040257333e-01
1.281000000000004668e+01 1.057386067428658233e-01
1.283000000000004626e+01 1.032458929724967001e-01
1.285000000000004583e+01 9.575250913087986204e-02
1.287000000000004540e+01 1.040136515940732892e-01
1.289000000000004498e+01 8.853266747049592933e-02
1.291000000000004455e+01 9.333001332867349453e-02
1.293000000000004412e+01 9.043862300353572303e-02
1.295000000000004370e+01 8.908262447872629386e-02
1.297000000000004327e+01 8.146790925003664918e-02
1.299000000000004285e+01 9.191136254079726453e-02
1.301000000000004242e+01 7.401589169383862576e-02
1.303000000000004199e+01 8.099969307871698887e-02
1.305000000000004157e+01 8.024065426869107787e-02
1.307000000000004114e+01 7.678612843207945071e-02
1.309000000000004071e+01 7.596024141598679835e-02
1.311000000000004029e+01 7.550427809010713809e-02
1.313000000000003986e+01 6.633649595257946896e-02
1.315000000000003944e+01 7.166529129923861208e-02
1.317000000000003901e+01 6.954441725115174944e-02
1.319000000000003858e+01 6.896719118878380517e-02
1.321000000000003816e+01 6.511650866456503151e-02
1.323000000000003773e+01 6.709209388105000227e-02
1.325000000000003730e+01 6.135447830568221961e-02
1.327000000000003688e+01 6.089381309186328584e-02
1.329000000000003645e+01 6.621154579653604211e-02
1.331000000000003602e+01 5.941546936860199468e-02
1.333000000000003560e+01 6.109126238849125340e-02
1.335000000000003517e+01 6.042337305422249005e-02
1.337000000000003475e+01 5.331337781994750780e-02
1.339000000000003432e+01 6.079905971307886237e-02
1.341000000000003389e+01 5.524332213406369513e-02
1.343000000000003347e+01 6.254229161432618700e-02
1.345000000000003304e+01 5.011703196258614212e-02
1.347000000000003261e+01 5.299357641656510243e-02
1.349000000000003219e+01 5.171962099416487629e-02
1.351000000000003176e+01 5.691249564379095155e-02
1.353000000000003133e+01 5.320274640727545162e-02
1.355000000000003091e+01 5.529896911422106653e-02
1.357000000000003048e+01 4.974370486446289680e-02
1.359000000000003006e+01 4.896619329422947919e-02
1.361000000000002963e+01 4.843183382016073846e-02
1.363000000000002920e+01 5.577309157496370545e-02
1.365000000000002878e+01 5.270739503698159550e-02
1.367000000000002835e+01 4.172322847886743985e-02
1.369000000000002792e+01 4.901464584477674413e-02
1.371000000000002750e+01 4.620275985620982823e-02
1.373000000000002707e+01 5.326217332476018695e-02
1.375000000000002665e+01 4.274800162702114409e-02
1.377000000000002622e+01 5.004150820571728886e-02
1.379000000000002579e+01 4.176894138810680057e-02
1.381000000000002537e+01 4.173277049902852920e-02
1.383000000000002494e+01 3.640355159599047152e-02
1.385000000000002451e+01 3.869230237634189301e-02
1.387000000000002409e+01 4.070234142761459256e-02
1.389000000000002366e+01 3.291308187785272482e-02
1.391000000000002323e+01 3.522606266075375275e-02
1.393000000000002281e+01 2.518004918635579487e-02
1.395000000000002238e+01 2.745180991444252233e-02
1.397000000000002196e+01 5.224246076724148834e-03
1.399000000000002153e+01 2.114199680285110724e-04
1.401000000000002110e+01 1.525048985286519567e-04
1.403000000000002068e+01 3.878070953868239097e-05
1.405000000000002025e+01 3.568716303742108033e-05
1.407000000000001982e+01 3.282765239158126424e-05
1.409000000000001940e+01 9.457336802989980292e-06
1.411000000000001897e+01 8.659726536735070420e-06
1.413000000000001855e+01 8.172923090803280979e-06
1.415000000000001812e+01 3.597125623546154379e-07
1.417000000000001769e+01 2.775223408969704407e-07
1.419000000000001727e+01 2.823228242248508546e-07
1.421000000000001684e+01 2.170815058480438966e-07
1.423000000000001641e+01 1.932527483076794001e-07
1.425000000000001599e+01 5.144526996379379021e-08
1.427000000000001556e+01 4.602516678129121645e-08
1.429000000000001513e+01 4.058563557122826930e-08
1.431000000000001471e+01 6.695148312645640103e-08
1.433000000000001428e+01 2.854190573265059536e-08
1.435000000000001386e+01 6.317664344464294569e-10
1.437000000000001343e+01 3.154734659490289962e-10
1.439000000000001300e+01 1.363904908131233166e-10
1.441000000000001258e+01 7.367365636243894580e-13
1.443000000000001215e+01 1.246218301215125913e-16
1.445000000000001172e+01 6.940175302052359061e-17
1.447000000000001130e+01 5.697379394642352956e-17
1.449000000000001087e+01 4.676662847861865047e-17
1.451000000000001044e+01 2.802570575835262735e-17
1.453000000000001002e+01 1.264448071933754878e-17
1.455000000000000959e+01 0.000000000000000000e+00
1.457000000000000917e+01 0.000000000000000000e+00
1.459000000000000874e+01 0.000000000000000000e+00
1.461000000000000831e+01 0.000000000000000000e+00
1.463000000000000789e+01 0.000000000000000000e+00
1.465000000000000746e+01 0.000000000000000000e+00
1.467000000000000703e+01 0.000000000000000000e+00
1.469000000000000661e+01 0.000000000000000000e+00
1.471000000000000618e+01 0.000000000000000000e+00
1.473000000000000576e+01 0.000000000000000000e+00
1.475000000000000533e+01 0.000000000000000000e+00
1.477000000000000490e+01 0.000000000000000000e+00
1.479000000000000448e+01 0.000000000000000000e+00
1.481000000000000405e+01 0.000000000000000000e+00
1.483000000000000362e+01 0.000000000000000000e+00
1.485000000000000320e+01 0.000000000000000000e+00
1.487000000000000277e+01 0.000000000000000000e+00
1.489000000000000234e+01 0.000000000000000000e+00
1.491000000000000192e+01 0.000000000000000000e+00
1.493000000000000149e+01 0.000000000000000000e+00
1.495000000000000107e+01 0.000000000000000000e+00
1.497000000000000064e+01 0.000000000000000000e+00
1.499000000000000021e+01 0.000000000000000000e+00
