# Redshift		Merger Rate Density [Gpc^-3yr^-1]
1.000000000031931770e-02 2.971547459936033864e+00
3.000000000031888964e-02 3.113325061105825409e+00
5.000000000031846331e-02 3.304776617979082509e+00
7.000000000031804392e-02 3.466819025540400556e+00
9.000000000031761760e-02 3.615872963008579077e+00
1.100000000003171913e-01 3.764371011262447553e+00
1.300000000003167511e-01 3.971666663993949076e+00
1.500000000003163247e-01 4.127058889489712001e+00
1.700000000003158984e-01 4.198672910895480115e+00
1.900000000003154721e-01 4.406122360332625831e+00
2.100000000003150458e-01 4.560837940366568866e+00
2.300000000003146194e-01 4.618197387186222969e+00
2.500000000003141931e-01 4.806339036673527687e+00
2.700000000003137668e-01 5.066838550574066069e+00
2.900000000003133405e-01 5.114865332565814882e+00
3.100000000003129141e-01 5.182824951528441915e+00
3.300000000003124878e-01 5.387224012144695706e+00
3.500000000003120615e-01 5.509508672029102883e+00
3.700000000003116352e-01 5.692227668308802890e+00
3.900000000003112088e-01 5.897846761629568668e+00
4.100000000003107825e-01 6.021534431293313006e+00
4.300000000003103562e-01 6.188338351402756565e+00
4.500000000003099299e-01 6.420177673110587513e+00
4.700000000003095035e-01 6.519752344038791669e+00
4.900000000003090772e-01 6.833271755277920967e+00
5.100000000003086509e-01 6.863167060364155247e+00
5.300000000003082246e-01 7.107201493704192075e+00
5.500000000003077982e-01 7.299865501269692913e+00
5.700000000003073719e-01 7.437823146123390572e+00
5.900000000003069456e-01 7.580781437425871516e+00
6.100000000003065193e-01 7.934821946159286377e+00
6.300000000003060929e-01 8.063376428899388770e+00
6.500000000003056666e-01 8.300922919442662362e+00
6.700000000003052403e-01 8.461053358175535166e+00
6.900000000003048140e-01 8.573898069562359225e+00
7.100000000003043876e-01 8.873248954646744124e+00
7.300000000003039613e-01 9.151667113517406804e+00
7.500000000003035350e-01 9.449309523076506068e+00
7.700000000003031086e-01 9.546050040478849752e+00
7.900000000003026823e-01 9.775267511516000596e+00
8.100000000003022560e-01 1.003810811327110741e+01
8.300000000003018297e-01 1.025325864464172909e+01
8.500000000003014033e-01 1.049300495020590951e+01
8.700000000003009770e-01 1.078027678727964833e+01
8.900000000003005507e-01 1.091352616996046088e+01
9.100000000003001244e-01 1.129046137488909984e+01
9.300000000002996980e-01 1.145287180402972638e+01
9.500000000002992717e-01 1.157011136762715253e+01
9.700000000002988454e-01 1.189964345532283829e+01
9.900000000002984191e-01 1.223509410612642334e+01
1.010000000000297993e+00 1.229302548315351551e+01
1.030000000000297566e+00 1.257011566131497737e+01
1.050000000000297140e+00 1.307126601663224541e+01
1.070000000000296714e+00 1.327083364326796300e+01
1.090000000000296287e+00 1.325418675966450444e+01
1.110000000000295861e+00 1.375137803298604666e+01
1.130000000000295435e+00 1.375164438618679341e+01
1.150000000000295008e+00 1.428571971819565967e+01
1.170000000000294582e+00 1.427857164611261886e+01
1.190000000000294156e+00 1.460108895322091804e+01
1.210000000000293729e+00 1.498286437231750945e+01
1.230000000000293303e+00 1.496124086383790619e+01
1.250000000000292877e+00 1.554204059594451337e+01
1.270000000000292451e+00 1.542857198202356273e+01
1.290000000000292024e+00 1.571789542208001933e+01
1.310000000000291598e+00 1.601903427831556925e+01
1.330000000000291172e+00 1.625231159227972810e+01
1.350000000000290745e+00 1.637503494163155082e+01
1.370000000000290319e+00 1.665063740166771211e+01
1.390000000000289893e+00 1.691579760372735564e+01
1.410000000000289466e+00 1.731351558245307842e+01
1.430000000000289040e+00 1.719320201743770227e+01
1.450000000000288614e+00 1.735738327008624537e+01
1.470000000000288187e+00 1.787681846185114409e+01
1.490000000000287761e+00 1.759167614258671719e+01
1.510000000000287335e+00 1.795904143383391371e+01
1.530000000000286908e+00 1.800586749194372871e+01
1.550000000000286482e+00 1.845530337215144101e+01
1.570000000000286056e+00 1.836899147896224349e+01
1.590000000000285629e+00 1.856864580545714460e+01
1.610000000000285203e+00 1.862058825792577466e+01
1.630000000000284777e+00 1.881643766501850479e+01
1.650000000000284350e+00 1.886817450380294758e+01
1.670000000000283924e+00 1.916171790627803873e+01
1.690000000000283498e+00 1.919029645723705002e+01
1.710000000000283071e+00 1.933183419809031278e+01
1.730000000000282645e+00 1.929533681749519047e+01
1.750000000000282219e+00 1.971526040994256235e+01
1.770000000000281792e+00 1.934819014735521137e+01
1.790000000000281366e+00 1.949454861264315753e+01
1.810000000000280940e+00 1.958474309731553120e+01
1.830000000000280513e+00 1.968170714304683599e+01
1.850000000000280087e+00 1.966827991659233987e+01
1.870000000000279661e+00 1.986477349977517193e+01
1.890000000000279234e+00 2.017056256545205173e+01
1.910000000000278808e+00 1.973434462478994789e+01
1.930000000000278382e+00 1.987635323843314694e+01
1.950000000000277955e+00 1.975922550837205804e+01
1.970000000000277529e+00 2.016740286693943673e+01
1.990000000000277103e+00 1.978703031230692133e+01
2.010000000000276899e+00 1.963275645370359257e+01
2.030000000000276472e+00 2.031564730730222479e+01
2.050000000000276046e+00 2.006211893449374273e+01
2.070000000000275620e+00 1.960502115928845868e+01
2.090000000000275193e+00 1.932444202107466324e+01
2.110000000000274767e+00 1.960501648108204975e+01
2.130000000000274341e+00 1.924805765384529366e+01
2.150000000000273914e+00 1.917759930657443945e+01
2.170000000000273488e+00 1.946650294467683295e+01
2.190000000000273062e+00 1.884724246401188452e+01
2.210000000000272635e+00 1.896149070015104243e+01
2.230000000000272209e+00 1.873503817406364291e+01
2.250000000000271783e+00 1.867741187790532109e+01
2.270000000000271356e+00 1.852337015554249433e+01
2.290000000000270930e+00 1.881859420024511209e+01
2.310000000000270504e+00 1.855942557386015324e+01
2.330000000000270077e+00 1.857715380913556658e+01
2.350000000000269651e+00 1.832170228322543437e+01
2.370000000000269225e+00 1.790136860859059098e+01
2.390000000000268798e+00 1.768575483398942083e+01
2.410000000000268372e+00 1.768083884776254422e+01
2.430000000000267946e+00 1.740628814114772993e+01
2.450000000000267519e+00 1.750910719256447479e+01
2.470000000000267093e+00 1.708835715119711196e+01
2.490000000000266667e+00 1.717307852093679443e+01
2.510000000000266240e+00 1.710029128225259853e+01
2.530000000000265814e+00 1.694960449635771482e+01
2.550000000000265388e+00 1.656923316626514975e+01
2.570000000000264961e+00 1.607308173158869380e+01
2.590000000000264535e+00 1.635054458502576225e+01
2.610000000000264109e+00 1.598911108659702585e+01
2.630000000000263682e+00 1.598369579621421366e+01
2.650000000000263256e+00 1.581262477606238903e+01
2.670000000000262830e+00 1.559525398701341281e+01
2.690000000000262403e+00 1.519546819177711505e+01
2.710000000000261977e+00 1.514041732586036026e+01
2.730000000000261551e+00 1.523618558606586859e+01
2.750000000000261124e+00 1.464608261499506092e+01
2.770000000000260698e+00 1.472213715464718042e+01
2.790000000000260272e+00 1.447301250522383143e+01
2.810000000000259845e+00 1.432026239531175804e+01
2.830000000000259419e+00 1.415978048490677565e+01
2.850000000000258993e+00 1.407343842030856251e+01
2.870000000000258567e+00 1.396944715090450195e+01
2.890000000000258140e+00 1.355588373905703392e+01
2.910000000000257714e+00 1.354963004530979553e+01
2.930000000000257288e+00 1.323347261035492295e+01
2.950000000000256861e+00 1.301404776499582283e+01
2.970000000000256435e+00 1.303072128624580550e+01
2.990000000000256009e+00 1.273746746698839516e+01
3.010000000000255582e+00 1.284108430773902043e+01
3.030000000000255156e+00 1.250449073089704655e+01
3.050000000000254730e+00 1.223366571314018891e+01
3.070000000000254303e+00 1.209383079425728980e+01
3.090000000000253877e+00 1.200075733611404161e+01
3.110000000000253451e+00 1.190586509385242842e+01
3.130000000000253024e+00 1.160217439182818211e+01
3.150000000000252598e+00 1.172213875100541891e+01
3.170000000000252172e+00 1.122782789802584702e+01
3.190000000000251745e+00 1.125092972086660126e+01
3.210000000000251319e+00 1.102630473154621527e+01
3.230000000000250893e+00 1.095674837026377801e+01
3.250000000000250466e+00 1.087147012413406877e+01
3.270000000000250040e+00 1.084139088759498293e+01
3.290000000000249614e+00 1.052553414216082928e+01
3.310000000000249187e+00 1.047867200556883915e+01
3.330000000000248761e+00 1.047989862416420159e+01
3.350000000000248335e+00 1.008808387410428509e+01
3.370000000000247908e+00 9.954296471612329000e+00
3.390000000000247482e+00 9.780004235172871319e+00
3.410000000000247056e+00 9.687544175810977265e+00
3.430000000000246629e+00 9.620090165103801993e+00
3.450000000000246203e+00 9.435775984403898420e+00
3.470000000000245777e+00 9.222782532892946250e+00
3.490000000000245350e+00 9.466269808769940397e+00
3.510000000000244924e+00 9.050234481392886110e+00
3.530000000000244498e+00 9.041273916819204004e+00
3.550000000000244071e+00 8.701821402157126073e+00
3.570000000000243645e+00 8.813416070093127885e+00
3.590000000000243219e+00 8.627494761249804966e+00
3.610000000000242792e+00 8.539761346865828884e+00
3.630000000000242366e+00 8.449349467944747616e+00
3.650000000000241940e+00 8.341540651514385729e+00
3.670000000000241513e+00 8.269956795128143412e+00
3.690000000000241087e+00 8.212962359327532269e+00
3.710000000000240661e+00 8.044586299929489925e+00
3.730000000000240234e+00 7.950015256892601911e+00
3.750000000000239808e+00 7.940944422753260845e+00
3.770000000000239382e+00 7.684148186174931894e+00
3.790000000000238956e+00 7.619593435334385489e+00
3.810000000000238529e+00 7.532112753146973816e+00
3.830000000000238103e+00 7.474134647857773039e+00
3.850000000000237677e+00 7.170791640475707496e+00
3.870000000000237250e+00 7.146291981539488525e+00
3.890000000000236824e+00 7.075230345521362985e+00
3.910000000000236398e+00 6.945125759771129559e+00
3.930000000000235971e+00 6.944998284162808844e+00
3.950000000000235545e+00 6.873965912988634130e+00
3.970000000000235119e+00 6.801063273390287378e+00
3.990000000000234692e+00 6.611362562619094163e+00
4.010000000000234266e+00 6.492816075970015532e+00
4.030000000000233840e+00 6.366465316537722963e+00
4.050000000000233413e+00 6.393624921840747710e+00
4.070000000000232987e+00 6.322662312159394560e+00
4.090000000000232561e+00 6.209135211777164542e+00
4.110000000000232134e+00 6.225973657970921948e+00
4.130000000000231708e+00 6.128548692904085549e+00
4.150000000000231282e+00 5.993956239570576550e+00
4.170000000000230855e+00 5.999767349905535951e+00
4.190000000000230429e+00 5.913253889969015908e+00
4.210000000000230003e+00 5.782570314206536999e+00
4.230000000000229576e+00 5.777582716104819660e+00
4.250000000000229150e+00 5.707181536044663162e+00
4.270000000000228724e+00 5.477595815319447503e+00
4.290000000000228297e+00 5.527686938068748113e+00
4.310000000000227871e+00 5.443185242269902524e+00
4.330000000000227445e+00 5.399265670730695632e+00
4.350000000000227018e+00 5.279206060021608415e+00
4.370000000000226592e+00 5.273249066882504721e+00
4.390000000000226166e+00 5.146924264923396386e+00
4.410000000000225739e+00 5.142921234251576657e+00
4.430000000000225313e+00 5.124184230085505831e+00
4.450000000000224887e+00 4.932001671615278582e+00
4.470000000000224460e+00 4.978591826781001650e+00
4.490000000000224034e+00 4.901502691145743107e+00
4.510000000000223608e+00 4.825704398874227863e+00
4.530000000000223181e+00 4.769576846038179774e+00
4.550000000000222755e+00 4.634965427318464393e+00
4.570000000000222329e+00 4.656091606689736651e+00
4.590000000000221902e+00 4.616000452963517020e+00
4.610000000000221476e+00 4.594754302892578579e+00
4.630000000000221050e+00 4.603889731124071183e+00
4.650000000000220624e+00 4.477727628425970607e+00
4.670000000000220197e+00 4.394241353795001359e+00
4.690000000000219771e+00 4.323698716635053785e+00
4.710000000000219345e+00 4.306356137257774996e+00
4.730000000000218918e+00 4.262208282315161689e+00
4.750000000000218492e+00 4.136774251933557522e+00
4.770000000000218066e+00 4.103959268246608616e+00
4.790000000000217639e+00 4.155452406381851205e+00
4.810000000000217213e+00 4.074667728134073741e+00
4.830000000000216787e+00 4.037527757078549939e+00
4.850000000000216360e+00 4.077708221465173644e+00
4.870000000000215934e+00 3.921058240682083085e+00
4.890000000000215508e+00 3.954598032509467398e+00
4.910000000000215081e+00 3.818145915362349374e+00
4.930000000000214655e+00 3.838406181646132342e+00
4.950000000000214229e+00 3.720952955558163744e+00
4.970000000000213802e+00 3.782247152271034807e+00
4.990000000000213376e+00 3.672504219415659854e+00
5.010000000000212950e+00 3.691357187069936430e+00
5.030000000000212523e+00 3.528448034955509183e+00
5.050000000000212097e+00 3.549055986026412590e+00
5.070000000000211671e+00 3.561346030280786668e+00
5.090000000000211244e+00 3.485902305850629990e+00
5.110000000000210818e+00 3.396866676460482015e+00
5.130000000000210392e+00 3.350927388789144867e+00
5.150000000000209965e+00 3.354168244591515524e+00
5.170000000000209539e+00 3.343366486136069238e+00
5.190000000000209113e+00 3.250195241562102932e+00
5.210000000000208686e+00 3.205471813698859584e+00
5.230000000000208260e+00 3.280377590832345813e+00
5.250000000000207834e+00 3.185155724021402790e+00
5.270000000000207407e+00 3.187990922494674972e+00
5.290000000000206981e+00 3.122522106799940023e+00
5.310000000000206555e+00 3.106625790581493796e+00
5.330000000000206128e+00 3.102099832133567325e+00
5.350000000000205702e+00 3.028056476193611068e+00
5.370000000000205276e+00 2.990262656995190227e+00
5.390000000000204849e+00 3.016192983131651850e+00
5.410000000000204423e+00 2.976363353346034746e+00
5.430000000000203997e+00 2.934906696887215727e+00
5.450000000000203570e+00 2.898380047054978981e+00
5.470000000000203144e+00 2.888349175094297561e+00
5.490000000000202718e+00 2.826090719196957757e+00
5.510000000000202292e+00 2.812819543973758663e+00
5.530000000000201865e+00 2.768782438393413425e+00
5.550000000000201439e+00 2.780995876574711811e+00
5.570000000000201013e+00 2.711156760908193242e+00
5.590000000000200586e+00 2.661129365583444706e+00
5.610000000000200160e+00 2.664574829434036563e+00
5.630000000000199734e+00 2.659377616923042975e+00
5.650000000000199307e+00 2.653700280615243656e+00
5.670000000000198881e+00 2.635176738950623765e+00
5.690000000000198455e+00 2.604878279598427770e+00
5.710000000000198028e+00 2.500710480489031440e+00
5.730000000000197602e+00 2.508281126032812391e+00
5.750000000000197176e+00 2.532275021304401186e+00
5.770000000000196749e+00 2.454489655194099562e+00
5.790000000000196323e+00 2.507719236615859160e+00
5.810000000000195897e+00 2.354209768825290539e+00
5.830000000000195470e+00 2.342715793352728504e+00
5.850000000000195044e+00 2.348170508429662906e+00
5.870000000000194618e+00 2.311601927717320759e+00
5.890000000000194191e+00 2.275190694436062255e+00
5.910000000000193765e+00 2.236611590524805404e+00
5.930000000000193339e+00 2.286965249331318173e+00
5.950000000000192912e+00 2.255499054573224083e+00
5.970000000000192486e+00 2.228568394527191465e+00
5.990000000000192060e+00 2.276817458382217829e+00
6.010000000000191633e+00 2.167622074747606042e+00
6.030000000000191207e+00 2.160439137868807258e+00
6.050000000000190781e+00 2.125185251175462753e+00
6.070000000000190354e+00 2.128337591059265677e+00
6.090000000000189928e+00 2.090501734629620412e+00
6.110000000000189502e+00 2.132332157209972490e+00
6.130000000000189075e+00 2.079863643387881655e+00
6.150000000000188649e+00 2.121183798748513372e+00
6.170000000000188223e+00 2.040955471921430231e+00
6.190000000000187796e+00 2.025374919615395175e+00
6.210000000000187370e+00 2.071518363323511025e+00
6.230000000000186944e+00 1.997570713883906057e+00
6.250000000000186517e+00 2.042587719351587339e+00
6.270000000000186091e+00 1.940451074784919516e+00
6.290000000000185665e+00 1.921868178902703450e+00
6.310000000000185238e+00 1.898851358526888244e+00
6.330000000000184812e+00 1.887226041930251563e+00
6.350000000000184386e+00 1.897461453634915918e+00
6.370000000000183960e+00 1.831549912802924007e+00
6.390000000000183533e+00 1.844520515879207290e+00
6.410000000000183107e+00 1.811133846843502537e+00
6.430000000000182681e+00 1.791895064386630709e+00
6.450000000000182254e+00 1.771820452446331684e+00
6.470000000000181828e+00 1.802664410994908373e+00
6.490000000000181402e+00 1.762548742551368397e+00
6.510000000000180975e+00 1.744593775495481447e+00
6.530000000000180549e+00 1.738370284293496271e+00
6.550000000000180123e+00 1.731244071140925600e+00
6.570000000000179696e+00 1.674894679438077683e+00
6.590000000000179270e+00 1.662681167425432927e+00
6.610000000000178844e+00 1.634473656919914086e+00
6.630000000000178417e+00 1.679669816749500999e+00
6.650000000000177991e+00 1.656670781860351882e+00
6.670000000000177565e+00 1.640311511069423744e+00
6.690000000000177138e+00 1.611292664944344200e+00
6.710000000000176712e+00 1.605743915262052068e+00
6.730000000000176286e+00 1.585031573255024195e+00
6.750000000000175859e+00 1.527878512039753334e+00
6.770000000000175433e+00 1.549175122917999969e+00
6.790000000000175007e+00 1.494549831580484822e+00
6.810000000000174580e+00 1.499072016581819211e+00
6.830000000000174154e+00 1.502680422567641338e+00
6.850000000000173728e+00 1.533441728703047735e+00
6.870000000000173301e+00 1.484301489527530160e+00
6.890000000000172875e+00 1.476161058318818053e+00
6.910000000000172449e+00 1.509612842696320456e+00
6.930000000000172022e+00 1.478707618797945100e+00
6.950000000000171596e+00 1.410590436570360096e+00
6.970000000000171170e+00 1.435469955831230937e+00
6.990000000000170743e+00 1.401726886493017687e+00
7.010000000000170317e+00 1.466714042463512557e+00
7.030000000000169891e+00 1.385452454957107227e+00
7.050000000000169464e+00 1.367544573045088585e+00
7.070000000000169038e+00 1.398731479388387156e+00
7.090000000000168612e+00 1.330627291917547472e+00
7.110000000000168185e+00 1.374876435120010010e+00
7.130000000000167759e+00 1.335370685346839892e+00
7.150000000000167333e+00 1.270019107097032807e+00
7.170000000000166906e+00 1.279553160468426709e+00
7.190000000000166480e+00 1.291235138824602835e+00
7.210000000000166054e+00 1.244443217655934575e+00
7.230000000000165628e+00 1.269964063175158531e+00
7.250000000000165201e+00 1.272343621147951520e+00
7.270000000000164775e+00 1.246814806885473859e+00
7.290000000000164349e+00 1.240282734615679061e+00
7.310000000000163922e+00 1.255418823582076238e+00
7.330000000000163496e+00 1.195609054341049804e+00
7.350000000000163070e+00 1.188888926829650527e+00
7.370000000000162643e+00 1.210031638481596783e+00
7.390000000000162217e+00 1.198685761352928703e+00
7.410000000000161791e+00 1.162926851663634631e+00
7.430000000000161364e+00 1.186272231044316117e+00
7.450000000000160938e+00 1.149085649710303247e+00
7.470000000000160512e+00 1.114567622231311894e+00
7.490000000000160085e+00 1.123629432902910619e+00
7.510000000000159659e+00 1.113754023085041345e+00
7.530000000000159233e+00 1.122387909735652167e+00
7.550000000000158806e+00 1.104421393235943905e+00
7.570000000000158380e+00 1.078990136156970703e+00
7.590000000000157954e+00 1.090633660392278159e+00
7.610000000000157527e+00 1.069781699970633770e+00
7.630000000000157101e+00 1.079034720808997649e+00
7.650000000000156675e+00 1.046511094108974804e+00
7.670000000000156248e+00 1.045742550437086305e+00
7.690000000000155822e+00 1.053631078033870017e+00
7.710000000000155396e+00 1.047447973879900962e+00
7.730000000000154969e+00 1.009814884659073098e+00
7.750000000000154543e+00 1.035481311405648253e+00
7.770000000000154117e+00 1.010697793933754918e+00
7.790000000000153690e+00 9.918866572192538422e-01
7.810000000000153264e+00 9.741311319319546635e-01
7.830000000000152838e+00 9.509786554265975411e-01
7.850000000000152411e+00 9.487127504541733591e-01
7.870000000000151985e+00 9.570054797606580843e-01
7.890000000000151559e+00 9.373875925944232801e-01
7.910000000000151132e+00 9.604902463519510158e-01
7.930000000000150706e+00 9.440278053196068386e-01
7.950000000000150280e+00 8.960291689725320419e-01
7.970000000000149853e+00 9.003736975753559024e-01
7.990000000000149427e+00 8.794188538877274475e-01
8.010000000000149001e+00 8.779159962828287922e-01
8.030000000000148574e+00 9.217292470118734204e-01
8.050000000000148148e+00 8.785337890293201113e-01
8.070000000000147722e+00 8.414980577294706166e-01
8.090000000000147296e+00 8.794404944240121758e-01
8.110000000000146869e+00 8.686680080688177208e-01
8.130000000000146443e+00 8.432871488017632533e-01
8.150000000000146017e+00 8.403979960733168886e-01
8.170000000000145590e+00 8.215314670627126281e-01
8.190000000000145164e+00 7.980107329222529966e-01
8.210000000000144738e+00 8.228759885437844090e-01
8.230000000000144311e+00 8.188374736242113316e-01
8.250000000000143885e+00 7.809670120871363697e-01
8.270000000000143459e+00 8.026045651117423851e-01
8.290000000000143032e+00 7.860712380422059109e-01
8.310000000000142606e+00 7.914148379881631445e-01
8.330000000000142180e+00 7.642750012938172022e-01
8.350000000000141753e+00 7.349178306736706690e-01
8.370000000000141327e+00 7.517997266150423519e-01
8.390000000000140901e+00 7.390221603115834093e-01
8.410000000000140474e+00 7.434119575272125635e-01
8.430000000000140048e+00 7.248543716900069933e-01
8.450000000000139622e+00 7.251581939617530725e-01
8.470000000000139195e+00 7.000179181120890215e-01
8.490000000000138769e+00 7.189500457346775786e-01
8.510000000000138343e+00 7.043650457998364978e-01
8.530000000000137916e+00 6.788850087148730061e-01
8.550000000000137490e+00 6.710673085614228262e-01
8.570000000000137064e+00 6.739148243048372899e-01
8.590000000000136637e+00 6.726747110686658315e-01
8.610000000000136211e+00 6.741241142059163360e-01
8.630000000000135785e+00 6.538513144268905952e-01
8.650000000000135358e+00 6.282660426760655614e-01
8.670000000000134932e+00 6.626249760721254489e-01
8.690000000000134506e+00 6.338830312253791455e-01
8.710000000000134079e+00 6.157302085829751137e-01
8.730000000000133653e+00 6.125702296778329226e-01
8.750000000000133227e+00 6.155956640344766306e-01
8.770000000000132800e+00 6.146611555296626062e-01
8.790000000000132374e+00 5.907894069612777965e-01
8.810000000000131948e+00 6.031963947345343469e-01
8.830000000000131521e+00 5.858033194723818449e-01
8.850000000000131095e+00 5.711962496391728150e-01
8.870000000000130669e+00 5.689594410598751706e-01
8.890000000000130242e+00 5.651449903686038834e-01
8.910000000000129816e+00 5.485781539844271082e-01
8.930000000000129390e+00 5.642715724667339838e-01
8.950000000000128964e+00 5.576964450131316475e-01
8.970000000000128537e+00 5.531474770011037823e-01
8.990000000000128111e+00 5.304471519592293127e-01
9.010000000000127685e+00 5.213255766829533178e-01
9.030000000000127258e+00 5.260204383563253927e-01
9.050000000000126832e+00 5.037763815590913241e-01
9.070000000000126406e+00 5.022178540237884903e-01
9.090000000000125979e+00 4.911356148349462769e-01
9.110000000000125553e+00 4.875389113771272376e-01
9.130000000000125127e+00 4.814293619603950969e-01
9.150000000000124700e+00 4.699953686185075474e-01
9.170000000000124274e+00 4.877420730803021520e-01
9.190000000000123848e+00 4.740028043984825246e-01
9.210000000000123421e+00 4.663184522702224499e-01
9.230000000000122995e+00 4.776701476465918805e-01
9.250000000000122569e+00 4.661432460424950741e-01
9.270000000000122142e+00 4.470716992262014911e-01
9.290000000000121716e+00 4.326628626296213365e-01
9.310000000000121290e+00 4.279788257127545847e-01
9.330000000000120863e+00 4.341418284457979060e-01
9.350000000000120437e+00 4.146717771812522546e-01
9.370000000000120011e+00 4.217408437206338623e-01
9.390000000000119584e+00 4.048396607425688853e-01
9.410000000000119158e+00 4.050822659741780685e-01
9.430000000000118732e+00 3.933138034726439969e-01
9.450000000000118305e+00 3.901791346328801202e-01
9.470000000000117879e+00 3.977483127648940298e-01
9.490000000000117453e+00 3.792347379759687387e-01
9.510000000000117026e+00 3.875613913104488106e-01
9.530000000000116600e+00 3.755829857268711547e-01
9.550000000000116174e+00 3.619692241938780031e-01
9.570000000000115747e+00 3.532409978402070161e-01
9.590000000000115321e+00 3.689517120255562665e-01
9.610000000000114895e+00 3.516580052380942067e-01
9.630000000000114468e+00 3.450502927042747303e-01
9.650000000000114042e+00 3.370463865355871058e-01
9.670000000000113616e+00 3.424086169169994753e-01
9.690000000000113189e+00 3.285252504534760809e-01
9.710000000000112763e+00 3.248933135275991479e-01
9.730000000000112337e+00 3.199216262769103425e-01
9.750000000000111910e+00 3.141347738841456794e-01
9.770000000000111484e+00 3.041614584708638436e-01
9.790000000000111058e+00 3.079636515345067216e-01
9.810000000000110632e+00 3.025597950062299812e-01
9.830000000000110205e+00 2.948951782887661577e-01
9.850000000000109779e+00 2.955549873644003900e-01
9.870000000000109353e+00 2.890204924988835078e-01
9.890000000000108926e+00 2.894479533532802185e-01
9.910000000000108500e+00 2.718652815752013452e-01
9.930000000000108074e+00 2.779703725087864785e-01
9.950000000000107647e+00 2.611895334947303415e-01
9.970000000000107221e+00 2.624148432735885494e-01
9.990000000000106795e+00 2.656784267608643946e-01
1.001000000000010637e+01 2.433574581698516037e-01
1.003000000000010594e+01 2.550158581475619468e-01
1.005000000000010552e+01 2.495499404734459470e-01
1.007000000000010509e+01 2.446540332810698548e-01
1.009000000000010466e+01 2.295306953871228961e-01
1.011000000000010424e+01 2.280852933775503188e-01
1.013000000000010381e+01 2.404088279442128384e-01
1.015000000000010338e+01 2.280632745680906959e-01
1.017000000000010296e+01 2.219671810242397902e-01
1.019000000000010253e+01 2.172524751558415346e-01
1.021000000000010210e+01 2.101501366358192457e-01
1.023000000000010168e+01 2.110083380489464755e-01
1.025000000000010125e+01 2.008041302192477562e-01
1.027000000000010083e+01 2.100602263396903480e-01
1.029000000000010040e+01 1.988265458925659590e-01
1.031000000000009997e+01 1.880347289843292968e-01
1.033000000000009955e+01 1.883675131012993442e-01
1.035000000000009912e+01 1.859360283142613146e-01
1.037000000000009869e+01 1.824860317433314449e-01
1.039000000000009827e+01 1.837208938416475534e-01
1.041000000000009784e+01 1.737608307799883844e-01
1.043000000000009742e+01 1.810388562979856342e-01
1.045000000000009699e+01 1.657855480433554629e-01
1.047000000000009656e+01 1.663737811857944338e-01
1.049000000000009614e+01 1.646432437934410853e-01
1.051000000000009571e+01 1.590788319913633841e-01
1.053000000000009528e+01 1.551144643383481070e-01
1.055000000000009486e+01 1.507605005033996470e-01
1.057000000000009443e+01 1.527413801825244222e-01
1.059000000000009400e+01 1.468395567971079174e-01
1.061000000000009358e+01 1.436733149741269144e-01
1.063000000000009315e+01 1.376421912364550748e-01
1.065000000000009273e+01 1.342337238937603150e-01
1.067000000000009230e+01 1.336445242895877572e-01
1.069000000000009187e+01 1.390384547647134927e-01
1.071000000000009145e+01 1.344285383908775111e-01
1.073000000000009102e+01 1.281672640384454720e-01
1.075000000000009059e+01 1.206636467040521632e-01
1.077000000000009017e+01 1.154766252174016100e-01
1.079000000000008974e+01 1.194767687997992101e-01
1.081000000000008932e+01 1.159885600481828927e-01
1.083000000000008889e+01 1.145674378672656146e-01
1.085000000000008846e+01 1.109744308825186404e-01
1.087000000000008804e+01 1.055597220690401294e-01
1.089000000000008761e+01 1.109571081673291215e-01
1.091000000000008718e+01 9.985566271518149517e-02
1.093000000000008676e+01 9.852783605277019852e-02
1.095000000000008633e+01 9.990449941463905303e-02
1.097000000000008590e+01 1.002336552490241256e-01
1.099000000000008548e+01 9.671192934653045914e-02
1.101000000000008505e+01 8.843038989735707567e-02
1.103000000000008463e+01 8.638000888063525340e-02
1.105000000000008420e+01 9.156776219134016293e-02
1.107000000000008377e+01 8.254051298990952579e-02
1.109000000000008335e+01 8.571854169114877242e-02
1.111000000000008292e+01 8.361987984328797530e-02
1.113000000000008249e+01 8.017092982396327450e-02
1.115000000000008207e+01 7.415662473097012208e-02
1.117000000000008164e+01 7.475782463053606830e-02
1.119000000000008122e+01 7.645865449599764663e-02
1.121000000000008079e+01 7.342928056776140688e-02
1.123000000000008036e+01 6.854633768451426357e-02
1.125000000000007994e+01 7.192552033609091178e-02
1.127000000000007951e+01 6.520619057398124863e-02
1.129000000000007908e+01 6.512798216397147621e-02
1.131000000000007866e+01 6.237092113185618153e-02
1.133000000000007823e+01 6.085711402134795500e-02
1.135000000000007780e+01 6.158320004447279117e-02
1.137000000000007738e+01 6.269624360598018142e-02
1.139000000000007695e+01 5.624100510223765254e-02
1.141000000000007653e+01 5.668460457437400624e-02
1.143000000000007610e+01 5.373732264528197772e-02
1.145000000000007567e+01 5.373675264866636936e-02
1.147000000000007525e+01 5.003224647791297552e-02
1.149000000000007482e+01 5.161806395843034773e-02
1.151000000000007439e+01 5.105496106947221557e-02
1.153000000000007397e+01 4.853901048227698967e-02
1.155000000000007354e+01 4.428847333850989554e-02
1.157000000000007311e+01 4.615564371337740196e-02
1.159000000000007269e+01 4.544063897115319800e-02
1.161000000000007226e+01 4.352713213907732914e-02
1.163000000000007184e+01 4.147264250153824550e-02
1.165000000000007141e+01 4.215226470733952902e-02
1.167000000000007098e+01 4.024668149593334243e-02
1.169000000000007056e+01 3.852240636471573887e-02
1.171000000000007013e+01 3.598287286607473878e-02
1.173000000000006970e+01 3.763256496296214781e-02
1.175000000000006928e+01 3.825713637709649700e-02
1.177000000000006885e+01 3.415438575901047491e-02
1.179000000000006843e+01 3.336168694404587770e-02
1.181000000000006800e+01 3.572926117186246697e-02
1.183000000000006757e+01 3.114803268665153682e-02
1.185000000000006715e+01 3.117856554338330893e-02
1.187000000000006672e+01 3.181703752639528093e-02
1.189000000000006629e+01 3.083862006895896415e-02
1.191000000000006587e+01 2.758384432768667960e-02
1.193000000000006544e+01 2.791644716557644887e-02
1.195000000000006501e+01 2.863280438666344213e-02
1.197000000000006459e+01 2.621504419969871574e-02
1.199000000000006416e+01 2.633077104178492209e-02
1.201000000000006374e+01 2.690818864867090474e-02
1.203000000000006331e+01 2.682515679400565220e-02
1.205000000000006288e+01 2.274170429289569181e-02
1.207000000000006246e+01 2.385187648780693129e-02
1.209000000000006203e+01 2.418398036875886101e-02
1.211000000000006160e+01 2.096325911599423303e-02
1.213000000000006118e+01 2.045128097919991089e-02
1.215000000000006075e+01 2.332522893455139454e-02
1.217000000000006033e+01 2.305833297011983946e-02
1.219000000000005990e+01 2.019884365063890491e-02
1.221000000000005947e+01 1.948233309540030322e-02
1.223000000000005905e+01 1.869269680315733748e-02
1.225000000000005862e+01 1.774051357582502250e-02
1.227000000000005819e+01 2.075479954507672073e-02
1.229000000000005777e+01 1.951507513300443711e-02
1.231000000000005734e+01 1.705064553503462046e-02
1.233000000000005691e+01 1.720304048435082958e-02
1.235000000000005649e+01 1.671205680262297447e-02
1.237000000000005606e+01 1.521008016851192225e-02
1.239000000000005564e+01 1.540072138587170007e-02
1.241000000000005521e+01 1.709688055258164543e-02
1.243000000000005478e+01 1.718214352779826384e-02
1.245000000000005436e+01 1.478477714584404412e-02
1.247000000000005393e+01 1.353343426362474920e-02
1.249000000000005350e+01 1.475835951448275542e-02
1.251000000000005308e+01 1.290565904632403477e-02
1.253000000000005265e+01 1.595175787160513572e-02
1.255000000000005222e+01 1.543269468309417004e-02
1.257000000000005180e+01 1.268021430615184388e-02
1.259000000000005137e+01 1.181758237728153249e-02
1.261000000000005095e+01 1.236404842697252926e-02
1.263000000000005052e+01 1.178581552499930081e-02
1.265000000000005009e+01 1.128888143311848440e-02
1.267000000000004967e+01 1.389367451655596809e-02
1.269000000000004924e+01 1.397741596402942571e-02
1.271000000000004881e+01 1.046862450099987976e-02
1.273000000000004839e+01 1.036716794759639550e-02
1.275000000000004796e+01 1.086169594240073144e-02
1.277000000000004754e+01 1.005780790577921746e-02
1.279000000000004711e+01 1.292785776542536638e-02
1.281000000000004668e+01 1.271732932452431485e-02
1.283000000000004626e+01 9.256987584162559846e-03
1.285000000000004583e+01 9.312400845036622465e-03
1.287000000000004540e+01 9.573472169048049402e-03
1.289000000000004498e+01 8.878595121378120639e-03
1.291000000000004455e+01 1.171935311362655961e-02
1.293000000000004412e+01 1.178552480926899765e-02
1.295000000000004370e+01 8.678929355180000152e-03
1.297000000000004327e+01 8.434441516848897868e-03
1.299000000000004285e+01 8.568836066694854314e-03
1.301000000000004242e+01 8.030805893006649765e-03
1.303000000000004199e+01 1.076054921577661305e-02
1.305000000000004157e+01 1.100978347264570251e-02
1.307000000000004114e+01 7.809984312768161914e-03
1.309000000000004071e+01 7.638540131325010848e-03
1.311000000000004029e+01 7.804038103219806954e-03
1.313000000000003986e+01 7.437765049128716548e-03
1.315000000000003944e+01 1.018267124475034403e-02
1.317000000000003901e+01 1.026687118511080202e-02
1.319000000000003858e+01 7.059505925707535573e-03
1.321000000000003816e+01 7.061521781588135649e-03
1.323000000000003773e+01 7.220178409160152647e-03
1.325000000000003730e+01 6.887127172290031900e-03
1.327000000000003688e+01 9.744310196634154222e-03
1.329000000000003645e+01 9.406091119227719816e-03
1.331000000000003602e+01 6.693319795974824772e-03
1.333000000000003560e+01 6.519084532591088929e-03
1.335000000000003517e+01 6.705516234214516612e-03
1.337000000000003475e+01 6.382050673941632758e-03
1.339000000000003432e+01 9.257224072350907912e-03
1.341000000000003389e+01 8.989537166732291737e-03
1.343000000000003347e+01 6.155723670449184982e-03
1.345000000000003304e+01 6.134638005443585236e-03
1.347000000000003261e+01 6.265570472753349308e-03
1.349000000000003219e+01 8.848549509007375136e-03
1.351000000000003176e+01 5.968301628683999466e-03
1.353000000000003133e+01 8.546260045647320960e-03
1.355000000000003091e+01 5.842055898112394861e-03
1.357000000000003048e+01 5.820948886463243356e-03
1.359000000000003006e+01 5.903062931013513398e-03
1.361000000000002963e+01 8.385062029477819909e-03
1.363000000000002920e+01 8.226760248635427847e-03
1.365000000000002878e+01 5.615241836985035082e-03
1.367000000000002835e+01 5.579903712595391321e-03
1.369000000000002792e+01 5.614307159862805957e-03
1.371000000000002750e+01 5.547399403744347583e-03
1.373000000000002707e+01 7.958198410268128159e-03
1.375000000000002665e+01 7.910226383551195381e-03
1.377000000000002622e+01 5.342581311261592782e-03
1.379000000000002579e+01 5.301490951259799946e-03
1.381000000000002537e+01 5.411031948189007519e-03
1.383000000000002494e+01 7.689279549094674496e-03
1.385000000000002451e+01 7.635975726271248577e-03
1.387000000000002409e+01 5.129758697226640893e-03
1.389000000000002366e+01 5.109042002556686904e-03
1.391000000000002323e+01 5.126466365699184138e-03
1.393000000000002281e+01 5.003090238805463219e-03
1.395000000000002238e+01 4.968940178768409613e-03
1.397000000000002196e+01 9.077384535994791601e-05
1.399000000000002153e+01 7.801846947074057338e-05
1.401000000000002110e+01 5.972125128177353256e-05
1.403000000000002068e+01 5.600999016119979570e-05
1.405000000000002025e+01 5.825185204089313704e-05
1.407000000000001982e+01 5.223863661435119082e-05
1.409000000000001940e+01 4.855053158862225013e-05
1.411000000000001897e+01 3.919208439494211864e-05
1.413000000000001855e+01 3.714373432701290658e-05
1.415000000000001812e+01 3.398662172142102568e-05
1.417000000000001769e+01 2.897978934802711843e-05
1.419000000000001727e+01 2.633515506230252090e-05
1.421000000000001684e+01 2.685186194186195115e-05
1.423000000000001641e+01 1.927155877045620390e-05
1.425000000000001599e+01 1.468316241805377147e-05
1.427000000000001556e+01 1.138782930337016159e-05
1.429000000000001513e+01 6.831538436669483649e-06
1.431000000000001471e+01 4.348680338303481750e-06
1.433000000000001428e+01 2.673631475212845030e-06
1.435000000000001386e+01 1.636180257407053286e-06
1.437000000000001343e+01 7.709181670560835786e-07
1.439000000000001300e+01 3.873753390088521809e-07
1.441000000000001258e+01 4.641511425140579005e-08
1.443000000000001215e+01 5.466191879118358871e-09
1.445000000000001172e+01 5.004437747418116444e-09
1.447000000000001130e+01 1.244266195008571031e-09
1.449000000000001087e+01 1.130660397392749276e-09
1.451000000000001044e+01 8.206135691099086860e-10
1.453000000000001002e+01 2.282574745978416578e-10
1.455000000000000959e+01 1.160374362073727140e-15
1.457000000000000917e+01 4.270026348827613187e-18
1.459000000000000874e+01 2.747440094186927386e-18
1.461000000000000831e+01 0.000000000000000000e+00
1.463000000000000789e+01 0.000000000000000000e+00
1.465000000000000746e+01 0.000000000000000000e+00
1.467000000000000703e+01 0.000000000000000000e+00
1.469000000000000661e+01 0.000000000000000000e+00
1.471000000000000618e+01 0.000000000000000000e+00
1.473000000000000576e+01 0.000000000000000000e+00
1.475000000000000533e+01 0.000000000000000000e+00
1.477000000000000490e+01 0.000000000000000000e+00
1.479000000000000448e+01 0.000000000000000000e+00
1.481000000000000405e+01 0.000000000000000000e+00
1.483000000000000362e+01 0.000000000000000000e+00
1.485000000000000320e+01 0.000000000000000000e+00
1.487000000000000277e+01 0.000000000000000000e+00
1.489000000000000234e+01 0.000000000000000000e+00
1.491000000000000192e+01 0.000000000000000000e+00
1.493000000000000149e+01 0.000000000000000000e+00
1.495000000000000107e+01 0.000000000000000000e+00
1.497000000000000064e+01 0.000000000000000000e+00
1.499000000000000021e+01 0.000000000000000000e+00
