# Redshift		Merger Rate Density [Gpc^-3yr^-1]
1.000000000031931770e-02 6.812538997082214109e+00
3.000000000031888964e-02 7.144838948210966656e+00
5.000000000031846331e-02 7.561155146854456888e+00
7.000000000031804392e-02 8.001845110251821325e+00
9.000000000031761760e-02 8.371253952852590885e+00
1.100000000003171913e-01 8.801223528858136191e+00
1.300000000003167511e-01 9.250332257051711693e+00
1.500000000003163247e-01 9.660013055285141093e+00
1.700000000003158984e-01 1.008764854461684379e+01
1.900000000003154721e-01 1.048116219956236250e+01
2.100000000003150458e-01 1.095565299783044289e+01
2.300000000003146194e-01 1.139098136903918856e+01
2.500000000003141931e-01 1.176851198558766498e+01
2.700000000003137668e-01 1.234544740916154204e+01
2.900000000003133405e-01 1.271776389842885990e+01
3.100000000003129141e-01 1.320349146770144166e+01
3.300000000003124878e-01 1.369156919257363114e+01
3.500000000003120615e-01 1.413192199019062834e+01
3.700000000003116352e-01 1.457154741485634375e+01
3.900000000003112088e-01 1.512756136690350850e+01
4.100000000003107825e-01 1.553490469697580600e+01
4.300000000003103562e-01 1.606965133848946792e+01
4.500000000003099299e-01 1.647555252722931840e+01
4.700000000003095035e-01 1.699648190094245948e+01
4.900000000003090772e-01 1.766237903442086576e+01
5.100000000003086509e-01 1.798063194460111447e+01
5.300000000003082246e-01 1.857912140722273264e+01
5.500000000003077982e-01 1.910632061706086304e+01
5.700000000003073719e-01 1.951928859068572919e+01
5.900000000003069456e-01 2.021079373310509908e+01
6.100000000003065193e-01 2.064252276852161572e+01
6.300000000003060929e-01 2.124294390347724715e+01
6.500000000003056666e-01 2.172414177104837663e+01
6.700000000003052403e-01 2.244587821352557810e+01
6.900000000003048140e-01 2.290542404701097112e+01
7.100000000003043876e-01 2.365328076303135774e+01
7.300000000003039613e-01 2.426617755201906235e+01
7.500000000003035350e-01 2.489903367887147567e+01
7.700000000003031086e-01 2.540986204856960029e+01
7.900000000003026823e-01 2.605759562348093894e+01
8.100000000003022560e-01 2.684178544023626500e+01
8.300000000003018297e-01 2.733117161193158040e+01
8.500000000003014033e-01 2.835353968401809510e+01
8.700000000003009770e-01 2.869773215679989420e+01
8.900000000003005507e-01 2.949969706048235807e+01
9.100000000003001244e-01 3.018574375727859405e+01
9.300000000002996980e-01 3.097214594661717868e+01
9.500000000002992717e-01 3.181942354887114277e+01
9.700000000002988454e-01 3.246884978508533237e+01
9.900000000002984191e-01 3.325117397786637241e+01
1.010000000000297993e+00 3.376536520589160517e+01
1.030000000000297566e+00 3.453759320326535232e+01
1.050000000000297140e+00 3.537484548938247997e+01
1.070000000000296714e+00 3.610408418781881323e+01
1.090000000000296287e+00 3.683378838239955400e+01
1.110000000000295861e+00 3.753022178786143570e+01
1.130000000000295435e+00 3.817719873335548897e+01
1.150000000000295008e+00 3.897504134175940749e+01
1.170000000000294582e+00 3.956368126898564697e+01
1.190000000000294156e+00 4.017981639999236165e+01
1.210000000000293729e+00 4.087477949200020788e+01
1.230000000000293303e+00 4.194572787427627247e+01
1.250000000000292877e+00 4.235936495758516429e+01
1.270000000000292451e+00 4.341639735611835249e+01
1.290000000000292024e+00 4.383186427235991545e+01
1.310000000000291598e+00 4.427865279181403224e+01
1.330000000000291172e+00 4.500422544471260977e+01
1.350000000000290745e+00 4.560264988850053669e+01
1.370000000000290319e+00 4.628846157985021392e+01
1.390000000000289893e+00 4.695403470587811512e+01
1.410000000000289466e+00 4.745912793316886535e+01
1.430000000000289040e+00 4.858900430424657912e+01
1.450000000000288614e+00 4.862852795545926199e+01
1.470000000000288187e+00 4.904901693456189093e+01
1.490000000000287761e+00 5.000849713397091278e+01
1.510000000000287335e+00 5.034783518467360608e+01
1.530000000000286908e+00 5.120239181738475764e+01
1.550000000000286482e+00 5.150192552502274168e+01
1.570000000000286056e+00 5.186432130958697684e+01
1.590000000000285629e+00 5.240410919270370016e+01
1.610000000000285203e+00 5.284096830195502292e+01
1.630000000000284777e+00 5.334813359315050718e+01
1.650000000000284350e+00 5.341278961035977346e+01
1.670000000000283924e+00 5.413414944750319080e+01
1.690000000000283498e+00 5.434170720139911737e+01
1.710000000000283071e+00 5.480543248712341153e+01
1.730000000000282645e+00 5.514084582943488755e+01
1.750000000000282219e+00 5.577164870867238022e+01
1.770000000000281792e+00 5.587968123078376692e+01
1.790000000000281366e+00 5.648633490138229263e+01
1.810000000000280940e+00 5.683896891021866793e+01
1.830000000000280513e+00 5.670978177555378608e+01
1.850000000000280087e+00 5.732828743256903437e+01
1.870000000000279661e+00 5.752172078945938694e+01
1.890000000000279234e+00 5.763391946702159885e+01
1.910000000000278808e+00 5.767321282198758325e+01
1.930000000000278382e+00 5.693127126682280448e+01
1.950000000000277955e+00 5.783402958815681671e+01
1.970000000000277529e+00 5.733253377741321799e+01
1.990000000000277103e+00 5.707963954927048178e+01
2.010000000000276899e+00 5.744893249209787456e+01
2.030000000000276472e+00 5.717419561994142185e+01
2.050000000000276046e+00 5.711090435831699352e+01
2.070000000000275620e+00 5.669179541776717457e+01
2.090000000000275193e+00 5.667503455181438454e+01
2.110000000000274767e+00 5.624864126521843133e+01
2.130000000000274341e+00 5.590410117389956213e+01
2.150000000000273914e+00 5.598146118157407614e+01
2.170000000000273488e+00 5.558708926095378189e+01
2.190000000000273062e+00 5.498407357449856647e+01
2.210000000000272635e+00 5.437956541370763119e+01
2.230000000000272209e+00 5.453981998708920997e+01
2.250000000000271783e+00 5.387655561018112849e+01
2.270000000000271356e+00 5.448496907436189218e+01
2.290000000000270930e+00 5.378735143554545317e+01
2.310000000000270504e+00 5.380798605569545856e+01
2.330000000000270077e+00 5.269191219899431644e+01
2.350000000000269651e+00 5.301879818786309784e+01
2.370000000000269225e+00 5.224762352715775648e+01
2.390000000000268798e+00 5.156729274717366707e+01
2.410000000000268372e+00 5.173082271909687080e+01
2.430000000000267946e+00 5.109970735669594433e+01
2.450000000000267519e+00 5.065658358917478665e+01
2.470000000000267093e+00 4.988858473717536413e+01
2.490000000000266667e+00 4.941482305448462142e+01
2.510000000000266240e+00 4.944291821990167080e+01
2.530000000000265814e+00 4.920476066050319019e+01
2.550000000000265388e+00 4.824409380370580180e+01
2.570000000000264961e+00 4.840566120928466631e+01
2.590000000000264535e+00 4.692063111131023589e+01
2.610000000000264109e+00 4.694705838898676831e+01
2.630000000000263682e+00 4.632352529191745560e+01
2.650000000000263256e+00 4.564208567874570832e+01
2.670000000000262830e+00 4.504233855612388737e+01
2.690000000000262403e+00 4.517164029908648359e+01
2.710000000000261977e+00 4.409687238195379422e+01
2.730000000000261551e+00 4.368448032026837069e+01
2.750000000000261124e+00 4.328561970738525133e+01
2.770000000000260698e+00 4.267922925503424381e+01
2.790000000000260272e+00 4.207469944894249636e+01
2.810000000000259845e+00 4.161901733704470274e+01
2.830000000000259419e+00 4.134801781766444861e+01
2.850000000000258993e+00 4.067690996196369468e+01
2.870000000000258567e+00 4.001867738217360682e+01
2.890000000000258140e+00 3.976574646573995864e+01
2.910000000000257714e+00 3.924650070726308115e+01
2.930000000000257288e+00 3.885991026814224369e+01
2.950000000000256861e+00 3.857389848651648379e+01
2.970000000000256435e+00 3.781090023081670637e+01
2.990000000000256009e+00 3.732008351748369535e+01
3.010000000000255582e+00 3.687447195415595758e+01
3.030000000000255156e+00 3.635301230630263802e+01
3.050000000000254730e+00 3.606092510812825935e+01
3.070000000000254303e+00 3.541684484200686001e+01
3.090000000000253877e+00 3.505358760874140245e+01
3.110000000000253451e+00 3.472259479241074587e+01
3.130000000000253024e+00 3.413936837512851241e+01
3.150000000000252598e+00 3.368036244709166738e+01
3.170000000000252172e+00 3.324901288411815159e+01
3.190000000000251745e+00 3.303370211513507826e+01
3.210000000000251319e+00 3.243315054526204477e+01
3.230000000000250893e+00 3.201903439366061122e+01
3.250000000000250466e+00 3.150358335894091510e+01
3.270000000000250040e+00 3.130265244160899840e+01
3.290000000000249614e+00 3.091201434001790815e+01
3.310000000000249187e+00 3.026518001766596910e+01
3.330000000000248761e+00 3.017951905821133352e+01
3.350000000000248335e+00 2.951712855206949015e+01
3.370000000000247908e+00 2.933015657862944536e+01
3.390000000000247482e+00 2.925172106751479717e+01
3.410000000000247056e+00 2.876887704229073606e+01
3.430000000000246629e+00 2.810103227224509936e+01
3.450000000000246203e+00 2.791011461980661679e+01
3.470000000000245777e+00 2.739315010709739084e+01
3.490000000000245350e+00 2.722180851454403339e+01
3.510000000000244924e+00 2.690851576975941128e+01
3.530000000000244498e+00 2.625575781833803291e+01
3.550000000000244071e+00 2.589699113004190423e+01
3.570000000000243645e+00 2.540394766324545728e+01
3.590000000000243219e+00 2.508651568689050748e+01
3.610000000000242792e+00 2.465208805713083962e+01
3.630000000000242366e+00 2.447134429879397644e+01
3.650000000000241940e+00 2.397768108338608783e+01
3.670000000000241513e+00 2.373637402666592067e+01
3.690000000000241087e+00 2.336594494386281085e+01
3.710000000000240661e+00 2.312612152965764878e+01
3.730000000000240234e+00 2.279665887421841219e+01
3.750000000000239808e+00 2.219867226566281460e+01
3.770000000000239382e+00 2.196218836713731903e+01
3.790000000000238956e+00 2.180227612451486863e+01
3.810000000000238529e+00 2.118911473300114068e+01
3.830000000000238103e+00 2.116892496113294442e+01
3.850000000000237677e+00 2.065722455286830339e+01
3.870000000000237250e+00 2.038983502383285895e+01
3.890000000000236824e+00 2.010048849722930697e+01
3.910000000000236398e+00 1.982369000305167361e+01
3.930000000000235971e+00 1.957554204919607699e+01
3.950000000000235545e+00 1.933213984797244223e+01
3.970000000000235119e+00 1.900999855574267627e+01
3.990000000000234692e+00 1.866896358622173580e+01
4.010000000000234266e+00 1.837854312853500005e+01
4.030000000000233840e+00 1.814293392551255124e+01
4.050000000000233413e+00 1.790284835821979215e+01
4.070000000000232987e+00 1.773872714729606059e+01
4.090000000000232561e+00 1.745872258471836957e+01
4.110000000000232134e+00 1.721674161092146704e+01
4.130000000000231708e+00 1.724183114537521178e+01
4.150000000000231282e+00 1.709186532444606499e+01
4.170000000000230855e+00 1.640977463347323351e+01
4.190000000000230429e+00 1.656969780859333596e+01
4.210000000000230003e+00 1.614674604879304809e+01
4.230000000000229576e+00 1.585621088797617873e+01
4.250000000000229150e+00 1.576744332460191522e+01
4.270000000000228724e+00 1.576211380924709360e+01
4.290000000000228297e+00 1.528918343947180603e+01
4.310000000000227871e+00 1.518140522955301819e+01
4.330000000000227445e+00 1.482936455768485651e+01
4.350000000000227018e+00 1.466324323700635368e+01
4.370000000000226592e+00 1.441823519945973864e+01
4.390000000000226166e+00 1.451228294705098243e+01
4.410000000000225739e+00 1.423904950841064121e+01
4.430000000000225313e+00 1.398461910999617963e+01
4.450000000000224887e+00 1.355653758327209779e+01
4.470000000000224460e+00 1.359695644973315787e+01
4.490000000000224034e+00 1.331915706446718417e+01
4.510000000000223608e+00 1.321973782530777797e+01
4.530000000000223181e+00 1.307568433125348939e+01
4.550000000000222755e+00 1.276519207334792227e+01
4.570000000000222329e+00 1.272626857663523836e+01
4.590000000000221902e+00 1.230489073406333844e+01
4.610000000000221476e+00 1.218525141919649712e+01
4.630000000000221050e+00 1.208245811301205741e+01
4.650000000000220624e+00 1.177382594283884920e+01
4.670000000000220197e+00 1.172324076951653105e+01
4.690000000000219771e+00 1.158552232060303844e+01
4.710000000000219345e+00 1.133795347189289338e+01
4.730000000000218918e+00 1.118161963032265405e+01
4.750000000000218492e+00 1.104449155904010027e+01
4.770000000000218066e+00 1.093879521900560192e+01
4.790000000000217639e+00 1.071405997086649897e+01
4.810000000000217213e+00 1.075348976745661389e+01
4.830000000000216787e+00 1.033084424912252963e+01
4.850000000000216360e+00 1.027046805322626888e+01
4.870000000000215934e+00 1.020825928278158301e+01
4.890000000000215508e+00 1.009793478350021800e+01
4.910000000000215081e+00 9.718196478498127178e+00
4.930000000000214655e+00 9.827165131281949684e+00
4.950000000000214229e+00 9.625523771962910757e+00
4.970000000000213802e+00 9.449473499832205192e+00
4.990000000000213376e+00 9.298788511357813036e+00
5.010000000000212950e+00 9.179572014969425098e+00
5.030000000000212523e+00 9.152223910372335069e+00
5.050000000000212097e+00 9.010699456302992516e+00
5.070000000000211671e+00 8.938323025440590541e+00
5.090000000000211244e+00 8.728243374506094554e+00
5.110000000000210818e+00 8.622810156986119523e+00
5.130000000000210392e+00 8.492838043155790828e+00
5.150000000000209965e+00 8.399686943224994096e+00
5.170000000000209539e+00 8.384536991514693227e+00
5.190000000000209113e+00 8.161181669650716231e+00
5.210000000000208686e+00 8.120432920612138616e+00
5.230000000000208260e+00 7.917353063649093414e+00
5.250000000000207834e+00 7.905226219103037799e+00
5.270000000000207407e+00 7.656633725040215666e+00
5.290000000000206981e+00 7.748954420825275413e+00
5.310000000000206555e+00 7.539524320081017805e+00
5.330000000000206128e+00 7.411146844116948351e+00
5.350000000000205702e+00 7.255562097428809309e+00
5.370000000000205276e+00 7.259532882111206398e+00
5.390000000000204849e+00 6.999965971010436938e+00
5.410000000000204423e+00 6.969969378666871052e+00
5.430000000000203997e+00 6.930836851422510492e+00
5.450000000000203570e+00 6.732758766484936430e+00
5.470000000000203144e+00 6.695862536197693338e+00
5.490000000000202718e+00 6.669668763074986906e+00
5.510000000000202292e+00 6.604171636972375303e+00
5.530000000000201865e+00 6.380573367410820040e+00
5.550000000000201439e+00 6.385781432194368890e+00
5.570000000000201013e+00 6.246629575824004910e+00
5.590000000000200586e+00 6.259008007153971320e+00
5.610000000000200160e+00 6.043842206970073683e+00
5.630000000000199734e+00 6.037915878260828428e+00
5.650000000000199307e+00 5.869159707390590341e+00
5.670000000000198881e+00 5.857339351395308036e+00
5.690000000000198455e+00 5.659253413213059858e+00
5.710000000000198028e+00 5.695021484408061774e+00
5.730000000000197602e+00 5.561617197319105088e+00
5.750000000000197176e+00 5.476959958315036125e+00
5.770000000000196749e+00 5.358305666955568647e+00
5.790000000000196323e+00 5.302625311821971721e+00
5.810000000000195897e+00 5.259220119625064527e+00
5.830000000000195470e+00 5.215266711158967006e+00
5.850000000000195044e+00 5.109120185558594152e+00
5.870000000000194618e+00 4.994238554397936625e+00
5.890000000000194191e+00 4.901703120716267570e+00
5.910000000000193765e+00 4.876251457708900006e+00
5.930000000000193339e+00 4.758264148293144480e+00
5.950000000000192912e+00 4.762953361594313151e+00
5.970000000000192486e+00 4.665441286795138254e+00
5.990000000000192060e+00 4.579752019261664309e+00
6.010000000000191633e+00 4.489798989454051537e+00
6.030000000000191207e+00 4.406147296947740877e+00
6.050000000000190781e+00 4.479667954131529406e+00
6.070000000000190354e+00 4.243733270702989557e+00
6.090000000000189928e+00 4.249473331095020789e+00
6.110000000000189502e+00 4.200240042656097295e+00
6.130000000000189075e+00 4.155286700162914570e+00
6.150000000000188649e+00 4.055611874585942189e+00
6.170000000000188223e+00 3.975427594219073768e+00
6.190000000000187796e+00 4.018022073330527633e+00
6.210000000000187370e+00 3.964257500845524529e+00
6.230000000000186944e+00 3.897900314875609062e+00
6.250000000000186517e+00 3.775573877160909753e+00
6.270000000000186091e+00 3.742605695239880959e+00
6.290000000000185665e+00 3.701543375054891616e+00
6.310000000000185238e+00 3.596637282287861392e+00
6.330000000000184812e+00 3.578746485459798787e+00
6.350000000000184386e+00 3.474020104315680868e+00
6.370000000000183960e+00 3.449997574970521175e+00
6.390000000000183533e+00 3.500565434956311339e+00
6.410000000000183107e+00 3.346442868184299702e+00
6.430000000000182681e+00 3.331919195370612652e+00
6.450000000000182254e+00 3.230148466079459713e+00
6.470000000000181828e+00 3.163243547497089470e+00
6.490000000000181402e+00 3.118093028114186094e+00
6.510000000000180975e+00 3.073052708035296288e+00
6.530000000000180549e+00 3.071627228572347157e+00
6.550000000000180123e+00 3.009967824912162193e+00
6.570000000000179696e+00 2.871967497210273557e+00
6.590000000000179270e+00 2.916530390890094360e+00
6.610000000000178844e+00 2.865252504561107916e+00
6.630000000000178417e+00 2.837504873573033048e+00
6.650000000000177991e+00 2.684456293229158241e+00
6.670000000000177565e+00 2.704833594535942520e+00
6.690000000000177138e+00 2.663782124584235689e+00
6.710000000000176712e+00 2.663012460641571266e+00
6.730000000000176286e+00 2.573214259956587924e+00
6.750000000000175859e+00 2.524394917145933448e+00
6.770000000000175433e+00 2.476755647703591467e+00
6.790000000000175007e+00 2.448456676713167024e+00
6.810000000000174580e+00 2.411254283512576535e+00
6.830000000000174154e+00 2.384599512196913906e+00
6.850000000000173728e+00 2.354299157596557723e+00
6.870000000000173301e+00 2.333340999128864279e+00
6.890000000000172875e+00 2.316902685833101661e+00
6.910000000000172449e+00 2.236562245310036889e+00
6.930000000000172022e+00 2.228453790064641282e+00
6.950000000000171596e+00 2.198724701723963282e+00
6.970000000000171170e+00 2.164920715886378577e+00
6.990000000000170743e+00 2.122186201119068638e+00
7.010000000000170317e+00 2.047207484860243731e+00
7.030000000000169891e+00 2.048419976060715353e+00
7.050000000000169464e+00 2.021744720948485341e+00
7.070000000000169038e+00 1.978884155194890360e+00
7.090000000000168612e+00 1.877440303708985070e+00
7.110000000000168185e+00 1.857485347630560168e+00
7.130000000000167759e+00 1.872793188281204335e+00
7.150000000000167333e+00 1.797574182890211203e+00
7.170000000000166906e+00 1.807817203894431568e+00
7.190000000000166480e+00 1.733216580326032430e+00
7.210000000000166054e+00 1.764178056816350093e+00
7.230000000000165628e+00 1.677647633419621753e+00
7.250000000000165201e+00 1.648308620050317197e+00
7.270000000000164775e+00 1.650968917788926404e+00
7.290000000000164349e+00 1.614574816413646863e+00
7.310000000000163922e+00 1.572856217542831336e+00
7.330000000000163496e+00 1.570129196464723043e+00
7.350000000000163070e+00 1.574751993515918436e+00
7.370000000000162643e+00 1.526875923619929409e+00
7.390000000000162217e+00 1.541229718563395190e+00
7.410000000000161791e+00 1.451633741272671196e+00
7.430000000000161364e+00 1.432546971168564331e+00
7.450000000000160938e+00 1.441860078702834391e+00
7.470000000000160512e+00 1.393243585281374708e+00
7.490000000000160085e+00 1.362916871371368632e+00
7.510000000000159659e+00 1.290863686749334160e+00
7.530000000000159233e+00 1.320363808579954501e+00
7.550000000000158806e+00 1.306664677437927136e+00
7.570000000000158380e+00 1.254270496188917727e+00
7.590000000000157954e+00 1.275157223608013091e+00
7.610000000000157527e+00 1.210109112678220633e+00
7.630000000000157101e+00 1.210673038231684595e+00
7.650000000000156675e+00 1.160055648965788055e+00
7.670000000000156248e+00 1.131741955052612214e+00
7.690000000000155822e+00 1.163096470641186375e+00
7.710000000000155396e+00 1.130836499916312299e+00
7.730000000000154969e+00 1.100050091342267722e+00
7.750000000000154543e+00 1.100290429726369368e+00
7.770000000000154117e+00 1.070040314872279019e+00
7.790000000000153690e+00 1.049389079971047689e+00
7.810000000000153264e+00 1.057788374387217623e+00
7.830000000000152838e+00 1.006475194597469480e+00
7.850000000000152411e+00 9.845296214583378891e-01
7.870000000000151985e+00 9.656449907767007401e-01
7.890000000000151559e+00 9.610109328613395396e-01
7.910000000000151132e+00 9.245857799161653068e-01
7.930000000000150706e+00 9.381080057265932526e-01
7.950000000000150280e+00 8.937459720341559555e-01
7.970000000000149853e+00 8.948668920081538358e-01
7.990000000000149427e+00 8.745804180757454915e-01
8.010000000000149001e+00 8.421103496316036940e-01
8.030000000000148574e+00 8.477514327546137318e-01
8.050000000000148148e+00 8.194981366994665839e-01
8.070000000000147722e+00 8.046494831115345026e-01
8.090000000000147296e+00 8.049234805957604655e-01
8.110000000000146869e+00 7.890799440965878819e-01
8.130000000000146443e+00 7.594126922036391614e-01
8.150000000000146017e+00 7.405132333883245321e-01
8.170000000000145590e+00 7.608457287889188736e-01
8.190000000000145164e+00 7.553614699047814796e-01
8.210000000000144738e+00 7.345252753718001237e-01
8.230000000000144311e+00 6.926972283526909857e-01
8.250000000000143885e+00 6.885870023603228862e-01
8.270000000000143459e+00 6.655569963109666531e-01
8.290000000000143032e+00 6.800587732025992205e-01
8.310000000000142606e+00 6.510661909795006919e-01
8.330000000000142180e+00 6.567957261045557216e-01
8.350000000000141753e+00 6.256057847743353717e-01
8.370000000000141327e+00 6.112645928368659609e-01
8.390000000000140901e+00 6.030199156597483290e-01
8.410000000000140474e+00 5.978928866722746926e-01
8.430000000000140048e+00 5.791084414381199030e-01
8.450000000000139622e+00 5.933458837891300020e-01
8.470000000000139195e+00 5.545250690741719835e-01
8.490000000000138769e+00 5.422382924206207155e-01
8.510000000000138343e+00 5.581437560963371514e-01
8.530000000000137916e+00 5.497571627926928217e-01
8.550000000000137490e+00 5.547664353542339777e-01
8.570000000000137064e+00 5.042904051861620829e-01
8.590000000000136637e+00 5.063290909922915084e-01
8.610000000000136211e+00 5.013598831199830297e-01
8.630000000000135785e+00 4.846802218748713087e-01
8.650000000000135358e+00 4.839575477782735446e-01
8.670000000000134932e+00 4.761521950367688105e-01
8.690000000000134506e+00 4.569033709202798832e-01
8.710000000000134079e+00 4.452606313245882075e-01
8.730000000000133653e+00 4.443942546412006367e-01
8.750000000000133227e+00 4.458408822681763639e-01
8.770000000000132800e+00 4.272566430546158589e-01
8.790000000000132374e+00 4.333097804538519893e-01
8.810000000000131948e+00 4.245491315508003738e-01
8.830000000000131521e+00 4.045820311180047812e-01
8.850000000000131095e+00 4.186394595618329051e-01
8.870000000000130669e+00 3.988356740768383979e-01
8.890000000000130242e+00 3.900256906517509115e-01
8.910000000000129816e+00 3.727750522838833569e-01
8.930000000000129390e+00 3.828363665429294072e-01
8.950000000000128964e+00 3.736947876826536286e-01
8.970000000000128537e+00 3.523910993557190507e-01
8.990000000000128111e+00 3.573575237760350243e-01
9.010000000000127685e+00 3.510801021881500006e-01
9.030000000000127258e+00 3.389244919542258039e-01
9.050000000000126832e+00 3.317673943757064037e-01
9.070000000000126406e+00 3.257812616784181992e-01
9.090000000000125979e+00 3.240815392944412232e-01
9.110000000000125553e+00 3.138045534101996936e-01
9.130000000000125127e+00 3.098669825570267711e-01
9.150000000000124700e+00 3.213839961530040590e-01
9.170000000000124274e+00 3.018084523487379878e-01
9.190000000000123848e+00 2.994443036860630070e-01
9.210000000000123421e+00 2.950747779692597383e-01
9.230000000000122995e+00 2.898016386011249002e-01
9.250000000000122569e+00 2.775339785306616402e-01
9.270000000000122142e+00 2.772769630920777217e-01
9.290000000000121716e+00 2.749277248579339861e-01
9.310000000000121290e+00 2.706347903711435188e-01
9.330000000000120863e+00 2.595327371280434781e-01
9.350000000000120437e+00 2.646921396422086681e-01
9.370000000000120011e+00 2.484984639830295772e-01
9.390000000000119584e+00 2.416468397269703472e-01
9.410000000000119158e+00 2.406495529337691897e-01
9.430000000000118732e+00 2.372620869164484281e-01
9.450000000000118305e+00 2.356475632179448609e-01
9.470000000000117879e+00 2.309292988901847921e-01
9.490000000000117453e+00 2.310858475280066215e-01
9.510000000000117026e+00 2.172669387715778500e-01
9.530000000000116600e+00 2.216759400907919175e-01
9.550000000000116174e+00 2.181106946174121985e-01
9.570000000000115747e+00 2.081275347371435436e-01
9.590000000000115321e+00 2.082155600238732029e-01
9.610000000000114895e+00 2.107583007011035459e-01
9.630000000000114468e+00 1.986373494293099673e-01
9.650000000000114042e+00 1.921485123867652800e-01
9.670000000000113616e+00 1.916037883936667907e-01
9.690000000000113189e+00 1.888275473903420487e-01
9.710000000000112763e+00 1.863101610688897847e-01
9.730000000000112337e+00 1.919066871264074881e-01
9.750000000000111910e+00 1.762763617047798381e-01
9.770000000000111484e+00 1.678865193196436567e-01
9.790000000000111058e+00 1.647199501074061156e-01
9.810000000000110632e+00 1.693687068338083079e-01
9.830000000000110205e+00 1.683087107721719378e-01
9.850000000000109779e+00 1.625300653098562531e-01
9.870000000000109353e+00 1.626717004309454762e-01
9.890000000000108926e+00 1.577507965954902114e-01
9.910000000000108500e+00 1.574193036717796423e-01
9.930000000000108074e+00 1.449695911910582335e-01
9.950000000000107647e+00 1.448345281925788042e-01
9.970000000000107221e+00 1.482588471399141627e-01
9.990000000000106795e+00 1.469038589643641146e-01
1.001000000000010637e+01 1.416396582673471460e-01
1.003000000000010594e+01 1.345281776658122097e-01
1.005000000000010552e+01 1.292286648074158217e-01
1.007000000000010509e+01 1.277140056063960638e-01
1.009000000000010466e+01 1.276941774593485512e-01
1.011000000000010424e+01 1.294962675888049475e-01
1.013000000000010381e+01 1.273860714074808165e-01
1.015000000000010338e+01 1.208582499989810100e-01
1.017000000000010296e+01 1.179047080729077601e-01
1.019000000000010253e+01 1.141699992406071396e-01
1.021000000000010210e+01 1.116786372022334495e-01
1.023000000000010168e+01 1.100682105809563660e-01
1.025000000000010125e+01 1.088602790459112096e-01
1.027000000000010083e+01 1.094778249530716646e-01
1.029000000000010040e+01 1.095119344448061416e-01
1.031000000000009997e+01 1.022440099322540069e-01
1.033000000000009955e+01 9.811339062289380075e-02
1.035000000000009912e+01 9.890739961701204563e-02
1.037000000000009869e+01 9.931934820822593823e-02
1.039000000000009827e+01 9.382772959078425346e-02
1.041000000000009784e+01 9.470080943276347474e-02
1.043000000000009742e+01 8.605196806647523455e-02
1.045000000000009699e+01 8.685895616064298608e-02
1.047000000000009656e+01 8.488357957961827072e-02
1.049000000000009614e+01 8.421993221853975309e-02
1.051000000000009571e+01 8.146542648268521869e-02
1.053000000000009528e+01 7.733682700175928404e-02
1.055000000000009486e+01 8.227099554679632998e-02
1.057000000000009443e+01 8.009768619252898014e-02
1.059000000000009400e+01 7.573404568078974386e-02
1.061000000000009358e+01 7.732334992257011708e-02
1.063000000000009315e+01 7.064609987337827635e-02
1.065000000000009273e+01 6.972524544116717737e-02
1.067000000000009230e+01 6.845303699033851441e-02
1.069000000000009187e+01 6.642178198222790930e-02
1.071000000000009145e+01 6.392105024770354527e-02
1.073000000000009102e+01 6.240932430978345102e-02
1.075000000000009059e+01 6.363821674379833981e-02
1.077000000000009017e+01 5.962620111358973851e-02
1.079000000000008974e+01 5.692878282129015810e-02
1.081000000000008932e+01 5.954225412879281254e-02
1.083000000000008889e+01 5.747831129303993675e-02
1.085000000000008846e+01 5.496035739389067143e-02
1.087000000000008804e+01 5.457711243498091641e-02
1.089000000000008761e+01 5.086764446532979905e-02
1.091000000000008718e+01 5.383782385732893694e-02
1.093000000000008676e+01 4.988283341956994271e-02
1.095000000000008633e+01 4.627435992313394530e-02
1.097000000000008590e+01 4.790953209528053119e-02
1.099000000000008548e+01 4.660672731486197040e-02
1.101000000000008505e+01 4.281758064896037247e-02
1.103000000000008463e+01 4.300824092030285789e-02
1.105000000000008420e+01 4.291951530847291224e-02
1.107000000000008377e+01 4.019031357079008715e-02
1.109000000000008335e+01 4.131100792089697354e-02
1.111000000000008292e+01 3.722826698825491137e-02
1.113000000000008249e+01 3.869236369968437339e-02
1.115000000000008207e+01 3.853527357327560937e-02
1.117000000000008164e+01 3.732167953094085722e-02
1.119000000000008122e+01 3.342017810098352887e-02
1.121000000000008079e+01 3.391703777932951469e-02
1.123000000000008036e+01 3.388150359221667879e-02
1.125000000000007994e+01 3.225478581855753535e-02
1.127000000000007951e+01 2.962142132459632399e-02
1.129000000000007908e+01 2.976747871799775499e-02
1.131000000000007866e+01 2.952284216793470487e-02
1.133000000000007823e+01 2.773227440605327901e-02
1.135000000000007780e+01 2.783970087910987018e-02
1.137000000000007738e+01 2.746937347179755073e-02
1.139000000000007695e+01 2.630496287809323125e-02
1.141000000000007653e+01 2.519610330516326366e-02
1.143000000000007610e+01 2.496224113279285270e-02
1.145000000000007567e+01 2.300967287443415540e-02
1.147000000000007525e+01 2.199797871645630884e-02
1.149000000000007482e+01 2.315354670039548521e-02
1.151000000000007439e+01 2.144971671870965144e-02
1.153000000000007397e+01 2.139184834062782606e-02
1.155000000000007354e+01 1.949165187961462986e-02
1.157000000000007311e+01 1.901065014346295726e-02
1.159000000000007269e+01 2.006954719919628455e-02
1.161000000000007226e+01 1.783411909483836183e-02
1.163000000000007184e+01 1.837627174240394692e-02
1.165000000000007141e+01 1.721831026456119296e-02
1.167000000000007098e+01 1.580070658309714118e-02
1.169000000000007056e+01 1.608070332052068466e-02
1.171000000000007013e+01 1.498832245100887098e-02
1.173000000000006970e+01 1.565639545871831337e-02
1.175000000000006928e+01 1.505317177102554783e-02
1.177000000000006885e+01 1.292940831834700835e-02
1.179000000000006843e+01 1.310779770637170161e-02
1.181000000000006800e+01 1.459416932115436931e-02
1.183000000000006757e+01 1.200445949874857400e-02
1.185000000000006715e+01 1.246956112934388683e-02
1.187000000000006672e+01 1.145872872419466219e-02
1.189000000000006629e+01 1.084587389052715962e-02
1.191000000000006587e+01 1.059768580951861265e-02
1.193000000000006544e+01 1.026173218191599699e-02
1.195000000000006501e+01 1.056078231773788581e-02
1.197000000000006459e+01 9.690488124337355222e-03
1.199000000000006416e+01 9.270067334433449574e-03
1.201000000000006374e+01 9.160695531724183729e-03
1.203000000000006331e+01 8.655665640918025136e-03
1.205000000000006288e+01 9.377657788059316768e-03
1.207000000000006246e+01 7.726303233229912283e-03
1.209000000000006203e+01 7.703787936514665431e-03
1.211000000000006160e+01 6.964214321807774694e-03
1.213000000000006118e+01 6.685159168848618660e-03
1.215000000000006075e+01 7.184999878478160948e-03
1.217000000000006033e+01 6.646311758104505620e-03
1.219000000000005990e+01 6.161336332075184087e-03
1.221000000000005947e+01 6.125830906679497617e-03
1.223000000000005905e+01 6.036522425194323221e-03
1.225000000000005862e+01 6.047349916084841272e-03
1.227000000000005819e+01 5.637201193895844363e-03
1.229000000000005777e+01 4.968880415618171995e-03
1.231000000000005734e+01 4.827254932805749750e-03
1.233000000000005691e+01 4.527070147689676687e-03
1.235000000000005649e+01 4.627597019872582533e-03
1.237000000000005606e+01 4.368893826787024690e-03
1.239000000000005564e+01 4.161331318159855984e-03
1.241000000000005521e+01 3.871201312899559023e-03
1.243000000000005478e+01 4.338885382376789744e-03
1.245000000000005436e+01 3.628915197518156263e-03
1.247000000000005393e+01 3.463068702848315708e-03
1.249000000000005350e+01 3.474958912712234563e-03
1.251000000000005308e+01 3.248671336962249620e-03
1.253000000000005265e+01 2.940005516018552850e-03
1.255000000000005222e+01 2.988059542675128299e-03
1.257000000000005180e+01 2.818462207753761987e-03
1.259000000000005137e+01 2.676479238814647582e-03
1.261000000000005095e+01 2.644025604181987794e-03
1.263000000000005052e+01 2.605927638285403334e-03
1.265000000000005009e+01 2.284528357945332308e-03
1.267000000000004967e+01 2.185371085370980439e-03
1.269000000000004924e+01 2.002850650424963918e-03
1.271000000000004881e+01 2.260089831256670116e-03
1.273000000000004839e+01 2.022922450156594207e-03
1.275000000000004796e+01 1.767782609097438146e-03
1.277000000000004754e+01 1.778134899165813645e-03
1.279000000000004711e+01 1.611602699646103596e-03
1.281000000000004668e+01 1.859616716335748231e-03
1.283000000000004626e+01 1.441929550344528410e-03
1.285000000000004583e+01 1.374465024552837472e-03
1.287000000000004540e+01 1.364034381759158220e-03
1.289000000000004498e+01 1.286400669262143144e-03
1.291000000000004455e+01 1.371200948480960375e-03
1.293000000000004412e+01 1.242326603433432540e-03
1.295000000000004370e+01 1.119317850084987527e-03
1.297000000000004327e+01 1.093808063193266091e-03
1.299000000000004285e+01 1.162030581332399197e-03
1.301000000000004242e+01 9.102763247642724513e-04
1.303000000000004199e+01 8.651944162422916217e-04
1.305000000000004157e+01 8.479617606505175566e-04
1.307000000000004114e+01 8.250277371585194343e-04
1.309000000000004071e+01 7.815796599198502302e-04
1.311000000000004029e+01 8.869770464589879716e-04
1.313000000000003986e+01 6.683197221741586994e-04
1.315000000000003944e+01 6.784194268808747081e-04
1.317000000000003901e+01 7.464037275647537537e-04
1.319000000000003858e+01 5.632822861865207894e-04
1.321000000000003816e+01 5.581587582702870597e-04
1.323000000000003773e+01 5.093545415925417041e-04
1.325000000000003730e+01 4.882907934717208931e-04
1.327000000000003688e+01 5.239806148746215496e-04
1.329000000000003645e+01 4.732840887376613473e-04
1.331000000000003602e+01 4.667917414537485336e-04
1.333000000000003560e+01 4.310738863896216655e-04
1.335000000000003517e+01 4.241825894279978369e-04
1.337000000000003475e+01 3.537031551958741893e-04
1.339000000000003432e+01 3.266615704706567788e-04
1.341000000000003389e+01 3.081148030108131833e-04
1.343000000000003347e+01 2.996228389382625404e-04
1.345000000000003304e+01 3.050661646919433471e-04
1.347000000000003261e+01 2.762167135053229935e-04
1.349000000000003219e+01 2.956418511215139493e-04
1.351000000000003176e+01 2.615596918034845822e-04
1.353000000000003133e+01 2.453079225916477194e-04
1.355000000000003091e+01 2.076281548004417098e-04
1.357000000000003048e+01 1.995422924464358098e-04
1.359000000000003006e+01 1.815193660757313278e-04
1.361000000000002963e+01 1.752509444600675579e-04
1.363000000000002920e+01 1.790501503130584836e-04
1.365000000000002878e+01 1.581617526622654452e-04
1.367000000000002835e+01 1.679362198864707252e-04
1.369000000000002792e+01 1.738453456016661003e-04
1.371000000000002750e+01 1.264798235439907128e-04
1.373000000000002707e+01 1.201679518999187687e-04
1.375000000000002665e+01 1.143018531457043127e-04
1.377000000000002622e+01 1.071592966303258474e-04
1.379000000000002579e+01 1.138880584224801965e-04
1.381000000000002537e+01 9.120495317037723821e-05
1.383000000000002494e+01 9.669047078547527156e-05
1.385000000000002451e+01 8.363926348800084399e-05
1.387000000000002409e+01 1.008145766724087328e-04
1.389000000000002366e+01 7.127832219584151713e-05
1.391000000000002323e+01 6.857907833501103965e-05
1.393000000000002281e+01 6.502596148541020494e-05
1.395000000000002238e+01 6.886883831682930372e-05
1.397000000000002196e+01 5.554616864045840234e-05
1.399000000000002153e+01 5.647956880719239302e-05
1.401000000000002110e+01 4.816224959821954499e-05
1.403000000000002068e+01 5.203589014362657955e-05
1.405000000000002025e+01 4.999460124794858018e-05
1.407000000000001982e+01 4.000652312155018354e-05
1.409000000000001940e+01 3.727065371212873402e-05
1.411000000000001897e+01 3.932734620071972839e-05
1.413000000000001855e+01 3.320745701433450034e-05
1.415000000000001812e+01 3.342576392384876587e-05
1.417000000000001769e+01 2.742394480035890481e-05
1.419000000000001727e+01 2.951757132461096131e-05
1.421000000000001684e+01 2.392996944607090590e-05
1.423000000000001641e+01 2.585466182712394770e-05
1.425000000000001599e+01 1.755043496683931026e-05
1.427000000000001556e+01 1.059422753048144067e-05
1.429000000000001513e+01 9.563528527925304546e-06
1.431000000000001471e+01 7.191958925425545010e-06
1.433000000000001428e+01 2.862118644603196262e-06
1.435000000000001386e+01 1.279905740165569619e-06
1.437000000000001343e+01 6.221244925118422676e-07
1.439000000000001300e+01 4.012988130013696082e-07
1.441000000000001258e+01 2.883193398165616662e-08
1.443000000000001215e+01 7.700124483445253347e-09
1.445000000000001172e+01 7.149025000940830608e-10
1.447000000000001130e+01 5.451883728353258831e-10
1.449000000000001087e+01 4.969974341061914257e-10
1.451000000000001044e+01 3.451850560658108141e-10
1.453000000000001002e+01 2.280135827464162592e-12
1.455000000000000959e+01 8.253760526156624337e-13
1.457000000000000917e+01 2.629744473191659826e-15
1.459000000000000874e+01 1.336015687856366288e-15
1.461000000000000831e+01 6.523656019587037048e-17
1.463000000000000789e+01 3.417062424889135914e-17
1.465000000000000746e+01 2.999857998155247899e-17
1.467000000000000703e+01 2.617092089934169100e-17
1.469000000000000661e+01 0.000000000000000000e+00
1.471000000000000618e+01 0.000000000000000000e+00
1.473000000000000576e+01 0.000000000000000000e+00
1.475000000000000533e+01 0.000000000000000000e+00
1.477000000000000490e+01 0.000000000000000000e+00
1.479000000000000448e+01 0.000000000000000000e+00
1.481000000000000405e+01 0.000000000000000000e+00
1.483000000000000362e+01 0.000000000000000000e+00
1.485000000000000320e+01 0.000000000000000000e+00
1.487000000000000277e+01 0.000000000000000000e+00
1.489000000000000234e+01 0.000000000000000000e+00
1.491000000000000192e+01 0.000000000000000000e+00
1.493000000000000149e+01 0.000000000000000000e+00
1.495000000000000107e+01 0.000000000000000000e+00
1.497000000000000064e+01 0.000000000000000000e+00
1.499000000000000021e+01 0.000000000000000000e+00
