# Redshift		Merger Rate Density [Gpc^-3yr^-1]
1.000000000031931770e-02 8.818728193373428326e+01
3.000000000031888964e-02 9.259515899458564547e+01
5.000000000031846331e-02 9.737026043353927207e+01
7.000000000031804392e-02 1.018734848057508913e+02
9.000000000031761760e-02 1.067823548432498058e+02
1.100000000003171913e-01 1.116768932565043571e+02
1.300000000003167511e-01 1.166230128416614491e+02
1.500000000003163247e-01 1.219764800925650121e+02
1.700000000003158984e-01 1.269732329760499141e+02
1.900000000003154721e-01 1.324043822296793564e+02
2.100000000003150458e-01 1.379328242477050992e+02
2.300000000003146194e-01 1.436352246067915530e+02
2.500000000003141931e-01 1.491877693204430670e+02
2.700000000003137668e-01 1.549718799022705582e+02
2.900000000003133405e-01 1.613088601526213210e+02
3.100000000003129141e-01 1.672830067502709710e+02
3.300000000003124878e-01 1.738654603293711318e+02
3.500000000003120615e-01 1.798238877785282739e+02
3.700000000003116352e-01 1.865452815569306324e+02
3.900000000003112088e-01 1.932432323472060318e+02
4.100000000003107825e-01 1.999304401286774464e+02
4.300000000003103562e-01 2.070205102118479488e+02
4.500000000003099299e-01 2.140807603241218828e+02
4.700000000003095035e-01 2.210763039223992337e+02
4.900000000003090772e-01 2.281729833693661078e+02
5.100000000003086509e-01 2.357812472062719564e+02
5.300000000003082246e-01 2.435291904040001896e+02
5.500000000003077982e-01 2.512390301865593756e+02
5.700000000003073719e-01 2.590427738358810075e+02
5.900000000003069456e-01 2.668886592016097552e+02
6.100000000003065193e-01 2.746864130670821851e+02
6.300000000003060929e-01 2.823572040494885300e+02
6.500000000003056666e-01 2.904489379892611964e+02
6.700000000003052403e-01 2.987168195496589647e+02
6.900000000003048140e-01 3.075030721501848916e+02
7.100000000003043876e-01 3.153885458828942205e+02
7.300000000003039613e-01 3.240988348006669071e+02
7.500000000003035350e-01 3.328524129902380082e+02
7.700000000003031086e-01 3.420818857721040445e+02
7.900000000003026823e-01 3.495919769786219149e+02
8.100000000003022560e-01 3.593672227766488732e+02
8.300000000003018297e-01 3.683073889793071203e+02
8.500000000003014033e-01 3.767411986104470429e+02
8.700000000003009770e-01 3.858511347751621088e+02
8.900000000003005507e-01 3.946911946729599094e+02
9.100000000003001244e-01 4.049831298644357958e+02
9.300000000002996980e-01 4.128720292920150996e+02
9.500000000002992717e-01 4.216831855755099241e+02
9.700000000002988454e-01 4.319017706191072534e+02
9.900000000002984191e-01 4.411241359852212440e+02
1.010000000000297993e+00 4.489354736937706889e+02
1.030000000000297566e+00 4.589205623554448721e+02
1.050000000000297140e+00 4.683953538511798911e+02
1.070000000000296714e+00 4.768088390738283238e+02
1.090000000000296287e+00 4.874991378748421198e+02
1.110000000000295861e+00 4.951168815525792866e+02
1.130000000000295435e+00 5.046637045177833443e+02
1.150000000000295008e+00 5.136627185433779914e+02
1.170000000000294582e+00 5.221739949033110406e+02
1.190000000000294156e+00 5.306758333657032836e+02
1.210000000000293729e+00 5.397773396462190476e+02
1.230000000000293303e+00 5.479935985696166654e+02
1.250000000000292877e+00 5.564305502556053398e+02
1.270000000000292451e+00 5.644866812817315349e+02
1.290000000000292024e+00 5.726234487949139975e+02
1.310000000000291598e+00 5.807456229267245362e+02
1.330000000000291172e+00 5.888053592118261577e+02
1.350000000000290745e+00 5.959669615240088660e+02
1.370000000000290319e+00 6.035105022496351239e+02
1.390000000000289893e+00 6.117679976840786367e+02
1.410000000000289466e+00 6.168012589693079235e+02
1.430000000000289040e+00 6.246331565821174081e+02
1.450000000000288614e+00 6.318711326915644122e+02
1.470000000000288187e+00 6.389807429066177065e+02
1.490000000000287761e+00 6.441329052339240206e+02
1.510000000000287335e+00 6.530942692680831669e+02
1.530000000000286908e+00 6.581813094186240960e+02
1.550000000000286482e+00 6.640560512369823982e+02
1.570000000000286056e+00 6.703186630645063815e+02
1.590000000000285629e+00 6.762090842810990807e+02
1.610000000000285203e+00 6.833202588765312839e+02
1.630000000000284777e+00 6.874235293645883758e+02
1.650000000000284350e+00 6.956902531621628896e+02
1.670000000000283924e+00 6.976195432064633906e+02
1.690000000000283498e+00 7.053221209155926772e+02
1.710000000000283071e+00 7.126787267038097298e+02
1.730000000000282645e+00 7.150678046828052175e+02
1.750000000000282219e+00 7.155722238760123446e+02
1.770000000000281792e+00 7.118808939122841366e+02
1.790000000000281366e+00 7.108898626883749330e+02
1.810000000000280940e+00 7.098262834237428933e+02
1.830000000000280513e+00 7.072628972723118750e+02
1.850000000000280087e+00 7.073161557754307296e+02
1.870000000000279661e+00 7.082622736555271103e+02
1.890000000000279234e+00 7.078506093483765653e+02
1.910000000000278808e+00 7.077424053086157301e+02
1.930000000000278382e+00 7.107230898261530001e+02
1.950000000000277955e+00 7.146738661184806460e+02
1.970000000000277529e+00 7.133174779054414785e+02
1.990000000000277103e+00 7.107097859667521789e+02
2.010000000000276899e+00 7.066128319436998027e+02
2.030000000000276472e+00 7.043297071200697701e+02
2.050000000000276046e+00 7.025866333474108387e+02
2.070000000000275620e+00 7.002183959136751810e+02
2.090000000000275193e+00 6.990870182584297936e+02
2.110000000000274767e+00 6.980816278240292831e+02
2.130000000000274341e+00 6.931171974735835875e+02
2.150000000000273914e+00 6.896538872334737107e+02
2.170000000000273488e+00 6.859065227425654712e+02
2.190000000000273062e+00 6.823252903917855292e+02
2.210000000000272635e+00 6.767079513815957625e+02
2.230000000000272209e+00 6.683726582203646558e+02
2.250000000000271783e+00 6.621440641105298255e+02
2.270000000000271356e+00 6.517237616096205102e+02
2.290000000000270930e+00 6.459823588014534153e+02
2.310000000000270504e+00 6.399451189659540660e+02
2.330000000000270077e+00 6.360510519572181920e+02
2.350000000000269651e+00 6.296496443158213197e+02
2.370000000000269225e+00 6.243461856010796964e+02
2.390000000000268798e+00 6.197820561582298069e+02
2.410000000000268372e+00 6.131659507682763888e+02
2.430000000000267946e+00 6.046977168991755889e+02
2.450000000000267519e+00 5.989500073114477345e+02
2.470000000000267093e+00 5.910096765539086618e+02
2.490000000000266667e+00 5.837284303354858821e+02
2.510000000000266240e+00 5.785032702841917853e+02
2.530000000000265814e+00 5.706122568236193047e+02
2.550000000000265388e+00 5.622439094578393224e+02
2.570000000000264961e+00 5.564425960532176987e+02
2.590000000000264535e+00 5.493365357714917536e+02
2.610000000000264109e+00 5.427560539170908669e+02
2.630000000000263682e+00 5.358459017378926319e+02
2.650000000000263256e+00 5.305869527741645015e+02
2.670000000000262830e+00 5.230740430474647837e+02
2.690000000000262403e+00 5.175428057042219052e+02
2.710000000000261977e+00 5.102647956073394653e+02
2.730000000000261551e+00 5.039540751698816621e+02
2.750000000000261124e+00 4.972135861780266737e+02
2.770000000000260698e+00 4.903121715079122964e+02
2.790000000000260272e+00 4.849533621306810005e+02
2.810000000000259845e+00 4.780361400624868224e+02
2.830000000000259419e+00 4.719881843473512504e+02
2.850000000000258993e+00 4.654866736987772811e+02
2.870000000000258567e+00 4.592149746167500552e+02
2.890000000000258140e+00 4.542695116841165941e+02
2.910000000000257714e+00 4.473703824646168528e+02
2.930000000000257288e+00 4.415816375542930246e+02
2.950000000000256861e+00 4.361917548064002403e+02
2.970000000000256435e+00 4.302374216803498825e+02
2.990000000000256009e+00 4.228055625550608738e+02
3.010000000000255582e+00 4.174265199065546881e+02
3.030000000000255156e+00 4.111874092000468295e+02
3.050000000000254730e+00 4.058383297443353399e+02
3.070000000000254303e+00 4.000503338970826803e+02
3.090000000000253877e+00 3.948002097266170836e+02
3.110000000000253451e+00 3.904833984557128588e+02
3.130000000000253024e+00 3.852277161664890173e+02
3.150000000000252598e+00 3.798444955857297600e+02
3.170000000000252172e+00 3.745734888284156909e+02
3.190000000000251745e+00 3.695508934619967363e+02
3.210000000000251319e+00 3.645951020456170681e+02
3.230000000000250893e+00 3.616809534699243045e+02
3.250000000000250466e+00 3.564415449341441899e+02
3.270000000000250040e+00 3.502458406705559355e+02
3.290000000000249614e+00 3.441165288963116495e+02
3.310000000000249187e+00 3.370504342306506373e+02
3.330000000000248761e+00 3.316115674250488610e+02
3.350000000000248335e+00 3.246378281904870278e+02
3.370000000000247908e+00 3.190544497335572487e+02
3.390000000000247482e+00 3.134484913966184081e+02
3.410000000000247056e+00 3.081837998326541310e+02
3.430000000000246629e+00 3.031275805769309954e+02
3.450000000000246203e+00 2.988122511442339260e+02
3.470000000000245777e+00 2.939290741905271034e+02
3.490000000000245350e+00 2.895348580433984012e+02
3.510000000000244924e+00 2.859405372523984283e+02
3.530000000000244498e+00 2.817023199313049986e+02
3.550000000000244071e+00 2.774240878751111268e+02
3.570000000000243645e+00 2.747880129918298167e+02
3.590000000000243219e+00 2.725386977796085262e+02
3.610000000000242792e+00 2.681580272680814119e+02
3.630000000000242366e+00 2.639142027262091688e+02
3.650000000000241940e+00 2.591232098952685305e+02
3.670000000000241513e+00 2.550523249341214864e+02
3.690000000000241087e+00 2.508020830018868423e+02
3.710000000000240661e+00 2.468422348338214078e+02
3.730000000000240234e+00 2.437683261435971076e+02
3.750000000000239808e+00 2.390778538199841421e+02
3.770000000000239382e+00 2.365712089949996937e+02
3.790000000000238956e+00 2.334412991781297819e+02
3.810000000000238529e+00 2.303437143315667583e+02
3.830000000000238103e+00 2.271956892608614851e+02
3.850000000000237677e+00 2.239985955724966402e+02
3.870000000000237250e+00 2.205734750061098737e+02
3.890000000000236824e+00 2.169058557562402143e+02
3.910000000000236398e+00 2.135688017221374935e+02
3.930000000000235971e+00 2.105797793441724650e+02
3.950000000000235545e+00 2.073650065595763294e+02
3.970000000000235119e+00 2.051497376848607530e+02
3.990000000000234692e+00 2.012584204932845466e+02
4.010000000000234266e+00 1.982229983979185590e+02
4.030000000000233840e+00 1.953930337183779216e+02
4.050000000000233413e+00 1.925398697287248240e+02
4.070000000000232987e+00 1.900135877568953333e+02
4.090000000000232561e+00 1.865217028795589727e+02
4.110000000000232134e+00 1.846781670758375355e+02
4.130000000000231708e+00 1.820305678521202708e+02
4.150000000000231282e+00 1.796958534565320065e+02
4.170000000000230855e+00 1.774929684264321281e+02
4.190000000000230429e+00 1.758926310161240565e+02
4.210000000000230003e+00 1.726572940733697976e+02
4.230000000000229576e+00 1.710845628183358258e+02
4.250000000000229150e+00 1.684268138906196555e+02
4.270000000000228724e+00 1.646889969307034960e+02
4.290000000000228297e+00 1.622135778386506786e+02
4.310000000000227871e+00 1.596782098208095135e+02
4.330000000000227445e+00 1.574592230829883022e+02
4.350000000000227018e+00 1.546251362720407769e+02
4.370000000000226592e+00 1.521940768240412751e+02
4.390000000000226166e+00 1.501169090804731923e+02
4.410000000000225739e+00 1.480532299148802906e+02
4.430000000000225313e+00 1.457190372285850231e+02
4.450000000000224887e+00 1.447096368531929613e+02
4.470000000000224460e+00 1.429981220932151587e+02
4.490000000000224034e+00 1.409554860730329438e+02
4.510000000000223608e+00 1.391679558255453912e+02
4.530000000000223181e+00 1.377564830451937326e+02
4.550000000000222755e+00 1.354931236256964269e+02
4.570000000000222329e+00 1.338405211497425569e+02
4.590000000000221902e+00 1.325468905397739832e+02
4.610000000000221476e+00 1.304681771881602401e+02
4.630000000000221050e+00 1.298797287729658194e+02
4.650000000000220624e+00 1.278307897137469666e+02
4.670000000000220197e+00 1.256074630189443724e+02
4.690000000000219771e+00 1.243335497185994427e+02
4.710000000000219345e+00 1.220490414665029419e+02
4.730000000000218918e+00 1.205192516026078096e+02
4.750000000000218492e+00 1.188092725463485664e+02
4.770000000000218066e+00 1.174694311000488938e+02
4.790000000000217639e+00 1.160149720737692292e+02
4.810000000000217213e+00 1.145966234499706360e+02
4.830000000000216787e+00 1.134356242829177290e+02
4.850000000000216360e+00 1.126230370594580847e+02
4.870000000000215934e+00 1.106770907357703209e+02
4.890000000000215508e+00 1.100838297487689346e+02
4.910000000000215081e+00 1.084929790312417452e+02
4.930000000000214655e+00 1.073555216776285448e+02
4.950000000000214229e+00 1.064273789696133008e+02
4.970000000000213802e+00 1.051423579525683749e+02
4.990000000000213376e+00 1.036840450419200010e+02
5.010000000000212950e+00 1.018261011063561767e+02
5.030000000000212523e+00 1.011293580520163289e+02
5.050000000000212097e+00 9.938841407475243273e+01
5.070000000000211671e+00 9.783562002594621276e+01
5.090000000000211244e+00 9.645311031825326609e+01
5.110000000000210818e+00 9.558866022456675182e+01
5.130000000000210392e+00 9.324413285169981691e+01
5.150000000000209965e+00 9.182465973751307331e+01
5.170000000000209539e+00 9.049479925996647012e+01
5.190000000000209113e+00 8.956492790601649290e+01
5.210000000000208686e+00 8.821349637116271936e+01
5.230000000000208260e+00 8.722152140564325862e+01
5.250000000000207834e+00 8.590016484779081907e+01
5.270000000000207407e+00 8.486763657258511273e+01
5.290000000000206981e+00 8.431369263687504656e+01
5.310000000000206555e+00 8.301612197591713027e+01
5.330000000000206128e+00 8.201367372635407094e+01
5.350000000000205702e+00 8.109693166881147874e+01
5.370000000000205276e+00 8.039317032830980736e+01
5.390000000000204849e+00 8.015302852021964952e+01
5.410000000000204423e+00 7.852772808987097619e+01
5.430000000000203997e+00 7.837342089649442300e+01
5.450000000000203570e+00 7.752611747577958567e+01
5.470000000000203144e+00 7.676302043741132763e+01
5.490000000000202718e+00 7.519267866295929537e+01
5.510000000000202292e+00 7.463749042661638100e+01
5.530000000000201865e+00 7.420618901134163536e+01
5.550000000000201439e+00 7.328892214281877671e+01
5.570000000000201013e+00 7.209081942777075369e+01
5.590000000000200586e+00 7.137580987166120394e+01
5.610000000000200160e+00 7.089157568066025306e+01
5.630000000000199734e+00 7.022183467821258773e+01
5.650000000000199307e+00 6.836554956963290408e+01
5.670000000000198881e+00 6.768719528032607968e+01
5.690000000000198455e+00 6.654912024951251226e+01
5.710000000000198028e+00 6.578433988032773527e+01
5.730000000000197602e+00 6.479500329929305735e+01
5.750000000000197176e+00 6.416657957727929329e+01
5.770000000000196749e+00 6.325179633335206830e+01
5.790000000000196323e+00 6.199047345581624313e+01
5.810000000000195897e+00 6.186122227462006862e+01
5.830000000000195470e+00 6.115024024846181305e+01
5.850000000000195044e+00 6.022838814085159242e+01
5.870000000000194618e+00 5.949355453757623735e+01
5.890000000000194191e+00 5.906801729534021916e+01
5.910000000000193765e+00 5.848356767585912763e+01
5.930000000000193339e+00 5.782273801783588851e+01
5.950000000000192912e+00 5.730749877511578205e+01
5.970000000000192486e+00 5.682935548621741617e+01
5.990000000000192060e+00 5.624896390177135430e+01
6.010000000000191633e+00 5.586953141190586791e+01
6.030000000000191207e+00 5.461578428393102769e+01
6.050000000000190781e+00 5.434995420220228368e+01
6.070000000000190354e+00 5.411924738611059382e+01
6.090000000000189928e+00 5.328137135593194529e+01
6.110000000000189502e+00 5.261350793716684393e+01
6.130000000000189075e+00 5.185901415552186933e+01
6.150000000000188649e+00 5.167396162414190997e+01
6.170000000000188223e+00 5.078770038077037441e+01
6.190000000000187796e+00 5.006306441008143793e+01
6.210000000000187370e+00 4.907905024134633720e+01
6.230000000000186944e+00 4.883748306274572570e+01
6.250000000000186517e+00 4.796034869382449273e+01
6.270000000000186091e+00 4.722637188685834531e+01
6.290000000000185665e+00 4.703688944257642390e+01
6.310000000000185238e+00 4.606605608067988555e+01
6.330000000000184812e+00 4.586892277855216093e+01
6.350000000000184386e+00 4.522915088983103971e+01
6.370000000000183960e+00 4.504898545171730717e+01
6.390000000000183533e+00 4.460214423619497381e+01
6.410000000000183107e+00 4.406269950187989792e+01
6.430000000000182681e+00 4.361787285809838011e+01
6.450000000000182254e+00 4.319664038820556584e+01
6.470000000000181828e+00 4.274014558936625008e+01
6.490000000000181402e+00 4.254603945710503154e+01
6.510000000000180975e+00 4.177322600472233916e+01
6.530000000000180549e+00 4.131556921001980243e+01
6.550000000000180123e+00 4.092210787757459656e+01
6.570000000000179696e+00 4.045818808181815029e+01
6.590000000000179270e+00 4.005680902200319338e+01
6.610000000000178844e+00 3.953928733400119455e+01
6.630000000000178417e+00 3.931837304913779718e+01
6.650000000000177991e+00 3.917389079670796548e+01
6.670000000000177565e+00 3.874553227006991563e+01
6.690000000000177138e+00 3.810097596466464154e+01
6.710000000000176712e+00 3.783758985238705463e+01
6.730000000000176286e+00 3.729861146186408405e+01
6.750000000000175859e+00 3.681778993703228053e+01
6.770000000000175433e+00 3.638783495947463109e+01
6.790000000000175007e+00 3.572603659238482976e+01
6.810000000000174580e+00 3.554741129364628449e+01
6.830000000000174154e+00 3.497292958195291845e+01
6.850000000000173728e+00 3.468303449066360145e+01
6.870000000000173301e+00 3.438713453227933314e+01
6.890000000000172875e+00 3.400996496598193630e+01
6.910000000000172449e+00 3.374004496298105948e+01
6.930000000000172022e+00 3.358231502026857385e+01
6.950000000000171596e+00 3.297025533462309710e+01
6.970000000000171170e+00 3.283872183537280875e+01
6.990000000000170743e+00 3.276960234572261754e+01
7.010000000000170317e+00 3.211849938217692824e+01
7.030000000000169891e+00 3.196133197689946925e+01
7.050000000000169464e+00 3.151362207066451049e+01
7.070000000000169038e+00 3.142027888115110557e+01
7.090000000000168612e+00 3.093060688800266078e+01
7.110000000000168185e+00 3.094355498883511046e+01
7.130000000000167759e+00 3.046543754372375545e+01
7.150000000000167333e+00 3.016363719884456174e+01
7.170000000000166906e+00 3.006461075791511561e+01
7.190000000000166480e+00 2.941470691858320663e+01
7.210000000000166054e+00 2.937951053532670187e+01
7.230000000000165628e+00 2.913025201436296996e+01
7.250000000000165201e+00 2.855736132748623746e+01
7.270000000000164775e+00 2.816930067712519303e+01
7.290000000000164349e+00 2.780933512832221766e+01
7.310000000000163922e+00 2.771727026645895364e+01
7.330000000000163496e+00 2.770015853252625249e+01
7.350000000000163070e+00 2.734830661016336606e+01
7.370000000000162643e+00 2.709744878213258090e+01
7.390000000000162217e+00 2.699378589567740150e+01
7.410000000000161791e+00 2.675762207440008567e+01
7.430000000000161364e+00 2.636746231498850079e+01
7.450000000000160938e+00 2.635688159836679034e+01
7.470000000000160512e+00 2.609202945963995646e+01
7.490000000000160085e+00 2.582223807755532974e+01
7.510000000000159659e+00 2.555533816976593542e+01
7.530000000000159233e+00 2.557150185295420286e+01
7.550000000000158806e+00 2.519439570444675169e+01
7.570000000000158380e+00 2.477497806554804782e+01
7.590000000000157954e+00 2.464106157081576143e+01
7.610000000000157527e+00 2.435555301142630569e+01
7.630000000000157101e+00 2.423610011458513114e+01
7.650000000000156675e+00 2.387702019069089943e+01
7.670000000000156248e+00 2.376260926808277674e+01
7.690000000000155822e+00 2.356985113596226356e+01
7.710000000000155396e+00 2.337035721719450621e+01
7.730000000000154969e+00 2.331158376698687107e+01
7.750000000000154543e+00 2.317608275400280249e+01
7.770000000000154117e+00 2.284548368532501428e+01
7.790000000000153690e+00 2.269845608877703214e+01
7.810000000000153264e+00 2.256316850827103693e+01
7.830000000000152838e+00 2.235615770433997795e+01
7.850000000000152411e+00 2.232656247000351968e+01
7.870000000000151985e+00 2.207867554747687677e+01
7.890000000000151559e+00 2.195517061029963557e+01
7.910000000000151132e+00 2.174843548677831251e+01
7.930000000000150706e+00 2.159927888405357521e+01
7.950000000000150280e+00 2.121557259050866406e+01
7.970000000000149853e+00 2.103630823379004511e+01
7.990000000000149427e+00 2.094248228978216630e+01
8.010000000000149001e+00 2.077964241868524908e+01
8.030000000000148574e+00 2.073333658253123701e+01
8.050000000000148148e+00 2.046954835174272702e+01
8.070000000000147722e+00 2.036925548306549771e+01
8.090000000000147296e+00 2.012386188745459847e+01
8.110000000000146869e+00 1.999638082430182706e+01
8.130000000000146443e+00 1.999509755083980167e+01
8.150000000000146017e+00 1.984396322776955301e+01
8.170000000000145590e+00 1.983036691996071710e+01
8.190000000000145164e+00 1.946150934936486365e+01
8.210000000000144738e+00 1.940041053836309004e+01
8.230000000000144311e+00 1.937589290536718423e+01
8.250000000000143885e+00 1.896974058428270027e+01
8.270000000000143459e+00 1.903433120401443546e+01
8.290000000000143032e+00 1.868165536188865872e+01
8.310000000000142606e+00 1.863881416816056813e+01
8.330000000000142180e+00 1.854035964519671964e+01
8.350000000000141753e+00 1.837409914007955436e+01
8.370000000000141327e+00 1.826350949471115470e+01
8.390000000000140901e+00 1.817683816861291746e+01
8.410000000000140474e+00 1.780415675327533620e+01
8.430000000000140048e+00 1.792269379826088027e+01
8.450000000000139622e+00 1.771588760148723196e+01
8.470000000000139195e+00 1.751831419442816795e+01
8.490000000000138769e+00 1.758535807494058645e+01
8.510000000000138343e+00 1.745009942841872075e+01
8.530000000000137916e+00 1.724069145184283514e+01
8.550000000000137490e+00 1.715567660024314733e+01
8.570000000000137064e+00 1.704605249995409366e+01
8.590000000000136637e+00 1.691754149779467298e+01
8.610000000000136211e+00 1.677481044904779850e+01
8.630000000000135785e+00 1.664590119534245360e+01
8.650000000000135358e+00 1.661987501492683705e+01
8.670000000000134932e+00 1.637102109556671081e+01
8.690000000000134506e+00 1.627544288601701084e+01
8.710000000000134079e+00 1.611838091024368680e+01
8.730000000000133653e+00 1.611246635743206923e+01
8.750000000000133227e+00 1.597588740287952902e+01
8.770000000000132800e+00 1.589552495033542989e+01
8.790000000000132374e+00 1.569561074642022191e+01
8.810000000000131948e+00 1.553456413621129606e+01
8.830000000000131521e+00 1.550922778401398006e+01
8.850000000000131095e+00 1.539937129057882892e+01
8.870000000000130669e+00 1.531425591291034216e+01
8.890000000000130242e+00 1.519312908669010653e+01
8.910000000000129816e+00 1.512382067174301170e+01
8.930000000000129390e+00 1.506635464557830062e+01
8.950000000000128964e+00 1.492512384937927372e+01
8.970000000000128537e+00 1.479992325091773964e+01
8.990000000000128111e+00 1.475949267938453069e+01
9.010000000000127685e+00 1.462061152452422164e+01
9.030000000000127258e+00 1.448313509278832178e+01
9.050000000000126832e+00 1.443992530636076665e+01
9.070000000000126406e+00 1.429717665672682436e+01
9.090000000000125979e+00 1.427197687228514233e+01
9.110000000000125553e+00 1.406310673833782587e+01
9.130000000000125127e+00 1.395353254660184028e+01
9.150000000000124700e+00 1.391130237575481310e+01
9.170000000000124274e+00 1.389465488375787849e+01
9.190000000000123848e+00 1.389171657470835264e+01
9.210000000000123421e+00 1.361725724182547026e+01
9.230000000000122995e+00 1.366836755599979547e+01
9.250000000000122569e+00 1.356115952649448175e+01
9.270000000000122142e+00 1.348755319422529375e+01
9.290000000000121716e+00 1.346549509633197594e+01
9.310000000000121290e+00 1.341513429001668456e+01
9.330000000000120863e+00 1.325465094093420149e+01
9.350000000000120437e+00 1.313417579308830163e+01
9.370000000000120011e+00 1.317209381712700811e+01
9.390000000000119584e+00 1.302318481953732388e+01
9.410000000000119158e+00 1.294764032361449502e+01
9.430000000000118732e+00 1.292211322423257869e+01
9.450000000000118305e+00 1.296780387267612866e+01
9.470000000000117879e+00 1.286175365011092175e+01
9.490000000000117453e+00 1.278392794286570933e+01
9.510000000000117026e+00 1.276770943470322806e+01
9.530000000000116600e+00 1.279399216341734125e+01
9.550000000000116174e+00 1.261499698415912896e+01
9.570000000000115747e+00 1.261254599886578909e+01
9.590000000000115321e+00 1.265891288161564532e+01
9.610000000000114895e+00 1.256578323322401758e+01
9.630000000000114468e+00 1.248731364162238400e+01
9.650000000000114042e+00 1.255016733893766379e+01
9.670000000000113616e+00 1.251772932165137497e+01
9.690000000000113189e+00 1.247061079973737385e+01
9.710000000000112763e+00 1.240823686647068769e+01
9.730000000000112337e+00 1.246533543033217128e+01
9.750000000000111910e+00 1.249954195641699428e+01
9.770000000000111484e+00 1.238336719512810724e+01
9.790000000000111058e+00 1.243801017984409540e+01
9.810000000000110632e+00 1.242790335148464465e+01
9.830000000000110205e+00 1.245022800965570475e+01
9.850000000000109779e+00 1.252671878039022779e+01
9.870000000000109353e+00 1.255087965940006711e+01
9.890000000000108926e+00 1.248646590091116515e+01
9.910000000000108500e+00 1.252604255884863527e+01
9.930000000000108074e+00 1.246921081049279323e+01
9.950000000000107647e+00 1.257247709392685664e+01
9.970000000000107221e+00 1.246303057706565554e+01
9.990000000000106795e+00 1.264599462151483777e+01
1.001000000000010637e+01 1.263367642597588336e+01
1.003000000000010594e+01 1.263175576586902515e+01
1.005000000000010552e+01 1.272868511871486064e+01
1.007000000000010509e+01 1.282949814607074579e+01
1.009000000000010466e+01 1.287941681063102450e+01
1.011000000000010424e+01 1.294693586093589310e+01
1.013000000000010381e+01 1.293419303138439425e+01
1.015000000000010338e+01 1.296679940222889726e+01
1.017000000000010296e+01 1.306217760134062189e+01
1.019000000000010253e+01 1.308403499244354329e+01
1.021000000000010210e+01 1.311661464926918974e+01
1.023000000000010168e+01 1.326406642999427099e+01
1.025000000000010125e+01 1.325949277414439642e+01
1.027000000000010083e+01 1.331792557293934820e+01
1.029000000000010040e+01 1.348562031450147281e+01
1.031000000000009997e+01 1.347162172773489708e+01
1.033000000000009955e+01 1.356760776460159867e+01
1.035000000000009912e+01 1.370762653282000265e+01
1.037000000000009869e+01 1.376908393566151823e+01
1.039000000000009827e+01 1.372157766765702469e+01
1.041000000000009784e+01 1.396653989375004201e+01
1.043000000000009742e+01 1.395656472428962225e+01
1.045000000000009699e+01 1.400532431196928762e+01
1.047000000000009656e+01 1.408655239791933411e+01
1.049000000000009614e+01 1.409760510869737082e+01
1.051000000000009571e+01 1.433739177195375269e+01
1.053000000000009528e+01 1.439892901790581980e+01
1.055000000000009486e+01 1.439940162943089064e+01
1.057000000000009443e+01 1.448846977096387789e+01
1.059000000000009400e+01 1.435663525714518229e+01
1.061000000000009358e+01 1.462128311214426901e+01
1.063000000000009315e+01 1.475854119241930462e+01
1.065000000000009273e+01 1.472496680833063998e+01
1.067000000000009230e+01 1.486438034239612449e+01
1.069000000000009187e+01 1.484163408506465309e+01
1.071000000000009145e+01 1.499397853684057935e+01
1.073000000000009102e+01 1.500565617070281377e+01
1.075000000000009059e+01 1.503031818454824098e+01
1.077000000000009017e+01 1.502541393772336598e+01
1.079000000000008974e+01 1.504140333478996894e+01
1.081000000000008932e+01 1.516722208841047781e+01
1.083000000000008889e+01 1.528325214084572004e+01
1.085000000000008846e+01 1.529647643104521926e+01
1.087000000000008804e+01 1.526218883182639807e+01
1.089000000000008761e+01 1.523152753978500584e+01
1.091000000000008718e+01 1.527193339690160734e+01
1.093000000000008676e+01 1.526522679333662147e+01
1.095000000000008633e+01 1.538198473142622369e+01
1.097000000000008590e+01 1.544587868361965732e+01
1.099000000000008548e+01 1.536994179198594246e+01
1.101000000000008505e+01 1.525231431770775892e+01
1.103000000000008463e+01 1.527190898506887429e+01
1.105000000000008420e+01 1.529880175147943433e+01
1.107000000000008377e+01 1.524916539116364866e+01
1.109000000000008335e+01 1.529922858250547790e+01
1.111000000000008292e+01 1.526667601796760998e+01
1.113000000000008249e+01 1.515887356552804910e+01
1.115000000000008207e+01 1.520849502297990341e+01
1.117000000000008164e+01 1.497238386365758345e+01
1.119000000000008122e+01 1.504033588061999005e+01
1.121000000000008079e+01 1.497042688393963594e+01
1.123000000000008036e+01 1.485566931811055547e+01
1.125000000000007994e+01 1.493425657613853552e+01
1.127000000000007951e+01 1.468554506954713190e+01
1.129000000000007908e+01 1.453588697021414688e+01
1.131000000000007866e+01 1.454080605153074934e+01
1.133000000000007823e+01 1.447619779295027342e+01
1.135000000000007780e+01 1.442952211324455014e+01
1.137000000000007738e+01 1.431730003269395191e+01
1.139000000000007695e+01 1.400854837316872015e+01
1.141000000000007653e+01 1.397812911001179437e+01
1.143000000000007610e+01 1.391000278480714591e+01
1.145000000000007567e+01 1.376177476135055144e+01
1.147000000000007525e+01 1.346981989667784063e+01
1.149000000000007482e+01 1.340976600167054222e+01
1.151000000000007439e+01 1.339638882548307919e+01
1.153000000000007397e+01 1.325078701619576549e+01
1.155000000000007354e+01 1.296090983331323443e+01
1.157000000000007311e+01 1.285418958399902678e+01
1.159000000000007269e+01 1.270627279137790921e+01
1.161000000000007226e+01 1.250200663171474780e+01
1.163000000000007184e+01 1.224159597759456020e+01
1.165000000000007141e+01 1.216804421381864287e+01
1.167000000000007098e+01 1.196295188320585190e+01
1.169000000000007056e+01 1.180361864357820423e+01
1.171000000000007013e+01 1.166409535882486281e+01
1.173000000000006970e+01 1.145230765708322984e+01
1.175000000000006928e+01 1.118542100060365563e+01
1.177000000000006885e+01 1.098609954973358782e+01
1.179000000000006843e+01 1.080374837162005086e+01
1.181000000000006800e+01 1.068697898616682451e+01
1.183000000000006757e+01 1.042728284547047934e+01
1.185000000000006715e+01 1.023784465648543929e+01
1.187000000000006672e+01 1.007348809237060649e+01
1.189000000000006629e+01 9.859782097626990094e+00
1.191000000000006587e+01 9.615751541724748108e+00
1.193000000000006544e+01 9.452483178990281232e+00
1.195000000000006501e+01 9.165111553078146400e+00
1.197000000000006459e+01 9.058051782901392457e+00
1.199000000000006416e+01 8.788973875481314479e+00
1.201000000000006374e+01 8.627033943078775025e+00
1.203000000000006331e+01 8.424986072778018809e+00
1.205000000000006288e+01 8.141488996609471229e+00
1.207000000000006246e+01 8.046582416681356875e+00
1.209000000000006203e+01 7.832364098378828743e+00
1.211000000000006160e+01 7.627148378303106213e+00
1.213000000000006118e+01 7.382457279773197101e+00
1.215000000000006075e+01 7.185031235135945771e+00
1.217000000000006033e+01 7.030399554819196872e+00
1.219000000000005990e+01 6.873344889569503735e+00
1.221000000000005947e+01 6.634844647863476830e+00
1.223000000000005905e+01 6.437872709266012627e+00
1.225000000000005862e+01 6.290201144841544689e+00
1.227000000000005819e+01 6.059337681495591710e+00
1.229000000000005777e+01 5.877996345605982498e+00
1.231000000000005734e+01 5.749376702726446631e+00
1.233000000000005691e+01 5.548977953333578128e+00
1.235000000000005649e+01 5.391095426805771140e+00
1.237000000000005606e+01 5.252560686460859607e+00
1.239000000000005564e+01 5.001998414137248439e+00
1.241000000000005521e+01 4.930188608326476540e+00
1.243000000000005478e+01 4.738792967310208937e+00
1.245000000000005436e+01 4.541351149819923272e+00
1.247000000000005393e+01 4.450416339646645625e+00
1.249000000000005350e+01 4.284160850737436022e+00
1.251000000000005308e+01 4.111970174114710552e+00
1.253000000000005265e+01 3.990942382087990126e+00
1.255000000000005222e+01 3.888540474561762661e+00
1.257000000000005180e+01 3.711632530880836001e+00
1.259000000000005137e+01 3.546551625760099746e+00
1.261000000000005095e+01 3.481317592787513071e+00
1.263000000000005052e+01 3.345148909878562726e+00
1.265000000000005009e+01 3.227492567191942996e+00
1.267000000000004967e+01 3.127091854683284211e+00
1.269000000000004924e+01 2.987314513131424487e+00
1.271000000000004881e+01 2.883587297163499485e+00
1.273000000000004839e+01 2.783835701473625690e+00
1.275000000000004796e+01 2.690625402905474584e+00
1.277000000000004754e+01 2.566120291621464489e+00
1.279000000000004711e+01 2.472534798455199745e+00
1.281000000000004668e+01 2.405487341521554967e+00
1.283000000000004626e+01 2.302795857375325550e+00
1.285000000000004583e+01 2.211746141341532024e+00
1.287000000000004540e+01 2.157030186433763763e+00
1.289000000000004498e+01 2.042168670658793150e+00
1.291000000000004455e+01 1.998645815651125535e+00
1.293000000000004412e+01 1.916049828375110842e+00
1.295000000000004370e+01 1.829114016728237369e+00
1.297000000000004327e+01 1.766884381736956833e+00
1.299000000000004285e+01 1.710340705875318168e+00
1.301000000000004242e+01 1.645528457766296526e+00
1.303000000000004199e+01 1.601467400421123122e+00
1.305000000000004157e+01 1.528604313277607485e+00
1.307000000000004114e+01 1.458675099409507014e+00
1.309000000000004071e+01 1.411294356206930223e+00
1.311000000000004029e+01 1.385198223791616945e+00
1.313000000000003986e+01 1.309168922210380615e+00
1.315000000000003944e+01 1.298767379735792371e+00
1.317000000000003901e+01 1.234870550534718836e+00
1.319000000000003858e+01 1.195828605795193678e+00
1.321000000000003816e+01 1.113063730008813979e+00
1.323000000000003773e+01 1.124226825819564235e+00
1.325000000000003730e+01 1.080070023451536576e+00
1.327000000000003688e+01 1.051653244174034940e+00
1.329000000000003645e+01 1.000416284799334532e+00
1.331000000000003602e+01 9.622331676782185372e-01
1.333000000000003560e+01 9.390200833532598157e-01
1.335000000000003517e+01 9.242953957334710813e-01
1.337000000000003475e+01 8.988804596318233919e-01
1.339000000000003432e+01 8.751151181997440798e-01
1.341000000000003389e+01 8.465391822361717500e-01
1.343000000000003347e+01 8.118119440373059437e-01
1.345000000000003304e+01 8.075130902386199461e-01
1.347000000000003261e+01 7.706755731934904485e-01
1.349000000000003219e+01 7.621122947066344411e-01
1.351000000000003176e+01 7.529183176401953448e-01
1.353000000000003133e+01 7.084478479796230133e-01
1.355000000000003091e+01 7.033946166393559851e-01
1.357000000000003048e+01 6.962501905518841960e-01
1.359000000000003006e+01 6.819862407812362637e-01
1.361000000000002963e+01 6.575425807872725681e-01
1.363000000000002920e+01 6.583910796167629087e-01
1.365000000000002878e+01 6.325893856222297718e-01
1.367000000000002835e+01 6.206905295746563134e-01
1.369000000000002792e+01 6.073730943803433702e-01
1.371000000000002750e+01 5.957920643416788620e-01
1.373000000000002707e+01 5.989467150315549437e-01
1.375000000000002665e+01 5.636591198091385202e-01
1.377000000000002622e+01 5.675630132428475250e-01
1.379000000000002579e+01 5.187777390108820885e-01
1.381000000000002537e+01 4.980554640165685831e-01
1.383000000000002494e+01 4.860467705044781983e-01
1.385000000000002451e+01 4.627902206460393630e-01
1.387000000000002409e+01 4.115508202846704378e-01
1.389000000000002366e+01 3.919114253242991230e-01
1.391000000000002323e+01 3.406425656620650222e-01
1.393000000000002281e+01 3.255291503787953178e-01
1.395000000000002238e+01 3.102472890525244109e-01
1.397000000000002196e+01 2.864442237095765620e-01
1.399000000000002153e+01 2.609779654219894773e-01
1.401000000000002110e+01 2.017378929364863349e-01
1.403000000000002068e+01 1.791740873419500613e-01
1.405000000000002025e+01 1.572200739396455993e-01
1.407000000000001982e+01 1.524959521342358071e-01
1.409000000000001940e+01 1.397746056420430261e-01
1.411000000000001897e+01 1.486005724706474795e-01
1.413000000000001855e+01 1.283033285309480853e-01
1.415000000000001812e+01 1.261455919181076191e-01
1.417000000000001769e+01 1.142366501917281979e-01
1.419000000000001727e+01 1.004537825358950837e-01
1.421000000000001684e+01 8.378613937321599536e-02
1.423000000000001641e+01 6.446833740827530301e-02
1.425000000000001599e+01 6.674403823021897442e-02
1.427000000000001556e+01 6.060146251418930402e-02
1.429000000000001513e+01 5.483722276318520744e-02
1.431000000000001471e+01 4.645360912884068799e-02
1.433000000000001428e+01 2.525283646232939425e-02
1.435000000000001386e+01 1.715880253727725818e-02
1.437000000000001343e+01 1.414482142432343936e-02
1.439000000000001300e+01 1.379048464285759744e-02
1.441000000000001258e+01 1.358851712208006442e-02
1.443000000000001215e+01 1.343849722311964492e-02
1.445000000000001172e+01 2.745021929884764074e-03
1.447000000000001130e+01 3.343831808600940996e-05
1.449000000000001087e+01 1.607632959367400510e-05
1.451000000000001044e+01 1.973659743094662850e-14
1.453000000000001002e+01 1.412077976456307076e-16
1.455000000000000959e+01 8.462049764704036110e-17
1.457000000000000917e+01 2.545219048518252985e-17
1.459000000000000874e+01 0.000000000000000000e+00
1.461000000000000831e+01 0.000000000000000000e+00
1.463000000000000789e+01 0.000000000000000000e+00
1.465000000000000746e+01 0.000000000000000000e+00
1.467000000000000703e+01 0.000000000000000000e+00
1.469000000000000661e+01 0.000000000000000000e+00
1.471000000000000618e+01 0.000000000000000000e+00
1.473000000000000576e+01 0.000000000000000000e+00
1.475000000000000533e+01 0.000000000000000000e+00
1.477000000000000490e+01 0.000000000000000000e+00
1.479000000000000448e+01 0.000000000000000000e+00
1.481000000000000405e+01 0.000000000000000000e+00
1.483000000000000362e+01 0.000000000000000000e+00
1.485000000000000320e+01 0.000000000000000000e+00
1.487000000000000277e+01 0.000000000000000000e+00
1.489000000000000234e+01 0.000000000000000000e+00
1.491000000000000192e+01 0.000000000000000000e+00
1.493000000000000149e+01 0.000000000000000000e+00
1.495000000000000107e+01 0.000000000000000000e+00
1.497000000000000064e+01 0.000000000000000000e+00
1.499000000000000021e+01 0.000000000000000000e+00
