# Redshift		Merger Rate Density [Gpc^-3yr^-1]
1.000000000031931770e-02 3.318411970268092404e+01
3.000000000031888964e-02 3.485493473476584825e+01
5.000000000031846331e-02 3.652528376594742099e+01
7.000000000031804392e-02 3.805020575390457793e+01
9.000000000031761760e-02 3.984459550521685145e+01
1.100000000003171913e-01 4.189048275148563505e+01
1.300000000003167511e-01 4.360096085518193121e+01
1.500000000003163247e-01 4.573246063667194505e+01
1.700000000003158984e-01 4.752071807976619766e+01
1.900000000003154721e-01 4.925048380177422302e+01
2.100000000003150458e-01 5.125684950496157199e+01
2.300000000003146194e-01 5.355623274599880546e+01
2.500000000003141931e-01 5.509447988507121607e+01
2.700000000003137668e-01 5.775713584527495925e+01
2.900000000003133405e-01 5.983184975863290589e+01
3.100000000003129141e-01 6.164314348681843114e+01
3.300000000003124878e-01 6.361656095161986002e+01
3.500000000003120615e-01 6.570437284107050857e+01
3.700000000003116352e-01 6.765225030850334065e+01
3.900000000003112088e-01 6.958223990358068534e+01
4.100000000003107825e-01 7.214053513413813334e+01
4.300000000003103562e-01 7.387616070750718222e+01
4.500000000003099299e-01 7.593777287493236372e+01
4.700000000003095035e-01 7.834179450596552385e+01
4.900000000003090772e-01 8.045515465587207871e+01
5.100000000003086509e-01 8.310464116156505554e+01
5.300000000003082246e-01 8.536075623099179666e+01
5.500000000003077982e-01 8.741502668488867300e+01
5.700000000003073719e-01 8.924237525004213012e+01
5.900000000003069456e-01 9.192981432052012281e+01
6.100000000003065193e-01 9.472087295843654431e+01
6.300000000003060929e-01 9.620249754707793954e+01
6.500000000003056666e-01 9.878472935720586179e+01
6.700000000003052403e-01 1.012548071909947396e+02
6.900000000003048140e-01 1.027505683762970676e+02
7.100000000003043876e-01 1.052509986084553049e+02
7.300000000003039613e-01 1.072001832491211104e+02
7.500000000003035350e-01 1.097971378679496723e+02
7.700000000003031086e-01 1.117338047186190408e+02
7.900000000003026823e-01 1.144009497702363944e+02
8.100000000003022560e-01 1.161819209873104768e+02
8.300000000003018297e-01 1.182559492892462174e+02
8.500000000003014033e-01 1.212347904273423040e+02
8.700000000003009770e-01 1.229110330257839649e+02
8.900000000003005507e-01 1.249662910437187975e+02
9.100000000003001244e-01 1.273180999904528505e+02
9.300000000002996980e-01 1.292404773732399974e+02
9.500000000002992717e-01 1.307563832691863865e+02
9.700000000002988454e-01 1.338727683357566889e+02
9.900000000002984191e-01 1.355741202172737019e+02
1.010000000000297993e+00 1.376740584777426193e+02
1.030000000000297566e+00 1.392752035219704112e+02
1.050000000000297140e+00 1.408589666651084258e+02
1.070000000000296714e+00 1.431432100718646439e+02
1.090000000000296287e+00 1.445815866312685500e+02
1.110000000000295861e+00 1.460282009431529104e+02
1.130000000000295435e+00 1.476567611914383065e+02
1.150000000000295008e+00 1.488041502701219372e+02
1.170000000000294582e+00 1.505849286771187394e+02
1.190000000000294156e+00 1.523060129406814838e+02
1.210000000000293729e+00 1.531088396535083405e+02
1.230000000000293303e+00 1.541595547618881312e+02
1.250000000000292877e+00 1.557459627955113035e+02
1.270000000000292451e+00 1.566628807331732958e+02
1.290000000000292024e+00 1.572851232587474613e+02
1.310000000000291598e+00 1.587642692166134566e+02
1.330000000000291172e+00 1.594079314441050030e+02
1.350000000000290745e+00 1.598446390223923004e+02
1.370000000000290319e+00 1.602100192484402612e+02
1.390000000000289893e+00 1.611425834716419274e+02
1.410000000000289466e+00 1.613271815726646992e+02
1.430000000000289040e+00 1.624903910873146060e+02
1.450000000000288614e+00 1.622459453619703993e+02
1.470000000000288187e+00 1.631132081798586739e+02
1.490000000000287761e+00 1.629344799699875637e+02
1.510000000000287335e+00 1.629943190289833126e+02
1.530000000000286908e+00 1.624685233761118468e+02
1.550000000000286482e+00 1.622835228349826480e+02
1.570000000000286056e+00 1.622688229109598410e+02
1.590000000000285629e+00 1.623230432851009368e+02
1.610000000000285203e+00 1.615505606067998201e+02
1.630000000000284777e+00 1.610745145889476930e+02
1.650000000000284350e+00 1.610929257776747363e+02
1.670000000000283924e+00 1.596397369522599945e+02
1.690000000000283498e+00 1.593941478608328737e+02
1.710000000000283071e+00 1.575243297065765944e+02
1.730000000000282645e+00 1.572488801498641067e+02
1.750000000000282219e+00 1.559578594455325060e+02
1.770000000000281792e+00 1.546818539429145005e+02
1.790000000000281366e+00 1.533357961733899231e+02
1.810000000000280940e+00 1.528181368092911896e+02
1.830000000000280513e+00 1.510586336935969314e+02
1.850000000000280087e+00 1.494018716526320532e+02
1.870000000000279661e+00 1.477687769623441056e+02
1.890000000000279234e+00 1.461763322594288752e+02
1.910000000000278808e+00 1.439745305486184463e+02
1.930000000000278382e+00 1.427602622608813761e+02
1.950000000000277955e+00 1.416913076343112436e+02
1.970000000000277529e+00 1.385163892031062574e+02
1.990000000000277103e+00 1.372913146340032711e+02
2.010000000000276899e+00 1.357124818313288586e+02
2.030000000000276472e+00 1.328449308498682342e+02
2.050000000000276046e+00 1.316950117778205254e+02
2.070000000000275620e+00 1.287179804703010859e+02
2.090000000000275193e+00 1.269700347596115932e+02
2.110000000000274767e+00 1.254150403677028294e+02
2.130000000000274341e+00 1.224936616889498708e+02
2.150000000000273914e+00 1.218398002702061262e+02
2.170000000000273488e+00 1.192083699875190916e+02
2.190000000000273062e+00 1.164867261808111607e+02
2.210000000000272635e+00 1.152619394154607164e+02
2.230000000000272209e+00 1.128186170806914532e+02
2.250000000000271783e+00 1.098461473854513883e+02
2.270000000000271356e+00 1.087974436520204904e+02
2.290000000000270930e+00 1.076302078846880903e+02
2.310000000000270504e+00 1.088815479503760315e+02
2.330000000000270077e+00 1.060190463824474847e+02
2.350000000000269651e+00 1.039037573494177735e+02
2.370000000000269225e+00 1.005198559820155424e+02
2.390000000000268798e+00 1.002573950345936993e+02
2.410000000000268372e+00 9.771453268215371679e+01
2.430000000000267946e+00 9.254906028042452704e+01
2.450000000000267519e+00 8.813782696827752261e+01
2.470000000000267093e+00 8.511793242192428011e+01
2.490000000000266667e+00 8.277425560030364693e+01
2.510000000000266240e+00 8.079055617780913678e+01
2.530000000000265814e+00 7.831759290493343428e+01
2.550000000000265388e+00 7.630345806923834573e+01
2.570000000000264961e+00 7.464923189130908554e+01
2.590000000000264535e+00 7.257912382290815856e+01
2.610000000000264109e+00 7.028642729454699634e+01
2.630000000000263682e+00 6.925007227594690562e+01
2.650000000000263256e+00 6.816513481619875847e+01
2.670000000000262830e+00 6.564059695954790641e+01
2.690000000000262403e+00 6.378796722032023325e+01
2.710000000000261977e+00 6.218496927063657154e+01
2.730000000000261551e+00 6.063556963375548037e+01
2.750000000000261124e+00 5.912616390365477059e+01
2.770000000000260698e+00 5.774289382781970659e+01
2.790000000000260272e+00 5.612209009560216799e+01
2.810000000000259845e+00 5.461192613911912019e+01
2.830000000000259419e+00 5.378749971147203723e+01
2.850000000000258993e+00 5.242171250314330422e+01
2.870000000000258567e+00 5.132402994596898793e+01
2.890000000000258140e+00 5.013854078763532840e+01
2.910000000000257714e+00 4.859641156821438557e+01
2.930000000000257288e+00 4.733332699456210690e+01
2.950000000000256861e+00 4.576424577051214726e+01
2.970000000000256435e+00 4.481225305630135125e+01
2.990000000000256009e+00 4.352311293545742643e+01
3.010000000000255582e+00 4.291079320827007137e+01
3.030000000000255156e+00 4.195115864779907611e+01
3.050000000000254730e+00 4.083922820453421565e+01
3.070000000000254303e+00 4.011097944249227254e+01
3.090000000000253877e+00 3.896942825976829994e+01
3.110000000000253451e+00 3.814277226975008972e+01
3.130000000000253024e+00 3.760843196175509462e+01
3.150000000000252598e+00 3.641608926469895380e+01
3.170000000000252172e+00 3.623710875056430325e+01
3.190000000000251745e+00 3.496782478084166002e+01
3.210000000000251319e+00 3.430082255949259462e+01
3.230000000000250893e+00 3.338484347093589832e+01
3.250000000000250466e+00 3.285178291060259426e+01
3.270000000000250040e+00 3.237683947513846761e+01
3.290000000000249614e+00 3.151183017020910171e+01
3.310000000000249187e+00 3.074647176846916352e+01
3.330000000000248761e+00 3.043515367751099632e+01
3.350000000000248335e+00 2.960830155380248385e+01
3.370000000000247908e+00 2.954209546565197186e+01
3.390000000000247482e+00 2.872594231395636299e+01
3.410000000000247056e+00 2.836653125051637403e+01
3.430000000000246629e+00 2.765351637051012901e+01
3.450000000000246203e+00 2.731427927830480229e+01
3.470000000000245777e+00 2.700054926807588274e+01
3.490000000000245350e+00 2.652061738438429828e+01
3.510000000000244924e+00 2.609693345250829921e+01
3.530000000000244498e+00 2.554975862384464591e+01
3.550000000000244071e+00 2.496346248469171414e+01
3.570000000000243645e+00 2.474396822764236958e+01
3.590000000000243219e+00 2.461637784045488786e+01
3.610000000000242792e+00 2.450454917717434711e+01
3.630000000000242366e+00 2.362592092964944612e+01
3.650000000000241940e+00 2.370572987286653088e+01
3.670000000000241513e+00 2.312020686053948282e+01
3.690000000000241087e+00 2.269191914565676527e+01
3.710000000000240661e+00 2.263619927435076207e+01
3.730000000000240234e+00 2.198310294554319100e+01
3.750000000000239808e+00 2.157251588548140120e+01
3.770000000000239382e+00 2.147237839529870485e+01
3.790000000000238956e+00 2.109478708635874611e+01
3.810000000000238529e+00 2.086848585309561344e+01
3.830000000000238103e+00 2.059656774292173864e+01
3.850000000000237677e+00 2.050148969725697867e+01
3.870000000000237250e+00 1.983909624302065922e+01
3.890000000000236824e+00 1.997368954484442582e+01
3.910000000000236398e+00 1.961015160822229930e+01
3.930000000000235971e+00 1.928526825964206992e+01
3.950000000000235545e+00 1.925196814383976474e+01
3.970000000000235119e+00 1.902998158877091939e+01
3.990000000000234692e+00 1.857365694531452149e+01
4.010000000000234266e+00 1.877100045040048570e+01
4.030000000000233840e+00 1.828407694358676494e+01
4.050000000000233413e+00 1.829369343010295523e+01
4.070000000000232987e+00 1.802468832812238730e+01
4.090000000000232561e+00 1.786407958076662439e+01
4.110000000000232134e+00 1.769086604058583490e+01
4.130000000000231708e+00 1.768170674399444309e+01
4.150000000000231282e+00 1.722374568064393685e+01
4.170000000000230855e+00 1.714478974269081490e+01
4.190000000000230429e+00 1.690923270187390415e+01
4.210000000000230003e+00 1.663931174398123147e+01
4.230000000000229576e+00 1.671445502614119860e+01
4.250000000000229150e+00 1.630877194003157271e+01
4.270000000000228724e+00 1.617013792169595732e+01
4.290000000000228297e+00 1.617033772694414040e+01
4.310000000000227871e+00 1.583052641303616070e+01
4.330000000000227445e+00 1.578360640685920835e+01
4.350000000000227018e+00 1.556713002157211356e+01
4.370000000000226592e+00 1.566256786322266237e+01
4.390000000000226166e+00 1.555436704708462159e+01
4.410000000000225739e+00 1.529367984446873763e+01
4.430000000000225313e+00 1.494186074075596871e+01
4.450000000000224887e+00 1.476857507499981459e+01
4.470000000000224460e+00 1.479295250891926727e+01
4.490000000000224034e+00 1.487750401527278932e+01
4.510000000000223608e+00 1.449678076000697757e+01
4.530000000000223181e+00 1.470751992867282887e+01
4.550000000000222755e+00 1.421046133834020075e+01
4.570000000000222329e+00 1.424977366618895402e+01
4.590000000000221902e+00 1.397955350199498703e+01
4.610000000000221476e+00 1.393854186759566183e+01
4.630000000000221050e+00 1.388203348982825069e+01
4.650000000000220624e+00 1.369810962232795859e+01
4.670000000000220197e+00 1.351885967615700856e+01
4.690000000000219771e+00 1.352653642243455323e+01
4.710000000000219345e+00 1.308825929257366028e+01
4.730000000000218918e+00 1.335293408870193943e+01
4.750000000000218492e+00 1.316373240590025340e+01
4.770000000000218066e+00 1.296882427160558571e+01
4.790000000000217639e+00 1.263344254297482472e+01
4.810000000000217213e+00 1.280284649649480144e+01
4.830000000000216787e+00 1.277053936538450607e+01
4.850000000000216360e+00 1.256570399917722902e+01
4.870000000000215934e+00 1.240188026581899727e+01
4.890000000000215508e+00 1.228575217321347246e+01
4.910000000000215081e+00 1.207264724793525446e+01
4.930000000000214655e+00 1.231548707067411996e+01
4.950000000000214229e+00 1.185925087488454288e+01
4.970000000000213802e+00 1.180148009671514231e+01
4.990000000000213376e+00 1.199351189409331475e+01
5.010000000000212950e+00 1.150494348799945321e+01
5.030000000000212523e+00 1.164911733469910260e+01
5.050000000000212097e+00 1.142271449127027161e+01
5.070000000000211671e+00 1.135292056593819865e+01
5.090000000000211244e+00 1.120350949331522195e+01
5.110000000000210818e+00 1.128493614328057504e+01
5.130000000000210392e+00 1.123447922286028167e+01
5.150000000000209965e+00 1.106978254723970778e+01
5.170000000000209539e+00 1.089800653008942000e+01
5.190000000000209113e+00 1.087548729759045862e+01
5.210000000000208686e+00 1.073077367420688688e+01
5.230000000000208260e+00 1.053311867510874933e+01
5.250000000000207834e+00 1.088285998140465338e+01
5.270000000000207407e+00 1.041390331902285205e+01
5.290000000000206981e+00 1.042597185254376946e+01
5.310000000000206555e+00 1.027972076531820100e+01
5.330000000000206128e+00 1.040338693559355043e+01
5.350000000000205702e+00 1.019900482563105371e+01
5.370000000000205276e+00 1.001072493735911095e+01
5.390000000000204849e+00 9.960942992505565030e+00
5.410000000000204423e+00 9.938691143625209889e+00
5.430000000000203997e+00 9.919913559321582142e+00
5.450000000000203570e+00 9.595973846855647693e+00
5.470000000000203144e+00 9.702252882233270981e+00
5.490000000000202718e+00 9.605185854228162512e+00
5.510000000000202292e+00 9.363913629006871631e+00
5.530000000000201865e+00 9.452481455577144587e+00
5.550000000000201439e+00 9.270573846790503225e+00
5.570000000000201013e+00 9.323427029055221027e+00
5.590000000000200586e+00 9.127508993264935810e+00
5.610000000000200160e+00 9.182047436955077302e+00
5.630000000000199734e+00 8.928644685438220208e+00
5.650000000000199307e+00 8.866941934985097973e+00
5.670000000000198881e+00 8.708412531259980938e+00
5.690000000000198455e+00 8.716879936598704859e+00
5.710000000000198028e+00 8.685607887863264764e+00
5.730000000000197602e+00 8.668978306885675167e+00
5.750000000000197176e+00 8.594009902894029551e+00
5.770000000000196749e+00 8.471787435152894119e+00
5.790000000000196323e+00 8.362502708312316457e+00
5.810000000000195897e+00 8.310372423198277403e+00
5.830000000000195470e+00 8.239394135345955661e+00
5.850000000000195044e+00 8.466185380154094275e+00
5.870000000000194618e+00 8.087556064102052744e+00
5.890000000000194191e+00 7.954878763344126469e+00
5.910000000000193765e+00 8.147388189515185175e+00
5.930000000000193339e+00 7.920443368668815154e+00
5.950000000000192912e+00 8.004184241641430830e+00
5.970000000000192486e+00 8.121800817224551494e+00
5.990000000000192060e+00 7.679694668197790897e+00
6.010000000000191633e+00 7.579045479532756424e+00
6.030000000000191207e+00 7.548005208431455948e+00
6.050000000000190781e+00 7.636772258567531502e+00
6.070000000000190354e+00 7.393651418907993822e+00
6.090000000000189928e+00 7.600239659178765983e+00
6.110000000000189502e+00 7.364765369866868028e+00
6.130000000000189075e+00 7.123838639883975254e+00
6.150000000000188649e+00 7.267457977294328408e+00
6.170000000000188223e+00 7.072946943139812426e+00
6.190000000000187796e+00 7.173111201121227687e+00
6.210000000000187370e+00 7.127853090543265324e+00
6.230000000000186944e+00 6.958014205169837929e+00
6.250000000000186517e+00 6.907518102286983819e+00
6.270000000000186091e+00 6.875458157239757284e+00
6.290000000000185665e+00 6.893012829462214164e+00
6.310000000000185238e+00 6.770932864765038417e+00
6.330000000000184812e+00 6.780770044127175211e+00
6.350000000000184386e+00 6.670080035079144487e+00
6.370000000000183960e+00 6.655815110362346410e+00
6.390000000000183533e+00 6.485576802270771601e+00
6.410000000000183107e+00 6.538198999371355846e+00
6.430000000000182681e+00 6.563522691420119237e+00
6.450000000000182254e+00 6.435943811750670207e+00
6.470000000000181828e+00 6.511297411392141576e+00
6.490000000000181402e+00 6.525642462443334679e+00
6.510000000000180975e+00 6.359367622911796580e+00
6.530000000000180549e+00 6.344429861944170135e+00
6.550000000000180123e+00 6.265025386585541867e+00
6.570000000000179696e+00 6.270129071501646223e+00
6.590000000000179270e+00 6.061373186059884510e+00
6.610000000000178844e+00 6.049860447161766075e+00
6.630000000000178417e+00 6.242327810277397582e+00
6.650000000000177991e+00 5.941660317418133275e+00
6.670000000000177565e+00 5.886315104821856714e+00
6.690000000000177138e+00 6.087732008680729834e+00
6.710000000000176712e+00 6.055549343553643382e+00
6.730000000000176286e+00 5.926283685695699965e+00
6.750000000000175859e+00 5.879106759357924261e+00
6.770000000000175433e+00 5.753647069205654496e+00
6.790000000000175007e+00 5.843102869388426157e+00
6.810000000000174580e+00 5.820082430244261751e+00
6.830000000000174154e+00 5.728322602686244380e+00
6.850000000000173728e+00 5.791974762938559174e+00
6.870000000000173301e+00 5.672505610319412028e+00
6.890000000000172875e+00 5.729249893024950246e+00
6.910000000000172449e+00 5.570592517889736861e+00
6.930000000000172022e+00 5.583377661792836122e+00
6.950000000000171596e+00 5.579674727020339731e+00
6.970000000000171170e+00 5.637910924906915255e+00
6.990000000000170743e+00 5.513626202422456046e+00
7.010000000000170317e+00 5.485118688148133081e+00
7.030000000000169891e+00 5.392555689462629864e+00
7.050000000000169464e+00 5.361650251596735473e+00
7.070000000000169038e+00 5.407539992578375809e+00
7.090000000000168612e+00 5.288142417529188677e+00
7.110000000000168185e+00 5.388287527297520363e+00
7.130000000000167759e+00 5.193663652712320555e+00
7.150000000000167333e+00 5.265990127828026779e+00
7.170000000000166906e+00 5.180018657294440665e+00
7.190000000000166480e+00 5.135258499753147632e+00
7.210000000000166054e+00 5.126754592476557626e+00
7.230000000000165628e+00 5.038840950499513305e+00
7.250000000000165201e+00 5.086428953989137192e+00
7.270000000000164775e+00 5.078126147874561624e+00
7.290000000000164349e+00 5.083786033709252195e+00
7.310000000000163922e+00 5.032911191140975404e+00
7.330000000000163496e+00 5.025887228976491095e+00
7.350000000000163070e+00 4.920080087663187385e+00
7.370000000000162643e+00 5.082730656198646280e+00
7.390000000000162217e+00 4.907360780388181354e+00
7.410000000000161791e+00 4.968221081086912072e+00
7.430000000000161364e+00 4.987822625403972587e+00
7.450000000000160938e+00 4.891266621880833831e+00
7.470000000000160512e+00 5.073066512251041438e+00
7.490000000000160085e+00 4.787063819683020860e+00
7.510000000000159659e+00 4.830431619075199023e+00
7.530000000000159233e+00 4.796731826037863300e+00
7.550000000000158806e+00 4.776479657448220451e+00
7.570000000000158380e+00 4.766516459307449161e+00
7.590000000000157954e+00 4.752304074052223548e+00
7.610000000000157527e+00 4.734302186353897213e+00
7.630000000000157101e+00 4.681193269652613509e+00
7.650000000000156675e+00 4.729413123214643910e+00
7.670000000000156248e+00 4.740610584004937955e+00
7.690000000000155822e+00 4.792298579785545520e+00
7.710000000000155396e+00 4.682467405704877628e+00
7.730000000000154969e+00 4.719441551405918034e+00
7.750000000000154543e+00 4.706114137994404700e+00
7.770000000000154117e+00 4.760622593093377652e+00
7.790000000000153690e+00 4.764159157377206633e+00
7.810000000000153264e+00 4.734601266095828542e+00
7.830000000000152838e+00 4.767649230894721590e+00
7.850000000000152411e+00 4.694009575035432036e+00
7.870000000000151985e+00 4.697638420000280313e+00
7.890000000000151559e+00 4.722422370641119471e+00
7.910000000000151132e+00 4.708852312275492835e+00
7.930000000000150706e+00 4.730002434017006152e+00
7.950000000000150280e+00 4.689702095935697201e+00
7.970000000000149853e+00 4.802378901366612496e+00
7.990000000000149427e+00 4.788409029819324481e+00
8.010000000000149001e+00 4.826378119314072457e+00
8.030000000000148574e+00 4.694456799069812725e+00
8.050000000000148148e+00 4.862097422729778629e+00
8.070000000000147722e+00 4.759080062104570352e+00
8.090000000000147296e+00 4.875704739270159571e+00
8.110000000000146869e+00 4.849201305735654444e+00
8.130000000000146443e+00 4.956770508981560575e+00
8.150000000000146017e+00 4.816366985867041706e+00
8.170000000000145590e+00 4.950128737455714578e+00
8.190000000000145164e+00 4.871241105356913792e+00
8.210000000000144738e+00 4.798449156177765573e+00
8.230000000000144311e+00 4.947301418009446117e+00
8.250000000000143885e+00 4.901961012167746823e+00
8.270000000000143459e+00 4.942880978670696202e+00
8.290000000000143032e+00 4.923964949833903759e+00
8.310000000000142606e+00 4.923154446251297500e+00
8.330000000000142180e+00 4.932741912142636131e+00
8.350000000000141753e+00 4.981465524576805137e+00
8.370000000000141327e+00 4.963843795040815188e+00
8.390000000000140901e+00 5.009206258804808520e+00
8.410000000000140474e+00 5.064594500695049462e+00
8.430000000000140048e+00 5.036125634390463013e+00
8.450000000000139622e+00 5.151677395900118306e+00
8.470000000000139195e+00 5.047831033707384840e+00
8.490000000000138769e+00 5.107673667087166969e+00
8.510000000000138343e+00 5.016426954083379464e+00
8.530000000000137916e+00 5.104256730211663040e+00
8.550000000000137490e+00 5.073396567539242952e+00
8.570000000000137064e+00 5.095581729406729821e+00
8.590000000000136637e+00 5.171015212807820838e+00
8.610000000000136211e+00 5.155163133013727084e+00
8.630000000000135785e+00 5.231974548472858366e+00
8.650000000000135358e+00 5.151484687570436094e+00
8.670000000000134932e+00 5.293042181142382674e+00
8.690000000000134506e+00 5.211827875194765980e+00
8.710000000000134079e+00 5.210008116752813834e+00
8.730000000000133653e+00 5.288389346035429206e+00
8.750000000000133227e+00 5.287648306289497668e+00
8.770000000000132800e+00 5.322907194546024456e+00
8.790000000000132374e+00 5.218106841736401158e+00
8.810000000000131948e+00 5.292487082497784989e+00
8.830000000000131521e+00 5.368668976731976628e+00
8.850000000000131095e+00 5.384978857355409154e+00
8.870000000000130669e+00 5.448710395658794781e+00
8.890000000000130242e+00 5.389526414535037446e+00
8.910000000000129816e+00 5.448979276388608461e+00
8.930000000000129390e+00 5.431060127420740180e+00
8.950000000000128964e+00 5.554836318006056928e+00
8.970000000000128537e+00 5.507479961932280510e+00
8.990000000000128111e+00 5.550646861311869351e+00
9.010000000000127685e+00 5.538140729255064620e+00
9.030000000000127258e+00 5.591701730717851149e+00
9.050000000000126832e+00 5.578658692997381152e+00
9.070000000000126406e+00 5.604436176683977422e+00
9.090000000000125979e+00 5.645982095578555793e+00
9.110000000000125553e+00 5.669482277702984518e+00
9.130000000000125127e+00 5.693413543730369675e+00
9.150000000000124700e+00 5.764977447579110681e+00
9.170000000000124274e+00 5.718049545760199415e+00
9.190000000000123848e+00 5.760444460004737977e+00
9.210000000000123421e+00 5.802183715479714010e+00
9.230000000000122995e+00 5.798175064859830030e+00
9.250000000000122569e+00 5.827275815337608300e+00
9.270000000000122142e+00 5.840862078229864807e+00
9.290000000000121716e+00 5.876613030317529685e+00
9.310000000000121290e+00 5.860935779641549992e+00
9.330000000000120863e+00 5.926835408253853466e+00
9.350000000000120437e+00 5.869350107670905814e+00
9.370000000000120011e+00 5.881124902682310029e+00
9.390000000000119584e+00 5.866861597696494179e+00
9.410000000000119158e+00 5.908801754898528102e+00
9.430000000000118732e+00 5.960376790422653670e+00
9.450000000000118305e+00 5.941431343119987218e+00
9.470000000000117879e+00 5.916657963056854541e+00
9.490000000000117453e+00 5.892222853975350283e+00
9.510000000000117026e+00 5.890909810059390850e+00
9.530000000000116600e+00 5.940256890803794043e+00
9.550000000000116174e+00 5.851046164177173381e+00
9.570000000000115747e+00 5.870353403903386891e+00
9.590000000000115321e+00 5.835299750773682348e+00
9.610000000000114895e+00 5.837117265757358453e+00
9.630000000000114468e+00 5.808442844975066244e+00
9.650000000000114042e+00 5.841309977609648207e+00
9.670000000000113616e+00 5.788812012574390486e+00
9.690000000000113189e+00 5.720526624123155379e+00
9.710000000000112763e+00 5.746558159628560425e+00
9.730000000000112337e+00 5.659085847599386376e+00
9.750000000000111910e+00 5.635556014515668011e+00
9.770000000000111484e+00 5.606458680529300409e+00
9.790000000000111058e+00 5.486211297772441320e+00
9.810000000000110632e+00 5.386648746477075811e+00
9.830000000000110205e+00 5.459087878066872790e+00
9.850000000000109779e+00 5.445364618086104613e+00
9.870000000000109353e+00 5.416334349109662938e+00
9.890000000000108926e+00 5.271852021069678429e+00
9.910000000000108500e+00 5.331540982543332419e+00
9.930000000000108074e+00 5.238694639964164068e+00
9.950000000000107647e+00 5.193181489731263589e+00
9.970000000000107221e+00 5.087163699050777588e+00
9.990000000000106795e+00 4.984533057480326157e+00
1.001000000000010637e+01 4.959764387857305223e+00
1.003000000000010594e+01 4.908073156566584494e+00
1.005000000000010552e+01 4.930515790583696933e+00
1.007000000000010509e+01 4.820754008028017346e+00
1.009000000000010466e+01 4.817363973084367146e+00
1.011000000000010424e+01 4.768515436927570406e+00
1.013000000000010381e+01 4.686227258867940115e+00
1.015000000000010338e+01 4.667117037129320245e+00
1.017000000000010296e+01 4.711792218510488794e+00
1.019000000000010253e+01 4.545206693158806210e+00
1.021000000000010210e+01 4.475498055942897402e+00
1.023000000000010168e+01 4.577892602288806678e+00
1.025000000000010125e+01 4.521337029352467063e+00
1.027000000000010083e+01 4.482515065755986683e+00
1.029000000000010040e+01 4.419255594060366832e+00
1.031000000000009997e+01 4.431351540970386971e+00
1.033000000000009955e+01 4.448000089009589431e+00
1.035000000000009912e+01 4.486262460278620523e+00
1.037000000000009869e+01 4.414840279040859627e+00
1.039000000000009827e+01 4.422899893865785081e+00
1.041000000000009784e+01 4.521151364419446317e+00
1.043000000000009742e+01 4.510078359336606724e+00
1.045000000000009699e+01 4.534023227605098683e+00
1.047000000000009656e+01 4.572312180968714834e+00
1.049000000000009614e+01 4.542973741081815398e+00
1.051000000000009571e+01 4.649376117357824079e+00
1.053000000000009528e+01 4.651420018655771926e+00
1.055000000000009486e+01 4.782358609198441357e+00
1.057000000000009443e+01 4.788981668210246845e+00
1.059000000000009400e+01 4.873185888956297340e+00
1.061000000000009358e+01 4.943165466690584431e+00
1.063000000000009315e+01 5.002768471088410607e+00
1.065000000000009273e+01 5.111048805023268748e+00
1.067000000000009230e+01 5.173877639252641991e+00
1.069000000000009187e+01 5.201012079912710639e+00
1.071000000000009145e+01 5.420729113200774663e+00
1.073000000000009102e+01 5.448789333625613907e+00
1.075000000000009059e+01 5.566524933157283250e+00
1.077000000000009017e+01 5.613947968278347744e+00
1.079000000000008974e+01 5.749369490769419500e+00
1.081000000000008932e+01 5.873741927353670178e+00
1.083000000000008889e+01 5.987763301706864105e+00
1.085000000000008846e+01 6.056399801804888128e+00
1.087000000000008804e+01 6.218030099494999519e+00
1.089000000000008761e+01 6.219819728510776358e+00
1.091000000000008718e+01 6.294813010694404909e+00
1.093000000000008676e+01 6.497173477678287234e+00
1.095000000000008633e+01 6.617359559790902956e+00
1.097000000000008590e+01 6.693785550184484734e+00
1.099000000000008548e+01 6.759256120776771404e+00
1.101000000000008505e+01 6.898013404858074793e+00
1.103000000000008463e+01 6.913279048765363477e+00
1.105000000000008420e+01 7.006215617684411257e+00
1.107000000000008377e+01 7.106730209477074567e+00
1.109000000000008335e+01 7.196545269277804913e+00
1.111000000000008292e+01 7.269727553686582411e+00
1.113000000000008249e+01 7.287362705023947562e+00
1.115000000000008207e+01 7.342342408895701666e+00
1.117000000000008164e+01 7.471620821963556480e+00
1.119000000000008122e+01 7.465571820724665741e+00
1.121000000000008079e+01 7.503850965711455601e+00
1.123000000000008036e+01 7.526020975917090183e+00
1.125000000000007994e+01 7.551365233008519695e+00
1.127000000000007951e+01 7.665232259329816777e+00
1.129000000000007908e+01 7.625361154020789733e+00
1.131000000000007866e+01 7.567525902327806975e+00
1.133000000000007823e+01 7.600666682252205320e+00
1.135000000000007780e+01 7.561485760148061175e+00
1.137000000000007738e+01 7.592237189227584615e+00
1.139000000000007695e+01 7.664153970048054099e+00
1.141000000000007653e+01 7.506529851300531853e+00
1.143000000000007610e+01 7.493874217360379397e+00
1.145000000000007567e+01 7.427444282274723975e+00
1.147000000000007525e+01 7.440336977738618351e+00
1.149000000000007482e+01 7.372264529003226485e+00
1.151000000000007439e+01 7.283901433912868484e+00
1.153000000000007397e+01 7.243973079517857627e+00
1.155000000000007354e+01 7.127491918262480297e+00
1.157000000000007311e+01 7.063415672541185408e+00
1.159000000000007269e+01 6.904461026091337494e+00
1.161000000000007226e+01 6.972008222374155295e+00
1.163000000000007184e+01 6.689717518345849712e+00
1.165000000000007141e+01 6.752937393696819335e+00
1.167000000000007098e+01 6.542610112047315241e+00
1.169000000000007056e+01 6.482242233573924040e+00
1.171000000000007013e+01 6.401506238203896970e+00
1.173000000000006970e+01 6.127369874369668956e+00
1.175000000000006928e+01 6.007906297747250157e+00
1.177000000000006885e+01 5.986071805166792714e+00
1.179000000000006843e+01 5.798669421348262354e+00
1.181000000000006800e+01 5.642065865146984827e+00
1.183000000000006757e+01 5.607673759409074421e+00
1.185000000000006715e+01 5.391196693248298644e+00
1.187000000000006672e+01 5.154236868896708401e+00
1.189000000000006629e+01 5.112564809980191249e+00
1.191000000000006587e+01 4.873152979217799441e+00
1.193000000000006544e+01 4.813711823334959838e+00
1.195000000000006501e+01 4.618519017768559998e+00
1.197000000000006459e+01 4.433574716194647714e+00
1.199000000000006416e+01 4.306856109037408231e+00
1.201000000000006374e+01 4.185830407009051513e+00
1.203000000000006331e+01 4.044690658468887534e+00
1.205000000000006288e+01 3.817381286297027998e+00
1.207000000000006246e+01 3.708355941142642997e+00
1.209000000000006203e+01 3.568607843780680522e+00
1.211000000000006160e+01 3.330577765962813963e+00
1.213000000000006118e+01 3.304720715026769451e+00
1.215000000000006075e+01 3.152376794292287343e+00
1.217000000000006033e+01 2.954046513239060534e+00
1.219000000000005990e+01 2.886577318888446708e+00
1.221000000000005947e+01 2.692158313539844805e+00
1.223000000000005905e+01 2.598078763736735297e+00
1.225000000000005862e+01 2.462693793446546930e+00
1.227000000000005819e+01 2.330522097095763190e+00
1.229000000000005777e+01 2.248227371139362774e+00
1.231000000000005734e+01 2.115023618441539188e+00
1.233000000000005691e+01 2.052049412275852358e+00
1.235000000000005649e+01 1.907755162427483997e+00
1.237000000000005606e+01 1.808322931673976619e+00
1.239000000000005564e+01 1.710158756248921108e+00
1.241000000000005521e+01 1.617505785079015990e+00
1.243000000000005478e+01 1.571901902669676776e+00
1.245000000000005436e+01 1.455473218524432566e+00
1.247000000000005393e+01 1.408410510072048760e+00
1.249000000000005350e+01 1.340380926504084913e+00
1.251000000000005308e+01 1.240447363466593789e+00
1.253000000000005265e+01 1.171858184654288815e+00
1.255000000000005222e+01 1.157793305895646885e+00
1.257000000000005180e+01 1.050220794812487091e+00
1.259000000000005137e+01 1.033945439236474639e+00
1.261000000000005095e+01 9.906989938346082436e-01
1.263000000000005052e+01 9.404540165823880304e-01
1.265000000000005009e+01 9.041362755409030338e-01
1.267000000000004967e+01 8.409342054012532985e-01
1.269000000000004924e+01 8.050714830843335168e-01
1.271000000000004881e+01 7.699919557745943388e-01
1.273000000000004839e+01 7.805848110650571714e-01
1.275000000000004796e+01 6.952402625017314319e-01
1.277000000000004754e+01 7.316851811398620287e-01
1.279000000000004711e+01 6.686679264610188023e-01
1.281000000000004668e+01 6.427415366620767845e-01
1.283000000000004626e+01 6.401429870399930611e-01
1.285000000000004583e+01 6.105291291415315680e-01
1.287000000000004540e+01 6.020495104145661136e-01
1.289000000000004498e+01 5.916357267634280159e-01
1.291000000000004455e+01 5.747337544749702154e-01
1.293000000000004412e+01 5.632447732403589313e-01
1.295000000000004370e+01 5.328214644031863401e-01
1.297000000000004327e+01 5.310978880294258131e-01
1.299000000000004285e+01 5.272826778287138527e-01
1.301000000000004242e+01 5.183749818954664912e-01
1.303000000000004199e+01 5.206324265012908237e-01
1.305000000000004157e+01 4.835506745149623642e-01
1.307000000000004114e+01 4.871327309939266770e-01
1.309000000000004071e+01 4.918097292974024093e-01
1.311000000000004029e+01 4.907809880423928961e-01
1.313000000000003986e+01 5.034911321165586040e-01
1.315000000000003944e+01 4.539516990474894986e-01
1.317000000000003901e+01 4.667223034615993194e-01
1.319000000000003858e+01 4.497772456248760875e-01
1.321000000000003816e+01 4.522863246783601632e-01
1.323000000000003773e+01 4.419079487530417905e-01
1.325000000000003730e+01 4.572069554111714007e-01
1.327000000000003688e+01 4.321526581116398313e-01
1.329000000000003645e+01 4.907318875012495751e-01
1.331000000000003602e+01 4.344669960350189264e-01
1.333000000000003560e+01 4.192822436620897153e-01
1.335000000000003517e+01 4.340725008802301388e-01
1.337000000000003475e+01 4.407812318906012550e-01
1.339000000000003432e+01 4.213529510912875087e-01
1.341000000000003389e+01 4.374836339036184407e-01
1.343000000000003347e+01 4.105910265027927775e-01
1.345000000000003304e+01 4.137860296310900132e-01
1.347000000000003261e+01 4.370915319920667397e-01
1.349000000000003219e+01 3.994478042035392029e-01
1.351000000000003176e+01 4.213141525393143683e-01
1.353000000000003133e+01 4.127456733847551518e-01
1.355000000000003091e+01 4.096072243591955542e-01
1.357000000000003048e+01 3.996349024740022404e-01
1.359000000000003006e+01 4.067802322538660587e-01
1.361000000000002963e+01 3.869379725574655926e-01
1.363000000000002920e+01 4.204099174963680241e-01
1.365000000000002878e+01 4.032205149018701085e-01
1.367000000000002835e+01 3.933748053302294490e-01
1.369000000000002792e+01 3.808928460053297438e-01
1.371000000000002750e+01 3.847682924233803425e-01
1.373000000000002707e+01 3.736676593202349350e-01
1.375000000000002665e+01 4.036359393586800848e-01
1.377000000000002622e+01 3.724318803427023039e-01
1.379000000000002579e+01 3.753578679075651459e-01
1.381000000000002537e+01 3.456612053588923317e-01
1.383000000000002494e+01 3.460201344210557806e-01
1.385000000000002451e+01 3.283914902330290486e-01
1.387000000000002409e+01 3.174105573604764641e-01
1.389000000000002366e+01 3.228186904730069862e-01
1.391000000000002323e+01 2.886628609395502920e-01
1.393000000000002281e+01 2.840297202381363295e-01
1.395000000000002238e+01 2.741846221616456303e-01
1.397000000000002196e+01 2.522438003895968728e-01
1.399000000000002153e+01 2.023676020561779310e-01
1.401000000000002110e+01 1.612159500118990896e-01
1.403000000000002068e+01 1.419082527240400071e-01
1.405000000000002025e+01 1.525210346776023351e-01
1.407000000000001982e+01 1.352701085583952745e-01
1.409000000000001940e+01 1.239615162583827118e-01
1.411000000000001897e+01 1.340432951581365106e-01
1.413000000000001855e+01 1.204693495046758739e-01
1.415000000000001812e+01 1.042057777285504555e-01
1.417000000000001769e+01 1.012107715928705631e-01
1.419000000000001727e+01 8.280585811418036957e-02
1.421000000000001684e+01 8.262219109494516045e-02
1.423000000000001641e+01 7.473201770663030763e-02
1.425000000000001599e+01 6.708195938858707574e-02
1.427000000000001556e+01 5.350038776921273165e-02
1.429000000000001513e+01 3.738938665771749520e-02
1.431000000000001471e+01 3.728587813002600532e-02
1.433000000000001428e+01 2.143089949840979933e-02
1.435000000000001386e+01 1.610946900776190696e-02
1.437000000000001343e+01 1.079425832798688693e-02
1.439000000000001300e+01 1.074686038682807869e-02
1.441000000000001258e+01 1.069972979807934550e-02
1.443000000000001215e+01 5.356931618452764367e-03
1.445000000000001172e+01 2.676898442207321146e-03
1.447000000000001130e+01 1.233989345896290595e-09
1.449000000000001087e+01 9.462360013200406695e-10
1.451000000000001044e+01 4.583517916063102889e-10
1.453000000000001002e+01 3.503552768247761076e-10
1.455000000000000959e+01 0.000000000000000000e+00
1.457000000000000917e+01 0.000000000000000000e+00
1.459000000000000874e+01 0.000000000000000000e+00
1.461000000000000831e+01 0.000000000000000000e+00
1.463000000000000789e+01 0.000000000000000000e+00
1.465000000000000746e+01 0.000000000000000000e+00
1.467000000000000703e+01 0.000000000000000000e+00
1.469000000000000661e+01 0.000000000000000000e+00
1.471000000000000618e+01 0.000000000000000000e+00
1.473000000000000576e+01 0.000000000000000000e+00
1.475000000000000533e+01 0.000000000000000000e+00
1.477000000000000490e+01 0.000000000000000000e+00
1.479000000000000448e+01 0.000000000000000000e+00
1.481000000000000405e+01 0.000000000000000000e+00
1.483000000000000362e+01 0.000000000000000000e+00
1.485000000000000320e+01 0.000000000000000000e+00
1.487000000000000277e+01 0.000000000000000000e+00
1.489000000000000234e+01 0.000000000000000000e+00
1.491000000000000192e+01 0.000000000000000000e+00
1.493000000000000149e+01 0.000000000000000000e+00
1.495000000000000107e+01 0.000000000000000000e+00
1.497000000000000064e+01 0.000000000000000000e+00
1.499000000000000021e+01 0.000000000000000000e+00
