# Redshift		Merger Rate Density [Gpc^-3yr^-1]
1.000000000031931770e-02 1.238141230425863171e+02
3.000000000031888964e-02 1.259066536992771859e+02
5.000000000031846331e-02 1.289549550967756772e+02
7.000000000031804392e-02 1.316845318782433196e+02
9.000000000031761760e-02 1.333082541432903270e+02
1.100000000003171913e-01 1.358386912922686349e+02
1.300000000003167511e-01 1.376760168173722150e+02
1.500000000003163247e-01 1.405681438380985071e+02
1.700000000003158984e-01 1.416928903270108151e+02
1.900000000003154721e-01 1.447332782323219078e+02
2.100000000003150458e-01 1.466691048513143301e+02
2.300000000003146194e-01 1.503356635312341041e+02
2.500000000003141931e-01 1.515777090865018693e+02
2.700000000003137668e-01 1.555534460026397596e+02
2.900000000003133405e-01 1.584109299745478552e+02
3.100000000003129141e-01 1.608295212182287059e+02
3.300000000003124878e-01 1.633345927969819229e+02
3.500000000003120615e-01 1.664702097143652679e+02
3.700000000003116352e-01 1.721711470974039457e+02
3.900000000003112088e-01 1.721520685540456270e+02
4.100000000003107825e-01 1.767195356300678384e+02
4.300000000003103562e-01 1.793300406758505972e+02
4.500000000003099299e-01 1.818666988300104208e+02
4.700000000003095035e-01 1.866073967981774331e+02
4.900000000003090772e-01 1.870002596266610624e+02
5.100000000003086509e-01 1.894361944296787499e+02
5.300000000003082246e-01 1.924223809116656980e+02
5.500000000003077982e-01 1.962695300679509671e+02
5.700000000003073719e-01 1.970979555703985966e+02
5.900000000003069456e-01 2.011440087881167358e+02
6.100000000003065193e-01 2.044599542915075006e+02
6.300000000003060929e-01 2.064010486188125242e+02
6.500000000003056666e-01 2.090557861341781347e+02
6.700000000003052403e-01 2.108555466011927422e+02
6.900000000003048140e-01 2.147558526222238697e+02
7.100000000003043876e-01 2.163467785378880421e+02
7.300000000003039613e-01 2.192813676138717085e+02
7.500000000003035350e-01 2.210294638460687509e+02
7.700000000003031086e-01 2.252079096866710017e+02
7.900000000003026823e-01 2.281353072744529982e+02
8.100000000003022560e-01 2.285873858050133833e+02
8.300000000003018297e-01 2.331059878213215484e+02
8.500000000003014033e-01 2.363342722084034051e+02
8.700000000003009770e-01 2.379141247873001817e+02
8.900000000003005507e-01 2.384262305138277327e+02
9.100000000003001244e-01 2.429831561846253294e+02
9.300000000002996980e-01 2.442622301372598770e+02
9.500000000002992717e-01 2.467952028066534353e+02
9.700000000002988454e-01 2.509149682836988404e+02
9.900000000002984191e-01 2.515280480617989269e+02
1.010000000000297993e+00 2.543190451196926745e+02
1.030000000000297566e+00 2.567939168369176173e+02
1.050000000000297140e+00 2.595658232122111713e+02
1.070000000000296714e+00 2.612352249038386844e+02
1.090000000000296287e+00 2.626484161258389918e+02
1.110000000000295861e+00 2.656391368901118994e+02
1.130000000000295435e+00 2.664445396830253685e+02
1.150000000000295008e+00 2.685363392433075660e+02
1.170000000000294582e+00 2.712336048818513632e+02
1.190000000000294156e+00 2.717367177502404729e+02
1.210000000000293729e+00 2.732308385501837620e+02
1.230000000000293303e+00 2.765787224511905151e+02
1.250000000000292877e+00 2.754641991826900949e+02
1.270000000000292451e+00 2.782015512761421405e+02
1.290000000000292024e+00 2.798854371279260818e+02
1.310000000000291598e+00 2.816440232333791300e+02
1.330000000000291172e+00 2.818717268066066026e+02
1.350000000000290745e+00 2.827613149696272785e+02
1.370000000000290319e+00 2.865344081248937869e+02
1.390000000000289893e+00 2.858312026836479731e+02
1.410000000000289466e+00 2.874188587038182163e+02
1.430000000000289040e+00 2.879269711265961860e+02
1.450000000000288614e+00 2.896807313963977322e+02
1.470000000000288187e+00 2.915062039305280450e+02
1.490000000000287761e+00 2.911024277423827016e+02
1.510000000000287335e+00 2.897687959933354591e+02
1.530000000000286908e+00 2.937202098495527594e+02
1.550000000000286482e+00 2.913777370395618505e+02
1.570000000000286056e+00 2.926348517857854290e+02
1.590000000000285629e+00 2.922996182438109258e+02
1.610000000000285203e+00 2.931623268634102146e+02
1.630000000000284777e+00 2.951812095676472723e+02
1.650000000000284350e+00 2.928483797936277711e+02
1.670000000000283924e+00 2.946938880464194312e+02
1.690000000000283498e+00 2.921454133255261922e+02
1.710000000000283071e+00 2.925473762178012294e+02
1.730000000000282645e+00 2.922942060470547290e+02
1.750000000000282219e+00 2.913547758704397097e+02
1.770000000000281792e+00 2.890893702164038928e+02
1.790000000000281366e+00 2.904427085953968799e+02
1.810000000000280940e+00 2.880619393440630915e+02
1.830000000000280513e+00 2.884485652020724160e+02
1.850000000000280087e+00 2.871023090301519005e+02
1.870000000000279661e+00 2.852316621589177430e+02
1.890000000000279234e+00 2.837223078481550829e+02
1.910000000000278808e+00 2.826859108060253334e+02
1.930000000000278382e+00 2.820892274031583611e+02
1.950000000000277955e+00 2.802149314251221881e+02
1.970000000000277529e+00 2.780895426980255252e+02
1.990000000000277103e+00 2.764251636495941398e+02
2.010000000000276899e+00 2.765555483731911863e+02
2.030000000000276472e+00 2.727167088880177630e+02
2.050000000000276046e+00 2.713408079662640375e+02
2.070000000000275620e+00 2.694755262322641443e+02
2.090000000000275193e+00 2.679734849281060747e+02
2.110000000000274767e+00 2.641205701648083277e+02
2.130000000000274341e+00 2.625776246219801919e+02
2.150000000000273914e+00 2.607464086954410050e+02
2.170000000000273488e+00 2.585129523615070752e+02
2.190000000000273062e+00 2.568785028681548965e+02
2.210000000000272635e+00 2.534689291767339796e+02
2.230000000000272209e+00 2.518619753561819152e+02
2.250000000000271783e+00 2.477314976608669497e+02
2.270000000000271356e+00 2.466515454280785207e+02
2.290000000000270930e+00 2.456474726057051328e+02
2.310000000000270504e+00 2.406428385894691644e+02
2.330000000000270077e+00 2.388885246472154620e+02
2.350000000000269651e+00 2.370944081384291167e+02
2.370000000000269225e+00 2.347859232138373784e+02
2.390000000000268798e+00 2.307822457296528285e+02
2.410000000000268372e+00 2.295575143406444738e+02
2.430000000000267946e+00 2.255335238626632304e+02
2.450000000000267519e+00 2.251156076036942579e+02
2.470000000000267093e+00 2.215269093510196683e+02
2.490000000000266667e+00 2.183318454111690983e+02
2.510000000000266240e+00 2.162279073517220809e+02
2.530000000000265814e+00 2.118104905692907778e+02
2.550000000000265388e+00 2.111457083890988713e+02
2.570000000000264961e+00 2.084246496119556582e+02
2.590000000000264535e+00 2.056383036653297438e+02
2.610000000000264109e+00 2.025160593427084450e+02
2.630000000000263682e+00 2.007994457010312033e+02
2.650000000000263256e+00 1.994225033618742771e+02
2.670000000000262830e+00 1.942511026390412496e+02
2.690000000000262403e+00 1.933537302220128424e+02
2.710000000000261977e+00 1.909128028381788056e+02
2.730000000000261551e+00 1.884907390699145537e+02
2.750000000000261124e+00 1.858526504776990294e+02
2.770000000000260698e+00 1.842517228589977378e+02
2.790000000000260272e+00 1.809750522267620170e+02
2.810000000000259845e+00 1.787832920273810373e+02
2.830000000000259419e+00 1.756857274728317009e+02
2.850000000000258993e+00 1.743189588545923527e+02
2.870000000000258567e+00 1.708199499528497824e+02
2.890000000000258140e+00 1.686015441435781668e+02
2.910000000000257714e+00 1.674049042761548094e+02
2.930000000000257288e+00 1.645136749485257894e+02
2.950000000000256861e+00 1.621300765097061287e+02
2.970000000000256435e+00 1.597943855560968416e+02
2.990000000000256009e+00 1.579670111089152158e+02
3.010000000000255582e+00 1.561766460718936287e+02
3.030000000000255156e+00 1.538940749769659533e+02
3.050000000000254730e+00 1.523102580594357391e+02
3.070000000000254303e+00 1.490615509947979547e+02
3.090000000000253877e+00 1.485711281289124202e+02
3.110000000000253451e+00 1.474775556264081899e+02
3.130000000000253024e+00 1.442856652767056858e+02
3.150000000000252598e+00 1.416002509374109763e+02
3.170000000000252172e+00 1.401407271218508868e+02
3.190000000000251745e+00 1.380840936926263112e+02
3.210000000000251319e+00 1.361625047699499760e+02
3.230000000000250893e+00 1.335159651688112206e+02
3.250000000000250466e+00 1.328058656292517696e+02
3.270000000000250040e+00 1.306742876490607159e+02
3.290000000000249614e+00 1.285043357114890057e+02
3.310000000000249187e+00 1.270316995938758282e+02
3.330000000000248761e+00 1.254370339056146406e+02
3.350000000000248335e+00 1.239039471241271571e+02
3.370000000000247908e+00 1.214752090952212882e+02
3.390000000000247482e+00 1.206785573763266513e+02
3.410000000000247056e+00 1.183163436473961809e+02
3.430000000000246629e+00 1.169889289613490604e+02
3.450000000000246203e+00 1.144140688158030201e+02
3.470000000000245777e+00 1.149481549619310528e+02
3.490000000000245350e+00 1.123271172903898218e+02
3.510000000000244924e+00 1.111948445287270886e+02
3.530000000000244498e+00 1.094347969870440522e+02
3.550000000000244071e+00 1.080144941302316539e+02
3.570000000000243645e+00 1.064996990873516580e+02
3.590000000000243219e+00 1.050058762835137856e+02
3.610000000000242792e+00 1.042900590321694807e+02
3.630000000000242366e+00 1.027256211513871733e+02
3.650000000000241940e+00 1.008320108515266895e+02
3.670000000000241513e+00 9.977430008900772407e+01
3.690000000000241087e+00 9.853446629706246540e+01
3.710000000000240661e+00 9.726061358027800452e+01
3.730000000000240234e+00 9.674079587492505539e+01
3.750000000000239808e+00 9.511212674302848313e+01
3.770000000000239382e+00 9.390763322032398719e+01
3.790000000000238956e+00 9.288454053446150738e+01
3.810000000000238529e+00 9.199484855485970058e+01
3.830000000000238103e+00 8.995834283387286234e+01
3.850000000000237677e+00 8.937634531147192263e+01
3.870000000000237250e+00 8.846791179932282034e+01
3.890000000000236824e+00 8.743922913313944889e+01
3.910000000000236398e+00 8.702316207242648716e+01
3.930000000000235971e+00 8.480294642994248022e+01
3.950000000000235545e+00 8.399624968838382699e+01
3.970000000000235119e+00 8.367942475622963627e+01
3.990000000000234692e+00 8.310648560197348900e+01
4.010000000000234266e+00 8.088572316366553139e+01
4.030000000000233840e+00 8.056868386991955333e+01
4.050000000000233413e+00 8.041246384617015508e+01
4.070000000000232987e+00 7.869542386639739107e+01
4.090000000000232561e+00 7.816831116215701059e+01
4.110000000000232134e+00 7.743028779613553070e+01
4.130000000000231708e+00 7.632065843425982621e+01
4.150000000000231282e+00 7.597954080989653391e+01
4.170000000000230855e+00 7.467406970238877761e+01
4.190000000000230429e+00 7.391757219380573929e+01
4.210000000000230003e+00 7.380830440805067383e+01
4.230000000000229576e+00 7.251338123514338463e+01
4.250000000000229150e+00 7.258736383521900848e+01
4.270000000000228724e+00 7.057879503381033715e+01
4.290000000000228297e+00 7.057860519277573985e+01
4.310000000000227871e+00 7.017978278284635962e+01
4.330000000000227445e+00 6.913819471678507966e+01
4.350000000000227018e+00 6.877400284966331867e+01
4.370000000000226592e+00 6.745085698422147402e+01
4.390000000000226166e+00 6.776948846918094205e+01
4.410000000000225739e+00 6.662250079058759411e+01
4.430000000000225313e+00 6.667307009223324599e+01
4.450000000000224887e+00 6.559991861419828751e+01
4.470000000000224460e+00 6.530766228002873675e+01
4.490000000000224034e+00 6.461370262521245422e+01
4.510000000000223608e+00 6.452659101202176828e+01
4.530000000000223181e+00 6.389114094088068185e+01
4.550000000000222755e+00 6.386629514090984117e+01
4.570000000000222329e+00 6.306240810675030417e+01
4.590000000000221902e+00 6.286671125846655883e+01
4.610000000000221476e+00 6.193891481725267312e+01
4.630000000000221050e+00 6.205538499912623251e+01
4.650000000000220624e+00 6.103290603722000895e+01
4.670000000000220197e+00 6.176356791996128237e+01
4.690000000000219771e+00 6.111384641577905086e+01
4.710000000000219345e+00 6.031849265440544627e+01
4.730000000000218918e+00 5.975017538981294507e+01
4.750000000000218492e+00 6.012559807780127841e+01
4.770000000000218066e+00 5.960249658798512229e+01
4.790000000000217639e+00 5.904668850484031850e+01
4.810000000000217213e+00 5.897618597524448347e+01
4.830000000000216787e+00 5.860758917363884279e+01
4.850000000000216360e+00 5.866428971633857969e+01
4.870000000000215934e+00 5.831550120004986582e+01
4.890000000000215508e+00 5.804694947103435965e+01
4.910000000000215081e+00 5.772127366945651517e+01
4.930000000000214655e+00 5.747412109157966142e+01
4.950000000000214229e+00 5.758547444844129615e+01
4.970000000000213802e+00 5.740017196772027575e+01
4.990000000000213376e+00 5.731097846592884792e+01
5.010000000000212950e+00 5.717708953617638201e+01
5.030000000000212523e+00 5.700194774959953037e+01
5.050000000000212097e+00 5.707032814458280967e+01
5.070000000000211671e+00 5.724476050414639161e+01
5.090000000000211244e+00 5.646852822425325513e+01
5.110000000000210818e+00 5.640625579778235732e+01
5.130000000000210392e+00 5.693420960304038658e+01
5.150000000000209965e+00 5.634033106339891361e+01
5.170000000000209539e+00 5.691644048304230807e+01
5.190000000000209113e+00 5.679545570021138445e+01
5.210000000000208686e+00 5.674072876638376073e+01
5.230000000000208260e+00 5.650956722819456246e+01
5.250000000000207834e+00 5.623088704396028703e+01
5.270000000000207407e+00 5.669103825761713722e+01
5.290000000000206981e+00 5.706546311008181505e+01
5.310000000000206555e+00 5.669109575738495010e+01
5.330000000000206128e+00 5.679092727845364408e+01
5.350000000000205702e+00 5.684285994949892284e+01
5.370000000000205276e+00 5.706506165631985539e+01
5.390000000000204849e+00 5.704785464456590205e+01
5.410000000000204423e+00 5.689261897744495400e+01
5.430000000000203997e+00 5.742914081422149764e+01
5.450000000000203570e+00 5.705879916060095525e+01
5.470000000000203144e+00 5.730864423707798494e+01
5.490000000000202718e+00 5.771811594777816623e+01
5.510000000000202292e+00 5.811992360261841384e+01
5.530000000000201865e+00 5.763098975600828311e+01
5.550000000000201439e+00 5.805770096572109651e+01
5.570000000000201013e+00 5.837416103423586122e+01
5.590000000000200586e+00 5.818262490904000117e+01
5.610000000000200160e+00 5.820524997163110470e+01
5.630000000000199734e+00 5.874027869016108383e+01
5.650000000000199307e+00 5.870779370227149485e+01
5.670000000000198881e+00 5.898772996678916058e+01
5.690000000000198455e+00 5.899197234252262234e+01
5.710000000000198028e+00 5.951000559730142925e+01
5.730000000000197602e+00 5.953664489705191443e+01
5.750000000000197176e+00 5.990673252542279670e+01
5.770000000000196749e+00 5.985394954085428054e+01
5.790000000000196323e+00 6.036613732401251298e+01
5.810000000000195897e+00 6.035530063907639686e+01
5.830000000000195470e+00 6.078675296263036643e+01
5.850000000000195044e+00 6.085943331679376200e+01
5.870000000000194618e+00 6.120600759601050811e+01
5.890000000000194191e+00 6.091910440094610379e+01
5.910000000000193765e+00 6.160090654576439562e+01
5.930000000000193339e+00 6.178257417716137212e+01
5.950000000000192912e+00 6.217380744007509463e+01
5.970000000000192486e+00 6.234593537481612913e+01
5.990000000000192060e+00 6.240967776589041449e+01
6.010000000000191633e+00 6.269256918826464187e+01
6.030000000000191207e+00 6.320184535966508577e+01
6.050000000000190781e+00 6.347649988006205746e+01
6.070000000000190354e+00 6.355021177518220554e+01
6.090000000000189928e+00 6.407557898375534933e+01
6.110000000000189502e+00 6.397084252168418317e+01
6.130000000000189075e+00 6.392132703986997200e+01
6.150000000000188649e+00 6.483730716015460871e+01
6.170000000000188223e+00 6.439627023212366908e+01
6.190000000000187796e+00 6.522668326058204968e+01
6.210000000000187370e+00 6.513367763609018368e+01
6.230000000000186944e+00 6.565996306717788400e+01
6.250000000000186517e+00 6.584762806811448854e+01
6.270000000000186091e+00 6.633716337167237498e+01
6.290000000000185665e+00 6.605795253131108780e+01
6.310000000000185238e+00 6.621188236124305604e+01
6.330000000000184812e+00 6.671853600654451100e+01
6.350000000000184386e+00 6.697473164954335800e+01
6.370000000000183960e+00 6.700824178087594873e+01
6.390000000000183533e+00 6.747672096254723328e+01
6.410000000000183107e+00 6.764386384954562459e+01
6.430000000000182681e+00 6.799175000218387765e+01
6.450000000000182254e+00 6.791703203043059034e+01
6.470000000000181828e+00 6.804847532141749866e+01
6.490000000000181402e+00 6.882885588395181742e+01
6.510000000000180975e+00 6.872144884308671919e+01
6.530000000000180549e+00 6.908145568457422314e+01
6.550000000000180123e+00 6.931410724937651935e+01
6.570000000000179696e+00 6.938196281667410403e+01
6.590000000000179270e+00 6.929853536029689565e+01
6.610000000000178844e+00 6.986267374761419546e+01
6.630000000000178417e+00 7.012244343304918459e+01
6.650000000000177991e+00 7.031315296475233367e+01
6.670000000000177565e+00 7.074116201304818219e+01
6.690000000000177138e+00 7.054501539308456870e+01
6.710000000000176712e+00 7.080763290415688971e+01
6.730000000000176286e+00 7.101379236626821978e+01
6.750000000000175859e+00 7.104440092126156969e+01
6.770000000000175433e+00 7.134268084085094586e+01
6.790000000000175007e+00 7.096974730796803499e+01
6.810000000000174580e+00 7.189917813321241624e+01
6.830000000000174154e+00 7.170158248476776919e+01
6.850000000000173728e+00 7.161883447650498624e+01
6.870000000000173301e+00 7.198786328382632860e+01
6.890000000000172875e+00 7.211197087814662154e+01
6.910000000000172449e+00 7.211445459578503403e+01
6.930000000000172022e+00 7.268925803797864660e+01
6.950000000000171596e+00 7.262357121783527703e+01
6.970000000000171170e+00 7.241138262095951461e+01
6.990000000000170743e+00 7.287520369500477102e+01
7.010000000000170317e+00 7.345081267784811985e+01
7.030000000000169891e+00 7.301485929868871949e+01
7.050000000000169464e+00 7.326946735117702758e+01
7.070000000000169038e+00 7.322140681568662046e+01
7.090000000000168612e+00 7.350483601528551958e+01
7.110000000000168185e+00 7.327717199240134960e+01
7.130000000000167759e+00 7.336674874642370980e+01
7.150000000000167333e+00 7.385060638338876515e+01
7.170000000000166906e+00 7.382019057527513439e+01
7.190000000000166480e+00 7.381271987422779546e+01
7.210000000000166054e+00 7.404896821763756520e+01
7.230000000000165628e+00 7.375892818559333364e+01
7.250000000000165201e+00 7.384924594764099481e+01
7.270000000000164775e+00 7.411693187702469743e+01
7.290000000000164349e+00 7.412076212220424054e+01
7.310000000000163922e+00 7.399381475755421889e+01
7.330000000000163496e+00 7.407494621872311313e+01
7.350000000000163070e+00 7.427023725086884554e+01
7.370000000000162643e+00 7.430826418644896592e+01
7.390000000000162217e+00 7.423608017728591335e+01
7.410000000000161791e+00 7.484557111992356226e+01
7.430000000000161364e+00 7.429048199013830356e+01
7.450000000000160938e+00 7.443499529258464520e+01
7.470000000000160512e+00 7.459548499891029394e+01
7.490000000000160085e+00 7.500665276696814487e+01
7.510000000000159659e+00 7.430151642697947523e+01
7.530000000000159233e+00 7.465307034410459153e+01
7.550000000000158806e+00 7.454154405155891538e+01
7.570000000000158380e+00 7.425453287092103949e+01
7.590000000000157954e+00 7.471694330432640641e+01
7.610000000000157527e+00 7.473057389640801773e+01
7.630000000000157101e+00 7.460842839109564295e+01
7.650000000000156675e+00 7.443945823415272400e+01
7.670000000000156248e+00 7.425271806279741327e+01
7.690000000000155822e+00 7.491384176090869573e+01
7.710000000000155396e+00 7.481407525561445482e+01
7.730000000000154969e+00 7.467025505802250507e+01
7.750000000000154543e+00 7.497096976274050917e+01
7.770000000000154117e+00 7.470126959454169935e+01
7.790000000000153690e+00 7.467335022692797963e+01
7.810000000000153264e+00 7.473949977636181075e+01
7.830000000000152838e+00 7.478766634270745328e+01
7.850000000000152411e+00 7.462954184896827314e+01
7.870000000000151985e+00 7.472441398965742110e+01
7.890000000000151559e+00 7.490643297478845852e+01
7.910000000000151132e+00 7.463016452074438689e+01
7.930000000000150706e+00 7.458637652382913075e+01
7.950000000000150280e+00 7.473811039039080129e+01
7.970000000000149853e+00 7.480423259199402253e+01
7.990000000000149427e+00 7.453669102524128220e+01
8.010000000000149001e+00 7.472325275276712375e+01
8.030000000000148574e+00 7.471379500552504282e+01
8.050000000000148148e+00 7.450254761866702324e+01
8.070000000000147722e+00 7.485525271878299236e+01
8.090000000000147296e+00 7.474831534260816568e+01
8.110000000000146869e+00 7.466182519592979361e+01
8.130000000000146443e+00 7.482922433534623963e+01
8.150000000000146017e+00 7.479657869581498630e+01
8.170000000000145590e+00 7.484514293554811104e+01
8.190000000000145164e+00 7.496072046005609479e+01
8.210000000000144738e+00 7.482922907123892742e+01
8.230000000000144311e+00 7.483721760824180080e+01
8.250000000000143885e+00 7.507268056852610982e+01
8.270000000000143459e+00 7.473150717822741740e+01
8.290000000000143032e+00 7.489796212550820087e+01
8.310000000000142606e+00 7.470283931832160818e+01
8.330000000000142180e+00 7.465774034669425419e+01
8.350000000000141753e+00 7.482272576819383403e+01
8.370000000000141327e+00 7.505818923950120336e+01
8.390000000000140901e+00 7.484189453867082875e+01
8.410000000000140474e+00 7.472739369056456837e+01
8.430000000000140048e+00 7.501345900176580983e+01
8.450000000000139622e+00 7.506496758781524647e+01
8.470000000000139195e+00 7.509455276010417890e+01
8.490000000000138769e+00 7.515415282725503232e+01
8.510000000000138343e+00 7.521938859031703828e+01
8.530000000000137916e+00 7.503869564095273859e+01
8.550000000000137490e+00 7.527266728942009877e+01
8.570000000000137064e+00 7.516131255643051645e+01
8.590000000000136637e+00 7.524972295095162167e+01
8.610000000000136211e+00 7.527467942871440698e+01
8.630000000000135785e+00 7.537745845680699119e+01
8.650000000000135358e+00 7.527040554006950401e+01
8.670000000000134932e+00 7.530366184899746429e+01
8.690000000000134506e+00 7.545844464415054631e+01
8.710000000000134079e+00 7.545420568793198868e+01
8.730000000000133653e+00 7.543290558767870380e+01
8.750000000000133227e+00 7.536084823165293756e+01
8.770000000000132800e+00 7.556835695736985770e+01
8.790000000000132374e+00 7.567022527000771959e+01
8.810000000000131948e+00 7.578548498367321429e+01
8.830000000000131521e+00 7.568327122926839934e+01
8.850000000000131095e+00 7.572376178439655803e+01
8.870000000000130669e+00 7.591964689428617419e+01
8.890000000000130242e+00 7.602529460817022766e+01
8.910000000000129816e+00 7.588901303826823153e+01
8.930000000000129390e+00 7.593756269535209924e+01
8.950000000000128964e+00 7.608900080967272572e+01
8.970000000000128537e+00 7.610931294943745229e+01
8.990000000000128111e+00 7.616281342467179627e+01
9.010000000000127685e+00 7.639197265175950236e+01
9.030000000000127258e+00 7.612584075859305699e+01
9.050000000000126832e+00 7.626818543362428215e+01
9.070000000000126406e+00 7.640120548275976375e+01
9.090000000000125979e+00 7.648136294666257129e+01
9.110000000000125553e+00 7.651309397883571251e+01
9.130000000000125127e+00 7.670650070103420148e+01
9.150000000000124700e+00 7.654050819651385495e+01
9.170000000000124274e+00 7.654409883783665691e+01
9.190000000000123848e+00 7.673935834421794766e+01
9.210000000000123421e+00 7.671934800697401613e+01
9.230000000000122995e+00 7.705195881030634553e+01
9.250000000000122569e+00 7.692511170902159279e+01
9.270000000000122142e+00 7.696560256987694970e+01
9.290000000000121716e+00 7.704316700271091634e+01
9.310000000000121290e+00 7.688495975109914582e+01
9.330000000000120863e+00 7.708779515376645008e+01
9.350000000000120437e+00 7.711904661046055764e+01
9.370000000000120011e+00 7.725133780835398056e+01
9.390000000000119584e+00 7.730129394312690749e+01
9.410000000000119158e+00 7.721906688884686787e+01
9.430000000000118732e+00 7.742035386735938118e+01
9.450000000000118305e+00 7.748658393145534262e+01
9.470000000000117879e+00 7.738022577711902272e+01
9.490000000000117453e+00 7.723831924038266550e+01
9.510000000000117026e+00 7.740930417029261434e+01
9.530000000000116600e+00 7.759649549358543652e+01
9.550000000000116174e+00 7.737071705217577744e+01
9.570000000000115747e+00 7.757659201871180699e+01
9.590000000000115321e+00 7.766016865816150982e+01
9.610000000000114895e+00 7.758010366988543183e+01
9.630000000000114468e+00 7.748586866241529947e+01
9.650000000000114042e+00 7.755555230038046943e+01
9.670000000000113616e+00 7.781637695479641081e+01
9.690000000000113189e+00 7.754627105421351985e+01
9.710000000000112763e+00 7.750423695154756842e+01
9.730000000000112337e+00 7.787368004943883193e+01
9.750000000000111910e+00 7.755110364038489479e+01
9.770000000000111484e+00 7.748021461762087370e+01
9.790000000000111058e+00 7.749169554082462241e+01
9.810000000000110632e+00 7.762120074096038991e+01
9.830000000000110205e+00 7.726089712429210010e+01
9.850000000000109779e+00 7.744215379164575097e+01
9.870000000000109353e+00 7.753596042534371691e+01
9.890000000000108926e+00 7.765000737649648954e+01
9.910000000000108500e+00 7.763226923625278175e+01
9.930000000000108074e+00 7.712537001621215893e+01
9.950000000000107647e+00 7.740969676740303385e+01
9.970000000000107221e+00 7.713612364133616950e+01
9.990000000000106795e+00 7.724703338952677711e+01
1.001000000000010637e+01 7.716941538174512516e+01
1.003000000000010594e+01 7.701733654699951614e+01
1.005000000000010552e+01 7.693119515395623864e+01
1.007000000000010509e+01 7.679479890530592456e+01
1.009000000000010466e+01 7.705138126707788615e+01
1.011000000000010424e+01 7.656614099605131685e+01
1.013000000000010381e+01 7.694154763943937780e+01
1.015000000000010338e+01 7.637018256569217556e+01
1.017000000000010296e+01 7.655539672265088313e+01
1.019000000000010253e+01 7.664739736510519208e+01
1.021000000000010210e+01 7.615101264370511558e+01
1.023000000000010168e+01 7.618351584032421897e+01
1.025000000000010125e+01 7.587266543487876902e+01
1.027000000000010083e+01 7.604965208607356431e+01
1.029000000000010040e+01 7.589964126004511513e+01
1.031000000000009997e+01 7.567297691690838235e+01
1.033000000000009955e+01 7.577083374475823518e+01
1.035000000000009912e+01 7.553522873574043217e+01
1.037000000000009869e+01 7.538701414046799698e+01
1.039000000000009827e+01 7.530996165051172397e+01
1.041000000000009784e+01 7.506596530751906471e+01
1.043000000000009742e+01 7.482733769837453508e+01
1.045000000000009699e+01 7.507329560120017220e+01
1.047000000000009656e+01 7.469612837555420981e+01
1.049000000000009614e+01 7.429977894641403680e+01
1.051000000000009571e+01 7.452006847839527381e+01
1.053000000000009528e+01 7.436142463964938543e+01
1.055000000000009486e+01 7.418822543644243694e+01
1.057000000000009443e+01 7.407287474277916317e+01
1.059000000000009400e+01 7.381487071877207029e+01
1.061000000000009358e+01 7.369308544305124542e+01
1.063000000000009315e+01 7.354272791051739944e+01
1.065000000000009273e+01 7.348792091561956852e+01
1.067000000000009230e+01 7.335840620477307539e+01
1.069000000000009187e+01 7.302366230477112197e+01
1.071000000000009145e+01 7.301021544165867283e+01
1.073000000000009102e+01 7.282129590484569803e+01
1.075000000000009059e+01 7.275029696089441700e+01
1.077000000000009017e+01 7.257277002491611029e+01
1.079000000000008974e+01 7.249054022418620491e+01
1.081000000000008932e+01 7.220833353470722216e+01
1.083000000000008889e+01 7.214162912511528702e+01
1.085000000000008846e+01 7.216375566648848405e+01
1.087000000000008804e+01 7.177832729769120590e+01
1.089000000000008761e+01 7.170135307005534742e+01
1.091000000000008718e+01 7.183785096201383169e+01
1.093000000000008676e+01 7.141295494336927163e+01
1.095000000000008633e+01 7.142182048407873651e+01
1.097000000000008590e+01 7.143687547202421229e+01
1.099000000000008548e+01 7.101504502514002581e+01
1.101000000000008505e+01 7.102800790020283728e+01
1.103000000000008463e+01 7.090499139841166709e+01
1.105000000000008420e+01 7.088785070898494212e+01
1.107000000000008377e+01 7.059555862310507734e+01
1.109000000000008335e+01 7.078919945669080960e+01
1.111000000000008292e+01 7.057785124575205771e+01
1.113000000000008249e+01 7.052252720565246591e+01
1.115000000000008207e+01 7.038760751418172390e+01
1.117000000000008164e+01 7.041900017504778475e+01
1.119000000000008122e+01 7.022364939778610449e+01
1.121000000000008079e+01 7.007241453020544952e+01
1.123000000000008036e+01 7.010007981412761069e+01
1.125000000000007994e+01 7.007304675644174097e+01
1.127000000000007951e+01 6.998553615470396494e+01
1.129000000000007908e+01 6.992021382630976234e+01
1.131000000000007866e+01 6.973683061068206257e+01
1.133000000000007823e+01 6.976687614056007192e+01
1.135000000000007780e+01 6.972019131379616397e+01
1.137000000000007738e+01 6.987219240766788175e+01
1.139000000000007695e+01 6.966467748503295354e+01
1.141000000000007653e+01 6.962594682570299653e+01
1.143000000000007610e+01 6.960322155345498629e+01
1.145000000000007567e+01 6.952675777569426430e+01
1.147000000000007525e+01 6.953615962579368670e+01
1.149000000000007482e+01 6.948880914167122569e+01
1.151000000000007439e+01 6.948357657422916134e+01
1.153000000000007397e+01 6.941849431768498846e+01
1.155000000000007354e+01 6.923675268792112547e+01
1.157000000000007311e+01 6.948260356110377245e+01
1.159000000000007269e+01 6.950786603464662505e+01
1.161000000000007226e+01 6.944803242331005322e+01
1.163000000000007184e+01 6.928504697720958916e+01
1.165000000000007141e+01 6.950980420912570423e+01
1.167000000000007098e+01 6.919523207204801452e+01
1.169000000000007056e+01 6.923924831684769288e+01
1.171000000000007013e+01 6.950967249169066520e+01
1.173000000000006970e+01 6.912591908925942619e+01
1.175000000000006928e+01 6.921176717684797097e+01
1.177000000000006885e+01 6.944427668434848044e+01
1.179000000000006843e+01 6.908569468085208598e+01
1.181000000000006800e+01 6.932718288341754942e+01
1.183000000000006757e+01 6.910405225857064693e+01
1.185000000000006715e+01 6.915820924169960904e+01
1.187000000000006672e+01 6.901009061362215391e+01
1.189000000000006629e+01 6.913553891401838314e+01
1.191000000000006587e+01 6.919242127598785430e+01
1.193000000000006544e+01 6.906003127214457038e+01
1.195000000000006501e+01 6.886354245355974513e+01
1.197000000000006459e+01 6.890423348868458220e+01
1.199000000000006416e+01 6.905855208035973192e+01
1.201000000000006374e+01 6.903208974272997978e+01
1.203000000000006331e+01 6.899599188814062245e+01
1.205000000000006288e+01 6.870409592950339572e+01
1.207000000000006246e+01 6.860359146716864132e+01
1.209000000000006203e+01 6.857702747536602317e+01
1.211000000000006160e+01 6.864389688707352377e+01
1.213000000000006118e+01 6.878562263265318677e+01
1.215000000000006075e+01 6.830421699813022940e+01
1.217000000000006033e+01 6.830768098043623127e+01
1.219000000000005990e+01 6.826931805016009491e+01
1.221000000000005947e+01 6.846733748692264498e+01
1.223000000000005905e+01 6.819713315116635499e+01
1.225000000000005862e+01 6.793814678113912464e+01
1.227000000000005819e+01 6.758809676453093118e+01
1.229000000000005777e+01 6.777001142266946943e+01
1.231000000000005734e+01 6.790376960661723160e+01
1.233000000000005691e+01 6.755944169976382341e+01
1.235000000000005649e+01 6.755169482137434045e+01
1.237000000000005606e+01 6.728685507599467996e+01
1.239000000000005564e+01 6.699889923537936909e+01
1.241000000000005521e+01 6.683617880639458519e+01
1.243000000000005478e+01 6.694253845644031742e+01
1.245000000000005436e+01 6.668587322410533602e+01
1.247000000000005393e+01 6.663435574551428431e+01
1.249000000000005350e+01 6.632717068668047489e+01
1.251000000000005308e+01 6.605538926044771131e+01
1.253000000000005265e+01 6.590381689318471103e+01
1.255000000000005222e+01 6.585557619329486556e+01
1.257000000000005180e+01 6.545628893925345437e+01
1.259000000000005137e+01 6.553546748871617922e+01
1.261000000000005095e+01 6.511792791824044002e+01
1.263000000000005052e+01 6.487813546089888916e+01
1.265000000000005009e+01 6.481020993547168985e+01
1.267000000000004967e+01 6.461910264517335634e+01
1.269000000000004924e+01 6.426647207605526546e+01
1.271000000000004881e+01 6.400331744779474263e+01
1.273000000000004839e+01 6.387673419013717790e+01
1.275000000000004796e+01 6.342266741369670768e+01
1.277000000000004754e+01 6.300240918157711434e+01
1.279000000000004711e+01 6.318791575966618979e+01
1.281000000000004668e+01 6.282133510689321554e+01
1.283000000000004626e+01 6.249004211026382904e+01
1.285000000000004583e+01 6.224811933979898981e+01
1.287000000000004540e+01 6.167397130526589422e+01
1.289000000000004498e+01 6.153976066123834698e+01
1.291000000000004455e+01 6.112432623669968024e+01
1.293000000000004412e+01 6.083885575022336667e+01
1.295000000000004370e+01 6.083291800051613052e+01
1.297000000000004327e+01 6.026652758622322636e+01
1.299000000000004285e+01 6.002201616880724799e+01
1.301000000000004242e+01 5.957053181310552503e+01
1.303000000000004199e+01 5.921879934669949108e+01
1.305000000000004157e+01 5.893468933374675345e+01
1.307000000000004114e+01 5.853050674757808736e+01
1.309000000000004071e+01 5.825892481274944856e+01
1.311000000000004029e+01 5.767873943099344558e+01
1.313000000000003986e+01 5.772710181261351181e+01
1.315000000000003944e+01 5.692395401974309266e+01
1.317000000000003901e+01 5.663383144884986109e+01
1.319000000000003858e+01 5.619154703679027563e+01
1.321000000000003816e+01 5.558990410470132559e+01
1.323000000000003773e+01 5.561098498869943541e+01
1.325000000000003730e+01 5.475011101093384269e+01
1.327000000000003688e+01 5.426504412313862247e+01
1.329000000000003645e+01 5.405550433428068402e+01
1.331000000000003602e+01 5.328809043985540939e+01
1.333000000000003560e+01 5.291886335876115055e+01
1.335000000000003517e+01 5.238930414252980228e+01
1.337000000000003475e+01 5.171211735730111769e+01
1.339000000000003432e+01 5.101330471777050235e+01
1.341000000000003389e+01 5.040871094346488945e+01
1.343000000000003347e+01 4.991044158824901444e+01
1.345000000000003304e+01 4.940176829076501974e+01
1.347000000000003261e+01 4.873576377570580576e+01
1.349000000000003219e+01 4.774016896043226410e+01
1.351000000000003176e+01 4.682384180327640166e+01
1.353000000000003133e+01 4.640221583477514145e+01
1.355000000000003091e+01 4.551230840946291778e+01
1.357000000000003048e+01 4.437605485342483291e+01
1.359000000000003006e+01 4.378915027705784269e+01
1.361000000000002963e+01 4.275183563986464463e+01
1.363000000000002920e+01 4.171733144282691796e+01
1.365000000000002878e+01 4.072827782029250443e+01
1.367000000000002835e+01 3.990352341517878898e+01
1.369000000000002792e+01 3.899777133974336607e+01
1.371000000000002750e+01 3.801785881076897766e+01
1.373000000000002707e+01 3.707215401718228520e+01
1.375000000000002665e+01 3.615003044955020073e+01
1.377000000000002622e+01 3.513736501769781029e+01
1.379000000000002579e+01 3.393080508049278166e+01
1.381000000000002537e+01 3.280816341489881438e+01
1.383000000000002494e+01 3.183292755014430497e+01
1.385000000000002451e+01 3.055738884941842315e+01
1.387000000000002409e+01 2.954260288259192890e+01
1.389000000000002366e+01 2.820593109361724871e+01
1.391000000000002323e+01 2.699864802211041948e+01
1.393000000000002281e+01 2.570353519192954295e+01
1.395000000000002238e+01 2.435193522641554864e+01
1.397000000000002196e+01 2.296100822426031129e+01
1.399000000000002153e+01 2.171370699849209274e+01
1.401000000000002110e+01 2.036442542582782878e+01
1.403000000000002068e+01 1.894064649375232889e+01
1.405000000000002025e+01 1.759709740348368356e+01
1.407000000000001982e+01 1.619478229614539089e+01
1.409000000000001940e+01 1.469355688283128458e+01
1.411000000000001897e+01 1.338364115965040568e+01
1.413000000000001855e+01 1.180117371684755057e+01
1.415000000000001812e+01 1.040460767195942005e+01
1.417000000000001769e+01 9.094176291071178753e+00
1.419000000000001727e+01 7.858627820786112217e+00
1.421000000000001684e+01 6.514824226340141244e+00
1.423000000000001641e+01 5.348041214669281729e+00
1.425000000000001599e+01 4.205853039316572506e+00
1.427000000000001556e+01 3.219200306369405684e+00
1.429000000000001513e+01 2.356146452916900280e+00
1.431000000000001471e+01 1.776402728501551787e+00
1.433000000000001428e+01 1.338500275332802358e+00
1.435000000000001386e+01 9.501737251654712724e-01
1.437000000000001343e+01 7.283129193896444864e-01
1.439000000000001300e+01 5.088687121423514093e-01
1.441000000000001258e+01 3.111966007778396714e-01
1.443000000000001215e+01 1.907468772915502653e-01
1.445000000000001172e+01 1.050152291491221329e-01
1.447000000000001130e+01 5.137765231894372842e-02
1.449000000000001087e+01 1.898757879145843153e-02
1.451000000000001044e+01 5.490977948044322050e-03
1.453000000000001002e+01 2.775554036543777942e-03
1.455000000000000959e+01 2.763155437521170980e-03
1.457000000000000917e+01 2.750886737761012134e-03
1.459000000000000874e+01 2.738690582079037969e-03
1.461000000000000831e+01 8.223688006055849582e-06
1.463000000000000789e+01 7.079786932499323466e-11
1.465000000000000746e+01 0.000000000000000000e+00
1.467000000000000703e+01 0.000000000000000000e+00
1.469000000000000661e+01 0.000000000000000000e+00
1.471000000000000618e+01 0.000000000000000000e+00
1.473000000000000576e+01 0.000000000000000000e+00
1.475000000000000533e+01 0.000000000000000000e+00
1.477000000000000490e+01 0.000000000000000000e+00
1.479000000000000448e+01 0.000000000000000000e+00
1.481000000000000405e+01 0.000000000000000000e+00
1.483000000000000362e+01 0.000000000000000000e+00
1.485000000000000320e+01 0.000000000000000000e+00
1.487000000000000277e+01 0.000000000000000000e+00
1.489000000000000234e+01 0.000000000000000000e+00
1.491000000000000192e+01 0.000000000000000000e+00
1.493000000000000149e+01 0.000000000000000000e+00
1.495000000000000107e+01 0.000000000000000000e+00
1.497000000000000064e+01 0.000000000000000000e+00
1.499000000000000021e+01 0.000000000000000000e+00
