# Redshift		Merger Rate Density [Gpc^-3yr^-1]
1.000000000031931770e-02 2.194832220258823696e+01
3.000000000031888964e-02 2.309665887608734991e+01
5.000000000031846331e-02 2.402954593724995647e+01
7.000000000031804392e-02 2.512956593279709949e+01
9.000000000031761760e-02 2.620794952538461331e+01
1.100000000003171913e-01 2.726251430427233657e+01
1.300000000003167511e-01 2.846561461855298347e+01
1.500000000003163247e-01 2.959092018154127857e+01
1.700000000003158984e-01 3.054282010787151691e+01
1.900000000003154721e-01 3.265406113858608705e+01
2.100000000003150458e-01 3.323100421546904926e+01
2.300000000003146194e-01 3.479831769764101068e+01
2.500000000003141931e-01 3.593155806814475994e+01
2.700000000003137668e-01 3.710345760025356299e+01
2.900000000003133405e-01 3.869866452385667799e+01
3.100000000003129141e-01 3.985251501765242210e+01
3.300000000003124878e-01 4.151503395238258776e+01
3.500000000003120615e-01 4.269647588227599755e+01
3.700000000003116352e-01 4.446662747843889463e+01
3.900000000003112088e-01 4.589342719490803546e+01
4.100000000003107825e-01 4.728037337896907388e+01
4.300000000003103562e-01 4.897543306442270250e+01
4.500000000003099299e-01 5.025842538839796703e+01
4.700000000003095035e-01 5.196289475376473632e+01
4.900000000003090772e-01 5.345085627147010854e+01
5.100000000003086509e-01 5.524683153493927534e+01
5.300000000003082246e-01 5.597953271588600899e+01
5.500000000003077982e-01 5.811658936756506222e+01
5.700000000003073719e-01 5.954538244970201077e+01
5.900000000003069456e-01 6.124538071741439893e+01
6.100000000003065193e-01 6.276849627063474202e+01
6.300000000003060929e-01 6.403077535677331866e+01
6.500000000003056666e-01 6.617471234037509475e+01
6.700000000003052403e-01 6.746589408247812969e+01
6.900000000003048140e-01 6.963932710869215725e+01
7.100000000003043876e-01 7.095992493389702815e+01
7.300000000003039613e-01 7.298166745798370414e+01
7.500000000003035350e-01 7.470683719823277613e+01
7.700000000003031086e-01 7.664370778657330163e+01
7.900000000003026823e-01 7.746329631964673013e+01
8.100000000003022560e-01 7.985882683209069910e+01
8.300000000003018297e-01 8.170021633564864771e+01
8.500000000003014033e-01 8.375471664425573692e+01
8.700000000003009770e-01 8.545471171674365962e+01
8.900000000003005507e-01 8.704442841314670432e+01
9.100000000003001244e-01 8.827708898235736967e+01
9.300000000002996980e-01 9.072069410256318633e+01
9.500000000002992717e-01 9.215197415284629301e+01
9.700000000002988454e-01 9.494539954227558098e+01
9.900000000002984191e-01 9.538223582953357038e+01
1.010000000000297993e+00 9.819293715782806942e+01
1.030000000000297566e+00 9.979966069636206782e+01
1.050000000000297140e+00 1.021815228276730494e+02
1.070000000000296714e+00 1.029252849902793088e+02
1.090000000000296287e+00 1.053596620627523919e+02
1.110000000000295861e+00 1.069968558507127057e+02
1.130000000000295435e+00 1.082179728151152034e+02
1.150000000000295008e+00 1.107277156904431621e+02
1.170000000000294582e+00 1.124335668208658774e+02
1.190000000000294156e+00 1.129115864107480576e+02
1.210000000000293729e+00 1.164147852341066169e+02
1.230000000000293303e+00 1.168363605866475012e+02
1.250000000000292877e+00 1.184814060552300816e+02
1.270000000000292451e+00 1.205206189882812851e+02
1.290000000000292024e+00 1.211192995995636323e+02
1.310000000000291598e+00 1.226355641156770275e+02
1.330000000000291172e+00 1.248367924622418457e+02
1.350000000000290745e+00 1.268982064617022303e+02
1.370000000000290319e+00 1.279242096816631289e+02
1.390000000000289893e+00 1.300232652677403848e+02
1.410000000000289466e+00 1.293232631098870797e+02
1.430000000000289040e+00 1.320466042274850054e+02
1.450000000000288614e+00 1.325192924498254854e+02
1.470000000000288187e+00 1.338854889228866512e+02
1.490000000000287761e+00 1.358691009662322529e+02
1.510000000000287335e+00 1.363118013117476153e+02
1.530000000000286908e+00 1.377716554875284771e+02
1.550000000000286482e+00 1.377668224433311366e+02
1.570000000000286056e+00 1.402230509124103719e+02
1.590000000000285629e+00 1.404565998275088248e+02
1.610000000000285203e+00 1.405046231459810997e+02
1.630000000000284777e+00 1.411095673683131224e+02
1.650000000000284350e+00 1.422925202065744941e+02
1.670000000000283924e+00 1.425362962326767899e+02
1.690000000000283498e+00 1.433864573982861828e+02
1.710000000000283071e+00 1.436634989676656176e+02
1.730000000000282645e+00 1.448271675753886996e+02
1.750000000000282219e+00 1.443538094002290677e+02
1.770000000000281792e+00 1.445346348226374857e+02
1.790000000000281366e+00 1.459034965703125692e+02
1.810000000000280940e+00 1.446800794307316380e+02
1.830000000000280513e+00 1.468299762969066080e+02
1.850000000000280087e+00 1.463952395334376035e+02
1.870000000000279661e+00 1.459056728256368274e+02
1.890000000000279234e+00 1.461187652878588210e+02
1.910000000000278808e+00 1.477843277928213865e+02
1.930000000000278382e+00 1.453501218585933259e+02
1.950000000000277955e+00 1.461428585173882766e+02
1.970000000000277529e+00 1.440457977018903932e+02
1.990000000000277103e+00 1.443170320017059396e+02
2.010000000000276899e+00 1.442350710263453379e+02
2.030000000000276472e+00 1.432200713577567512e+02
2.050000000000276046e+00 1.448147209205762067e+02
2.070000000000275620e+00 1.421121317020459287e+02
2.090000000000275193e+00 1.419515373377089986e+02
2.110000000000274767e+00 1.412053248326357391e+02
2.130000000000274341e+00 1.391712786561560620e+02
2.150000000000273914e+00 1.391211949687474316e+02
2.170000000000273488e+00 1.375732185426398360e+02
2.190000000000273062e+00 1.373165293438865433e+02
2.210000000000272635e+00 1.362735327397874130e+02
2.230000000000272209e+00 1.363919302867748797e+02
2.250000000000271783e+00 1.344105311057845142e+02
2.270000000000271356e+00 1.332064983260952715e+02
2.290000000000270930e+00 1.320165191325166631e+02
2.310000000000270504e+00 1.305205697443637121e+02
2.330000000000270077e+00 1.294372777255303220e+02
2.350000000000269651e+00 1.289818851010047069e+02
2.370000000000269225e+00 1.273108712620442020e+02
2.390000000000268798e+00 1.263601417756185299e+02
2.410000000000268372e+00 1.242305210390644987e+02
2.430000000000267946e+00 1.241160100795398904e+02
2.450000000000267519e+00 1.232056381216704892e+02
2.470000000000267093e+00 1.205562207216887600e+02
2.490000000000266667e+00 1.203387131211762693e+02
2.510000000000266240e+00 1.196327085708867628e+02
2.530000000000265814e+00 1.174578753867485688e+02
2.550000000000265388e+00 1.170351396763010428e+02
2.570000000000264961e+00 1.149076301875789028e+02
2.590000000000264535e+00 1.140739043660795886e+02
2.610000000000264109e+00 1.131356455631732558e+02
2.630000000000263682e+00 1.110928898195408152e+02
2.650000000000263256e+00 1.102888807287891950e+02
2.670000000000262830e+00 1.091134623711678842e+02
2.690000000000262403e+00 1.072675632345298169e+02
2.710000000000261977e+00 1.067688579907562172e+02
2.730000000000261551e+00 1.054633549891506306e+02
2.750000000000261124e+00 1.042757303792571548e+02
2.770000000000260698e+00 1.023561146998204379e+02
2.790000000000260272e+00 1.012265505951914832e+02
2.810000000000259845e+00 9.991854096539172758e+01
2.830000000000259419e+00 9.849327649584944311e+01
2.850000000000258993e+00 9.763746061042235169e+01
2.870000000000258567e+00 9.710040996348345743e+01
2.890000000000258140e+00 9.506906800364465937e+01
2.910000000000257714e+00 9.373761454625808653e+01
2.930000000000257288e+00 9.205701965223673255e+01
2.950000000000256861e+00 9.170523939260128543e+01
2.970000000000256435e+00 9.046142430829712566e+01
2.990000000000256009e+00 8.914984879547151309e+01
3.010000000000255582e+00 8.828761565867731065e+01
3.030000000000255156e+00 8.709804678250563370e+01
3.050000000000254730e+00 8.552481454595977084e+01
3.070000000000254303e+00 8.447242561971054897e+01
3.090000000000253877e+00 8.373955453528924409e+01
3.110000000000253451e+00 8.196732545636298539e+01
3.130000000000253024e+00 8.132118364074493400e+01
3.150000000000252598e+00 8.065591554369719063e+01
3.170000000000252172e+00 7.852937006051220692e+01
3.190000000000251745e+00 7.800158264254015705e+01
3.210000000000251319e+00 7.722253001386648918e+01
3.230000000000250893e+00 7.665726188178173572e+01
3.250000000000250466e+00 7.525161592566931290e+01
3.270000000000250040e+00 7.404017334176182885e+01
3.290000000000249614e+00 7.315733334346734296e+01
3.310000000000249187e+00 7.223385634947133838e+01
3.330000000000248761e+00 7.158844101706910124e+01
3.350000000000248335e+00 6.984890032547892247e+01
3.370000000000247908e+00 6.878060465274882063e+01
3.390000000000247482e+00 6.850144616824026400e+01
3.410000000000247056e+00 6.725702218192246562e+01
3.430000000000246629e+00 6.690146189323036197e+01
3.450000000000246203e+00 6.622671856650543987e+01
3.470000000000245777e+00 6.452897671695751569e+01
3.490000000000245350e+00 6.413417272287804849e+01
3.510000000000244924e+00 6.290397050994905470e+01
3.530000000000244498e+00 6.246408408382060173e+01
3.550000000000244071e+00 6.189374518915002454e+01
3.570000000000243645e+00 6.102957550317142932e+01
3.590000000000243219e+00 6.012785520927073435e+01
3.610000000000242792e+00 5.936396420528018325e+01
3.630000000000242366e+00 5.799127334032046832e+01
3.650000000000241940e+00 5.741695447384235962e+01
3.670000000000241513e+00 5.611744336163818048e+01
3.690000000000241087e+00 5.525929824371557686e+01
3.710000000000240661e+00 5.516508696145681512e+01
3.730000000000240234e+00 5.412818436624088037e+01
3.750000000000239808e+00 5.375341136609279857e+01
3.770000000000239382e+00 5.306483808094250776e+01
3.790000000000238956e+00 5.204537317366139604e+01
3.810000000000238529e+00 5.139159444342703864e+01
3.830000000000238103e+00 5.105117759633598951e+01
3.850000000000237677e+00 5.040155729329512724e+01
3.870000000000237250e+00 4.963091035851254418e+01
3.890000000000236824e+00 4.860772622911009222e+01
3.910000000000236398e+00 4.815611685142519605e+01
3.930000000000235971e+00 4.790374275031598472e+01
3.950000000000235545e+00 4.703417602745870596e+01
3.970000000000235119e+00 4.609983197442188896e+01
3.990000000000234692e+00 4.591938495280882648e+01
4.010000000000234266e+00 4.553815661610455123e+01
4.030000000000233840e+00 4.484304287295673674e+01
4.050000000000233413e+00 4.421295001099334598e+01
4.070000000000232987e+00 4.348262035302596473e+01
4.090000000000232561e+00 4.314048094789964694e+01
4.110000000000232134e+00 4.246123410816269939e+01
4.130000000000231708e+00 4.165186898111643643e+01
4.150000000000231282e+00 4.173526637256630778e+01
4.170000000000230855e+00 4.110026359840362176e+01
4.190000000000230429e+00 4.044799182696575457e+01
4.210000000000230003e+00 4.021592159685822310e+01
4.230000000000229576e+00 3.964305251590010215e+01
4.250000000000229150e+00 3.915004966263153108e+01
4.270000000000228724e+00 3.862920067770564714e+01
4.290000000000228297e+00 3.800897784716866568e+01
4.310000000000227871e+00 3.796472101489652573e+01
4.330000000000227445e+00 3.721384911664983264e+01
4.350000000000227018e+00 3.695030355280572820e+01
4.370000000000226592e+00 3.677806414307352867e+01
4.390000000000226166e+00 3.597857436535922915e+01
4.410000000000225739e+00 3.561691035266514405e+01
4.430000000000225313e+00 3.515738852130628800e+01
4.450000000000224887e+00 3.512497565104379049e+01
4.470000000000224460e+00 3.475877888023614304e+01
4.490000000000224034e+00 3.409949789465328251e+01
4.510000000000223608e+00 3.394498593024403732e+01
4.530000000000223181e+00 3.327357092684312789e+01
4.550000000000222755e+00 3.277006259806144328e+01
4.570000000000222329e+00 3.253259139157341195e+01
4.590000000000221902e+00 3.255429843923668187e+01
4.610000000000221476e+00 3.209966937531127229e+01
4.630000000000221050e+00 3.206799170768136520e+01
4.650000000000220624e+00 3.098050318911901257e+01
4.670000000000220197e+00 3.097227502659284326e+01
4.690000000000219771e+00 3.064056681614940914e+01
4.710000000000219345e+00 3.026597258532122581e+01
4.730000000000218918e+00 2.998005823992171770e+01
4.750000000000218492e+00 2.988728496805195078e+01
4.770000000000218066e+00 2.901603835127038522e+01
4.790000000000217639e+00 2.910410268561376768e+01
4.810000000000217213e+00 2.877242785318489382e+01
4.830000000000216787e+00 2.847911193515295736e+01
4.850000000000216360e+00 2.824389791878336098e+01
4.870000000000215934e+00 2.769653356480777617e+01
4.890000000000215508e+00 2.770404972656593756e+01
4.910000000000215081e+00 2.742890069325416391e+01
4.930000000000214655e+00 2.694850660003146103e+01
4.950000000000214229e+00 2.693813285593432028e+01
4.970000000000213802e+00 2.671354612457221833e+01
4.990000000000213376e+00 2.631050861676789054e+01
5.010000000000212950e+00 2.603154296249028476e+01
5.030000000000212523e+00 2.582796962927126927e+01
5.050000000000212097e+00 2.551859579271912537e+01
5.070000000000211671e+00 2.547266285845247324e+01
5.090000000000211244e+00 2.500797570756907362e+01
5.110000000000210818e+00 2.473400034300370720e+01
5.130000000000210392e+00 2.492782559533490883e+01
5.150000000000209965e+00 2.449508200523602852e+01
5.170000000000209539e+00 2.417897921164723840e+01
5.190000000000209113e+00 2.411573730197345000e+01
5.210000000000208686e+00 2.383677501421817624e+01
5.230000000000208260e+00 2.349848942914236005e+01
5.250000000000207834e+00 2.372691307551407647e+01
5.270000000000207407e+00 2.302538995801080901e+01
5.290000000000206981e+00 2.297154669906239377e+01
5.310000000000206555e+00 2.270188386043239959e+01
5.330000000000206128e+00 2.241021746870892883e+01
5.350000000000205702e+00 2.250818949272887792e+01
5.370000000000205276e+00 2.218369677919512384e+01
5.390000000000204849e+00 2.191274204371687517e+01
5.410000000000204423e+00 2.195676980159436198e+01
5.430000000000203997e+00 2.142031274971336074e+01
5.450000000000203570e+00 2.173490020671448519e+01
5.470000000000203144e+00 2.121294346477897008e+01
5.490000000000202718e+00 2.107297835088315097e+01
5.510000000000202292e+00 2.088863030731563342e+01
5.530000000000201865e+00 2.067168835830553775e+01
5.550000000000201439e+00 2.067676244376384176e+01
5.570000000000201013e+00 2.041012849569132825e+01
5.590000000000200586e+00 2.015061020740938602e+01
5.610000000000200160e+00 2.007213121646130105e+01
5.630000000000199734e+00 2.002465694172114041e+01
5.650000000000199307e+00 1.965489066867479906e+01
5.670000000000198881e+00 1.983436381640216339e+01
5.690000000000198455e+00 1.946620381337027439e+01
5.710000000000198028e+00 1.942002738474509727e+01
5.730000000000197602e+00 1.912579526924260520e+01
5.750000000000197176e+00 1.919268284366254917e+01
5.770000000000196749e+00 1.870327252884621672e+01
5.790000000000196323e+00 1.872866923465759825e+01
5.810000000000195897e+00 1.884109623222997598e+01
5.830000000000195470e+00 1.848829607146306486e+01
5.850000000000195044e+00 1.820525556599663730e+01
5.870000000000194618e+00 1.829044965969902137e+01
5.890000000000194191e+00 1.816190391742049570e+01
5.910000000000193765e+00 1.811492140283366581e+01
5.930000000000193339e+00 1.784540631230921193e+01
5.950000000000192912e+00 1.778699409325196257e+01
5.970000000000192486e+00 1.747624911040944795e+01
5.990000000000192060e+00 1.741113255072494681e+01
6.010000000000191633e+00 1.740233543467341804e+01
6.030000000000191207e+00 1.722502199894404740e+01
6.050000000000190781e+00 1.722825604254660803e+01
6.070000000000190354e+00 1.712081685389422603e+01
6.090000000000189928e+00 1.702485946396831906e+01
6.110000000000189502e+00 1.664153700565010752e+01
6.130000000000189075e+00 1.691156149930985819e+01
6.150000000000188649e+00 1.648837495505225803e+01
6.170000000000188223e+00 1.648148734415872951e+01
6.190000000000187796e+00 1.649321471023079155e+01
6.210000000000187370e+00 1.641889255080985777e+01
6.230000000000186944e+00 1.607546725478124117e+01
6.250000000000186517e+00 1.598975802682397074e+01
6.270000000000186091e+00 1.601645065182355410e+01
6.290000000000185665e+00 1.577211168574168454e+01
6.310000000000185238e+00 1.560328840915145676e+01
6.330000000000184812e+00 1.576378589785988282e+01
6.350000000000184386e+00 1.550639149655597748e+01
6.370000000000183960e+00 1.549420550310520284e+01
6.390000000000183533e+00 1.545487564099011379e+01
6.410000000000183107e+00 1.517677076924038637e+01
6.430000000000182681e+00 1.520924971829189332e+01
6.450000000000182254e+00 1.498918761391690602e+01
6.470000000000181828e+00 1.505645940295857699e+01
6.490000000000181402e+00 1.485393748421197024e+01
6.510000000000180975e+00 1.474317592507856745e+01
6.530000000000180549e+00 1.479390667935146375e+01
6.550000000000180123e+00 1.459719638326233770e+01
6.570000000000179696e+00 1.453188429637510914e+01
6.590000000000179270e+00 1.446696294082000911e+01
6.610000000000178844e+00 1.447809292892100075e+01
6.630000000000178417e+00 1.431128646868356746e+01
6.650000000000177991e+00 1.437003961242526451e+01
6.670000000000177565e+00 1.417525106020718262e+01
6.690000000000177138e+00 1.394814417890143510e+01
6.710000000000176712e+00 1.414913048742635837e+01
6.730000000000176286e+00 1.385461541732327184e+01
6.750000000000175859e+00 1.388110973856948682e+01
6.770000000000175433e+00 1.386396826415916372e+01
6.790000000000175007e+00 1.362763734070190580e+01
6.810000000000174580e+00 1.364333934987251240e+01
6.830000000000174154e+00 1.360171214793743566e+01
6.850000000000173728e+00 1.341177564513424691e+01
6.870000000000173301e+00 1.331427597676066732e+01
6.890000000000172875e+00 1.326917497081776531e+01
6.910000000000172449e+00 1.333176941488619072e+01
6.930000000000172022e+00 1.321677553345117317e+01
6.950000000000171596e+00 1.301383964153369099e+01
6.970000000000171170e+00 1.309346575527155032e+01
6.990000000000170743e+00 1.304899667166010779e+01
7.010000000000170317e+00 1.295185409978079960e+01
7.030000000000169891e+00 1.287231160942516439e+01
7.050000000000169464e+00 1.282227385082000914e+01
7.070000000000169038e+00 1.255156296157709583e+01
7.090000000000168612e+00 1.256906602711818266e+01
7.110000000000168185e+00 1.262089273435212355e+01
7.130000000000167759e+00 1.243243559943649856e+01
7.150000000000167333e+00 1.247038648932256244e+01
7.170000000000166906e+00 1.246632798617636340e+01
7.190000000000166480e+00 1.234726703717301177e+01
7.210000000000166054e+00 1.226631454948827127e+01
7.230000000000165628e+00 1.223644074368496426e+01
7.250000000000165201e+00 1.212559243460143676e+01
7.270000000000164775e+00 1.209609000794059241e+01
7.290000000000164349e+00 1.188077225870895504e+01
7.310000000000163922e+00 1.196128919112599220e+01
7.330000000000163496e+00 1.191120885443508826e+01
7.350000000000163070e+00 1.188359140530945446e+01
7.370000000000162643e+00 1.186284736213352531e+01
7.390000000000162217e+00 1.169949127517682896e+01
7.410000000000161791e+00 1.166186255386142179e+01
7.430000000000161364e+00 1.146706740437781136e+01
7.450000000000160938e+00 1.148730554830660289e+01
7.470000000000160512e+00 1.140991592501930363e+01
7.490000000000160085e+00 1.144606085360307546e+01
7.510000000000159659e+00 1.133786081644129240e+01
7.530000000000159233e+00 1.126932423899420854e+01
7.550000000000158806e+00 1.117979998107912998e+01
7.570000000000158380e+00 1.113781540854449403e+01
7.590000000000157954e+00 1.114530254575143786e+01
7.610000000000157527e+00 1.105385726531704194e+01
7.630000000000157101e+00 1.103105714266059323e+01
7.650000000000156675e+00 1.103885810003450096e+01
7.670000000000156248e+00 1.085251057289585752e+01
7.690000000000155822e+00 1.082547379712101510e+01
7.710000000000155396e+00 1.075408967895688406e+01
7.730000000000154969e+00 1.077924958937908784e+01
7.750000000000154543e+00 1.066859993339245527e+01
7.770000000000154117e+00 1.054564803617499535e+01
7.790000000000153690e+00 1.063596929677660619e+01
7.810000000000153264e+00 1.059206188108166913e+01
7.830000000000152838e+00 1.045900536827907246e+01
7.850000000000152411e+00 1.036464638767641055e+01
7.870000000000151985e+00 1.024864545172703423e+01
7.890000000000151559e+00 1.030120082258912539e+01
7.910000000000151132e+00 1.018332870808653645e+01
7.930000000000150706e+00 1.010797127262086015e+01
7.950000000000150280e+00 1.007438949698094000e+01
7.970000000000149853e+00 1.010055675505246420e+01
7.990000000000149427e+00 1.000933759060410999e+01
8.010000000000149001e+00 9.937886442840824230e+00
8.030000000000148574e+00 9.814315581388111553e+00
8.050000000000148148e+00 9.814553776445004374e+00
8.070000000000147722e+00 9.833760584973763486e+00
8.090000000000147296e+00 9.679377011435816414e+00
8.110000000000146869e+00 9.720385805632830056e+00
8.130000000000146443e+00 9.528798354279718552e+00
8.150000000000146017e+00 9.584953590567216963e+00
8.170000000000145590e+00 9.498075528152824631e+00
8.190000000000145164e+00 9.495952851862309529e+00
8.210000000000144738e+00 9.371398952366147839e+00
8.230000000000144311e+00 9.385733593848714307e+00
8.250000000000143885e+00 9.269964008668825528e+00
8.270000000000143459e+00 9.208859959556065178e+00
8.290000000000143032e+00 9.155664340023088599e+00
8.310000000000142606e+00 9.177930986115280021e+00
8.330000000000142180e+00 9.051952503397998839e+00
8.350000000000141753e+00 9.007088027504476457e+00
8.370000000000141327e+00 8.975016606357034021e+00
8.390000000000140901e+00 8.844065276106997331e+00
8.410000000000140474e+00 8.843929388392501423e+00
8.430000000000140048e+00 8.781991815698827253e+00
8.450000000000139622e+00 8.731836393649224703e+00
8.470000000000139195e+00 8.603927944994355315e+00
8.490000000000138769e+00 8.618787504279582734e+00
8.510000000000138343e+00 8.634525814726858428e+00
8.530000000000137916e+00 8.536222270661163236e+00
8.550000000000137490e+00 8.449226512367321362e+00
8.570000000000137064e+00 8.455978845605914174e+00
8.590000000000136637e+00 8.391379076169103612e+00
8.610000000000136211e+00 8.254116094076113797e+00
8.630000000000135785e+00 8.257049830889137354e+00
8.650000000000135358e+00 8.190471727248157308e+00
8.670000000000134932e+00 8.145189902979195651e+00
8.690000000000134506e+00 8.161981455522031581e+00
8.710000000000134079e+00 8.033657422774682644e+00
8.730000000000133653e+00 7.978172208645953667e+00
8.750000000000133227e+00 7.892495690120019169e+00
8.770000000000132800e+00 7.823076764944333128e+00
8.790000000000132374e+00 7.838552633187486407e+00
8.810000000000131948e+00 7.732394101581201440e+00
8.830000000000131521e+00 7.642903680724799642e+00
8.850000000000131095e+00 7.716702045560805523e+00
8.870000000000130669e+00 7.650852394382343213e+00
8.890000000000130242e+00 7.552766850343131999e+00
8.910000000000129816e+00 7.560460095180075335e+00
8.930000000000129390e+00 7.393489302624876913e+00
8.950000000000128964e+00 7.359558788084004100e+00
8.970000000000128537e+00 7.335264359935112388e+00
8.990000000000128111e+00 7.332501526098709199e+00
9.010000000000127685e+00 7.238074478648491628e+00
9.030000000000127258e+00 7.157876959219588997e+00
9.050000000000126832e+00 7.114677719516705245e+00
9.070000000000126406e+00 7.033652287089569022e+00
9.090000000000125979e+00 7.011215031771628858e+00
9.110000000000125553e+00 6.993502925091904743e+00
9.130000000000125127e+00 6.961076999404899546e+00
9.150000000000124700e+00 6.847784200310941038e+00
9.170000000000124274e+00 6.778258013055596720e+00
9.190000000000123848e+00 6.710407940484053313e+00
9.210000000000123421e+00 6.711625846528209038e+00
9.230000000000122995e+00 6.710453853789510426e+00
9.250000000000122569e+00 6.637087624390883178e+00
9.270000000000122142e+00 6.585266516294327133e+00
9.290000000000121716e+00 6.463333714406222619e+00
9.310000000000121290e+00 6.426652465426114347e+00
9.330000000000120863e+00 6.449755835227709788e+00
9.350000000000120437e+00 6.343573587387804302e+00
9.370000000000120011e+00 6.268900149959379497e+00
9.390000000000119584e+00 6.234218760678140292e+00
9.410000000000119158e+00 6.231127934387860279e+00
9.430000000000118732e+00 6.125723656545286389e+00
9.450000000000118305e+00 6.078262357896245582e+00
9.470000000000117879e+00 6.049602646553969620e+00
9.490000000000117453e+00 5.967247207509680962e+00
9.510000000000117026e+00 5.968258500758718554e+00
9.530000000000116600e+00 5.916235811352222207e+00
9.550000000000116174e+00 5.914747483514439352e+00
9.570000000000115747e+00 5.770779236633008402e+00
9.590000000000115321e+00 5.726955988558678712e+00
9.610000000000114895e+00 5.714764338427173129e+00
9.630000000000114468e+00 5.667123482659910394e+00
9.650000000000114042e+00 5.602760915778659978e+00
9.670000000000113616e+00 5.549214022356255605e+00
9.690000000000113189e+00 5.515834756689213414e+00
9.710000000000112763e+00 5.488366400636589759e+00
9.730000000000112337e+00 5.426477642402891988e+00
9.750000000000111910e+00 5.397649704088188116e+00
9.770000000000111484e+00 5.338180524531376037e+00
9.790000000000111058e+00 5.273591590720852373e+00
9.810000000000110632e+00 5.255142163121936605e+00
9.830000000000110205e+00 5.222792508627961183e+00
9.850000000000109779e+00 5.150960196210291109e+00
9.870000000000109353e+00 5.092633381132738890e+00
9.890000000000108926e+00 5.083038998594491709e+00
9.910000000000108500e+00 5.000741632130668357e+00
9.930000000000108074e+00 4.955645981969407643e+00
9.950000000000107647e+00 4.920906101523649490e+00
9.970000000000107221e+00 4.856897449092592467e+00
9.990000000000106795e+00 4.873741722942916965e+00
1.001000000000010637e+01 4.806218259257125425e+00
1.003000000000010594e+01 4.768001120476938581e+00
1.005000000000010552e+01 4.734701454692911149e+00
1.007000000000010509e+01 4.699683702772768257e+00
1.009000000000010466e+01 4.600426087609513104e+00
1.011000000000010424e+01 4.622077606383305337e+00
1.013000000000010381e+01 4.575677896905982145e+00
1.015000000000010338e+01 4.536532497011631193e+00
1.017000000000010296e+01 4.467238866304183098e+00
1.019000000000010253e+01 4.428529725958954444e+00
1.021000000000010210e+01 4.391941590595594747e+00
1.023000000000010168e+01 4.363600119107672981e+00
1.025000000000010125e+01 4.390546365212884439e+00
1.027000000000010083e+01 4.263712472276767862e+00
1.029000000000010040e+01 4.260718799363075071e+00
1.031000000000009997e+01 4.181179235918055959e+00
1.033000000000009955e+01 4.176499922032003376e+00
1.035000000000009912e+01 4.166685446814192062e+00
1.037000000000009869e+01 4.124632475086055017e+00
1.039000000000009827e+01 4.056605982072335692e+00
1.041000000000009784e+01 4.052395320488524355e+00
1.043000000000009742e+01 4.001957252052570801e+00
1.045000000000009699e+01 3.983049758393665041e+00
1.047000000000009656e+01 3.944454577644933568e+00
1.049000000000009614e+01 3.904756230784520721e+00
1.051000000000009571e+01 3.922431921593122706e+00
1.053000000000009528e+01 3.827125755287707154e+00
1.055000000000009486e+01 3.813086891819079671e+00
1.057000000000009443e+01 3.757504403598185050e+00
1.059000000000009400e+01 3.782348303420123514e+00
1.061000000000009358e+01 3.690250083624026622e+00
1.063000000000009315e+01 3.677718499498345839e+00
1.065000000000009273e+01 3.672684822127682214e+00
1.067000000000009230e+01 3.631551968763917060e+00
1.069000000000009187e+01 3.629239261383845783e+00
1.071000000000009145e+01 3.563714645453362806e+00
1.073000000000009102e+01 3.529244094711514013e+00
1.075000000000009059e+01 3.529857378729467587e+00
1.077000000000009017e+01 3.519781996422418402e+00
1.079000000000008974e+01 3.464572595612609440e+00
1.081000000000008932e+01 3.406627926186777344e+00
1.083000000000008889e+01 3.442384624449499775e+00
1.085000000000008846e+01 3.419176205130029178e+00
1.087000000000008804e+01 3.339388910709478075e+00
1.089000000000008761e+01 3.310500199708654279e+00
1.091000000000008718e+01 3.320825780934716587e+00
1.093000000000008676e+01 3.300910027710635575e+00
1.095000000000008633e+01 3.292765317551202386e+00
1.097000000000008590e+01 3.232635021950777343e+00
1.099000000000008548e+01 3.175445269126984993e+00
1.101000000000008505e+01 3.222887708919306426e+00
1.103000000000008463e+01 3.164060360779039627e+00
1.105000000000008420e+01 3.168189189018112195e+00
1.107000000000008377e+01 3.147249059402392746e+00
1.109000000000008335e+01 3.142133017496955727e+00
1.111000000000008292e+01 3.057096351054175098e+00
1.113000000000008249e+01 3.054039362770475385e+00
1.115000000000008207e+01 3.019117124866201429e+00
1.117000000000008164e+01 3.041824058723680224e+00
1.119000000000008122e+01 3.024493822660652143e+00
1.121000000000008079e+01 3.011221535788971781e+00
1.123000000000008036e+01 2.951478862231999400e+00
1.125000000000007994e+01 2.988531294270222904e+00
1.127000000000007951e+01 2.919181986155215736e+00
1.129000000000007908e+01 2.893257996177628133e+00
1.131000000000007866e+01 2.896388688455968197e+00
1.133000000000007823e+01 2.903797804593996723e+00
1.135000000000007780e+01 2.861489040452324328e+00
1.137000000000007738e+01 2.834717616647579153e+00
1.139000000000007695e+01 2.816367619975967518e+00
1.141000000000007653e+01 2.796567748278839804e+00
1.143000000000007610e+01 2.803944706169640533e+00
1.145000000000007567e+01 2.781908645417672243e+00
1.147000000000007525e+01 2.753233236425038477e+00
1.149000000000007482e+01 2.794986206785340599e+00
1.151000000000007439e+01 2.735361827166551851e+00
1.153000000000007397e+01 2.722951037393884111e+00
1.155000000000007354e+01 2.719807768538252901e+00
1.157000000000007311e+01 2.686170672678381610e+00
1.159000000000007269e+01 2.676106037864231624e+00
1.161000000000007226e+01 2.628009051567437915e+00
1.163000000000007184e+01 2.620347337373944985e+00
1.165000000000007141e+01 2.665350103311305396e+00
1.167000000000007098e+01 2.617832679527866357e+00
1.169000000000007056e+01 2.648978287746327709e+00
1.171000000000007013e+01 2.565235940881356314e+00
1.173000000000006970e+01 2.611603963926937499e+00
1.175000000000006928e+01 2.591157346148119434e+00
1.177000000000006885e+01 2.563553152877708907e+00
1.179000000000006843e+01 2.518883606696273425e+00
1.181000000000006800e+01 2.506682658734249003e+00
1.183000000000006757e+01 2.506388987704199156e+00
1.185000000000006715e+01 2.530161033796001213e+00
1.187000000000006672e+01 2.502544198394226260e+00
1.189000000000006629e+01 2.495863291043663335e+00
1.191000000000006587e+01 2.459104287418033330e+00
1.193000000000006544e+01 2.455761432476403883e+00
1.195000000000006501e+01 2.455008272789402479e+00
1.197000000000006459e+01 2.423483666998079489e+00
1.199000000000006416e+01 2.481811656790326559e+00
1.201000000000006374e+01 2.422050968608660426e+00
1.203000000000006331e+01 2.418011293958783892e+00
1.205000000000006288e+01 2.363714218800958111e+00
1.207000000000006246e+01 2.409984663346102174e+00
1.209000000000006203e+01 2.339267488887592172e+00
1.211000000000006160e+01 2.375999783467000359e+00
1.213000000000006118e+01 2.372411304082895356e+00
1.215000000000006075e+01 2.377229149422144250e+00
1.217000000000006033e+01 2.316477091580203762e+00
1.219000000000005990e+01 2.354958619876004633e+00
1.221000000000005947e+01 2.312866164417460624e+00
1.223000000000005905e+01 2.328836555209540027e+00
1.225000000000005862e+01 2.288403658866684509e+00
1.227000000000005819e+01 2.273827451278973566e+00
1.229000000000005777e+01 2.275167488081638378e+00
1.231000000000005734e+01 2.258437335084189090e+00
1.233000000000005691e+01 2.255570961747941361e+00
1.235000000000005649e+01 2.287093531429200688e+00
1.237000000000005606e+01 2.276088808893987903e+00
1.239000000000005564e+01 2.234626945301855905e+00
1.241000000000005521e+01 2.240883699275574070e+00
1.243000000000005478e+01 2.182003552714963934e+00
1.245000000000005436e+01 2.226936916783992526e+00
1.247000000000005393e+01 2.177264953657118696e+00
1.249000000000005350e+01 2.193348980133920545e+00
1.251000000000005308e+01 2.159883306359593913e+00
1.253000000000005265e+01 2.193147118409838114e+00
1.255000000000005222e+01 2.213083846673786770e+00
1.257000000000005180e+01 2.146567419325934534e+00
1.259000000000005137e+01 2.137271237811516844e+00
1.261000000000005095e+01 2.099794464541625327e+00
1.263000000000005052e+01 2.128489726012727346e+00
1.265000000000005009e+01 2.103874179779103848e+00
1.267000000000004967e+01 2.150923050471592823e+00
1.269000000000004924e+01 2.122267419372073860e+00
1.271000000000004881e+01 2.083443396831663463e+00
1.273000000000004839e+01 2.121981138521560339e+00
1.275000000000004796e+01 2.039483756450027219e+00
1.277000000000004754e+01 2.016305070674062616e+00
1.279000000000004711e+01 2.018500745948355046e+00
1.281000000000004668e+01 2.079735459771652195e+00
1.283000000000004626e+01 2.038493416220128918e+00
1.285000000000004583e+01 2.012263722395219112e+00
1.287000000000004540e+01 2.033784308760388626e+00
1.289000000000004498e+01 2.051061167753732928e+00
1.291000000000004455e+01 2.011535169881568663e+00
1.293000000000004412e+01 1.993426830842740971e+00
1.295000000000004370e+01 1.967252258115175900e+00
1.297000000000004327e+01 1.955371582213365711e+00
1.299000000000004285e+01 1.968546878595058836e+00
1.301000000000004242e+01 1.955647720665547595e+00
1.303000000000004199e+01 1.948130619424552235e+00
1.305000000000004157e+01 1.932725584600174740e+00
1.307000000000004114e+01 1.934320192410316830e+00
1.309000000000004071e+01 1.932096894104676998e+00
1.311000000000004029e+01 1.912203150317258737e+00
1.313000000000003986e+01 1.898815833125908625e+00
1.315000000000003944e+01 1.869523612807047375e+00
1.317000000000003901e+01 1.906358873775591656e+00
1.319000000000003858e+01 1.883240739382302298e+00
1.321000000000003816e+01 1.869230699249513572e+00
1.323000000000003773e+01 1.882900767108458773e+00
1.325000000000003730e+01 1.844808116128849429e+00
1.327000000000003688e+01 1.842675941517148752e+00
1.329000000000003645e+01 1.836236015774821206e+00
1.331000000000003602e+01 1.824569963012853346e+00
1.333000000000003560e+01 1.787906026547227079e+00
1.335000000000003517e+01 1.810222012831353533e+00
1.337000000000003475e+01 1.795125088004162484e+00
1.339000000000003432e+01 1.800662223253879812e+00
1.341000000000003389e+01 1.799861821496429259e+00
1.343000000000003347e+01 1.801939017837668189e+00
1.345000000000003304e+01 1.738644821764230297e+00
1.347000000000003261e+01 1.725612156402880792e+00
1.349000000000003219e+01 1.768629204084464002e+00
1.351000000000003176e+01 1.690780948558675334e+00
1.353000000000003133e+01 1.727143912278084281e+00
1.355000000000003091e+01 1.692566212347643484e+00
1.357000000000003048e+01 1.745771819925359125e+00
1.359000000000003006e+01 1.673028623069172882e+00
1.361000000000002963e+01 1.701248248763818083e+00
1.363000000000002920e+01 1.617432702487342278e+00
1.365000000000002878e+01 1.581052678423165769e+00
1.367000000000002835e+01 1.597152029983098354e+00
1.369000000000002792e+01 1.558002017574704690e+00
1.371000000000002750e+01 1.552552836725661134e+00
1.373000000000002707e+01 1.529969579844297822e+00
1.375000000000002665e+01 1.465901678936187169e+00
1.377000000000002622e+01 1.405349802947925442e+00
1.379000000000002579e+01 1.393245640371660654e+00
1.381000000000002537e+01 1.352157506720627733e+00
1.383000000000002494e+01 1.318202425294980440e+00
1.385000000000002451e+01 1.285810123593036369e+00
1.387000000000002409e+01 1.229072727800501141e+00
1.389000000000002366e+01 1.228108439302416199e+00
1.391000000000002323e+01 1.215428554777516101e+00
1.393000000000002281e+01 1.179549876354620386e+00
1.395000000000002238e+01 1.130446527886668884e+00
1.397000000000002196e+01 1.111431021590648660e+00
1.399000000000002153e+01 1.077986660481799142e+00
1.401000000000002110e+01 1.023893171879298070e+00
1.403000000000002068e+01 9.455340969707607401e-01
1.405000000000002025e+01 9.117930471293694827e-01
1.407000000000001982e+01 8.272544554865571831e-01
1.409000000000001940e+01 7.794173430160985516e-01
1.411000000000001897e+01 7.310172264604061221e-01
1.413000000000001855e+01 6.539302748864669335e-01
1.415000000000001812e+01 5.769824019341391885e-01
1.417000000000001769e+01 5.427576399275109154e-01
1.419000000000001727e+01 4.678584949910754576e-01
1.421000000000001684e+01 4.714618427744397544e-01
1.423000000000001641e+01 4.127228803602460139e-01
1.425000000000001599e+01 3.875715962428761263e-01
1.427000000000001556e+01 3.195734325600439463e-01
1.429000000000001513e+01 2.556079387730084140e-01
1.431000000000001471e+01 2.179333975961827985e-01
1.433000000000001428e+01 2.058821649182693558e-01
1.435000000000001386e+01 1.758092352379907741e-01
1.437000000000001343e+01 1.383180771895851091e-01
1.439000000000001300e+01 1.241465748190456880e-01
1.441000000000001258e+01 1.052508562372683754e-01
1.443000000000001215e+01 9.414627707439192361e-02
1.445000000000001172e+01 8.024870791791943736e-02
1.447000000000001130e+01 4.053293824913047766e-02
1.449000000000001087e+01 2.443315565026796948e-02
1.451000000000001044e+01 1.373730566701720016e-02
1.453000000000001002e+01 1.098746542592852343e-02
1.455000000000000959e+01 1.369258184854732323e-02
1.457000000000000917e+01 8.158588740434900496e-03
1.459000000000000874e+01 2.793010576831330815e-03
1.461000000000000831e+01 5.560422821331237483e-05
1.463000000000000789e+01 1.159762028949478250e-10
1.465000000000000746e+01 2.845226142580235972e-17
1.467000000000000703e+01 2.493934815113737620e-17
1.469000000000000661e+01 0.000000000000000000e+00
1.471000000000000618e+01 0.000000000000000000e+00
1.473000000000000576e+01 0.000000000000000000e+00
1.475000000000000533e+01 0.000000000000000000e+00
1.477000000000000490e+01 0.000000000000000000e+00
1.479000000000000448e+01 0.000000000000000000e+00
1.481000000000000405e+01 0.000000000000000000e+00
1.483000000000000362e+01 0.000000000000000000e+00
1.485000000000000320e+01 0.000000000000000000e+00
1.487000000000000277e+01 0.000000000000000000e+00
1.489000000000000234e+01 0.000000000000000000e+00
1.491000000000000192e+01 0.000000000000000000e+00
1.493000000000000149e+01 0.000000000000000000e+00
1.495000000000000107e+01 0.000000000000000000e+00
1.497000000000000064e+01 0.000000000000000000e+00
1.499000000000000021e+01 0.000000000000000000e+00
