#Redshift Merger_Rate_Density[Gpc^-3yr^-1]
4.008016032064176670e-02 1.133475720766906770e-05
1.202404809619253001e-01 0.000000000000000000e+00
2.004008016032088335e-01 0.000000000000000000e+00
2.805611222444923669e-01 0.000000000000000000e+00
3.607214428857759003e-01 0.000000000000000000e+00
4.408817635270558810e-01 0.000000000000000000e+00
5.210420841683358617e-01 0.000000000000000000e+00
6.012024048096193951e-01 1.480757038005204258e-07
6.813627254509029285e-01 1.670644779617645686e-06
7.615230460921864619e-01 1.060608478989391343e-05
8.416833667334699953e-01 2.261797616456250997e-05
9.218436873747535287e-01 1.835724707729961775e-06
1.002004008016033509e+00 6.272317104400495245e-06
1.082164328657313490e+00 3.891370121271657247e-05
1.162324649298597024e+00 1.381246454794304215e-05
1.242484969939880557e+00 4.408561392032203842e-05
1.322645290581164090e+00 1.280340121678319997e-05
1.402805611222447624e+00 4.373891550268939874e-05
1.482965931863731157e+00 2.660501603605440276e-06
1.563126252505011138e+00 1.662442867201964339e-06
1.643286573146291119e+00 3.836833045467635628e-06
1.723446893787574652e+00 7.115385125904081280e-06
1.803607214428858185e+00 1.497465094601626610e-05
1.883767535070141719e+00 4.254096153331287354e-05
1.963927855711425252e+00 5.283319924716863708e-05
2.044088176352708786e+00 1.993266815021263539e-05
2.124248496993992319e+00 4.326463761360173295e-05
2.204408817635272300e+00 8.125357271065456529e-05
2.284569138276552280e+00 7.938788693406161273e-05
2.364729458917835814e+00 8.051801405191843272e-05
2.444889779559119347e+00 6.501415832995286544e-05
2.525050100200402881e+00 5.893734486103388960e-05
2.605210420841686414e+00 4.424381958213368288e-05
2.685370741482969947e+00 5.972363269846032519e-05
2.765531062124249928e+00 5.055765611679785939e-05
2.845691382765529909e+00 2.147829772286511947e-05
2.925851703406813442e+00 2.375454051371496278e-05
3.006012024048096976e+00 3.409906358780801302e-05
3.086172344689380509e+00 5.884634552405314088e-05
3.166332665330664042e+00 8.109324298849179943e-05
3.246492985971947576e+00 1.141686093714263338e-04
3.326653306613227556e+00 1.231081650886491324e-04
3.406813627254507537e+00 1.041449119018319840e-04
3.486973947895791071e+00 8.693751444706679897e-05
3.567134268537074604e+00 6.997078526808856033e-05
3.647294589178358137e+00 6.911159904133571069e-05
3.727454909819641671e+00 9.515649670150179591e-05
3.807615230460925204e+00 1.160502314645996049e-04
3.887775551102208738e+00 1.435381650231994989e-04
3.967935871743488718e+00 1.712195852340033908e-04
4.048096192384768699e+00 1.896399263805701460e-04
4.128256513026052232e+00 1.987150899347411837e-04
4.208416833667335766e+00 2.148056277541029460e-04
4.288577154308619299e+00 2.356496286617805306e-04
4.368737474949902833e+00 2.787136795810493521e-04
4.448897795591186366e+00 1.042072363748028363e-02
4.529058116232466347e+00 1.078461678897741499e-02
4.609218436873746327e+00 1.142147841293461412e-02
4.689378757515029861e+00 1.246518523965436422e-02
4.769539078156313394e+00 1.333461836621196474e-02
4.849699398797596928e+00 1.417766861935768931e-02
4.929859719438880461e+00 1.503484691584522186e-02
5.010020040080163994e+00 1.571913319424401642e-02
5.090180360721443975e+00 1.620616442565753212e-02
5.170340681362723956e+00 1.733932964521798722e-02
5.250501002004007489e+00 1.866512966639448379e-02
5.330661322645291023e+00 1.990174778019176624e-02
5.410821643286574556e+00 2.123752564910488805e-02
5.490981963927858089e+00 2.198310458321999297e-02
5.571142284569141623e+00 2.379553210508836281e-02
5.651302605210425156e+00 2.743528592398978422e-02
5.731462925851705137e+00 2.831454384795760795e-02
5.811623246492985118e+00 2.685794130095937524e-02
5.891783567134268651e+00 2.787910238417334874e-02
5.971943887775552184e+00 3.008340360141794484e-02
6.052104208416835718e+00 3.162205413587327457e-02
6.132264529058119251e+00 3.383665476550379303e-02
6.212424849699402785e+00 3.773208912164918716e-02
6.292585170340682765e+00 4.135076117025181242e-02
6.372745490981962746e+00 4.092640721193330222e-02
6.452905811623246279e+00 3.956109857154611192e-02
6.533066132264529813e+00 4.034672349083969628e-02
6.613226452905813346e+00 4.187582168044657466e-02
6.693386773547096880e+00 4.498476866523598572e-02
6.773547094188380413e+00 4.877926767731161073e-02
6.853707414829660394e+00 5.244369710513484967e-02
6.933867735470940374e+00 5.466059133662734548e-02
7.014028056112223908e+00 5.585305084903254697e-02
7.094188376753507441e+00 5.581336678181780114e-02
7.174348697394790975e+00 5.728681580876997248e-02
7.254509018036074508e+00 6.063194221500763093e-02
7.334669338677358041e+00 6.403028658186388222e-02
7.414829659318641575e+00 6.584293121266336646e-02
7.494989979959921556e+00 6.617481207658336417e-02
7.575150300601201536e+00 6.548380563274966426e-02
7.655310621242485070e+00 6.401981739798186244e-02
7.735470941883768603e+00 6.457380345283673939e-02
7.815631262525052136e+00 6.779276974544574952e-02
7.895791583166335670e+00 7.186245133246516037e-02
7.975951903807617427e+00 7.734257364540744750e-02
8.056112224448899184e+00 8.281966065239836083e-02
8.136272545090182717e+00 8.696645241687656069e-02
8.216432865731464474e+00 8.716147581849885417e-02
8.296593186372746231e+00 8.866045086861218394e-02
8.376753507014029765e+00 9.330591480119426739e-02
8.456913827655311522e+00 9.995140042347654130e-02
8.537074148296593279e+00 1.061068399425841996e-01
8.617234468937876812e+00 1.105549456425239663e-01
8.697394789579160346e+00 1.131990652905139755e-01
8.777555110220442103e+00 1.133720542897406897e-01
8.857715430861723860e+00 1.126421031752612018e-01
8.937875751503007393e+00 1.127236331577762263e-01
9.018036072144290927e+00 1.156288978481473106e-01
9.098196392785572684e+00 1.185875814486465202e-01
9.178356713426854441e+00 1.212048486198523262e-01
9.258517034068137974e+00 1.255683096209782301e-01
9.338677354709419731e+00 1.311610674231348805e-01
9.418837675350701488e+00 1.383649779313215200e-01
9.498997995991985022e+00 1.499365530667482460e-01
9.579158316633268555e+00 1.622857211376189657e-01
9.659318637274550312e+00 1.730439586442577837e-01
9.739478957915832069e+00 1.828850750627836752e-01
9.819639278557115603e+00 1.903359175456721952e-01
9.899799599198399136e+00 2.006416551038639196e-01
9.979959919839680893e+00 2.135039986960569347e-01
1.006012024048096265e+01 2.257015133467970558e-01
1.014028056112224618e+01 2.366141492003124847e-01
1.022044088176352794e+01 2.433183804637743253e-01
1.030060120240480970e+01 2.497399808642663532e-01
1.038076152304609323e+01 2.572436924678693226e-01
1.046092184368737676e+01 2.647329908233384543e-01
1.054108216432865852e+01 2.716806836888661092e-01
1.062124248496994028e+01 2.802089019135852732e-01
1.070140280561122381e+01 2.883025034207776227e-01
1.078156312625250735e+01 2.993208756391967373e-01
1.086172344689378910e+01 3.151818662105978497e-01
1.094188376753507086e+01 3.317388194701844095e-01
1.102204408817635439e+01 3.501610099977184309e-01
1.110220440881763615e+01 3.706564093844696428e-01
1.118236472945891791e+01 3.808207506705972301e-01
1.126252505010020144e+01 3.915184534692842666e-01
1.134268537074148497e+01 3.953418991728040455e-01
1.142284569138276673e+01 4.081106589750128077e-01
1.150300601202404849e+01 4.249962631325197027e-01
1.158316633266533202e+01 4.486425480740386940e-01
1.166332665330661555e+01 4.705226383946152224e-01
1.174348697394789731e+01 4.878262570069321069e-01
1.182364729458917907e+01 5.038722518903583358e-01
1.190380761523046260e+01 5.119951780286430276e-01
1.198396793587174436e+01 5.273078992175440627e-01
1.206412825651302612e+01 5.437038012719659363e-01
1.214428857715430965e+01 5.647524312357232734e-01
1.222444889779559318e+01 5.806990944751359018e-01
1.230460921843687494e+01 5.915754239303518958e-01
1.238476953907815670e+01 6.037903257155073922e-01
1.246492985971944023e+01 6.125401687311674559e-01
1.254509018036072376e+01 6.287522934206308811e-01
1.262525050100200552e+01 6.468299275934679127e-01
1.270541082164328728e+01 6.684930221827430907e-01
1.278557114228457081e+01 6.848006476195556136e-01
1.286573146292585257e+01 6.881595873096821858e-01
1.294589178356713433e+01 6.901037313140916396e-01
1.302605210420841786e+01 6.873367660750638874e-01
1.310621242484970139e+01 6.843338483138118322e-01
1.318637274549098315e+01 6.909614737944410612e-01
1.326653306613226491e+01 7.009065599790249568e-01
1.334669338677354844e+01 7.131036421411424131e-01
1.342685370741483197e+01 7.279097981814411922e-01
1.350701402805611373e+01 7.359621961419401392e-01
1.358717434869739549e+01 7.408099332986107788e-01
1.366733466933867902e+01 7.536177535435593100e-01
1.374749498997996078e+01 7.626724471647249315e-01
1.382765531062124253e+01 7.693296449786215518e-01
1.390781563126252607e+01 7.734920800746512004e-01
1.398797595190380960e+01 7.770994655583008948e-01
1.406813627254509136e+01 7.814107413946481673e-01
1.414829659318637312e+01 7.919808141214399466e-01
1.422845691382765665e+01 8.028602493215761804e-01
1.430861723446894018e+01 8.159715068840982521e-01
1.438877755511022194e+01 8.210896733364053679e-01
1.446893787575150370e+01 8.271699309193358829e-01
1.454909819639278723e+01 8.366020488460548243e-01
1.462925851703406899e+01 8.446185911092638499e-01
1.470941883767535074e+01 8.602994022512255867e-01
1.478957915831663428e+01 8.780542746597118642e-01
1.486973947895791781e+01 8.880276766877253092e-01
1.494989979959919957e+01 9.003083806244321918e-01
1.503006012024048133e+01 9.108246381740243702e-01
1.511022044088176486e+01 9.128294809721548830e-01
1.519038076152304662e+01 9.145537544705936162e-01
1.527054108216432837e+01 9.120761851435021939e-01
1.535070140280561191e+01 9.021717708808318914e-01
1.543086172344689544e+01 8.987290872184432455e-01
1.551102204408817720e+01 8.955573386062434249e-01
1.559118236472945895e+01 8.896243747557861514e-01
1.567134268537074249e+01 8.875347027527596966e-01
1.575150300601202602e+01 8.855037089284141238e-01
1.583166332665330778e+01 8.929796745707492267e-01
1.591182364729458953e+01 8.935372037244720955e-01
1.599198396793587307e+01 8.864858836224088767e-01
1.607214428857715660e+01 8.787892374420274155e-01
1.615230460921843658e+01 8.593048583256848172e-01
1.623246492985972012e+01 8.477540321891225972e-01
1.631262525050100365e+01 8.360938880762909253e-01
1.639278557114228363e+01 8.282316104646946231e-01
1.647294589178356716e+01 8.138490417292705281e-01
1.655310621242485070e+01 8.021980466444502689e-01
1.663326653306613423e+01 8.061548635444000244e-01
1.671342685370741776e+01 8.026859052687288498e-01
1.679358717434869774e+01 8.036511192999672426e-01
1.687374749498998128e+01 8.080990618205119436e-01
1.695390781563126126e+01 8.194058866931833718e-01
1.703406813627254479e+01 8.234965269429344037e-01
1.711422845691382832e+01 8.235271240319572694e-01
1.719438877755511186e+01 8.176133514189265483e-01
1.727454909819639539e+01 8.129354564110932158e-01
1.735470941883767537e+01 8.055811093139416679e-01
1.743486973947895891e+01 7.920649721761057194e-01
1.751503006012024244e+01 7.943666910197000330e-01
1.759519038076152242e+01 7.870766809310423273e-01
1.767535070140280595e+01 7.723529922360510280e-01
1.775551102204408949e+01 7.660936935629499844e-01
1.783567134268537302e+01 7.534776740681851104e-01
1.791583166332665300e+01 7.407914917971729629e-01
1.799599198396793653e+01 7.261055305736878740e-01
1.807615230460922007e+01 7.135517599900682573e-01
1.815631262525050005e+01 7.020086133231466796e-01
1.823647294589178358e+01 6.915193459993891345e-01
1.831663326653306711e+01 6.817504171981217942e-01
1.839679358717435065e+01 6.735173873601224548e-01
1.847695390781563418e+01 6.657883356508779160e-01
1.855711422845691416e+01 6.588489588692449939e-01
1.863727454909819770e+01 6.452974422763037010e-01
1.871743486973947768e+01 6.340813123304813725e-01
1.879759519038076121e+01 6.183608234051715113e-01
1.887775551102204474e+01 6.007148037755094538e-01
1.895791583166332828e+01 5.852418716206037042e-01
1.903807615230461181e+01 5.683333192357544750e-01
1.911823647294589179e+01 5.455176632202559661e-01
1.919839679358717532e+01 5.277284789827560996e-01
1.927855711422845886e+01 5.079916999552541723e-01
1.935871743486973884e+01 4.856407902309013425e-01
1.943887775551102237e+01 4.672497553891323818e-01
1.951903807615230590e+01 4.490743162466245275e-01
1.959919839679358944e+01 4.307752694108958891e-01
1.967935871743486942e+01 4.139588506953950087e-01
1.975951903807615295e+01 3.989362471785296571e-01
1.983967935871743649e+01 3.851016373786734781e-01
1.991983967935871647e+01 3.718422661103550908e-01
2.000000000000000000e+01 3.612705533939963298e-01
2.008016032064128353e+01 3.488346724924215048e-01
2.016032064128256707e+01 3.389038230002520136e-01
2.024048096192385060e+01 3.299254320780495298e-01
2.032064128256513058e+01 3.214040792774955357e-01
2.040080160320641411e+01 3.100194928863038157e-01
2.048096192384769410e+01 3.054618745150535220e-01
2.056112224448897763e+01 2.993483109884707560e-01
2.064128256513026116e+01 2.936437187771556712e-01
2.072144288577154470e+01 2.914830506907403751e-01
2.080160320641282823e+01 2.860637119691190611e-01
2.088176352705410821e+01 2.846481681186781021e-01
2.096192384769539174e+01 2.816898190474210750e-01
2.104208416833667528e+01 2.781592824972252687e-01
2.112224448897795526e+01 2.732110018936291240e-01
2.120240480961923879e+01 2.659563319681360616e-01
2.128256513026052232e+01 2.588112710964943219e-01
2.136272545090180586e+01 2.490704396288120626e-01
2.144288577154308584e+01 2.405234748215865914e-01
2.152304609218436937e+01 2.288556348023895459e-01
2.160320641282565290e+01 2.157084676696175707e-01
2.168336673346693289e+01 2.032669011708408691e-01
2.176352705410821642e+01 1.922812731996475788e-01
2.184368737474949995e+01 1.807952395052833117e-01
2.192384769539078349e+01 1.672036228969011051e-01
2.200400801603206702e+01 1.568086117145205682e-01
2.208416833667334700e+01 1.460854940357078080e-01
2.216432865731463053e+01 1.375332483212106105e-01
2.224448897795591051e+01 1.298002437108887186e-01
2.232464929859719405e+01 1.222879109098428396e-01
2.240480961923847758e+01 1.159846024806999443e-01
2.248496993987976111e+01 1.088466339524367110e-01
2.256513026052104465e+01 1.047335005922926249e-01
2.264529058116232463e+01 9.938644001279824114e-02
2.272545090180360816e+01 9.446941246756607180e-02
2.280561122244489169e+01 9.150919816354836922e-02
2.288577154308617168e+01 8.833619107274946758e-02
2.296593186372745521e+01 8.523880014805869376e-02
2.304609218436873874e+01 8.251057269837142050e-02
2.312625250501002228e+01 7.934415105038949978e-02
2.320641282565130226e+01 7.657445430014436782e-02
2.328657314629258579e+01 7.381803064319421293e-02
2.336673346693386932e+01 7.009601313570867909e-02
2.344689378757514930e+01 6.690155798725362646e-02
2.352705410821643284e+01 6.343366641096423453e-02
2.360721442885771637e+01 5.992780854693102732e-02
2.368737474949899990e+01 5.642864806537124800e-02
2.376753507014028344e+01 5.242895345306992916e-02
2.384769539078156342e+01 4.953167291131511246e-02
2.392785571142284695e+01 4.622781739402473389e-02
2.400801603206412693e+01 4.282604284203370831e-02
2.408817635270541047e+01 3.993295915991974115e-02
2.416833667334669400e+01 3.687705413417683570e-02
2.424849699398797753e+01 3.384440950438005052e-02
2.432865731462926107e+01 3.108888550161415312e-02
2.440881763527054460e+01 2.795127153633602049e-02
2.448897795591182458e+01 2.560116251558897105e-02
2.456913827655310456e+01 2.345042615600471947e-02
2.464929859719438809e+01 2.123459124074545540e-02
2.472945891783567163e+01 1.947124997126694484e-02
2.480961923847695516e+01 1.807409694157982236e-02
2.488977955911823869e+01 1.721756990368232890e-02
2.496993987975952223e+01 1.626737852300309817e-02
2.505010020040080221e+01 1.590265493561770702e-02
2.513026052104208219e+01 1.567345781341574970e-02
2.521042084168336572e+01 1.491015260111742263e-02
2.529058116232464926e+01 1.423118392812679385e-02
2.537074148296593279e+01 1.330780811080708309e-02
2.545090180360721632e+01 1.250977429690026607e-02
2.553106212424849986e+01 1.155095319531383204e-02
2.561122244488977984e+01 1.048489452565336093e-02
2.569138276553105982e+01 9.319754437874354369e-03
2.577154308617234335e+01 8.062054570677996967e-03
2.585170340681362688e+01 6.780437639543296195e-03
2.593186372745491042e+01 5.719468878038768550e-03
2.601202404809619395e+01 4.783858124089945124e-03
2.609218436873747748e+01 4.173151875271619883e-03
2.617234468937876102e+01 3.551773181407440107e-03
2.625250501002004100e+01 3.006862554810147380e-03
2.633266533066132098e+01 2.524614507859196649e-03
2.641282565130260451e+01 2.261223619616482394e-03
2.649298597194388805e+01 2.227485625053462516e-03
2.657314629258517158e+01 2.207570503067037958e-03
2.665330661322645511e+01 2.225985375833576703e-03
2.673346693386773865e+01 2.075561507245271466e-03
2.681362725450901863e+01 1.724761101600542218e-03
2.689378757515029861e+01 1.268272574696068921e-03
2.697394789579158214e+01 9.602451790150045132e-04
2.705410821643286567e+01 8.673326078698797128e-04
2.713426853707414921e+01 7.472410415694105083e-04
2.721442885771543274e+01 6.052060006385476514e-04
2.729458917835671627e+01 4.458862249664428197e-04
2.737474949899799626e+01 3.030663771925911818e-04
2.745490981963927624e+01 1.857748605121285540e-04
2.753507014028055977e+01 1.072020803752100627e-04
2.761523046092184330e+01 2.501094868287383126e-05
2.769539078156312684e+01 0.000000000000000000e+00
2.777555110220441037e+01 0.000000000000000000e+00
2.785571142284569390e+01 0.000000000000000000e+00
2.793587174348697744e+01 0.000000000000000000e+00
2.801603206412825386e+01 0.000000000000000000e+00
2.809619238476953740e+01 0.000000000000000000e+00
2.817635270541082093e+01 0.000000000000000000e+00
2.825651302605210446e+01 0.000000000000000000e+00
2.833667334669338800e+01 0.000000000000000000e+00
2.841683366733467153e+01 0.000000000000000000e+00
2.849699398797595506e+01 0.000000000000000000e+00
2.857715430861723505e+01 0.000000000000000000e+00
2.865731462925851503e+01 0.000000000000000000e+00
2.873747494989979856e+01 0.000000000000000000e+00
2.881763527054108209e+01 0.000000000000000000e+00
2.889779559118236563e+01 0.000000000000000000e+00
2.897795591182364916e+01 0.000000000000000000e+00
2.905811623246493269e+01 0.000000000000000000e+00
2.913827655310621267e+01 0.000000000000000000e+00
2.921843687374749265e+01 0.000000000000000000e+00
2.929859719438877619e+01 0.000000000000000000e+00
2.937875751503005972e+01 0.000000000000000000e+00
2.945891783567134325e+01 0.000000000000000000e+00
2.953907815631262679e+01 0.000000000000000000e+00
2.961923847695391032e+01 0.000000000000000000e+00
2.969939879759519386e+01 0.000000000000000000e+00
2.977955911823647028e+01 0.000000000000000000e+00
2.985971943887775382e+01 0.000000000000000000e+00
2.993987975951903735e+01 0.000000000000000000e+00
3.002004008016032088e+01 0.000000000000000000e+00
3.010020040080160442e+01 0.000000000000000000e+00
3.018036072144288795e+01 0.000000000000000000e+00
3.026052104208417148e+01 0.000000000000000000e+00
3.034068136272545146e+01 0.000000000000000000e+00
3.042084168336673144e+01 0.000000000000000000e+00
3.050100200400801498e+01 0.000000000000000000e+00
3.058116232464929851e+01 0.000000000000000000e+00
3.066132264529058205e+01 0.000000000000000000e+00
3.074148296593186558e+01 0.000000000000000000e+00
3.082164328657314911e+01 0.000000000000000000e+00
3.090180360721442909e+01 0.000000000000000000e+00
3.098196392785570907e+01 0.000000000000000000e+00
3.106212424849699261e+01 0.000000000000000000e+00
3.114228456913827614e+01 0.000000000000000000e+00
3.122244488977955967e+01 0.000000000000000000e+00
3.130260521042084321e+01 0.000000000000000000e+00
3.138276553106212674e+01 0.000000000000000000e+00
3.146292585170341027e+01 0.000000000000000000e+00
3.154308617234468670e+01 0.000000000000000000e+00
3.162324649298597024e+01 0.000000000000000000e+00
3.170340681362725377e+01 0.000000000000000000e+00
3.178356713426853730e+01 0.000000000000000000e+00
3.186372745490982084e+01 0.000000000000000000e+00
3.194388777555110437e+01 0.000000000000000000e+00
3.202404809619238790e+01 0.000000000000000000e+00
3.210420841683367144e+01 0.000000000000000000e+00
3.218436873747494786e+01 0.000000000000000000e+00
3.226452905811623140e+01 0.000000000000000000e+00
3.234468937875751493e+01 0.000000000000000000e+00
3.242484969939879846e+01 0.000000000000000000e+00
3.250501002004008200e+01 0.000000000000000000e+00
3.258517034068136553e+01 0.000000000000000000e+00
3.266533066132264196e+01 0.000000000000000000e+00
3.274549098196392549e+01 0.000000000000000000e+00
3.282565130260520903e+01 0.000000000000000000e+00
3.290581162324649256e+01 0.000000000000000000e+00
3.298597194388777609e+01 0.000000000000000000e+00
3.306613226452905963e+01 0.000000000000000000e+00
3.314629258517034316e+01 0.000000000000000000e+00
3.322645290581162669e+01 0.000000000000000000e+00
3.330661322645291023e+01 0.000000000000000000e+00
3.338677354709418665e+01 0.000000000000000000e+00
3.346693386773547019e+01 0.000000000000000000e+00
3.354709418837675372e+01 0.000000000000000000e+00
3.362725450901803725e+01 0.000000000000000000e+00
3.370741482965932079e+01 0.000000000000000000e+00
3.378757515030059722e+01 0.000000000000000000e+00
3.386773547094188075e+01 0.000000000000000000e+00
3.394789579158316428e+01 0.000000000000000000e+00
3.402805611222444782e+01 0.000000000000000000e+00
3.410821643286573135e+01 0.000000000000000000e+00
3.418837675350701488e+01 0.000000000000000000e+00
3.426853707414829842e+01 0.000000000000000000e+00
3.434869739478958195e+01 0.000000000000000000e+00
3.442885771543086548e+01 0.000000000000000000e+00
3.450901803607214191e+01 0.000000000000000000e+00
3.458917835671342544e+01 0.000000000000000000e+00
3.466933867735470898e+01 0.000000000000000000e+00
3.474949899799599251e+01 0.000000000000000000e+00
3.482965931863727604e+01 0.000000000000000000e+00
3.490981963927855958e+01 0.000000000000000000e+00
3.498997995991983601e+01 0.000000000000000000e+00
3.507014028056111954e+01 0.000000000000000000e+00
3.515030060120240307e+01 0.000000000000000000e+00
3.523046092184368661e+01 0.000000000000000000e+00
3.531062124248497014e+01 0.000000000000000000e+00
3.539078156312625367e+01 0.000000000000000000e+00
3.547094188376753721e+01 0.000000000000000000e+00
3.555110220440882074e+01 0.000000000000000000e+00
3.563126252505010427e+01 0.000000000000000000e+00
3.571142284569138070e+01 0.000000000000000000e+00
3.579158316633266423e+01 0.000000000000000000e+00
3.587174348697394777e+01 0.000000000000000000e+00
3.595190380761523130e+01 0.000000000000000000e+00
3.603206412825651483e+01 0.000000000000000000e+00
3.611222444889779837e+01 0.000000000000000000e+00
3.619238476953907480e+01 0.000000000000000000e+00
3.627254509018035833e+01 0.000000000000000000e+00
3.635270541082164186e+01 0.000000000000000000e+00
3.643286573146292540e+01 0.000000000000000000e+00
3.651302605210420893e+01 0.000000000000000000e+00
3.659318637274549246e+01 0.000000000000000000e+00
3.667334669338677600e+01 0.000000000000000000e+00
3.675350701402805953e+01 0.000000000000000000e+00
3.683366733466934306e+01 0.000000000000000000e+00
3.691382765531061949e+01 0.000000000000000000e+00
3.699398797595190302e+01 0.000000000000000000e+00
3.707414829659318656e+01 0.000000000000000000e+00
3.715430861723447009e+01 0.000000000000000000e+00
3.723446893787575362e+01 0.000000000000000000e+00
3.731462925851703005e+01 0.000000000000000000e+00
3.739478957915831359e+01 0.000000000000000000e+00
3.747494989979959712e+01 0.000000000000000000e+00
3.755511022044088065e+01 0.000000000000000000e+00
3.763527054108216419e+01 0.000000000000000000e+00
3.771543086172344772e+01 0.000000000000000000e+00
3.779559118236473125e+01 0.000000000000000000e+00
3.787575150300601479e+01 0.000000000000000000e+00
3.795591182364729832e+01 0.000000000000000000e+00
3.803607214428857475e+01 0.000000000000000000e+00
3.811623246492985828e+01 0.000000000000000000e+00
3.819639278557114181e+01 0.000000000000000000e+00
3.827655310621242535e+01 0.000000000000000000e+00
3.835671342685370888e+01 0.000000000000000000e+00
3.843687374749499241e+01 0.000000000000000000e+00
3.851703406813626884e+01 0.000000000000000000e+00
3.859719438877755238e+01 0.000000000000000000e+00
3.867735470941883591e+01 0.000000000000000000e+00
3.875751503006011944e+01 0.000000000000000000e+00
3.883767535070140298e+01 0.000000000000000000e+00
3.891783567134268651e+01 0.000000000000000000e+00
3.899799599198397004e+01 0.000000000000000000e+00
3.907815631262525358e+01 0.000000000000000000e+00
3.915831663326653711e+01 0.000000000000000000e+00
3.923847695390781354e+01 0.000000000000000000e+00
3.931863727454909707e+01 0.000000000000000000e+00
3.939879759519038060e+01 0.000000000000000000e+00
3.947895791583166414e+01 0.000000000000000000e+00
3.955911823647294767e+01 0.000000000000000000e+00
3.963927855711423121e+01 0.000000000000000000e+00
3.971943887775550763e+01 0.000000000000000000e+00
3.979959919839679117e+01 0.000000000000000000e+00
3.987975951903807470e+01 0.000000000000000000e+00
3.995991983967935823e+01 0.000000000000000000e+00
