# Redshift		Merger Rate Density [Gpc^-3yr^-1]
1.000000000031931770e-02 3.054960713821668250e+01
3.000000000031888964e-02 3.210340498883766713e+01
5.000000000031846331e-02 3.358734306680436532e+01
7.000000000031804392e-02 3.506236200383214197e+01
9.000000000031761760e-02 3.665600708632585736e+01
1.100000000003171913e-01 3.856953773860399082e+01
1.300000000003167511e-01 4.014199910118686887e+01
1.500000000003163247e-01 4.211326490342035100e+01
1.700000000003158984e-01 4.377598339871732946e+01
1.900000000003154721e-01 4.535809416733908961e+01
2.100000000003150458e-01 4.715820412126713279e+01
2.300000000003146194e-01 4.923427642679180849e+01
2.500000000003141931e-01 5.063485786431343172e+01
2.700000000003137668e-01 5.311922575364481958e+01
2.900000000003133405e-01 5.501172095076533708e+01
3.100000000003129141e-01 5.668167909191789988e+01
3.300000000003124878e-01 5.861400909652975599e+01
3.500000000003120615e-01 6.053002666617685890e+01
3.700000000003116352e-01 6.236114885886412651e+01
3.900000000003112088e-01 6.424974406613063138e+01
4.100000000003107825e-01 6.656946400484578419e+01
4.300000000003103562e-01 6.816510353643873543e+01
4.500000000003099299e-01 7.008144718775933768e+01
4.700000000003095035e-01 7.230243232828050282e+01
4.900000000003090772e-01 7.425251434060152178e+01
5.100000000003086509e-01 7.672043409556268045e+01
5.300000000003082246e-01 7.866772960190402841e+01
5.500000000003077982e-01 8.050682805042377765e+01
5.700000000003073719e-01 8.225491755392701521e+01
5.900000000003069456e-01 8.483552891256825035e+01
6.100000000003065193e-01 8.736337686256480595e+01
6.300000000003060929e-01 8.878637567963893673e+01
6.500000000003056666e-01 9.120383127634244147e+01
6.700000000003052403e-01 9.353255048181887332e+01
6.900000000003048140e-01 9.481670058012704771e+01
7.100000000003043876e-01 9.698870137835419314e+01
7.300000000003039613e-01 9.897025802504114722e+01
7.500000000003035350e-01 1.013611711164270872e+02
7.700000000003031086e-01 1.031332930317788339e+02
7.900000000003026823e-01 1.054574101606450967e+02
8.100000000003022560e-01 1.071627118946320962e+02
8.300000000003018297e-01 1.091119546936851918e+02
8.500000000003014033e-01 1.115895652053619074e+02
8.700000000003009770e-01 1.133120152614486784e+02
8.900000000003005507e-01 1.152232710076216335e+02
9.100000000003001244e-01 1.173086249514171868e+02
9.300000000002996980e-01 1.191682537749901059e+02
9.500000000002992717e-01 1.204792399928159909e+02
9.700000000002988454e-01 1.232529632607714234e+02
9.900000000002984191e-01 1.248833114115452361e+02
1.010000000000297993e+00 1.265773768886436983e+02
1.030000000000297566e+00 1.282939493817679875e+02
1.050000000000297140e+00 1.295547539086607287e+02
1.070000000000296714e+00 1.316751496717841121e+02
1.090000000000296287e+00 1.328963742627594797e+02
1.110000000000295861e+00 1.343761918838743838e+02
1.130000000000295435e+00 1.357416459999813299e+02
1.150000000000295008e+00 1.368050111612043338e+02
1.170000000000294582e+00 1.383111539527213267e+02
1.190000000000294156e+00 1.400360209309401682e+02
1.210000000000293729e+00 1.405830859196535982e+02
1.230000000000293303e+00 1.416497907597379253e+02
1.250000000000292877e+00 1.429369594220907231e+02
1.270000000000292451e+00 1.436742427579454784e+02
1.290000000000292024e+00 1.442918107645364785e+02
1.310000000000291598e+00 1.456523349588250937e+02
1.330000000000291172e+00 1.461333236784196004e+02
1.350000000000290745e+00 1.461372326525102494e+02
1.370000000000290319e+00 1.466248544911410647e+02
1.390000000000289893e+00 1.476215767279115880e+02
1.410000000000289466e+00 1.475645264262826117e+02
1.430000000000289040e+00 1.485503750228537285e+02
1.450000000000288614e+00 1.482859567776741585e+02
1.470000000000288187e+00 1.491166358654016619e+02
1.490000000000287761e+00 1.488743231425866895e+02
1.510000000000287335e+00 1.485258427332796032e+02
1.530000000000286908e+00 1.483461493770934112e+02
1.550000000000286482e+00 1.478981593958391159e+02
1.570000000000286056e+00 1.476506613321789985e+02
1.590000000000285629e+00 1.478542143323763014e+02
1.610000000000285203e+00 1.469559443006150730e+02
1.630000000000284777e+00 1.464836701851297107e+02
1.650000000000284350e+00 1.465415527224275252e+02
1.670000000000283924e+00 1.450329497753517103e+02
1.690000000000283498e+00 1.447786693169850594e+02
1.710000000000283071e+00 1.429360053731487312e+02
1.730000000000282645e+00 1.426379000618198916e+02
1.750000000000282219e+00 1.413158459818128563e+02
1.770000000000281792e+00 1.400895890598308995e+02
1.790000000000281366e+00 1.387066279731866132e+02
1.810000000000280940e+00 1.381729073713948992e+02
1.830000000000280513e+00 1.364436677965787794e+02
1.850000000000280087e+00 1.347798052692499482e+02
1.870000000000279661e+00 1.331910680228052684e+02
1.890000000000279234e+00 1.316911634012107299e+02
1.910000000000278808e+00 1.295596954730268635e+02
1.930000000000278382e+00 1.282132626602584367e+02
1.950000000000277955e+00 1.274116266342792869e+02
1.970000000000277529e+00 1.242597527716535808e+02
1.990000000000277103e+00 1.232559190437337691e+02
2.010000000000276899e+00 1.213542686464347753e+02
2.030000000000276472e+00 1.187805603144448128e+02
2.050000000000276046e+00 1.174379925561153613e+02
2.070000000000275620e+00 1.147839337881122503e+02
2.090000000000275193e+00 1.132043312593643662e+02
2.110000000000274767e+00 1.114000082394707221e+02
2.130000000000274341e+00 1.087109263344225383e+02
2.150000000000273914e+00 1.080319280435513889e+02
2.170000000000273488e+00 1.053471719357664966e+02
2.190000000000273062e+00 1.028886641735507368e+02
2.210000000000272635e+00 1.018479271890147118e+02
2.230000000000272209e+00 9.908141554401211692e+01
2.250000000000271783e+00 9.652230861369632464e+01
2.270000000000271356e+00 9.543683384552626592e+01
2.290000000000270930e+00 9.477272420445724777e+01
2.310000000000270504e+00 9.568076782233561062e+01
2.330000000000270077e+00 9.314495194774981712e+01
2.350000000000269651e+00 9.132738859898616113e+01
2.370000000000269225e+00 8.814762164061926342e+01
2.390000000000268798e+00 8.803107341604955138e+01
2.410000000000268372e+00 8.578031630356252890e+01
2.430000000000267946e+00 8.089618812406266102e+01
2.450000000000267519e+00 7.660758086955732438e+01
2.470000000000267093e+00 7.373832765556143443e+01
2.490000000000266667e+00 7.150253750570573175e+01
2.510000000000266240e+00 6.953548306058415562e+01
2.530000000000265814e+00 6.727366512492088191e+01
2.550000000000265388e+00 6.510053260331454794e+01
2.570000000000264961e+00 6.368270909519299749e+01
2.590000000000264535e+00 6.165415889804428673e+01
2.610000000000264109e+00 5.974521980181313552e+01
2.630000000000263682e+00 5.882450300770632623e+01
2.650000000000263256e+00 5.741289680413194674e+01
2.670000000000262830e+00 5.543020432031191547e+01
2.690000000000262403e+00 5.369828929199480427e+01
2.710000000000261977e+00 5.213098301388730960e+01
2.730000000000261551e+00 5.075142238253142324e+01
2.750000000000261124e+00 4.934455267431204817e+01
2.770000000000260698e+00 4.805496821061475998e+01
2.790000000000260272e+00 4.653197657497513973e+01
2.810000000000259845e+00 4.511468552224614825e+01
2.830000000000259419e+00 4.436613421217733588e+01
2.850000000000258993e+00 4.310593361222494480e+01
2.870000000000258567e+00 4.194033765652985579e+01
2.890000000000258140e+00 4.088738300581475471e+01
2.910000000000257714e+00 3.937871866345918903e+01
2.930000000000257288e+00 3.831975021934112391e+01
2.950000000000256861e+00 3.688687049321324452e+01
2.970000000000256435e+00 3.599774106771295834e+01
2.990000000000256009e+00 3.480314980306533101e+01
3.010000000000255582e+00 3.426620307494521001e+01
3.030000000000255156e+00 3.337967906627626746e+01
3.050000000000254730e+00 3.222555064698332217e+01
3.070000000000254303e+00 3.168300868490479516e+01
3.090000000000253877e+00 3.060847293335457309e+01
3.110000000000253451e+00 2.970329556640468027e+01
3.130000000000253024e+00 2.938775972572955553e+01
3.150000000000252598e+00 2.825045522267154041e+01
3.170000000000252172e+00 2.792730517339811058e+01
3.190000000000251745e+00 2.693153313470329024e+01
3.210000000000251319e+00 2.616778943220052156e+01
3.230000000000250893e+00 2.547192058012466021e+01
3.250000000000250466e+00 2.499260655601728587e+01
3.270000000000250040e+00 2.457362537110567047e+01
3.290000000000249614e+00 2.376315830708703558e+01
3.310000000000249187e+00 2.301540985185584631e+01
3.330000000000248761e+00 2.275480386945471523e+01
3.350000000000248335e+00 2.197741216149911736e+01
3.370000000000247908e+00 2.184245515079026490e+01
3.390000000000247482e+00 2.104243474073522080e+01
3.410000000000247056e+00 2.088165654909141011e+01
3.430000000000246629e+00 2.026158143009032386e+01
3.450000000000246203e+00 1.987019252764533306e+01
3.470000000000245777e+00 1.946677283131054992e+01
3.490000000000245350e+00 1.925721714313186439e+01
3.510000000000244924e+00 1.870130340776195510e+01
3.530000000000244498e+00 1.833178946736317627e+01
3.550000000000244071e+00 1.772386994984794129e+01
3.570000000000243645e+00 1.755720606930013972e+01
3.590000000000243219e+00 1.747318582776242479e+01
3.610000000000242792e+00 1.722204569322610368e+01
3.630000000000242366e+00 1.665682996900541468e+01
3.650000000000241940e+00 1.671365807546995441e+01
3.670000000000241513e+00 1.589876579465634165e+01
3.690000000000241087e+00 1.567944690579893319e+01
3.710000000000240661e+00 1.546253895754856700e+01
3.730000000000240234e+00 1.511451393787828934e+01
3.750000000000239808e+00 1.478162476897278488e+01
3.770000000000239382e+00 1.450611516909189902e+01
3.790000000000238956e+00 1.428910147751786575e+01
3.810000000000238529e+00 1.416949006469353378e+01
3.830000000000238103e+00 1.399597271525021824e+01
3.850000000000237677e+00 1.395221143760310589e+01
3.870000000000237250e+00 1.330076594430653536e+01
3.890000000000236824e+00 1.344784559176958894e+01
3.910000000000236398e+00 1.311635246040503588e+01
3.930000000000235971e+00 1.279882268325323835e+01
3.950000000000235545e+00 1.275387775443151206e+01
3.970000000000235119e+00 1.256004489249012224e+01
3.990000000000234692e+00 1.215216888440568432e+01
4.010000000000234266e+00 1.230313346203003455e+01
4.030000000000233840e+00 1.197387302136611353e+01
4.050000000000233413e+00 1.183852939862276976e+01
4.070000000000232987e+00 1.175147030279279647e+01
4.090000000000232561e+00 1.145075748114597580e+01
4.110000000000232134e+00 1.144314049675909573e+01
4.130000000000231708e+00 1.125355175595258572e+01
4.150000000000231282e+00 1.109756808028815911e+01
4.170000000000230855e+00 1.089468475113861601e+01
4.190000000000230429e+00 1.092149182774420524e+01
4.210000000000230003e+00 1.055799639190977501e+01
4.230000000000229576e+00 1.076311285484473856e+01
4.250000000000229150e+00 1.030270942912559384e+01
4.270000000000228724e+00 1.024355394556877386e+01
4.290000000000228297e+00 1.023802937603772456e+01
4.310000000000227871e+00 9.991624411255298099e+00
4.330000000000227445e+00 9.919202579107896156e+00
4.350000000000227018e+00 9.804479408058732304e+00
4.370000000000226592e+00 9.876548254796832182e+00
4.390000000000226166e+00 9.762386203787016825e+00
4.410000000000225739e+00 9.685868301086864918e+00
4.430000000000225313e+00 9.325061571912575786e+00
4.450000000000224887e+00 9.168486166516625957e+00
4.470000000000224460e+00 9.184414358450545990e+00
4.490000000000224034e+00 9.242143002904828819e+00
4.510000000000223608e+00 8.993844982650450959e+00
4.530000000000223181e+00 9.144242312851272203e+00
4.550000000000222755e+00 8.829292585330479781e+00
4.570000000000222329e+00 8.884349267092533253e+00
4.590000000000221902e+00 8.587200978241746441e+00
4.610000000000221476e+00 8.667199718880445047e+00
4.630000000000221050e+00 8.667637730104436500e+00
4.650000000000220624e+00 8.276537512543693964e+00
4.670000000000220197e+00 8.373897539640710264e+00
4.690000000000219771e+00 8.252715095908461862e+00
4.710000000000219345e+00 7.997368304213043011e+00
4.730000000000218918e+00 8.088559770673555249e+00
4.750000000000218492e+00 7.967032064031885241e+00
4.770000000000218066e+00 7.918898645437593586e+00
4.790000000000217639e+00 7.688987809888559788e+00
4.810000000000217213e+00 7.714191958434318153e+00
4.830000000000216787e+00 7.656463911829466618e+00
4.850000000000216360e+00 7.626857060712946002e+00
4.870000000000215934e+00 7.445140790770411243e+00
4.890000000000215508e+00 7.496756734165369807e+00
4.910000000000215081e+00 7.331019499765911718e+00
4.930000000000214655e+00 7.520631209443099152e+00
4.950000000000214229e+00 7.246104772391188220e+00
4.970000000000213802e+00 7.182597102492407792e+00
4.990000000000213376e+00 7.278783399713964819e+00
5.010000000000212950e+00 6.976427506275360457e+00
5.030000000000212523e+00 7.054937518173132638e+00
5.050000000000212097e+00 6.966601548388936749e+00
5.070000000000211671e+00 6.857472973371452341e+00
5.090000000000211244e+00 6.795959730499158802e+00
5.110000000000210818e+00 6.899669326484841214e+00
5.130000000000210392e+00 6.857317452667029301e+00
5.150000000000209965e+00 6.597422565961602814e+00
5.170000000000209539e+00 6.608833405719126475e+00
5.190000000000209113e+00 6.585040830716211602e+00
5.210000000000208686e+00 6.453209431114880879e+00
5.230000000000208260e+00 6.393951919349221136e+00
5.250000000000207834e+00 6.593058397736121456e+00
5.270000000000207407e+00 6.292484429701234561e+00
5.290000000000206981e+00 6.147383659625553776e+00
5.310000000000206555e+00 6.060137013983494469e+00
5.330000000000206128e+00 6.216798941904150055e+00
5.350000000000205702e+00 6.087298636749369329e+00
5.370000000000205276e+00 6.051905589141111541e+00
5.390000000000204849e+00 5.994888820731549828e+00
5.410000000000204423e+00 5.976896058572889636e+00
5.430000000000203997e+00 5.954257534761728365e+00
5.450000000000203570e+00 5.687899866508197455e+00
5.470000000000203144e+00 5.720313567328532578e+00
5.490000000000202718e+00 5.835349936249309089e+00
5.510000000000202292e+00 5.521210050313453799e+00
5.530000000000201865e+00 5.634850474155976841e+00
5.550000000000201439e+00 5.525558395607824913e+00
5.570000000000201013e+00 5.659959771321684485e+00
5.590000000000200586e+00 5.486651671323021340e+00
5.610000000000200160e+00 5.532188817435668149e+00
5.630000000000199734e+00 5.347806988462898481e+00
5.650000000000199307e+00 5.192872404525425978e+00
5.670000000000198881e+00 5.143989093676361257e+00
5.690000000000198455e+00 5.208815324000233282e+00
5.710000000000198028e+00 5.191811015801701679e+00
5.730000000000197602e+00 5.156419196902449542e+00
5.750000000000197176e+00 5.199154910749252068e+00
5.770000000000196749e+00 5.046853639938905012e+00
5.790000000000196323e+00 4.962598931700475724e+00
5.810000000000195897e+00 4.885648687484612118e+00
5.830000000000195470e+00 4.882120313606282735e+00
5.850000000000195044e+00 5.043452750015370079e+00
5.870000000000194618e+00 4.766620387374945089e+00
5.890000000000194191e+00 4.695891945695751524e+00
5.910000000000193765e+00 4.761150222304946666e+00
5.930000000000193339e+00 4.650548959741541921e+00
5.950000000000192912e+00 4.608606053469555874e+00
5.970000000000192486e+00 4.743404993808149506e+00
5.990000000000192060e+00 4.444838870705384082e+00
6.010000000000191633e+00 4.384100829625949380e+00
6.030000000000191207e+00 4.410567035602960928e+00
6.050000000000190781e+00 4.440802683493865644e+00
6.070000000000190354e+00 4.347009143441805890e+00
6.090000000000189928e+00 4.413013164642740627e+00
6.110000000000189502e+00 4.279709715285322069e+00
6.130000000000189075e+00 4.100955036270481635e+00
6.150000000000188649e+00 4.210318889699566469e+00
6.170000000000188223e+00 4.066973441384718946e+00
6.190000000000187796e+00 4.129631944095288887e+00
6.210000000000187370e+00 4.014124252374864810e+00
6.230000000000186944e+00 4.025816687598358534e+00
6.250000000000186517e+00 3.884783949209607012e+00
6.270000000000186091e+00 3.924255354540169716e+00
6.290000000000185665e+00 3.967021020727564906e+00
6.310000000000185238e+00 3.845230082687099316e+00
6.330000000000184812e+00 3.897445273844755587e+00
6.350000000000184386e+00 3.711587977096976410e+00
6.370000000000183960e+00 3.784841341598362607e+00
6.390000000000183533e+00 3.627785573717233980e+00
6.410000000000183107e+00 3.635729376281712888e+00
6.430000000000182681e+00 3.634909131154012929e+00
6.450000000000182254e+00 3.571295745140901978e+00
6.470000000000181828e+00 3.700472602765000563e+00
6.490000000000181402e+00 3.621395241095526796e+00
6.510000000000180975e+00 3.599607900728349019e+00
6.530000000000180549e+00 3.455292476870605700e+00
6.550000000000180123e+00 3.445207156145591032e+00
6.570000000000179696e+00 3.522718693419321756e+00
6.590000000000179270e+00 3.352526698003006622e+00
6.610000000000178844e+00 3.333754822808154827e+00
6.630000000000178417e+00 3.520464602357588735e+00
6.650000000000177991e+00 3.247558681384312695e+00
6.670000000000177565e+00 3.198775383359447222e+00
6.690000000000177138e+00 3.319664394622496406e+00
6.710000000000176712e+00 3.242453325081138704e+00
6.730000000000176286e+00 3.214227486877964335e+00
6.750000000000175859e+00 3.186211714085714242e+00
6.770000000000175433e+00 3.081925217461833455e+00
6.790000000000175007e+00 3.162648467396496521e+00
6.810000000000174580e+00 3.116880320070741117e+00
6.830000000000174154e+00 3.092691037323549885e+00
6.850000000000173728e+00 3.173967774750877879e+00
6.870000000000173301e+00 3.017501540177022878e+00
6.890000000000172875e+00 3.131236568587705715e+00
6.910000000000172449e+00 2.992480469278019584e+00
6.930000000000172022e+00 2.975074307789318695e+00
6.950000000000171596e+00 2.968584783699189433e+00
6.970000000000171170e+00 3.049201396086944182e+00
6.990000000000170743e+00 2.922465811883099729e+00
7.010000000000170317e+00 2.956617516633430309e+00
7.030000000000169891e+00 2.862060325455526577e+00
7.050000000000169464e+00 2.866036737893691289e+00
7.070000000000169038e+00 2.880771151329735602e+00
7.090000000000168612e+00 2.805957680139427257e+00
7.110000000000168185e+00 2.826605396325011732e+00
7.130000000000167759e+00 2.767329236438847762e+00
7.150000000000167333e+00 2.782096374466118238e+00
7.170000000000166906e+00 2.779390859744565567e+00
7.190000000000166480e+00 2.730321881359438319e+00
7.210000000000166054e+00 2.710124199764817554e+00
7.230000000000165628e+00 2.676130040819419076e+00
7.250000000000165201e+00 2.751117074895247150e+00
7.270000000000164775e+00 2.669226686307760055e+00
7.290000000000164349e+00 2.719764304122039622e+00
7.310000000000163922e+00 2.724655845967539403e+00
7.330000000000163496e+00 2.657811224929976124e+00
7.350000000000163070e+00 2.570602313525057525e+00
7.370000000000162643e+00 2.795178863287709259e+00
7.390000000000162217e+00 2.607052585429421754e+00
7.410000000000161791e+00 2.643687630371707176e+00
7.430000000000161364e+00 2.670112847707698744e+00
7.450000000000160938e+00 2.625533616363481926e+00
7.470000000000160512e+00 2.681168497343124901e+00
7.490000000000160085e+00 2.623264212462065981e+00
7.510000000000159659e+00 2.601572002388206073e+00
7.530000000000159233e+00 2.623715306847873130e+00
7.550000000000158806e+00 2.563327975240108803e+00
7.570000000000158380e+00 2.628013790102974756e+00
7.590000000000157954e+00 2.632397172649508121e+00
7.610000000000157527e+00 2.590134624222246718e+00
7.630000000000157101e+00 2.583149197546786624e+00
7.650000000000156675e+00 2.596739293832400985e+00
7.670000000000156248e+00 2.617647233964062181e+00
7.690000000000155822e+00 2.607545436230482405e+00
7.710000000000155396e+00 2.605098006542805766e+00
7.730000000000154969e+00 2.646161205216532419e+00
7.750000000000154543e+00 2.626289418646137186e+00
7.770000000000154117e+00 2.656003251775975738e+00
7.790000000000153690e+00 2.675370414260830110e+00
7.810000000000153264e+00 2.628686267159736190e+00
7.830000000000152838e+00 2.712076309729192225e+00
7.850000000000152411e+00 2.643170662157187767e+00
7.870000000000151985e+00 2.719081866556280591e+00
7.890000000000151559e+00 2.724658274134458491e+00
7.910000000000151132e+00 2.743566463429250479e+00
7.930000000000150706e+00 2.759435074541226385e+00
7.950000000000150280e+00 2.723804875528701874e+00
7.970000000000149853e+00 2.841508341364242796e+00
7.990000000000149427e+00 2.811156219725109207e+00
8.010000000000149001e+00 2.855911916303830012e+00
8.030000000000148574e+00 2.782675980954570250e+00
8.050000000000148148e+00 2.880450959950727974e+00
8.070000000000147722e+00 2.846046159547869880e+00
8.090000000000147296e+00 2.929761455404398696e+00
8.110000000000146869e+00 2.963405480734402797e+00
8.130000000000146443e+00 3.004816695370452706e+00
8.150000000000146017e+00 2.909098122645066731e+00
8.170000000000145590e+00 3.004366980382464636e+00
8.190000000000145164e+00 3.029641224998762539e+00
8.210000000000144738e+00 2.984189480892857738e+00
8.230000000000144311e+00 3.050281690163324733e+00
8.250000000000143885e+00 3.080842355356790740e+00
8.270000000000143459e+00 3.065703035850131375e+00
8.290000000000143032e+00 3.113742436476638620e+00
8.310000000000142606e+00 3.117749868764309262e+00
8.330000000000142180e+00 3.133497422537422139e+00
8.350000000000141753e+00 3.104970706449992957e+00
8.370000000000141327e+00 3.192436959488285098e+00
8.390000000000140901e+00 3.209618893970662246e+00
8.410000000000140474e+00 3.254743702620225054e+00
8.430000000000140048e+00 3.265781433635274844e+00
8.450000000000139622e+00 3.335347740568848529e+00
8.470000000000139195e+00 3.265437976891722105e+00
8.490000000000138769e+00 3.326540874607399445e+00
8.510000000000138343e+00 3.331328724662265373e+00
8.530000000000137916e+00 3.398286161614556988e+00
8.550000000000137490e+00 3.359803753667841342e+00
8.570000000000137064e+00 3.394030651004489751e+00
8.590000000000136637e+00 3.456626044370834538e+00
8.610000000000136211e+00 3.465331444450038934e+00
8.630000000000135785e+00 3.535782054407242025e+00
8.650000000000135358e+00 3.477308715069788114e+00
8.670000000000134932e+00 3.555166265631107159e+00
8.690000000000134506e+00 3.531732700087146792e+00
8.710000000000134079e+00 3.561328395766329979e+00
8.730000000000133653e+00 3.646194617286608874e+00
8.750000000000133227e+00 3.645735471700727093e+00
8.770000000000132800e+00 3.672362685107639635e+00
8.790000000000132374e+00 3.659070387181730499e+00
8.810000000000131948e+00 3.734656873632664187e+00
8.830000000000131521e+00 3.744730879887129937e+00
8.850000000000131095e+00 3.823161808879446344e+00
8.870000000000130669e+00 3.868889213295715557e+00
8.890000000000130242e+00 3.874319736907573475e+00
8.910000000000129816e+00 3.895924879641265992e+00
8.930000000000129390e+00 3.889201272262805542e+00
8.950000000000128964e+00 4.001232149447722541e+00
8.970000000000128537e+00 3.964271775130712161e+00
8.990000000000128111e+00 4.040510115608541675e+00
9.010000000000127685e+00 4.063920715288397822e+00
9.030000000000127258e+00 4.133006435212301710e+00
9.050000000000126832e+00 4.145114581076411397e+00
9.070000000000126406e+00 4.193877546056594241e+00
9.090000000000125979e+00 4.235054563585081588e+00
9.110000000000125553e+00 4.267186483300208444e+00
9.130000000000125127e+00 4.313731243286719419e+00
9.150000000000124700e+00 4.416977125824877781e+00
9.170000000000124274e+00 4.361223139541219318e+00
9.190000000000123848e+00 4.417744169793896170e+00
9.210000000000123421e+00 4.444408313862211024e+00
9.230000000000122995e+00 4.464180757727929105e+00
9.250000000000122569e+00 4.552315346892686243e+00
9.270000000000122142e+00 4.592555896023535311e+00
9.290000000000121716e+00 4.653692116464413608e+00
9.310000000000121290e+00 4.639487591128406585e+00
9.330000000000120863e+00 4.746965457190658988e+00
9.350000000000120437e+00 4.686299897040709261e+00
9.370000000000120011e+00 4.758442466818568306e+00
9.390000000000119584e+00 4.738368723742937050e+00
9.410000000000119158e+00 4.793705880647296524e+00
9.430000000000118732e+00 4.847019827436269246e+00
9.450000000000118305e+00 4.852913073821816248e+00
9.470000000000117879e+00 4.886472029350471757e+00
9.490000000000117453e+00 4.846521321209384503e+00
9.510000000000117026e+00 4.902937832792142459e+00
9.530000000000116600e+00 4.992618302789691320e+00
9.550000000000116174e+00 4.886269261954560683e+00
9.570000000000115747e+00 4.946060821737805036e+00
9.590000000000115321e+00 4.956085208733973957e+00
9.610000000000114895e+00 4.968546297874630646e+00
9.630000000000114468e+00 4.947787622868041524e+00
9.650000000000114042e+00 5.000914227831006365e+00
9.670000000000113616e+00 4.984196459451491812e+00
9.690000000000113189e+00 4.946589559807318182e+00
9.710000000000112763e+00 4.972338698457929418e+00
9.730000000000112337e+00 4.934965340167842385e+00
9.750000000000111910e+00 4.952364927434460995e+00
9.770000000000111484e+00 4.903274637413598036e+00
9.790000000000111058e+00 4.823691938093914722e+00
9.810000000000110632e+00 4.754235170474613525e+00
9.830000000000110205e+00 4.854732676177731854e+00
9.850000000000109779e+00 4.841853517327276535e+00
9.870000000000109353e+00 4.846983493601999093e+00
9.890000000000108926e+00 4.743687165329579791e+00
9.910000000000108500e+00 4.795877450816610654e+00
9.930000000000108074e+00 4.739271321082549449e+00
9.950000000000107647e+00 4.726495506349245979e+00
9.970000000000107221e+00 4.602775767901219339e+00
9.990000000000106795e+00 4.556074367628565547e+00
1.001000000000010637e+01 4.547574605260257918e+00
1.003000000000010594e+01 4.508706645055380768e+00
1.005000000000010552e+01 4.537748761538438202e+00
1.007000000000010509e+01 4.460850040361827418e+00
1.009000000000010466e+01 4.470651149118888945e+00
1.011000000000010424e+01 4.443812809069445535e+00
1.013000000000010381e+01 4.379056130334042507e+00
1.015000000000010338e+01 4.376298304378649640e+00
1.017000000000010296e+01 4.434818899863959274e+00
1.019000000000010253e+01 4.293869610886452470e+00
1.021000000000010210e+01 4.232875202232075473e+00
1.023000000000010168e+01 4.346670781247283344e+00
1.025000000000010125e+01 4.306016502234183640e+00
1.027000000000010083e+01 4.274352876050461880e+00
1.029000000000010040e+01 4.231599123231019277e+00
1.031000000000009997e+01 4.256455426347931947e+00
1.033000000000009955e+01 4.286241415458443171e+00
1.035000000000009912e+01 4.324185434665381855e+00
1.037000000000009869e+01 4.272913967634249133e+00
1.039000000000009827e+01 4.290978739991318847e+00
1.041000000000009784e+01 4.395758612359294659e+00
1.043000000000009742e+01 4.397790774545376813e+00
1.045000000000009699e+01 4.434976455022953346e+00
1.047000000000009656e+01 4.472445844185521935e+00
1.049000000000009614e+01 4.457518791576937645e+00
1.051000000000009571e+01 4.566184831650653919e+00
1.053000000000009528e+01 4.574736046751118224e+00
1.055000000000009486e+01 4.710633602018741151e+00
1.057000000000009443e+01 4.727986924193401386e+00
1.059000000000009400e+01 4.814969970082599637e+00
1.061000000000009358e+01 4.892069464475515161e+00
1.063000000000009315e+01 4.957103735831675628e+00
1.065000000000009273e+01 5.068109181263205976e+00
1.067000000000009230e+01 5.134390310525916767e+00
1.069000000000009187e+01 5.165647117948506839e+00
1.071000000000009145e+01 5.388169929143166392e+00
1.073000000000009102e+01 5.420990511034130321e+00
1.075000000000009059e+01 5.541556613323514568e+00
1.077000000000009017e+01 5.590459015718143299e+00
1.079000000000008974e+01 5.729883781274233812e+00
1.081000000000008932e+01 5.855225550769733722e+00
1.083000000000008889e+01 5.971581158799003752e+00
1.085000000000008846e+01 6.042212690199132652e+00
1.087000000000008804e+01 6.204869190046504279e+00
1.089000000000008761e+01 6.208048227666839836e+00
1.091000000000008718e+01 6.285042845465736328e+00
1.093000000000008676e+01 6.488577727097909253e+00
1.095000000000008633e+01 6.609466020157171329e+00
1.097000000000008590e+01 6.687450386644085754e+00
1.099000000000008548e+01 6.753556879482765396e+00
1.101000000000008505e+01 6.892960035770245852e+00
1.103000000000008463e+01 6.908728777230135343e+00
1.105000000000008420e+01 7.002207704880262007e+00
1.107000000000008377e+01 7.102989627256389049e+00
1.109000000000008335e+01 7.193696915234509603e+00
1.111000000000008292e+01 7.267184048569484744e+00
1.113000000000008249e+01 7.285339602731176534e+00
1.115000000000008207e+01 7.340553218846673111e+00
1.117000000000008164e+01 7.470087150016251343e+00
1.119000000000008122e+01 7.464207552710749205e+00
1.121000000000008079e+01 7.502659743721509678e+00
1.123000000000008036e+01 7.524935898017417024e+00
1.125000000000007994e+01 7.550562556812661086e+00
1.127000000000007951e+01 7.664505672588224350e+00
1.129000000000007908e+01 7.624791417232346546e+00
1.131000000000007866e+01 7.567047584342605049e+00
1.133000000000007823e+01 7.600207912904592078e+00
1.135000000000007780e+01 7.561112843718727383e+00
1.137000000000007738e+01 7.591945449981583494e+00
1.139000000000007695e+01 7.663894451352233794e+00
1.141000000000007653e+01 7.506326422379881791e+00
1.143000000000007610e+01 7.493705383459265512e+00
1.145000000000007567e+01 7.427301359190475516e+00
1.147000000000007525e+01 7.440216165134891035e+00
1.149000000000007482e+01 7.372169096545312605e+00
1.151000000000007439e+01 7.283820020859993249e+00
1.153000000000007397e+01 7.243907325400956942e+00
1.155000000000007354e+01 7.127437778000446755e+00
1.157000000000007311e+01 7.063363229998464554e+00
1.159000000000007269e+01 6.904425005740737475e+00
1.161000000000007226e+01 6.971981130353978706e+00
1.163000000000007184e+01 6.689694727519097661e+00
1.165000000000007141e+01 6.752918707583087432e+00
1.167000000000007098e+01 6.542595269208247188e+00
1.169000000000007056e+01 6.482229657239026999e+00
1.171000000000007013e+01 6.401494675734883621e+00
1.173000000000006970e+01 6.127361756925879810e+00
1.175000000000006928e+01 6.007899706093014380e+00
1.177000000000006885e+01 5.986066905015158923e+00
1.179000000000006843e+01 5.798665401433712674e+00
1.181000000000006800e+01 5.642062083010271678e+00
1.183000000000006757e+01 5.607671113945873920e+00
1.185000000000006715e+01 5.391194751132387886e+00
1.187000000000006672e+01 5.154235293274194163e+00
1.189000000000006629e+01 5.112563564034759978e+00
1.191000000000006587e+01 4.873152027256724139e+00
1.193000000000006544e+01 4.813711008665365831e+00
1.195000000000006501e+01 4.618518378878626152e+00
1.197000000000006459e+01 4.433574226422605236e+00
1.199000000000006416e+01 4.306855756605577845e+00
1.201000000000006374e+01 4.185830123976969297e+00
1.203000000000006331e+01 4.044690395193499377e+00
1.205000000000006288e+01 3.817381113427629646e+00
1.207000000000006246e+01 3.708355820723968854e+00
1.209000000000006203e+01 3.568607749252145744e+00
1.211000000000006160e+01 3.330577692384881328e+00
1.213000000000006118e+01 3.304720659337188948e+00
1.215000000000006075e+01 3.152376750473345979e+00
1.217000000000006033e+01 2.954046475429408680e+00
1.219000000000005990e+01 2.886577290948239671e+00
1.221000000000005947e+01 2.692158293406077263e+00
1.223000000000005905e+01 2.598078748581087893e+00
1.225000000000005862e+01 2.462693781069159371e+00
1.227000000000005819e+01 2.330522088639998657e+00
1.229000000000005777e+01 2.248227365502586839e+00
1.231000000000005734e+01 2.115023614008328057e+00
1.233000000000005691e+01 2.052049409054948370e+00
1.235000000000005649e+01 1.907755159970944359e+00
1.237000000000005606e+01 1.808322929800422196e+00
1.239000000000005564e+01 1.710158754692380656e+00
1.241000000000005521e+01 1.617505783859653601e+00
1.243000000000005478e+01 1.571901901954454672e+00
1.245000000000005436e+01 1.455473217936182007e+00
1.247000000000005393e+01 1.408410509612036066e+00
1.249000000000005350e+01 1.340380926201924172e+00
1.251000000000005308e+01 1.240447363268997183e+00
1.253000000000005265e+01 1.171858184508411282e+00
1.255000000000005222e+01 1.157793305787245597e+00
1.257000000000005180e+01 1.050220794733586205e+00
1.259000000000005137e+01 1.033945439177047732e+00
1.261000000000005095e+01 9.906989937865786633e-01
1.263000000000005052e+01 9.404540165456434231e-01
1.265000000000005009e+01 9.041362755185626821e-01
1.267000000000004967e+01 8.409342053865866973e-01
1.269000000000004924e+01 8.050714830713850967e-01
1.271000000000004881e+01 7.699919557665975134e-01
1.273000000000004839e+01 7.805848110599847844e-01
1.275000000000004796e+01 6.952402624981313117e-01
1.277000000000004754e+01 7.316851811372496739e-01
1.279000000000004711e+01 6.686679264591186556e-01
1.281000000000004668e+01 6.427415366607165392e-01
1.283000000000004626e+01 6.401429870388067878e-01
1.285000000000004583e+01 6.105291291407635157e-01
1.287000000000004540e+01 6.020495104141400100e-01
1.289000000000004498e+01 5.916357267630648620e-01
1.291000000000004455e+01 5.747337544747527227e-01
1.293000000000004412e+01 5.632447732402257046e-01
1.295000000000004370e+01 5.328214644030931924e-01
1.297000000000004327e+01 5.310978880293597548e-01
1.299000000000004285e+01 5.272826778286674454e-01
1.301000000000004242e+01 5.183749818954339617e-01
1.303000000000004199e+01 5.206324265012617358e-01
1.305000000000004157e+01 4.835506745149460994e-01
1.307000000000004114e+01 4.871327309939174066e-01
1.309000000000004071e+01 4.918097292973946932e-01
1.311000000000004029e+01 4.907809880423884552e-01
1.313000000000003986e+01 5.034911321165559395e-01
1.315000000000003944e+01 4.539516990474875557e-01
1.317000000000003901e+01 4.667223034615979871e-01
1.319000000000003858e+01 4.497772456248752548e-01
1.321000000000003816e+01 4.522863246783596636e-01
1.323000000000003773e+01 4.419079487530412909e-01
1.325000000000003730e+01 4.572069554111712342e-01
1.327000000000003688e+01 4.321526581116397203e-01
1.329000000000003645e+01 4.907318875012494641e-01
1.331000000000003602e+01 4.344669960350188709e-01
1.333000000000003560e+01 4.192822436620897153e-01
1.335000000000003517e+01 4.340725008802301388e-01
1.337000000000003475e+01 4.407812318906012550e-01
1.339000000000003432e+01 4.213529510912875087e-01
1.341000000000003389e+01 4.374836339036184407e-01
1.343000000000003347e+01 4.105910265027927775e-01
1.345000000000003304e+01 4.137860296310900132e-01
1.347000000000003261e+01 4.370915319920667397e-01
1.349000000000003219e+01 3.994478042035392029e-01
1.351000000000003176e+01 4.213141525393143683e-01
1.353000000000003133e+01 4.127456733847551518e-01
1.355000000000003091e+01 4.096072243591955542e-01
1.357000000000003048e+01 3.996349024740022404e-01
1.359000000000003006e+01 4.067802322538660587e-01
1.361000000000002963e+01 3.869379725574655926e-01
1.363000000000002920e+01 4.204099174963680241e-01
1.365000000000002878e+01 4.032205149018701085e-01
1.367000000000002835e+01 3.933748053302294490e-01
1.369000000000002792e+01 3.808928460053297438e-01
1.371000000000002750e+01 3.847682924233803425e-01
1.373000000000002707e+01 3.736676593202349350e-01
1.375000000000002665e+01 4.036359393586800848e-01
1.377000000000002622e+01 3.724318803427023039e-01
1.379000000000002579e+01 3.753578679075651459e-01
1.381000000000002537e+01 3.456612053588923317e-01
1.383000000000002494e+01 3.460201344210557806e-01
1.385000000000002451e+01 3.283914902330290486e-01
1.387000000000002409e+01 3.174105573604764641e-01
1.389000000000002366e+01 3.228186904730069862e-01
1.391000000000002323e+01 2.886628609395502920e-01
1.393000000000002281e+01 2.840297202381363295e-01
1.395000000000002238e+01 2.741846221616456303e-01
1.397000000000002196e+01 2.522438003895968728e-01
1.399000000000002153e+01 2.023676020561779310e-01
1.401000000000002110e+01 1.612159500118990896e-01
1.403000000000002068e+01 1.419082527240400071e-01
1.405000000000002025e+01 1.525210346776023351e-01
1.407000000000001982e+01 1.352701085583952745e-01
1.409000000000001940e+01 1.239615162583827118e-01
1.411000000000001897e+01 1.340432951581365106e-01
1.413000000000001855e+01 1.204693495046758739e-01
1.415000000000001812e+01 1.042057777285504555e-01
1.417000000000001769e+01 1.012107715928705631e-01
1.419000000000001727e+01 8.280585811418036957e-02
1.421000000000001684e+01 8.262219109494516045e-02
1.423000000000001641e+01 7.473201770663030763e-02
1.425000000000001599e+01 6.708195938858707574e-02
1.427000000000001556e+01 5.350038776921273165e-02
1.429000000000001513e+01 3.738938665771749520e-02
1.431000000000001471e+01 3.728587813002600532e-02
1.433000000000001428e+01 2.143089949840979933e-02
1.435000000000001386e+01 1.610946900776190696e-02
1.437000000000001343e+01 1.079425832798688693e-02
1.439000000000001300e+01 1.074686038682807869e-02
1.441000000000001258e+01 1.069972979807934550e-02
1.443000000000001215e+01 5.356931618452764367e-03
1.445000000000001172e+01 2.676898442207321146e-03
1.447000000000001130e+01 1.233989345896290595e-09
1.449000000000001087e+01 9.462360013200406695e-10
1.451000000000001044e+01 4.583517916063102889e-10
1.453000000000001002e+01 3.503552768247761076e-10
1.455000000000000959e+01 0.000000000000000000e+00
1.457000000000000917e+01 0.000000000000000000e+00
1.459000000000000874e+01 0.000000000000000000e+00
1.461000000000000831e+01 0.000000000000000000e+00
1.463000000000000789e+01 0.000000000000000000e+00
1.465000000000000746e+01 0.000000000000000000e+00
1.467000000000000703e+01 0.000000000000000000e+00
1.469000000000000661e+01 0.000000000000000000e+00
1.471000000000000618e+01 0.000000000000000000e+00
1.473000000000000576e+01 0.000000000000000000e+00
1.475000000000000533e+01 0.000000000000000000e+00
1.477000000000000490e+01 0.000000000000000000e+00
1.479000000000000448e+01 0.000000000000000000e+00
1.481000000000000405e+01 0.000000000000000000e+00
1.483000000000000362e+01 0.000000000000000000e+00
1.485000000000000320e+01 0.000000000000000000e+00
1.487000000000000277e+01 0.000000000000000000e+00
1.489000000000000234e+01 0.000000000000000000e+00
1.491000000000000192e+01 0.000000000000000000e+00
1.493000000000000149e+01 0.000000000000000000e+00
1.495000000000000107e+01 0.000000000000000000e+00
1.497000000000000064e+01 0.000000000000000000e+00
1.499000000000000021e+01 0.000000000000000000e+00
