# Redshift		Merger Rate Density [Gpc^-3yr^-1]
1.000000000031931770e-02 2.753971885831552768e+01
3.000000000031888964e-02 2.883569599678673256e+01
5.000000000031846331e-02 2.980454900696689080e+01
7.000000000031804392e-02 3.126124904311565800e+01
9.000000000031761760e-02 3.186284354973755129e+01
1.100000000003171913e-01 3.292713613223289570e+01
1.300000000003167511e-01 3.474185114481256420e+01
1.500000000003163247e-01 3.533197312490447217e+01
1.700000000003158984e-01 3.654557981023673818e+01
1.900000000003154721e-01 3.773116668906329352e+01
2.100000000003150458e-01 3.931695375706706841e+01
2.300000000003146194e-01 3.913653847901937866e+01
2.500000000003141931e-01 4.205256903387245160e+01
2.700000000003137668e-01 4.219284813672629753e+01
2.900000000003133405e-01 4.387608053004012731e+01
3.100000000003129141e-01 4.491006957449781112e+01
3.300000000003124878e-01 4.528224686090712225e+01
3.500000000003120615e-01 4.747897094453687572e+01
3.700000000003116352e-01 4.793478665420916940e+01
3.900000000003112088e-01 4.928515880753634804e+01
4.100000000003107825e-01 5.013285882367540580e+01
4.300000000003103562e-01 5.149442596549913276e+01
4.500000000003099299e-01 5.199674607649564706e+01
4.700000000003095035e-01 5.379797454375887611e+01
4.900000000003090772e-01 5.421749912520914449e+01
5.100000000003086509e-01 5.626545803715242755e+01
5.300000000003082246e-01 5.640447243174901359e+01
5.500000000003077982e-01 5.778648142878398630e+01
5.700000000003073719e-01 5.811800824700308965e+01
5.900000000003069456e-01 5.930278346028752168e+01
6.100000000003065193e-01 6.021803831026558385e+01
6.300000000003060929e-01 6.102348234333853583e+01
6.500000000003056666e-01 6.146214458806716152e+01
6.700000000003052403e-01 6.355767955933345803e+01
6.900000000003048140e-01 6.364054010599718225e+01
7.100000000003043876e-01 6.531469955837000896e+01
7.300000000003039613e-01 6.609091984809451503e+01
7.500000000003035350e-01 6.627756641252975101e+01
7.700000000003031086e-01 6.779569835573632020e+01
7.900000000003026823e-01 6.827732547453906875e+01
8.100000000003022560e-01 6.868402580274211289e+01
8.300000000003018297e-01 7.024549110094312709e+01
8.500000000003014033e-01 7.037383440965281522e+01
8.700000000003009770e-01 7.119328329244976317e+01
8.900000000003005507e-01 7.306784869505888480e+01
9.100000000003001244e-01 7.246123221215633237e+01
9.300000000002996980e-01 7.365025272276126600e+01
9.500000000002992717e-01 7.310368153048406725e+01
9.700000000002988454e-01 7.518406329077548378e+01
9.900000000002984191e-01 7.682340895471655529e+01
1.010000000000297993e+00 7.438251073113551115e+01
1.030000000000297566e+00 7.706776944240783678e+01
1.050000000000297140e+00 7.705753815220685965e+01
1.070000000000296714e+00 7.612613642487950472e+01
1.090000000000296287e+00 7.709969093536332707e+01
1.110000000000295861e+00 7.888255172453450825e+01
1.130000000000295435e+00 7.709088051998227797e+01
1.150000000000295008e+00 7.771238493741083175e+01
1.170000000000294582e+00 7.929335084090899954e+01
1.190000000000294156e+00 7.832600207999489328e+01
1.210000000000293729e+00 7.908743364600294967e+01
1.230000000000293303e+00 7.834211211615898662e+01
1.250000000000292877e+00 7.780174225954151268e+01
1.270000000000292451e+00 7.982359794376824880e+01
1.290000000000292024e+00 7.732429205973542707e+01
1.310000000000291598e+00 7.821806502361769731e+01
1.330000000000291172e+00 7.895545561907027832e+01
1.350000000000290745e+00 7.787724985875323114e+01
1.370000000000290319e+00 7.854366128570056560e+01
1.390000000000289893e+00 7.681407242131581370e+01
1.410000000000289466e+00 7.671957917753800871e+01
1.430000000000289040e+00 7.690536350994749171e+01
1.450000000000288614e+00 7.681905213275130961e+01
1.470000000000288187e+00 7.749657817842519592e+01
1.490000000000287761e+00 7.590057239305588155e+01
1.510000000000287335e+00 7.526053370734405235e+01
1.530000000000286908e+00 7.486399464664357595e+01
1.550000000000286482e+00 7.455207571937479827e+01
1.570000000000286056e+00 7.350638501876059649e+01
1.590000000000285629e+00 7.505804699085017262e+01
1.610000000000285203e+00 7.118759362062678520e+01
1.630000000000284777e+00 7.222122150723232892e+01
1.650000000000284350e+00 7.175566924215934250e+01
1.670000000000283924e+00 7.045096075611421327e+01
1.690000000000283498e+00 6.972515494484065357e+01
1.710000000000283071e+00 7.001367233640949905e+01
1.730000000000282645e+00 6.812739768171775268e+01
1.750000000000282219e+00 6.978429222828017942e+01
1.770000000000281792e+00 6.667470963771873471e+01
1.790000000000281366e+00 6.595512849354742002e+01
1.810000000000280940e+00 6.534744046600923184e+01
1.830000000000280513e+00 6.557790127665796831e+01
1.850000000000280087e+00 6.407527818155872978e+01
1.870000000000279661e+00 6.388005817738214631e+01
1.890000000000279234e+00 6.287857814428659253e+01
1.910000000000278808e+00 6.174378002112010222e+01
1.930000000000278382e+00 6.148922397711594101e+01
1.950000000000277955e+00 5.947062808033810200e+01
1.970000000000277529e+00 5.994501017823002087e+01
1.990000000000277103e+00 5.874681403527596046e+01
2.010000000000276899e+00 5.732273387525842168e+01
2.030000000000276472e+00 5.728621280304297159e+01
2.050000000000276046e+00 5.603287547013484726e+01
2.070000000000275620e+00 5.497591857625759815e+01
2.090000000000275193e+00 5.430283418169832288e+01
2.110000000000274767e+00 5.383565313590334966e+01
2.130000000000274341e+00 5.186234092855228539e+01
2.150000000000273914e+00 5.177474125584649300e+01
2.170000000000273488e+00 5.175246238296955426e+01
2.190000000000273062e+00 4.981682229254600713e+01
2.210000000000272635e+00 4.976867927314602724e+01
2.230000000000272209e+00 4.883854264369268350e+01
2.250000000000271783e+00 4.699237850041991749e+01
2.270000000000271356e+00 4.678522496674605691e+01
2.290000000000270930e+00 4.641885705522539496e+01
2.310000000000270504e+00 4.542317954609080743e+01
2.330000000000270077e+00 4.434720307433811826e+01
2.350000000000269651e+00 4.363945665232942872e+01
2.370000000000269225e+00 4.338362389598197666e+01
2.390000000000268798e+00 4.171181766110073141e+01
2.410000000000268372e+00 4.124783120369456668e+01
2.430000000000267946e+00 4.051715894924208072e+01
2.450000000000267519e+00 4.000804089059197821e+01
2.470000000000267093e+00 3.910662266229766715e+01
2.490000000000266667e+00 3.824426006625817820e+01
2.510000000000266240e+00 3.798468215010256444e+01
2.530000000000265814e+00 3.707545018855597618e+01
2.550000000000265388e+00 3.621916144409237148e+01
2.570000000000264961e+00 3.571452090847221683e+01
2.590000000000264535e+00 3.487760643681520634e+01
2.610000000000264109e+00 3.444182528953208333e+01
2.630000000000263682e+00 3.367001945368892279e+01
2.650000000000263256e+00 3.284083552594012900e+01
2.670000000000262830e+00 3.230093995262509310e+01
2.690000000000262403e+00 3.199853531548761865e+01
2.710000000000261977e+00 3.178958645451035281e+01
2.730000000000261551e+00 3.063803875595337090e+01
2.750000000000261124e+00 2.999484096737632299e+01
2.770000000000260698e+00 2.935607206601017438e+01
2.790000000000260272e+00 2.946800445577135008e+01
2.810000000000259845e+00 2.839111100503013319e+01
2.830000000000259419e+00 2.798936332929049797e+01
2.850000000000258993e+00 2.769953741562826366e+01
2.870000000000258567e+00 2.742999776703932469e+01
2.890000000000258140e+00 2.660949861604410316e+01
2.910000000000257714e+00 2.600262032584269178e+01
2.930000000000257288e+00 2.570070692147541536e+01
2.950000000000256861e+00 2.521578959483397497e+01
2.970000000000256435e+00 2.499342322636053737e+01
2.990000000000256009e+00 2.441815309508584164e+01
3.010000000000255582e+00 2.420074366417666312e+01
3.030000000000255156e+00 2.356619810739340437e+01
3.050000000000254730e+00 2.324561713197320501e+01
3.070000000000254303e+00 2.284085368461821375e+01
3.090000000000253877e+00 2.259766215260599864e+01
3.110000000000253451e+00 2.227994951738534368e+01
3.130000000000253024e+00 2.162326503415169654e+01
3.150000000000252598e+00 2.177755063098497956e+01
3.170000000000252172e+00 2.118017968107743698e+01
3.190000000000251745e+00 2.064434997407153460e+01
3.210000000000251319e+00 2.035529054523848913e+01
3.230000000000250893e+00 2.010804492912598462e+01
3.250000000000250466e+00 1.999847899503052062e+01
3.270000000000250040e+00 1.941284519373001416e+01
3.290000000000249614e+00 1.935743711243473086e+01
3.310000000000249187e+00 1.884312574004319174e+01
3.330000000000248761e+00 1.874318957186656576e+01
3.350000000000248335e+00 1.860442533631916007e+01
3.370000000000247908e+00 1.809985043607431976e+01
3.390000000000247482e+00 1.799697853491127120e+01
3.410000000000247056e+00 1.776446293203414228e+01
3.430000000000246629e+00 1.731434214334489496e+01
3.450000000000246203e+00 1.737513306081045528e+01
3.470000000000245777e+00 1.689817485110956241e+01
3.490000000000245350e+00 1.691692652706574407e+01
3.510000000000244924e+00 1.654341604120564213e+01
3.530000000000244498e+00 1.627599839674250504e+01
3.550000000000244071e+00 1.609865206352676026e+01
3.570000000000243645e+00 1.615786402250222054e+01
3.590000000000243219e+00 1.605550461055518596e+01
3.610000000000242792e+00 1.572791199736721168e+01
3.630000000000242366e+00 1.523813411242356608e+01
3.650000000000241940e+00 1.527203090576000655e+01
3.670000000000241513e+00 1.505090419328408124e+01
3.690000000000241087e+00 1.507012344853936270e+01
3.710000000000240661e+00 1.473575006435414103e+01
3.730000000000240234e+00 1.448127460376424835e+01
3.750000000000239808e+00 1.427922193496151770e+01
3.770000000000239382e+00 1.449423050398368673e+01
3.790000000000238956e+00 1.411149492657442117e+01
3.810000000000238529e+00 1.405347936389467201e+01
3.830000000000238103e+00 1.382562473978222428e+01
3.850000000000237677e+00 1.346914025683382832e+01
3.870000000000237250e+00 1.352948603720897758e+01
3.890000000000236824e+00 1.339207803588142198e+01
3.910000000000236398e+00 1.329928601179364378e+01
3.930000000000235971e+00 1.315734385610379853e+01
3.950000000000235545e+00 1.302293429055637830e+01
3.970000000000235119e+00 1.294019882224351470e+01
3.990000000000234692e+00 1.286580271383566831e+01
4.010000000000234266e+00 1.270972122046773123e+01
4.030000000000233840e+00 1.255312945977054007e+01
4.050000000000233413e+00 1.240543248957038891e+01
4.070000000000232987e+00 1.240141300787136736e+01
4.090000000000232561e+00 1.256770215360522691e+01
4.110000000000232134e+00 1.231137818678263329e+01
4.130000000000231708e+00 1.211399435185583684e+01
4.150000000000231282e+00 1.198472764282774961e+01
4.170000000000230855e+00 1.203229390278212207e+01
4.190000000000230429e+00 1.194662844674719260e+01
4.210000000000230003e+00 1.192831637353331509e+01
4.230000000000229576e+00 1.167110627350548313e+01
4.250000000000229150e+00 1.161745062453955946e+01
4.270000000000228724e+00 1.160603906491626525e+01
4.290000000000228297e+00 1.144836208398083777e+01
4.310000000000227871e+00 1.145566620909904820e+01
4.330000000000227445e+00 1.141034389548848615e+01
4.350000000000227018e+00 1.141744355571163183e+01
4.370000000000226592e+00 1.123449874983173125e+01
4.390000000000226166e+00 1.124167198622908970e+01
4.410000000000225739e+00 1.127455204557981183e+01
4.430000000000225313e+00 1.113167581340562684e+01
4.450000000000224887e+00 1.116285465948882205e+01
4.470000000000224460e+00 1.103489929992191421e+01
4.490000000000224034e+00 1.095852301246714688e+01
4.510000000000223608e+00 1.105331940262306567e+01
4.530000000000223181e+00 1.098956628146246928e+01
4.550000000000222755e+00 1.083391445125870334e+01
4.570000000000222329e+00 1.094302399405578186e+01
4.590000000000221902e+00 1.089176885581771792e+01
4.610000000000221476e+00 1.093042726441962564e+01
4.630000000000221050e+00 1.084789386482465900e+01
4.650000000000220624e+00 1.071871642234023980e+01
4.670000000000220197e+00 1.085307963870653580e+01
4.690000000000219771e+00 1.071111066810748724e+01
4.710000000000219345e+00 1.067092688217725538e+01
4.730000000000218918e+00 1.062341321129086147e+01
4.750000000000218492e+00 1.058014861116418004e+01
4.770000000000218066e+00 1.056954717094748020e+01
4.790000000000217639e+00 1.052448746731318607e+01
4.810000000000217213e+00 1.065223406775531956e+01
4.830000000000216787e+00 1.062149764915957562e+01
4.850000000000216360e+00 1.069637086175856666e+01
4.870000000000215934e+00 1.055406685705919401e+01
4.890000000000215508e+00 1.050210764893355631e+01
4.910000000000215081e+00 1.057460857886964334e+01
4.930000000000214655e+00 1.049180669613131656e+01
4.950000000000214229e+00 1.047929985365880512e+01
4.970000000000213802e+00 1.048981890603680966e+01
4.990000000000213376e+00 1.051772755670645942e+01
5.010000000000212950e+00 1.037860150088199340e+01
5.030000000000212523e+00 1.057232417841556860e+01
5.050000000000212097e+00 1.053444772803460339e+01
5.070000000000211671e+00 1.038755390769092379e+01
5.090000000000211244e+00 1.048429070491233261e+01
5.110000000000210818e+00 1.056945174701811219e+01
5.130000000000210392e+00 1.051950353363623059e+01
5.150000000000209965e+00 1.065985472578926974e+01
5.170000000000209539e+00 1.051960078551368483e+01
5.190000000000209113e+00 1.060212414126525537e+01
5.210000000000208686e+00 1.055474536771239968e+01
5.230000000000208260e+00 1.067854878777307448e+01
5.250000000000207834e+00 1.056079332579165531e+01
5.270000000000207407e+00 1.058874174899071896e+01
5.290000000000206981e+00 1.058472410883849157e+01
5.310000000000206555e+00 1.065545335408780048e+01
5.330000000000206128e+00 1.074719019051069324e+01
5.350000000000205702e+00 1.068430321304245645e+01
5.370000000000205276e+00 1.076346814285023967e+01
5.390000000000204849e+00 1.070576804869768672e+01
5.410000000000204423e+00 1.084821909269835771e+01
5.430000000000203997e+00 1.086201454924983167e+01
5.450000000000203570e+00 1.081368845731409678e+01
5.470000000000203144e+00 1.085984102537662643e+01
5.490000000000202718e+00 1.073670120916654902e+01
5.510000000000202292e+00 1.105857531304130426e+01
5.530000000000201865e+00 1.095652561092151878e+01
5.550000000000201439e+00 1.087334727592791950e+01
5.570000000000201013e+00 1.095391841748762474e+01
5.590000000000200586e+00 1.102658196154783710e+01
5.610000000000200160e+00 1.101365878550861765e+01
5.630000000000199734e+00 1.096859143015926286e+01
5.650000000000199307e+00 1.095631950106636232e+01
5.670000000000198881e+00 1.125147188319131253e+01
5.690000000000198455e+00 1.115013726418407813e+01
5.710000000000198028e+00 1.114933244926919542e+01
5.730000000000197602e+00 1.129143909947281088e+01
5.750000000000197176e+00 1.129230511390750635e+01
5.770000000000196749e+00 1.123886209022563776e+01
5.790000000000196323e+00 1.141824148399067873e+01
5.810000000000195897e+00 1.156774523126742693e+01
5.830000000000195470e+00 1.136253160532956308e+01
5.850000000000195044e+00 1.150371024722078594e+01
5.870000000000194618e+00 1.150139541876755622e+01
5.890000000000194191e+00 1.159888889907425558e+01
5.910000000000193765e+00 1.160251330734711850e+01
5.930000000000193339e+00 1.163379103062687392e+01
5.950000000000192912e+00 1.177582770640205645e+01
5.970000000000192486e+00 1.181161365872516811e+01
5.990000000000192060e+00 1.178185410783563292e+01
6.010000000000191633e+00 1.178778752105828076e+01
6.030000000000191207e+00 1.200602477527298717e+01
6.050000000000190781e+00 1.191133766128873184e+01
6.070000000000190354e+00 1.206122459809677316e+01
6.090000000000189928e+00 1.206016342437810884e+01
6.110000000000189502e+00 1.216910149389459761e+01
6.130000000000189075e+00 1.216505987531997413e+01
6.150000000000188649e+00 1.230589885207762890e+01
6.170000000000188223e+00 1.220210951865577442e+01
6.190000000000187796e+00 1.228129615300094102e+01
6.210000000000187370e+00 1.243464310109142268e+01
6.230000000000186944e+00 1.239583099366848096e+01
6.250000000000186517e+00 1.257387599206962747e+01
6.270000000000186091e+00 1.253894053666097541e+01
6.290000000000185665e+00 1.260093697284309755e+01
6.310000000000185238e+00 1.268400443670607913e+01
6.330000000000184812e+00 1.268663850500720613e+01
6.350000000000184386e+00 1.276144314847294936e+01
6.370000000000183960e+00 1.289372773528559257e+01
6.390000000000183533e+00 1.290444001938181451e+01
6.410000000000183107e+00 1.306000121027094529e+01
6.430000000000182681e+00 1.315421613867371597e+01
6.450000000000182254e+00 1.316082664877952446e+01
6.470000000000181828e+00 1.314547054952609706e+01
6.490000000000181402e+00 1.320520214717928731e+01
6.510000000000180975e+00 1.334004410262522455e+01
6.530000000000180549e+00 1.350673117570315362e+01
6.550000000000180123e+00 1.346658505727144117e+01
6.570000000000179696e+00 1.368494984595578323e+01
6.590000000000179270e+00 1.356094568634638087e+01
6.610000000000178844e+00 1.369830902927931504e+01
6.630000000000178417e+00 1.379569360234446940e+01
6.650000000000177991e+00 1.381966045108015884e+01
6.670000000000177565e+00 1.389761879414857049e+01
6.690000000000177138e+00 1.390654317008384666e+01
6.710000000000176712e+00 1.409865820780404455e+01
6.730000000000176286e+00 1.410415781639797217e+01
6.750000000000175859e+00 1.430851736762688020e+01
6.770000000000175433e+00 1.426375266471748127e+01
6.790000000000175007e+00 1.439835577101171715e+01
6.810000000000174580e+00 1.449378782957582956e+01
6.830000000000174154e+00 1.447280951186322362e+01
6.850000000000173728e+00 1.466238279555364166e+01
6.870000000000173301e+00 1.475693469569990768e+01
6.890000000000172875e+00 1.481801626099132285e+01
6.910000000000172449e+00 1.480640329777280151e+01
6.930000000000172022e+00 1.497852901946504467e+01
6.950000000000171596e+00 1.501993927027110232e+01
6.970000000000171170e+00 1.509712831500821117e+01
6.990000000000170743e+00 1.527463706818696565e+01
7.010000000000170317e+00 1.525554514287807173e+01
7.030000000000169891e+00 1.532642791155572048e+01
7.050000000000169464e+00 1.539301282488992584e+01
7.070000000000169038e+00 1.556458445433769988e+01
7.090000000000168612e+00 1.556217120722789637e+01
7.110000000000168185e+00 1.573311530045764783e+01
7.130000000000167759e+00 1.575848387293331498e+01
7.150000000000167333e+00 1.578702270444169820e+01
7.170000000000166906e+00 1.593123479465781678e+01
7.190000000000166480e+00 1.591192622565007042e+01
7.210000000000166054e+00 1.618579633473222046e+01
7.230000000000165628e+00 1.620029551350067010e+01
7.250000000000165201e+00 1.623385486458860072e+01
7.270000000000164775e+00 1.645339058858731462e+01
7.290000000000164349e+00 1.637107193036446873e+01
7.310000000000163922e+00 1.653227747051339236e+01
7.330000000000163496e+00 1.660629972523587838e+01
7.350000000000163070e+00 1.666084007510950471e+01
7.370000000000162643e+00 1.680071499396547097e+01
7.390000000000162217e+00 1.692981965225755303e+01
7.410000000000161791e+00 1.700799378501648107e+01
7.430000000000161364e+00 1.704267899747381065e+01
7.450000000000160938e+00 1.718017940890668527e+01
7.470000000000160512e+00 1.730835479153534706e+01
7.490000000000160085e+00 1.725674090101662728e+01
7.510000000000159659e+00 1.741415690097988644e+01
7.530000000000159233e+00 1.747010524365579442e+01
7.550000000000158806e+00 1.753470981902349379e+01
7.570000000000158380e+00 1.763686731749782055e+01
7.590000000000157954e+00 1.760355357312482028e+01
7.610000000000157527e+00 1.776272559826008290e+01
7.630000000000157101e+00 1.789566953599258170e+01
7.650000000000156675e+00 1.799729473822435821e+01
7.670000000000156248e+00 1.803590564405482866e+01
7.690000000000155822e+00 1.820171717204120654e+01
7.710000000000155396e+00 1.820051016030902602e+01
7.730000000000154969e+00 1.835260318215905784e+01
7.750000000000154543e+00 1.842826610551948008e+01
7.770000000000154117e+00 1.850089740271264560e+01
7.790000000000153690e+00 1.850388906059714955e+01
7.810000000000153264e+00 1.869475484684323519e+01
7.830000000000152838e+00 1.879962300453360413e+01
7.850000000000152411e+00 1.886571075693836264e+01
7.870000000000151985e+00 1.880358464341391667e+01
7.890000000000151559e+00 1.899660911524106410e+01
7.910000000000151132e+00 1.905544365504878002e+01
7.930000000000150706e+00 1.914123822823232857e+01
7.950000000000150280e+00 1.923156160850217233e+01
7.970000000000149853e+00 1.917780589275798775e+01
7.990000000000149427e+00 1.935061456381444600e+01
8.010000000000149001e+00 1.943859666317548118e+01
8.030000000000148574e+00 1.963140035823307272e+01
8.050000000000148148e+00 1.968681829253363702e+01
8.070000000000147722e+00 1.957861173328138449e+01
8.090000000000147296e+00 1.984785124887913099e+01
8.110000000000146869e+00 1.978913278492544237e+01
8.130000000000146443e+00 1.993810090227211873e+01
8.150000000000146017e+00 1.991372846350370907e+01
8.170000000000145590e+00 2.015856123457143312e+01
8.190000000000145164e+00 2.013073293455469326e+01
8.210000000000144738e+00 2.023585413018799883e+01
8.230000000000144311e+00 2.034723293003033362e+01
8.250000000000143885e+00 2.029124551755836592e+01
8.270000000000143459e+00 2.048188502962898738e+01
8.290000000000143032e+00 2.034142942565641121e+01
8.310000000000142606e+00 2.052841297035504198e+01
8.330000000000142180e+00 2.056928100423001027e+01
8.350000000000141753e+00 2.063825935199674078e+01
8.370000000000141327e+00 2.075412485153342601e+01
8.390000000000140901e+00 2.078421240790065738e+01
8.410000000000140474e+00 2.083088012867052896e+01
8.430000000000140048e+00 2.099247376606634319e+01
8.450000000000139622e+00 2.101048773563559635e+01
8.470000000000139195e+00 2.097227143508119696e+01
8.490000000000138769e+00 2.107320678906970812e+01
8.510000000000138343e+00 2.128892247367173596e+01
8.530000000000137916e+00 2.131546652987573154e+01
8.550000000000137490e+00 2.113138726907722642e+01
8.570000000000137064e+00 2.133547483517939014e+01
8.590000000000136637e+00 2.138677850984055695e+01
8.610000000000136211e+00 2.153937957704634343e+01
8.630000000000135785e+00 2.142983429754730196e+01
8.650000000000135358e+00 2.150902159674376435e+01
8.670000000000134932e+00 2.161491742099801883e+01
8.690000000000134506e+00 2.164343212978583963e+01
8.710000000000134079e+00 2.170903228847452837e+01
8.730000000000133653e+00 2.175500279262375614e+01
8.750000000000133227e+00 2.182638969318198008e+01
8.770000000000132800e+00 2.185917365048210215e+01
8.790000000000132374e+00 2.190276507973681674e+01
8.810000000000131948e+00 2.195367977828318473e+01
8.830000000000131521e+00 2.205669003713945742e+01
8.850000000000131095e+00 2.206475141715635147e+01
8.870000000000130669e+00 2.206424434997583717e+01
8.890000000000130242e+00 2.203566624444470889e+01
8.910000000000129816e+00 2.219499635465455611e+01
8.930000000000129390e+00 2.230398210601808628e+01
8.950000000000128964e+00 2.213211413650572723e+01
8.970000000000128537e+00 2.234756268654543732e+01
8.990000000000128111e+00 2.231302780474880620e+01
9.010000000000127685e+00 2.239550986641458508e+01
9.030000000000127258e+00 2.246384465437370537e+01
9.050000000000126832e+00 2.249267650066751045e+01
9.070000000000126406e+00 2.248393266030747384e+01
9.090000000000125979e+00 2.252068983957150650e+01
9.110000000000125553e+00 2.247996562421287692e+01
9.130000000000125127e+00 2.267450896729451415e+01
9.150000000000124700e+00 2.263928281316850999e+01
9.170000000000124274e+00 2.276681505074856204e+01
9.190000000000123848e+00 2.267685314636378635e+01
9.210000000000123421e+00 2.276466974074853766e+01
9.230000000000122995e+00 2.274861255122081971e+01
9.250000000000122569e+00 2.276000487277894635e+01
9.270000000000122142e+00 2.287706680339750775e+01
9.290000000000121716e+00 2.279513544185126506e+01
9.310000000000121290e+00 2.288096906069388936e+01
9.330000000000120863e+00 2.290666128589639428e+01
9.350000000000120437e+00 2.290144322948713196e+01
9.370000000000120011e+00 2.306774818845210362e+01
9.390000000000119584e+00 2.300176104059891102e+01
9.410000000000119158e+00 2.301191961144945708e+01
9.430000000000118732e+00 2.307268761476462515e+01
9.450000000000118305e+00 2.303456710410220154e+01
9.470000000000117879e+00 2.315808362781728036e+01
9.490000000000117453e+00 2.309403257889584538e+01
9.510000000000117026e+00 2.327025834956351957e+01
9.530000000000116600e+00 2.320700418922972830e+01
9.550000000000116174e+00 2.314673833123832125e+01
9.570000000000115747e+00 2.320772940212549074e+01
9.590000000000115321e+00 2.322006919058340557e+01
9.610000000000114895e+00 2.329301196567125132e+01
9.630000000000114468e+00 2.335151790096766788e+01
9.650000000000114042e+00 2.330838664872640464e+01
9.670000000000113616e+00 2.344328634033426084e+01
9.690000000000113189e+00 2.329094150298255883e+01
9.710000000000112763e+00 2.332539923042067898e+01
9.730000000000112337e+00 2.346945094500010498e+01
9.750000000000111910e+00 2.341163644451524917e+01
9.770000000000111484e+00 2.341122832737207915e+01
9.790000000000111058e+00 2.356362153491734190e+01
9.810000000000110632e+00 2.352565791586293997e+01
9.830000000000110205e+00 2.339976763051101827e+01
9.850000000000109779e+00 2.356411891108394485e+01
9.870000000000109353e+00 2.365375084965836550e+01
9.890000000000108926e+00 2.359071881352733513e+01
9.910000000000108500e+00 2.357290395520436022e+01
9.930000000000108074e+00 2.357130941685380421e+01
9.950000000000107647e+00 2.356744561566947738e+01
9.970000000000107221e+00 2.365936338994704258e+01
9.990000000000106795e+00 2.369171522872697366e+01
1.001000000000010637e+01 2.367800250697964159e+01
1.003000000000010594e+01 2.365867208163720292e+01
1.005000000000010552e+01 2.375412661454125285e+01
1.007000000000010509e+01 2.377268405957892128e+01
1.009000000000010466e+01 2.385751168756378249e+01
1.011000000000010424e+01 2.377713731569403066e+01
1.013000000000010381e+01 2.382913705365338330e+01
1.015000000000010338e+01 2.378125269510907813e+01
1.017000000000010296e+01 2.382610734474227598e+01
1.019000000000010253e+01 2.387243430048185644e+01
1.021000000000010210e+01 2.391270511112617214e+01
1.023000000000010168e+01 2.382944956631268951e+01
1.025000000000010125e+01 2.386813286175526017e+01
1.027000000000010083e+01 2.397777507846186040e+01
1.029000000000010040e+01 2.388616904100932459e+01
1.031000000000009997e+01 2.396302377982131304e+01
1.033000000000009955e+01 2.415237352451109132e+01
1.035000000000009912e+01 2.396471486116292482e+01
1.037000000000009869e+01 2.415404985312924424e+01
1.039000000000009827e+01 2.406437101848018756e+01
1.041000000000009784e+01 2.403336053685628571e+01
1.043000000000009742e+01 2.406010450988497240e+01
1.045000000000009699e+01 2.423298352350003881e+01
1.047000000000009656e+01 2.406825025883420111e+01
1.049000000000009614e+01 2.419552806083493834e+01
1.051000000000009571e+01 2.415238971571893600e+01
1.053000000000009528e+01 2.417125158876274682e+01
1.055000000000009486e+01 2.427222546825266392e+01
1.057000000000009443e+01 2.432555895268187385e+01
1.059000000000009400e+01 2.422841967586086298e+01
1.061000000000009358e+01 2.445349180308388171e+01
1.063000000000009315e+01 2.431092843582921859e+01
1.065000000000009273e+01 2.423611010994215320e+01
1.067000000000009230e+01 2.437945498007223932e+01
1.069000000000009187e+01 2.432114848208596314e+01
1.071000000000009145e+01 2.450389576423896543e+01
1.073000000000009102e+01 2.456409927333251630e+01
1.075000000000009059e+01 2.446907033728884784e+01
1.077000000000009017e+01 2.441955748569158047e+01
1.079000000000008974e+01 2.449284399933822698e+01
1.081000000000008932e+01 2.456124477893965263e+01
1.083000000000008889e+01 2.457901706107875839e+01
1.085000000000008846e+01 2.471275953019634386e+01
1.087000000000008804e+01 2.462079691358536593e+01
1.089000000000008761e+01 2.460975153856234243e+01
1.091000000000008718e+01 2.465152187438565790e+01
1.093000000000008676e+01 2.465038154089909384e+01
1.095000000000008633e+01 2.476439527704232901e+01
1.097000000000008590e+01 2.476627063617489100e+01
1.099000000000008548e+01 2.477450311885136713e+01
1.101000000000008505e+01 2.468905689761682254e+01
1.103000000000008463e+01 2.492195005582648548e+01
1.105000000000008420e+01 2.487728792190639382e+01
1.107000000000008377e+01 2.478566828162382762e+01
1.109000000000008335e+01 2.484832141572063335e+01
1.111000000000008292e+01 2.497065420307529848e+01
1.113000000000008249e+01 2.486484506714150911e+01
1.115000000000008207e+01 2.505884183501588325e+01
1.117000000000008164e+01 2.487414564180140886e+01
1.119000000000008122e+01 2.500306182339085126e+01
1.121000000000008079e+01 2.503989785200710827e+01
1.123000000000008036e+01 2.512802401648335504e+01
1.125000000000007994e+01 2.514745281338398186e+01
1.127000000000007951e+01 2.501994914983609064e+01
1.129000000000007908e+01 2.503634914889368090e+01
1.131000000000007866e+01 2.511545108414665251e+01
1.133000000000007823e+01 2.508072364711806657e+01
1.135000000000007780e+01 2.517637557565014816e+01
1.137000000000007738e+01 2.536211711738602403e+01
1.139000000000007695e+01 2.512819184887801427e+01
1.141000000000007653e+01 2.524739336786343458e+01
1.143000000000007610e+01 2.521691833010902783e+01
1.145000000000007567e+01 2.523789514854694715e+01
1.147000000000007525e+01 2.528541467566317280e+01
1.149000000000007482e+01 2.520581261041307286e+01
1.151000000000007439e+01 2.540961217490518465e+01
1.153000000000007397e+01 2.527659714990749862e+01
1.155000000000007354e+01 2.521627707521698625e+01
1.157000000000007311e+01 2.537383185088424042e+01
1.159000000000007269e+01 2.545181954507506106e+01
1.161000000000007226e+01 2.530904187049561216e+01
1.163000000000007184e+01 2.539762014988825101e+01
1.165000000000007141e+01 2.532782838149218563e+01
1.167000000000007098e+01 2.532750183539706157e+01
1.169000000000007056e+01 2.536181878387757038e+01
1.171000000000007013e+01 2.533697239622568276e+01
1.173000000000006970e+01 2.545418123880294914e+01
1.175000000000006928e+01 2.551985999524265125e+01
1.177000000000006885e+01 2.537703833514774487e+01
1.179000000000006843e+01 2.531556092046915651e+01
1.181000000000006800e+01 2.528739128619485399e+01
1.183000000000006757e+01 2.543701763966241458e+01
1.185000000000006715e+01 2.554624666881727535e+01
1.187000000000006672e+01 2.539982841163538296e+01
1.189000000000006629e+01 2.548057008632775222e+01
1.191000000000006587e+01 2.529473413326027398e+01
1.193000000000006544e+01 2.539875750122581621e+01
1.195000000000006501e+01 2.531153415823306219e+01
1.197000000000006459e+01 2.532886792335612824e+01
1.199000000000006416e+01 2.530466444335585763e+01
1.201000000000006374e+01 2.526338462297266574e+01
1.203000000000006331e+01 2.537593957216587270e+01
1.205000000000006288e+01 2.542748573168411497e+01
1.207000000000006246e+01 2.539043152982192453e+01
1.209000000000006203e+01 2.522468183153587873e+01
1.211000000000006160e+01 2.512088360659490860e+01
1.213000000000006118e+01 2.528073555011658868e+01
1.215000000000006075e+01 2.520270994242236640e+01
1.217000000000006033e+01 2.515248567059320095e+01
1.219000000000005990e+01 2.523994586267605911e+01
1.221000000000005947e+01 2.518872415983629054e+01
1.223000000000005905e+01 2.518394803306868468e+01
1.225000000000005862e+01 2.492289499695971244e+01
1.227000000000005819e+01 2.511213953851334324e+01
1.229000000000005777e+01 2.505126445636824073e+01
1.231000000000005734e+01 2.489289562763425323e+01
1.233000000000005691e+01 2.512099152815260794e+01
1.235000000000005649e+01 2.486383141278324516e+01
1.237000000000005606e+01 2.492099175619439677e+01
1.239000000000005564e+01 2.483291922384140094e+01
1.241000000000005521e+01 2.490236743120829033e+01
1.243000000000005478e+01 2.476842635491609812e+01
1.245000000000005436e+01 2.463030732965277281e+01
1.247000000000005393e+01 2.473285652752277741e+01
1.249000000000005350e+01 2.468846633596005802e+01
1.251000000000005308e+01 2.455416307225512540e+01
1.253000000000005265e+01 2.450434408200100123e+01
1.255000000000005222e+01 2.463560945371002475e+01
1.257000000000005180e+01 2.448577577797459881e+01
1.259000000000005137e+01 2.433781691354103316e+01
1.261000000000005095e+01 2.430050471038597237e+01
1.263000000000005052e+01 2.428454756358106081e+01
1.265000000000005009e+01 2.424365623111758694e+01
1.267000000000004967e+01 2.425352920250548650e+01
1.269000000000004924e+01 2.418846795475014133e+01
1.271000000000004881e+01 2.405964651953001976e+01
1.273000000000004839e+01 2.394174620055971658e+01
1.275000000000004796e+01 2.386219986892750455e+01
1.277000000000004754e+01 2.385425707701588394e+01
1.279000000000004711e+01 2.388618327179101186e+01
1.281000000000004668e+01 2.373077260090918728e+01
1.283000000000004626e+01 2.379579521627326955e+01
1.285000000000004583e+01 2.354811688829400396e+01
1.287000000000004540e+01 2.358539145127184611e+01
1.289000000000004498e+01 2.349875475324546414e+01
1.291000000000004455e+01 2.329465840684139266e+01
1.293000000000004412e+01 2.323363958697645870e+01
1.295000000000004370e+01 2.323656558303554220e+01
1.297000000000004327e+01 2.326644013128585442e+01
1.299000000000004285e+01 2.318539014784456143e+01
1.301000000000004242e+01 2.303011595164531400e+01
1.303000000000004199e+01 2.287811942350861116e+01
1.305000000000004157e+01 2.275650186759340343e+01
1.307000000000004114e+01 2.279215753690033708e+01
1.309000000000004071e+01 2.269137027637842507e+01
1.311000000000004029e+01 2.276149242933669825e+01
1.313000000000003986e+01 2.256480384616535417e+01
1.315000000000003944e+01 2.243527912302708316e+01
1.317000000000003901e+01 2.235224472998280021e+01
1.319000000000003858e+01 2.227745484819273614e+01
1.321000000000003816e+01 2.219858619319697013e+01
1.323000000000003773e+01 2.218373642984089855e+01
1.325000000000003730e+01 2.196639541835733667e+01
1.327000000000003688e+01 2.197745508219695409e+01
1.329000000000003645e+01 2.177794417816996742e+01
1.331000000000003602e+01 2.167120293338143711e+01
1.333000000000003560e+01 2.181162519839911695e+01
1.335000000000003517e+01 2.164858229116522281e+01
1.337000000000003475e+01 2.134761837767653603e+01
1.339000000000003432e+01 2.122970468811578826e+01
1.341000000000003389e+01 2.139356175544781280e+01
1.343000000000003347e+01 2.129121428235402291e+01
1.345000000000003304e+01 2.089033614912713688e+01
1.347000000000003261e+01 2.098106545562037439e+01
1.349000000000003219e+01 2.092876073332626063e+01
1.351000000000003176e+01 2.080454426981347993e+01
1.353000000000003133e+01 2.059833357619318406e+01
1.355000000000003091e+01 2.043064349556999915e+01
1.357000000000003048e+01 2.025502849379967429e+01
1.359000000000003006e+01 2.005540396760616773e+01
1.361000000000002963e+01 1.978200517864929253e+01
1.363000000000002920e+01 1.926934819894887241e+01
1.365000000000002878e+01 1.893365784296968357e+01
1.367000000000002835e+01 1.841123955218544594e+01
1.369000000000002792e+01 1.801139197095857369e+01
1.371000000000002750e+01 1.771801141185002848e+01
1.373000000000002707e+01 1.698418847709806911e+01
1.375000000000002665e+01 1.639674379961257600e+01
1.377000000000002622e+01 1.595911120248571002e+01
1.379000000000002579e+01 1.532087708506232993e+01
1.381000000000002537e+01 1.493477902658686141e+01
1.383000000000002494e+01 1.442429568526734229e+01
1.385000000000002451e+01 1.393327529228919737e+01
1.387000000000002409e+01 1.354191039261332108e+01
1.389000000000002366e+01 1.312001296617825652e+01
1.391000000000002323e+01 1.280005752980979317e+01
1.393000000000002281e+01 1.217080608924775653e+01
1.395000000000002238e+01 1.179223831224797436e+01
1.397000000000002196e+01 1.134480606408352799e+01
1.399000000000002153e+01 1.088450262154978354e+01
1.401000000000002110e+01 1.015301237736811046e+01
1.403000000000002068e+01 9.458691230406950368e+00
1.405000000000002025e+01 8.628511225371228832e+00
1.407000000000001982e+01 7.877231744217866982e+00
1.409000000000001940e+01 7.050758821294540013e+00
1.411000000000001897e+01 6.382916818406735082e+00
1.413000000000001855e+01 5.647033367342152665e+00
1.415000000000001812e+01 4.936577680068770846e+00
1.417000000000001769e+01 4.383443699490967127e+00
1.419000000000001727e+01 3.849633312106831795e+00
1.421000000000001684e+01 3.451027030164814935e+00
1.423000000000001641e+01 3.011901214965914786e+00
1.425000000000001599e+01 2.685142689024678120e+00
1.427000000000001556e+01 2.231463178956537785e+00
1.429000000000001513e+01 1.868041190668741747e+00
1.431000000000001471e+01 1.624383580539468852e+00
1.433000000000001428e+01 1.433909072000968621e+00
1.435000000000001386e+01 1.231102517236994265e+00
1.437000000000001343e+01 9.372771326119537783e-01
1.439000000000001300e+01 6.843604532617522107e-01
1.441000000000001258e+01 5.138456458627272960e-01
1.443000000000001215e+01 3.780639133046149181e-01
1.445000000000001172e+01 2.608057046698182835e-01
1.447000000000001130e+01 1.441896528844029135e-01
1.449000000000001087e+01 5.364335573696877441e-02
1.451000000000001044e+01 1.067039652128374747e-02
1.453000000000001002e+01 1.029236236030369833e-05
1.455000000000000959e+01 9.541910711688317252e-06
1.457000000000000917e+01 3.791072308311849659e-09
1.459000000000000874e+01 1.275674461168542196e-10
1.461000000000000831e+01 1.158785176003869286e-10
1.463000000000000789e+01 6.066817626856086493e-17
1.465000000000000746e+01 2.485981019162088877e-17
1.467000000000000703e+01 0.000000000000000000e+00
1.469000000000000661e+01 0.000000000000000000e+00
1.471000000000000618e+01 0.000000000000000000e+00
1.473000000000000576e+01 0.000000000000000000e+00
1.475000000000000533e+01 0.000000000000000000e+00
1.477000000000000490e+01 0.000000000000000000e+00
1.479000000000000448e+01 0.000000000000000000e+00
1.481000000000000405e+01 0.000000000000000000e+00
1.483000000000000362e+01 0.000000000000000000e+00
1.485000000000000320e+01 0.000000000000000000e+00
1.487000000000000277e+01 0.000000000000000000e+00
1.489000000000000234e+01 0.000000000000000000e+00
1.491000000000000192e+01 0.000000000000000000e+00
1.493000000000000149e+01 0.000000000000000000e+00
1.495000000000000107e+01 0.000000000000000000e+00
1.497000000000000064e+01 0.000000000000000000e+00
1.499000000000000021e+01 0.000000000000000000e+00
