# Redshift		Merger Rate Density [Gpc^-3yr^-1]
1.000000000031931770e-02 2.061353820136686821e+01
3.000000000031888964e-02 2.156653549350060928e+01
5.000000000031846331e-02 2.265357197115936216e+01
7.000000000031804392e-02 2.356439082274239283e+01
9.000000000031761760e-02 2.475022570400944488e+01
1.100000000003171913e-01 2.576448010644134712e+01
1.300000000003167511e-01 2.694187408019627838e+01
1.500000000003163247e-01 2.800980992015304238e+01
1.700000000003158984e-01 2.927625377309410126e+01
1.900000000003154721e-01 3.031340627666858722e+01
2.100000000003150458e-01 3.170035625037807492e+01
2.300000000003146194e-01 3.289489990794984919e+01
2.500000000003141931e-01 3.414163611797378906e+01
2.700000000003137668e-01 3.555684149574587849e+01
2.900000000003133405e-01 3.679769757965275545e+01
3.100000000003129141e-01 3.807982215204816612e+01
3.300000000003124878e-01 3.948367142040688549e+01
3.500000000003120615e-01 4.078083546511660273e+01
3.700000000003116352e-01 4.230304052065682896e+01
3.900000000003112088e-01 4.379061400043266161e+01
4.100000000003107825e-01 4.510667543186289663e+01
4.300000000003103562e-01 4.677227081698999456e+01
4.500000000003099299e-01 4.804752982137726036e+01
4.700000000003095035e-01 4.963880781850832591e+01
4.900000000003090772e-01 5.127581349208399786e+01
5.100000000003086509e-01 5.263254290614359832e+01
5.300000000003082246e-01 5.442615083153335576e+01
5.500000000003077982e-01 5.608999889785069826e+01
5.700000000003073719e-01 5.767680257008300515e+01
5.900000000003069456e-01 5.922568274604108751e+01
6.100000000003065193e-01 6.090509593133738520e+01
6.300000000003060929e-01 6.285858260751197690e+01
6.500000000003056666e-01 6.459505049208991068e+01
6.700000000003052403e-01 6.629980683451911716e+01
6.900000000003048140e-01 6.812702968737572462e+01
7.100000000003043876e-01 6.981922340381672143e+01
7.300000000003039613e-01 7.172283294349254845e+01
7.500000000003035350e-01 7.396212654420109800e+01
7.700000000003031086e-01 7.539775506346882139e+01
7.900000000003026823e-01 7.739132390463532829e+01
8.100000000003022560e-01 7.945484160186552458e+01
8.300000000003018297e-01 8.102813330098946665e+01
8.500000000003014033e-01 8.309161815220521419e+01
8.700000000003009770e-01 8.485892844506986421e+01
8.900000000003005507e-01 8.669399346225930003e+01
9.100000000003001244e-01 8.866950147532361370e+01
9.300000000002996980e-01 9.063857454832886162e+01
9.500000000002992717e-01 9.256935695272387932e+01
9.700000000002988454e-01 9.446732501107334201e+01
9.900000000002984191e-01 9.675581976598789424e+01
1.010000000000297993e+00 9.837260483692881508e+01
1.030000000000297566e+00 1.004420740439878443e+02
1.050000000000297140e+00 1.025681371881929920e+02
1.070000000000296714e+00 1.043092962385587015e+02
1.090000000000296287e+00 1.066013580749688856e+02
1.110000000000295861e+00 1.081651359308935838e+02
1.130000000000295435e+00 1.101206528496837507e+02
1.150000000000295008e+00 1.124158125494915907e+02
1.170000000000294582e+00 1.137885455088461129e+02
1.190000000000294156e+00 1.158194759317662061e+02
1.210000000000293729e+00 1.186750573031511635e+02
1.230000000000293303e+00 1.198180349241698650e+02
1.250000000000292877e+00 1.215967171182146984e+02
1.270000000000292451e+00 1.231603358416690241e+02
1.290000000000292024e+00 1.250394001321657811e+02
1.310000000000291598e+00 1.266304487376635564e+02
1.330000000000291172e+00 1.288618659131469428e+02
1.350000000000290745e+00 1.299031494906275270e+02
1.370000000000290319e+00 1.318763800533413644e+02
1.390000000000289893e+00 1.334247553833327231e+02
1.410000000000289466e+00 1.354519274098689721e+02
1.430000000000289040e+00 1.360762948001388395e+02
1.450000000000288614e+00 1.380484448712793437e+02
1.470000000000288187e+00 1.399760445415368793e+02
1.490000000000287761e+00 1.408312606956084210e+02
1.510000000000287335e+00 1.420639630753881875e+02
1.530000000000286908e+00 1.436255650893427287e+02
1.550000000000286482e+00 1.444050570706276346e+02
1.570000000000286056e+00 1.454696175042374477e+02
1.590000000000285629e+00 1.468768761613698928e+02
1.610000000000285203e+00 1.476846238948335781e+02
1.630000000000284777e+00 1.488123893650102332e+02
1.650000000000284350e+00 1.496124183187300218e+02
1.670000000000283924e+00 1.510185829105606956e+02
1.690000000000283498e+00 1.521097827761943506e+02
1.710000000000283071e+00 1.528084227737785739e+02
1.730000000000282645e+00 1.530465800494160078e+02
1.750000000000282219e+00 1.531038620154157854e+02
1.770000000000281792e+00 1.548224987582882477e+02
1.790000000000281366e+00 1.549248544997125236e+02
1.810000000000280940e+00 1.554057629162852550e+02
1.830000000000280513e+00 1.552282703270140587e+02
1.850000000000280087e+00 1.548871693669403840e+02
1.870000000000279661e+00 1.574141758206081647e+02
1.890000000000279234e+00 1.569126285496336379e+02
1.910000000000278808e+00 1.561177798272071016e+02
1.930000000000278382e+00 1.545517238810567449e+02
1.950000000000277955e+00 1.544225679040889077e+02
1.970000000000277529e+00 1.546526182917255881e+02
1.990000000000277103e+00 1.538101675114996851e+02
2.010000000000276899e+00 1.530562527104648325e+02
2.030000000000276472e+00 1.529065807547480915e+02
2.050000000000276046e+00 1.523308152437175522e+02
2.070000000000275620e+00 1.510652066777275024e+02
2.090000000000275193e+00 1.506870631735629331e+02
2.110000000000274767e+00 1.501349816282784388e+02
2.130000000000274341e+00 1.480782004229267557e+02
2.150000000000273914e+00 1.474486350493106670e+02
2.170000000000273488e+00 1.474764211772153715e+02
2.190000000000273062e+00 1.462052810416493287e+02
2.210000000000272635e+00 1.451000945696787880e+02
2.230000000000272209e+00 1.442195900511532898e+02
2.250000000000271783e+00 1.428088244935576654e+02
2.270000000000271356e+00 1.420839622855975506e+02
2.290000000000270930e+00 1.416246108180320391e+02
2.310000000000270504e+00 1.407755772933409446e+02
2.330000000000270077e+00 1.399262307121004199e+02
2.350000000000269651e+00 1.381686136939189282e+02
2.370000000000269225e+00 1.364708642173379758e+02
2.390000000000268798e+00 1.357913215712612498e+02
2.410000000000268372e+00 1.343940323648502044e+02
2.430000000000267946e+00 1.333973345396542527e+02
2.450000000000267519e+00 1.315431625081237996e+02
2.470000000000267093e+00 1.298409659918090426e+02
2.490000000000266667e+00 1.286626831542356229e+02
2.510000000000266240e+00 1.283908745057939598e+02
2.530000000000265814e+00 1.270443786964375903e+02
2.550000000000265388e+00 1.254899534361106674e+02
2.570000000000264961e+00 1.238883407591218315e+02
2.590000000000264535e+00 1.231354590753061160e+02
2.610000000000264109e+00 1.210456691765075306e+02
2.630000000000263682e+00 1.197153572638976158e+02
2.650000000000263256e+00 1.188627217700679495e+02
2.670000000000262830e+00 1.170703588430604754e+02
2.690000000000262403e+00 1.149861580461564756e+02
2.710000000000261977e+00 1.135512200050026337e+02
2.730000000000261551e+00 1.121016767232725186e+02
2.750000000000261124e+00 1.108314189600604323e+02
2.770000000000260698e+00 1.090622388622428502e+02
2.790000000000260272e+00 1.074531850391725953e+02
2.810000000000259845e+00 1.060266773431528975e+02
2.830000000000259419e+00 1.044626703255736118e+02
2.850000000000258993e+00 1.030350918445285942e+02
2.870000000000258567e+00 1.020248233326506693e+02
2.890000000000258140e+00 9.992894431214611473e+01
2.910000000000257714e+00 9.884721047061798060e+01
2.930000000000257288e+00 9.779413024643091035e+01
2.950000000000256861e+00 9.601614455263735692e+01
2.970000000000256435e+00 9.488722505305078414e+01
2.990000000000256009e+00 9.334629802857620007e+01
3.010000000000255582e+00 9.196556130585211974e+01
3.030000000000255156e+00 9.112763347325561369e+01
3.050000000000254730e+00 8.934084757524277620e+01
3.070000000000254303e+00 8.833268095841164325e+01
3.090000000000253877e+00 8.705448712639945086e+01
3.110000000000253451e+00 8.574734069797975167e+01
3.130000000000253024e+00 8.447455877631526278e+01
3.150000000000252598e+00 8.364556038722906806e+01
3.170000000000252172e+00 8.196967002050367057e+01
3.190000000000251745e+00 8.129617793999840103e+01
3.210000000000251319e+00 8.017347421250093475e+01
3.230000000000250893e+00 7.969237496407849619e+01
3.250000000000250466e+00 7.894960753868635095e+01
3.270000000000250040e+00 7.763477473064413914e+01
3.290000000000249614e+00 7.551045002624914559e+01
3.310000000000249187e+00 7.452387999643207195e+01
3.330000000000248761e+00 7.340110167291157950e+01
3.350000000000248335e+00 7.270093673194259054e+01
3.370000000000247908e+00 7.174126008201879756e+01
3.390000000000247482e+00 7.011121876948642750e+01
3.410000000000247056e+00 6.922321363048710907e+01
3.430000000000246629e+00 6.815354402735127337e+01
3.450000000000246203e+00 6.698852945262996172e+01
3.470000000000245777e+00 6.587995121404443921e+01
3.490000000000245350e+00 6.553929942429235211e+01
3.510000000000244924e+00 6.488065171831095768e+01
3.530000000000244498e+00 6.336104610817803717e+01
3.550000000000244071e+00 6.212461636210590399e+01
3.570000000000243645e+00 6.129527560340930137e+01
3.590000000000243219e+00 6.012568510409850830e+01
3.610000000000242792e+00 5.957939281334650872e+01
3.630000000000242366e+00 5.861086543591391518e+01
3.650000000000241940e+00 5.760170803901895198e+01
3.670000000000241513e+00 5.688595946222633160e+01
3.690000000000241087e+00 5.603349511564594820e+01
3.710000000000240661e+00 5.526067952341565359e+01
3.730000000000240234e+00 5.443895474961877312e+01
3.750000000000239808e+00 5.369590296083188008e+01
3.770000000000239382e+00 5.246480614008844157e+01
3.790000000000238956e+00 5.189537370218389611e+01
3.810000000000238529e+00 5.114424374062043910e+01
3.830000000000238103e+00 5.022912800971852221e+01
3.850000000000237677e+00 4.940718010279547912e+01
3.870000000000237250e+00 4.868156575706821343e+01
3.890000000000236824e+00 4.789475087258848873e+01
3.910000000000236398e+00 4.704308977674864423e+01
3.930000000000235971e+00 4.645645364888849116e+01
3.950000000000235545e+00 4.605260660582524679e+01
3.970000000000235119e+00 4.528405221831316396e+01
3.990000000000234692e+00 4.463692029134847417e+01
4.010000000000234266e+00 4.418456954919366098e+01
4.030000000000233840e+00 4.307198151109895434e+01
4.050000000000233413e+00 4.259590884706385339e+01
4.070000000000232987e+00 4.218260059723355937e+01
4.090000000000232561e+00 4.137709139694645444e+01
4.110000000000232134e+00 4.110771186076018324e+01
4.130000000000231708e+00 4.056115302922746224e+01
4.150000000000231282e+00 4.006717376305723377e+01
4.170000000000230855e+00 3.975017258647567076e+01
4.190000000000230429e+00 3.941658299480681649e+01
4.210000000000230003e+00 3.913661563341568694e+01
4.230000000000229576e+00 3.831251341305597435e+01
4.250000000000229150e+00 3.755803155084004175e+01
4.270000000000228724e+00 3.676143370185756964e+01
4.290000000000228297e+00 3.642227548250640723e+01
4.310000000000227871e+00 3.556883111039140744e+01
4.330000000000227445e+00 3.528885350010435218e+01
4.350000000000227018e+00 3.496507756911060483e+01
4.370000000000226592e+00 3.441299950163337940e+01
4.390000000000226166e+00 3.375090598486769977e+01
4.410000000000225739e+00 3.339888659233635337e+01
4.430000000000225313e+00 3.307029238164510332e+01
4.450000000000224887e+00 3.259771859541597649e+01
4.470000000000224460e+00 3.200040754518573749e+01
4.490000000000224034e+00 3.165613554209560121e+01
4.510000000000223608e+00 3.126813116764187939e+01
4.530000000000223181e+00 3.111658501334093074e+01
4.550000000000222755e+00 3.042546549468108807e+01
4.570000000000222329e+00 2.983616946119679625e+01
4.590000000000221902e+00 2.934166411014439291e+01
4.610000000000221476e+00 2.896805343476658834e+01
4.630000000000221050e+00 2.858471532292346140e+01
4.650000000000220624e+00 2.816267048264949224e+01
4.670000000000220197e+00 2.801066245151192291e+01
4.690000000000219771e+00 2.745723793396955159e+01
4.710000000000219345e+00 2.717201428616037262e+01
4.730000000000218918e+00 2.682603918561026290e+01
4.750000000000218492e+00 2.635830500671339749e+01
4.770000000000218066e+00 2.585671403541114444e+01
4.790000000000217639e+00 2.571526936812346875e+01
4.810000000000217213e+00 2.546793608840882683e+01
4.830000000000216787e+00 2.512394950545111882e+01
4.850000000000216360e+00 2.470605373896757584e+01
4.870000000000215934e+00 2.420762970384323509e+01
4.890000000000215508e+00 2.396353341855043695e+01
4.910000000000215081e+00 2.354895828124482904e+01
4.930000000000214655e+00 2.347886896388584077e+01
4.950000000000214229e+00 2.332261595880537186e+01
4.970000000000213802e+00 2.297917923052124323e+01
4.990000000000213376e+00 2.271845310350671099e+01
5.010000000000212950e+00 2.221290998553820373e+01
5.030000000000212523e+00 2.173207072273828899e+01
5.050000000000212097e+00 2.144353649191433320e+01
5.070000000000211671e+00 2.110256342298782073e+01
5.090000000000211244e+00 2.080242102299992624e+01
5.110000000000210818e+00 2.068680054194990348e+01
5.130000000000210392e+00 2.044632039589851047e+01
5.150000000000209965e+00 1.997159343923232200e+01
5.170000000000209539e+00 1.966423647832255384e+01
5.190000000000209113e+00 1.955486955426089324e+01
5.210000000000208686e+00 1.926940738372121942e+01
5.230000000000208260e+00 1.933549980066682039e+01
5.250000000000207834e+00 1.881258984146580104e+01
5.270000000000207407e+00 1.844242247322702255e+01
5.290000000000206981e+00 1.831830158187785784e+01
5.310000000000206555e+00 1.816507480718026102e+01
5.330000000000206128e+00 1.805661247030705852e+01
5.350000000000205702e+00 1.777499505672194502e+01
5.370000000000205276e+00 1.724871920555771254e+01
5.390000000000204849e+00 1.707589654483473396e+01
5.410000000000204423e+00 1.692009564527056398e+01
5.430000000000203997e+00 1.658782342321038072e+01
5.450000000000203570e+00 1.635637112672906213e+01
5.470000000000203144e+00 1.615234696592803942e+01
5.490000000000202718e+00 1.605713846855876170e+01
5.510000000000202292e+00 1.582110537878454792e+01
5.530000000000201865e+00 1.546242010189329719e+01
5.550000000000201439e+00 1.555712074059035999e+01
5.570000000000201013e+00 1.536246109604648602e+01
5.590000000000200586e+00 1.519933338042303284e+01
5.610000000000200160e+00 1.500030351929727424e+01
5.630000000000199734e+00 1.472719876587454202e+01
5.650000000000199307e+00 1.450892856739834080e+01
5.670000000000198881e+00 1.414288068270780840e+01
5.690000000000198455e+00 1.397117618230332425e+01
5.710000000000198028e+00 1.354450609519978599e+01
5.730000000000197602e+00 1.341277891787065890e+01
5.750000000000197176e+00 1.345269180174584100e+01
5.770000000000196749e+00 1.317423421888625334e+01
5.790000000000196323e+00 1.303398382771746888e+01
5.810000000000195897e+00 1.266439742285275827e+01
5.830000000000195470e+00 1.255760058788800038e+01
5.850000000000195044e+00 1.243512014368725893e+01
5.870000000000194618e+00 1.234475502697073246e+01
5.890000000000194191e+00 1.221648654254373767e+01
5.910000000000193765e+00 1.187563538862715795e+01
5.930000000000193339e+00 1.165485759609888561e+01
5.950000000000192912e+00 1.161542019032454753e+01
5.970000000000192486e+00 1.134717382678278774e+01
5.990000000000192060e+00 1.139173073130543301e+01
6.010000000000191633e+00 1.106256398756137926e+01
6.030000000000191207e+00 1.099383495315502124e+01
6.050000000000190781e+00 1.074896153521568642e+01
6.070000000000190354e+00 1.062228711684147342e+01
6.090000000000189928e+00 1.049148920269976060e+01
6.110000000000189502e+00 1.043871838532677998e+01
6.130000000000189075e+00 1.041961555570773079e+01
6.150000000000188649e+00 1.018033709657702346e+01
6.170000000000188223e+00 1.000685783641605653e+01
6.190000000000187796e+00 9.834703897676076778e+00
6.210000000000187370e+00 9.696822736607453308e+00
6.230000000000186944e+00 9.410043831964904015e+00
6.250000000000186517e+00 9.436819929885380986e+00
6.270000000000186091e+00 9.164564460695441284e+00
6.290000000000185665e+00 9.035671276663054030e+00
6.310000000000185238e+00 8.996398419387439560e+00
6.330000000000184812e+00 8.800471714776053389e+00
6.350000000000184386e+00 8.759993533054531767e+00
6.370000000000183960e+00 8.535526556065228476e+00
6.390000000000183533e+00 8.320107175774511532e+00
6.410000000000183107e+00 8.277876128840068404e+00
6.430000000000182681e+00 8.295598273793080679e+00
6.450000000000182254e+00 8.245572351846190529e+00
6.470000000000181828e+00 8.018290513437092315e+00
6.490000000000181402e+00 7.755977247053158052e+00
6.510000000000180975e+00 7.673957541720061393e+00
6.530000000000180549e+00 7.517687641676260135e+00
6.550000000000180123e+00 7.402332406369702689e+00
6.570000000000179696e+00 7.355980872479556787e+00
6.590000000000179270e+00 7.258715783135407662e+00
6.610000000000178844e+00 7.171028814016422892e+00
6.630000000000178417e+00 7.082152693899616658e+00
6.650000000000177991e+00 6.905722067099199890e+00
6.670000000000177565e+00 6.883353834743359378e+00
6.690000000000177138e+00 6.687151455663437716e+00
6.710000000000176712e+00 6.596275987587619127e+00
6.730000000000176286e+00 6.504634382720367647e+00
6.750000000000175859e+00 6.283015053501634029e+00
6.770000000000175433e+00 6.231814048133793804e+00
6.790000000000175007e+00 6.089313426023275966e+00
6.810000000000174580e+00 6.018524036004414768e+00
6.830000000000174154e+00 5.990630801244457793e+00
6.850000000000173728e+00 5.963419833696804950e+00
6.870000000000173301e+00 5.773866327498670792e+00
6.890000000000172875e+00 5.664850209235771317e+00
6.910000000000172449e+00 5.656557013522689914e+00
6.930000000000172022e+00 5.641929315186405169e+00
6.950000000000171596e+00 5.572498529466518136e+00
6.970000000000171170e+00 5.538882978622361897e+00
6.990000000000170743e+00 5.311498743959115032e+00
7.010000000000170317e+00 5.262093945589596089e+00
7.030000000000169891e+00 5.122453269703931333e+00
7.050000000000169464e+00 5.048738254114837787e+00
7.070000000000169038e+00 5.040881964769884149e+00
7.090000000000168612e+00 4.853262216195339818e+00
7.110000000000168185e+00 4.845471000841966358e+00
7.130000000000167759e+00 4.708599518002161588e+00
7.150000000000167333e+00 4.588573637997427568e+00
7.170000000000166906e+00 4.517893332897324754e+00
7.190000000000166480e+00 4.433701497333011332e+00
7.210000000000166054e+00 4.325798649670824503e+00
7.230000000000165628e+00 4.266599651419145545e+00
7.250000000000165201e+00 4.229815772732260726e+00
7.270000000000164775e+00 4.187825580487537280e+00
7.290000000000164349e+00 4.074788845950999772e+00
7.310000000000163922e+00 4.080798843985981250e+00
7.330000000000163496e+00 3.920792399961843699e+00
7.350000000000163070e+00 3.862865915336558764e+00
7.370000000000162643e+00 3.871373830738121136e+00
7.390000000000162217e+00 3.828588853057081298e+00
7.410000000000161791e+00 3.773952714021658661e+00
7.430000000000161364e+00 3.817557910057023385e+00
7.450000000000160938e+00 3.744526090677809282e+00
7.470000000000160512e+00 3.556626570339861182e+00
7.490000000000160085e+00 3.492020921298697012e+00
7.510000000000159659e+00 3.409466117751623671e+00
7.530000000000159233e+00 3.390692884447813249e+00
7.550000000000158806e+00 3.315968287736328346e+00
7.570000000000158380e+00 3.234746103248928861e+00
7.590000000000157954e+00 3.176087030679998868e+00
7.610000000000157527e+00 3.109822080622151930e+00
7.630000000000157101e+00 3.100899661140801733e+00
7.650000000000156675e+00 2.980496405331820586e+00
7.670000000000156248e+00 2.935335064707304653e+00
7.690000000000155822e+00 2.919287217382862121e+00
7.710000000000155396e+00 2.867648513862948612e+00
7.730000000000154969e+00 2.811017607222284553e+00
7.750000000000154543e+00 2.790291479580381928e+00
7.770000000000154117e+00 2.713396216029115404e+00
7.790000000000153690e+00 2.689501644579072259e+00
7.810000000000153264e+00 2.684994182665209284e+00
7.830000000000152838e+00 2.613171402305975555e+00
7.850000000000152411e+00 2.653503882044699669e+00
7.870000000000151985e+00 2.572820316660567652e+00
7.890000000000151559e+00 2.470377221519791888e+00
7.910000000000151132e+00 2.421325900823098731e+00
7.930000000000150706e+00 2.371941868623735683e+00
7.950000000000150280e+00 2.335248454058763912e+00
7.970000000000149853e+00 2.257637533445343347e+00
7.990000000000149427e+00 2.239363855828294447e+00
8.010000000000149001e+00 2.179123501186736256e+00
8.030000000000148574e+00 2.191096749502870367e+00
8.050000000000148148e+00 2.102327156403177355e+00
8.070000000000147722e+00 2.041147120429145367e+00
8.090000000000147296e+00 2.085191826411318949e+00
8.110000000000146869e+00 2.031800127529956868e+00
8.130000000000146443e+00 1.975733191581041215e+00
8.150000000000146017e+00 1.942492782738194368e+00
8.170000000000145590e+00 1.901243824248635361e+00
8.190000000000145164e+00 1.869136442954332900e+00
8.210000000000144738e+00 1.898854769372740225e+00
8.230000000000144311e+00 1.853323267133510255e+00
8.250000000000143885e+00 1.835053987241358042e+00
8.270000000000143459e+00 1.809961390068375087e+00
8.290000000000143032e+00 1.728962310850619577e+00
8.310000000000142606e+00 1.689256477832843384e+00
8.330000000000142180e+00 1.628911727578725710e+00
8.350000000000141753e+00 1.596773581945936549e+00
8.370000000000141327e+00 1.596993176940975978e+00
8.390000000000140901e+00 1.562526343821976971e+00
8.410000000000140474e+00 1.549705415867998370e+00
8.430000000000140048e+00 1.505113139178008819e+00
8.450000000000139622e+00 1.498475243446744765e+00
8.470000000000139195e+00 1.428453468689612205e+00
8.490000000000138769e+00 1.457760637298687545e+00
8.510000000000138343e+00 1.415750619340770067e+00
8.530000000000137916e+00 1.369151048416313632e+00
8.550000000000137490e+00 1.346995609078018852e+00
8.570000000000137064e+00 1.318562822556220038e+00
8.590000000000136637e+00 1.327543161352843892e+00
8.610000000000136211e+00 1.329867007108727517e+00
8.630000000000135785e+00 1.283445765923055371e+00
8.650000000000135358e+00 1.239534827746273660e+00
8.670000000000134932e+00 1.227714657942203802e+00
8.690000000000134506e+00 1.190713975739871922e+00
8.710000000000134079e+00 1.149590684833236898e+00
8.730000000000133653e+00 1.131985358135012776e+00
8.750000000000133227e+00 1.128142899392133192e+00
8.770000000000132800e+00 1.106621731822140298e+00
8.790000000000132374e+00 1.075209730728587276e+00
8.810000000000131948e+00 1.084107365080172691e+00
8.830000000000131521e+00 1.047552212059604582e+00
8.850000000000131095e+00 1.015075809639316207e+00
8.870000000000130669e+00 1.011366407371535825e+00
8.890000000000130242e+00 9.876857855273810660e-01
8.910000000000129816e+00 9.553203308633716473e-01
8.930000000000129390e+00 9.756157143623442884e-01
8.950000000000128964e+00 9.532285762041603494e-01
8.970000000000128537e+00 9.641539931828845278e-01
8.990000000000128111e+00 9.129814649010592476e-01
9.010000000000127685e+00 8.767925887067201662e-01
9.030000000000127258e+00 8.642914416372775577e-01
9.050000000000126832e+00 8.395023436270705464e-01
9.070000000000126406e+00 8.256200467002559051e-01
9.090000000000125979e+00 8.040842347002294943e-01
9.110000000000125553e+00 7.882213045279916619e-01
9.130000000000125127e+00 7.778306956332142752e-01
9.150000000000124700e+00 7.637293832937979143e-01
9.170000000000124274e+00 7.693083192099763323e-01
9.190000000000123848e+00 7.416641704790439826e-01
9.210000000000123421e+00 7.367461493590904409e-01
9.230000000000122995e+00 7.402083990385889267e-01
9.250000000000122569e+00 7.102953218145137138e-01
9.270000000000122142e+00 7.012307846155433344e-01
9.290000000000121716e+00 6.820454325517756322e-01
9.310000000000121290e+00 6.670442802771172630e-01
9.330000000000120863e+00 6.643365785788989397e-01
9.350000000000120437e+00 6.254561127300789503e-01
9.370000000000120011e+00 6.223423289691436544e-01
9.390000000000119584e+00 6.011345044359316381e-01
9.410000000000119158e+00 5.961575486259793610e-01
9.430000000000118732e+00 5.823930238110107682e-01
9.450000000000118305e+00 5.708121575232283362e-01
9.470000000000117879e+00 5.735481161184640131e-01
9.490000000000117453e+00 5.517866001514679652e-01
9.510000000000117026e+00 5.530752723040759378e-01
9.530000000000116600e+00 5.385808907575309057e-01
9.550000000000116174e+00 5.159774382833643980e-01
9.570000000000115747e+00 5.050406858281289990e-01
9.590000000000115321e+00 5.171836920673953397e-01
9.610000000000114895e+00 5.032058567959352136e-01
9.630000000000114468e+00 4.833358658115127771e-01
9.650000000000114042e+00 4.733819526071354478e-01
9.670000000000113616e+00 4.701134257182538745e-01
9.690000000000113189e+00 4.482818977061909793e-01
9.710000000000112763e+00 4.439095897604055652e-01
9.730000000000112337e+00 4.382083020828430597e-01
9.750000000000111910e+00 4.239558727017296302e-01
9.770000000000111484e+00 4.110622913450457938e-01
9.790000000000111058e+00 4.110309636866478211e-01
9.810000000000110632e+00 4.012565653246481512e-01
9.830000000000110205e+00 3.900961106235382170e-01
9.850000000000109779e+00 3.873109914394469167e-01
9.870000000000109353e+00 3.808252612650152580e-01
9.890000000000108926e+00 3.778649165268320731e-01
9.910000000000108500e+00 3.573644752768348476e-01
9.930000000000108074e+00 3.636936762615030072e-01
9.950000000000107647e+00 3.442980850690646188e-01
9.970000000000107221e+00 3.406027917595941257e-01
9.990000000000106795e+00 3.382626162524838831e-01
1.001000000000010637e+01 3.136898346078079713e-01
1.003000000000010594e+01 3.228645026207411228e-01
1.005000000000010552e+01 3.127831220562757863e-01
1.007000000000010509e+01 3.076481417313341460e-01
1.009000000000010466e+01 2.876378425554688145e-01
1.011000000000010424e+01 2.853713518235537761e-01
1.013000000000010381e+01 2.955875910541099216e-01
1.015000000000010338e+01 2.814382236854151009e-01
1.017000000000010296e+01 2.760744108951071474e-01
1.019000000000010253e+01 2.691097436671489040e-01
1.021000000000010210e+01 2.625416010260960831e-01
1.023000000000010168e+01 2.600466520340121712e-01
1.025000000000010125e+01 2.462430707049273471e-01
1.027000000000010083e+01 2.531878411712806809e-01
1.029000000000010040e+01 2.396204481847161449e-01
1.031000000000009997e+01 2.261726692161146191e-01
1.033000000000009955e+01 2.270411230795852109e-01
1.035000000000009912e+01 2.218226186587364257e-01
1.037000000000009869e+01 2.165093316018966429e-01
1.039000000000009827e+01 2.170926784926414665e-01
1.041000000000009784e+01 2.084601758556940687e-01
1.043000000000009742e+01 2.120960607156036348e-01
1.045000000000009699e+01 1.979571258330828920e-01
1.047000000000009656e+01 1.946297892277054353e-01
1.049000000000009614e+01 1.934400199177592483e-01
1.051000000000009571e+01 1.865093858935304993e-01
1.053000000000009528e+01 1.818275457924404537e-01
1.055000000000009486e+01 1.741637133285608152e-01
1.057000000000009443e+01 1.748544797253203109e-01
1.059000000000009400e+01 1.694544049995791724e-01
1.061000000000009358e+01 1.649528016700494426e-01
1.063000000000009315e+01 1.595104924074352559e-01
1.065000000000009273e+01 1.540697929780046604e-01
1.067000000000009230e+01 1.529274412629022251e-01
1.069000000000009187e+01 1.565434293064103810e-01
1.071000000000009145e+01 1.522970925355350280e-01
1.073000000000009102e+01 1.445701916224044481e-01
1.075000000000009059e+01 1.372235767863082545e-01
1.077000000000009017e+01 1.308679451537535232e-01
1.079000000000008974e+01 1.339037574098428940e-01
1.081000000000008932e+01 1.302377506409772567e-01
1.083000000000008889e+01 1.288702478242294003e-01
1.085000000000008846e+01 1.233888096188608396e-01
1.087000000000008804e+01 1.176843654674809975e-01
1.089000000000008761e+01 1.222183552027369530e-01
1.091000000000008718e+01 1.111120766286571443e-01
1.093000000000008676e+01 1.088375289337018686e-01
1.095000000000008633e+01 1.101290621194722652e-01
1.097000000000008590e+01 1.101345789191902624e-01
1.099000000000008548e+01 1.056522245567248774e-01
1.101000000000008505e+01 9.811299092649793108e-02
1.103000000000008463e+01 9.527284484933515318e-02
1.105000000000008420e+01 9.987372852083671593e-02
1.107000000000008377e+01 9.001763976898652375e-02
1.109000000000008335e+01 9.285652187159984527e-02
1.111000000000008292e+01 9.017837369365841460e-02
1.113000000000008249e+01 8.697107683432848957e-02
1.115000000000008207e+01 8.025683339162040242e-02
1.117000000000008164e+01 8.074520605781805582e-02
1.119000000000008122e+01 8.223969075807864570e-02
1.121000000000008079e+01 7.902369565506824067e-02
1.123000000000008036e+01 7.391823986920245670e-02
1.125000000000007994e+01 7.689579526620889116e-02
1.127000000000007951e+01 7.018525085358051641e-02
1.129000000000007908e+01 6.968387559285879607e-02
1.131000000000007866e+01 6.640797959380487225e-02
1.133000000000007823e+01 6.482462629630603157e-02
1.135000000000007780e+01 6.538749773969072809e-02
1.137000000000007738e+01 6.621619067739981102e-02
1.139000000000007695e+01 5.979096952379612390e-02
1.141000000000007653e+01 5.993798530733768226e-02
1.143000000000007610e+01 5.696767649039811282e-02
1.145000000000007567e+01 5.660541791253641264e-02
1.147000000000007525e+01 5.289752423727366037e-02
1.149000000000007482e+01 5.430421710876303515e-02
1.151000000000007439e+01 5.363771393000345972e-02
1.153000000000007397e+01 5.094401113068452308e-02
1.155000000000007354e+01 4.662885632469856989e-02
1.157000000000007311e+01 4.826591251163345891e-02
1.159000000000007269e+01 4.742925361426299918e-02
1.161000000000007226e+01 4.550707223566399090e-02
1.163000000000007184e+01 4.323276784837399439e-02
1.165000000000007141e+01 4.387368098395541538e-02
1.167000000000007098e+01 4.185029021413552708e-02
1.169000000000007056e+01 4.010275556914964096e-02
1.171000000000007013e+01 3.741722523729698602e-02
1.173000000000006970e+01 3.902139112053205211e-02
1.175000000000006928e+01 3.956238395222014953e-02
1.177000000000006885e+01 3.545307450073566236e-02
1.179000000000006843e+01 3.457671209310899524e-02
1.181000000000006800e+01 3.677833213502534893e-02
1.183000000000006757e+01 3.223783123001212197e-02
1.185000000000006715e+01 3.211033725163576352e-02
1.187000000000006672e+01 3.270083012664361244e-02
1.189000000000006629e+01 3.165864298503782981e-02
1.191000000000006587e+01 2.839614048135986196e-02
1.193000000000006544e+01 2.872357557561845340e-02
1.195000000000006501e+01 2.939718575411676485e-02
1.197000000000006459e+01 2.692353470705544441e-02
1.199000000000006416e+01 2.698133832533120349e-02
1.201000000000006374e+01 2.751966633132471238e-02
1.203000000000006331e+01 2.739256148850442371e-02
1.205000000000006288e+01 2.325372636828818007e-02
1.207000000000006246e+01 2.435160267185288580e-02
1.209000000000006203e+01 2.467296295493113384e-02
1.211000000000006160e+01 2.140681971825244417e-02
1.213000000000006118e+01 2.087206857941779903e-02
1.215000000000006075e+01 2.374765208936039859e-02
1.217000000000006033e+01 2.340784124088998372e-02
1.219000000000005990e+01 2.054433740685633961e-02
1.221000000000005947e+01 1.981561857274477187e-02
1.223000000000005905e+01 1.901591871405983528e-02
1.225000000000005862e+01 1.802264285763707438e-02
1.227000000000005819e+01 2.101603293922044147e-02
1.229000000000005777e+01 1.977808775302779612e-02
1.231000000000005734e+01 1.728620571794874453e-02
1.233000000000005691e+01 1.741706851806747863e-02
1.235000000000005649e+01 1.692367367827770155e-02
1.237000000000005606e+01 1.539667482071733866e-02
1.239000000000005564e+01 1.559452437535704429e-02
1.241000000000005521e+01 1.726589727982178607e-02
1.243000000000005478e+01 1.734345470122024627e-02
1.245000000000005436e+01 1.494153475151744487e-02
1.247000000000005393e+01 1.366667306040632822e-02
1.249000000000005350e+01 1.488681013110349990e-02
1.251000000000005308e+01 1.301826353255887241e-02
1.253000000000005265e+01 1.607042796062467874e-02
1.255000000000005222e+01 1.553908858203364649e-02
1.257000000000005180e+01 1.277989011233191495e-02
1.259000000000005137e+01 1.190942424306921238e-02
1.261000000000005095e+01 1.245344615406374089e-02
1.263000000000005052e+01 1.186286092997653439e-02
1.265000000000005009e+01 1.136572529851295928e-02
1.267000000000004967e+01 1.396316676829455032e-02
1.269000000000004924e+01 1.404250279663842374e-02
1.271000000000004881e+01 1.052840980601034253e-02
1.273000000000004839e+01 1.042426428625280524e-02
1.275000000000004796e+01 1.091036039679778476e-02
1.277000000000004754e+01 1.010817978252749084e-02
1.279000000000004711e+01 1.297116958092010483e-02
1.281000000000004668e+01 1.276388256052403414e-02
1.283000000000004626e+01 9.294714416265673768e-03
1.285000000000004583e+01 9.351422377792332000e-03
1.287000000000004540e+01 9.607330366494904600e-03
1.289000000000004498e+01 8.907603877871594911e-03
1.291000000000004455e+01 1.174693083575222181e-02
1.293000000000004412e+01 1.181326236236920207e-02
1.295000000000004370e+01 8.703855404006897306e-03
1.297000000000004327e+01 8.458595697145920161e-03
1.299000000000004285e+01 8.588995660705353585e-03
1.301000000000004242e+01 8.052513236908446712e-03
1.303000000000004199e+01 1.077865543888072847e-02
1.305000000000004157e+01 1.102570950676005045e-02
1.307000000000004114e+01 7.825911986620812458e-03
1.309000000000004071e+01 7.653817431769650674e-03
1.311000000000004029e+01 7.817670246692656408e-03
1.313000000000003986e+01 7.450104521091593414e-03
1.315000000000003944e+01 1.019438680762449478e-02
1.317000000000003901e+01 1.027718194982491645e-02
1.319000000000003858e+01 7.068998504564124805e-03
1.321000000000003816e+01 7.070550850368082473e-03
1.323000000000003773e+01 7.228758538629849982e-03
1.325000000000003730e+01 6.894882007390885394e-03
1.327000000000003688e+01 9.751939261112419280e-03
1.329000000000003645e+01 9.412256849686266580e-03
1.331000000000003602e+01 6.699729491680883262e-03
1.333000000000003560e+01 6.524469315532518271e-03
1.335000000000003517e+01 6.710432326548734783e-03
1.337000000000003475e+01 6.386859588713180574e-03
1.339000000000003432e+01 9.261688077508286807e-03
1.341000000000003389e+01 8.993643217412545382e-03
1.343000000000003347e+01 6.159305618578746720e-03
1.345000000000003304e+01 6.137975599764583859e-03
1.347000000000003261e+01 6.268873308195895347e-03
1.349000000000003219e+01 8.851269366487545323e-03
1.351000000000003176e+01 5.970792433842632765e-03
1.353000000000003133e+01 8.548624010548632607e-03
1.355000000000003091e+01 5.844296317769157034e-03
1.357000000000003048e+01 5.823072013334613245e-03
1.359000000000003006e+01 5.905036418960622063e-03
1.361000000000002963e+01 8.386776130470433369e-03
1.363000000000002920e+01 8.228277627363335747e-03
1.365000000000002878e+01 5.616566313173586809e-03
1.367000000000002835e+01 5.581168768022668966e-03
1.369000000000002792e+01 5.615551000055552661e-03
1.371000000000002750e+01 5.548561001720031700e-03
1.373000000000002707e+01 7.959194098178429960e-03
1.375000000000002665e+01 7.911115680784798140e-03
1.377000000000002622e+01 5.343461438098988381e-03
1.379000000000002579e+01 5.302196742637308759e-03
1.381000000000002537e+01 5.411759479688890533e-03
1.383000000000002494e+01 7.689904408688425126e-03
1.385000000000002451e+01 7.636586304286164736e-03
1.387000000000002409e+01 5.130281215914687595e-03
1.389000000000002366e+01 5.109544659540982310e-03
1.391000000000002323e+01 5.126895558706007043e-03
1.393000000000002281e+01 5.003453483890017185e-03
1.395000000000002238e+01 4.969301892642732921e-03
1.397000000000002196e+01 9.113233670757110705e-05
1.399000000000002153e+01 7.832627781961156300e-05
1.401000000000002110e+01 6.002241514494378074e-05
1.403000000000002068e+01 5.623817392565133940e-05
1.405000000000002025e+01 5.844997386041333418e-05
1.407000000000001982e+01 5.240726681874011134e-05
1.409000000000001940e+01 4.871374314451496618e-05
1.411000000000001897e+01 3.934815847043390190e-05
1.413000000000001855e+01 3.726758759652398973e-05
1.415000000000001812e+01 3.406214018548216665e-05
1.417000000000001769e+01 2.902394212862983040e-05
1.419000000000001727e+01 2.638226347817537276e-05
1.421000000000001684e+01 2.689368984023786559e-05
1.423000000000001641e+01 1.930174415865932588e-05
1.425000000000001599e+01 1.471105903981481925e-05
1.427000000000001556e+01 1.141215514173308879e-05
1.429000000000001513e+01 6.854558939066565573e-06
1.431000000000001471e+01 4.372159875265687626e-06
1.433000000000001428e+01 2.687844543385424371e-06
1.435000000000001386e+01 1.649228028970168931e-06
1.437000000000001343e+01 7.830200975396677864e-07
1.439000000000001300e+01 4.017936223407456413e-07
1.441000000000001258e+01 4.653638454747562007e-08
1.443000000000001215e+01 5.471518182894245304e-09
1.445000000000001172e+01 5.008111930289128267e-09
1.447000000000001130e+01 1.247548948874971475e-09
1.449000000000001087e+01 1.133865079793944488e-09
1.451000000000001044e+01 8.227247142048285288e-10
1.453000000000001002e+01 2.291747890318645617e-10
1.455000000000000959e+01 5.791245666847760564e-13
1.457000000000000917e+01 2.727283197173530710e-13
1.459000000000000874e+01 1.616499778819298697e-16
1.461000000000000831e+01 3.220347452048231486e-17
1.463000000000000789e+01 2.836140425142720093e-17
1.465000000000000746e+01 2.485981019162088877e-17
1.467000000000000703e+01 0.000000000000000000e+00
1.469000000000000661e+01 0.000000000000000000e+00
1.471000000000000618e+01 0.000000000000000000e+00
1.473000000000000576e+01 0.000000000000000000e+00
1.475000000000000533e+01 0.000000000000000000e+00
1.477000000000000490e+01 0.000000000000000000e+00
1.479000000000000448e+01 0.000000000000000000e+00
1.481000000000000405e+01 0.000000000000000000e+00
1.483000000000000362e+01 0.000000000000000000e+00
1.485000000000000320e+01 0.000000000000000000e+00
1.487000000000000277e+01 0.000000000000000000e+00
1.489000000000000234e+01 0.000000000000000000e+00
1.491000000000000192e+01 0.000000000000000000e+00
1.493000000000000149e+01 0.000000000000000000e+00
1.495000000000000107e+01 0.000000000000000000e+00
1.497000000000000064e+01 0.000000000000000000e+00
1.499000000000000021e+01 0.000000000000000000e+00
