# Redshift		Merger Rate Density [Gpc^-3yr^-1]
1.000000000031931770e-02 4.524756905050132616e+01
3.000000000031888964e-02 4.754482595281402979e+01
5.000000000031846331e-02 4.967755949616460498e+01
7.000000000031804392e-02 5.188647746302600439e+01
9.000000000031761760e-02 5.425345944588045910e+01
1.100000000003171913e-01 5.673235255139487521e+01
1.300000000003167511e-01 5.919902503115908843e+01
1.500000000003163247e-01 6.177120248836634175e+01
1.700000000003158984e-01 6.446552237906280425e+01
1.900000000003154721e-01 6.724224577296998007e+01
2.100000000003150458e-01 7.005154320082144181e+01
2.300000000003146194e-01 7.279222761609622694e+01
2.500000000003141931e-01 7.583366652475899627e+01
2.700000000003137668e-01 7.876109817670426594e+01
2.900000000003133405e-01 8.178207029248285664e+01
3.100000000003129141e-01 8.486909675926725072e+01
3.300000000003124878e-01 8.803115643110668032e+01
3.500000000003120615e-01 9.132276290007368402e+01
3.700000000003116352e-01 9.448239512424515851e+01
3.900000000003112088e-01 9.782611449990518793e+01
4.100000000003107825e-01 1.012209851015821727e+02
4.300000000003103562e-01 1.047550750973502147e+02
4.500000000003099299e-01 1.081812228006570109e+02
4.700000000003095035e-01 1.116361432314243842e+02
4.900000000003090772e-01 1.152981248564187666e+02
5.100000000003086509e-01 1.189350279276723086e+02
5.300000000003082246e-01 1.226331412547698534e+02
5.500000000003077982e-01 1.263274372661272054e+02
5.700000000003073719e-01 1.300872260769881450e+02
5.900000000003069456e-01 1.338696393597861629e+02
6.100000000003065193e-01 1.379471000882656710e+02
6.300000000003060929e-01 1.417361969554461325e+02
6.500000000003056666e-01 1.457033544640715945e+02
6.700000000003052403e-01 1.497036176264785468e+02
6.900000000003048140e-01 1.538067179755803693e+02
7.100000000003043876e-01 1.580832334495412965e+02
7.300000000003039613e-01 1.621793539332201703e+02
7.500000000003035350e-01 1.661181174199530801e+02
7.700000000003031086e-01 1.704352605269164371e+02
7.900000000003026823e-01 1.746795544550172679e+02
8.100000000003022560e-01 1.788757325248541861e+02
8.300000000003018297e-01 1.831252693072956674e+02
8.500000000003014033e-01 1.872687788939185509e+02
8.700000000003009770e-01 1.922106971302474676e+02
8.900000000003005507e-01 1.960827212590458259e+02
9.100000000003001244e-01 2.003034400224817944e+02
9.300000000002996980e-01 2.049797698334251947e+02
9.500000000002992717e-01 2.090283601770582322e+02
9.700000000002988454e-01 2.138134742913766502e+02
9.900000000002984191e-01 2.176047177647086244e+02
1.010000000000297993e+00 2.223229250178771110e+02
1.030000000000297566e+00 2.268694939535169794e+02
1.050000000000297140e+00 2.316678779662694865e+02
1.070000000000296714e+00 2.355323518898544819e+02
1.090000000000296287e+00 2.399363299206562488e+02
1.110000000000295861e+00 2.438164248263293530e+02
1.130000000000295435e+00 2.486838508427672991e+02
1.150000000000295008e+00 2.523074909790015852e+02
1.170000000000294582e+00 2.576705689272722566e+02
1.190000000000294156e+00 2.607027400990211277e+02
1.210000000000293729e+00 2.646388345229214565e+02
1.230000000000293303e+00 2.691684205832303860e+02
1.250000000000292877e+00 2.723719730293445878e+02
1.270000000000292451e+00 2.777052156749245455e+02
1.290000000000292024e+00 2.808796452971085387e+02
1.310000000000291598e+00 2.851131214100814759e+02
1.330000000000291172e+00 2.879533343157965533e+02
1.350000000000290745e+00 2.923752920491840541e+02
1.370000000000290319e+00 2.956710500895144946e+02
1.390000000000289893e+00 2.992171613286071761e+02
1.410000000000289466e+00 3.028168035657102450e+02
1.430000000000289040e+00 3.061283878705469874e+02
1.450000000000288614e+00 3.093329096003463405e+02
1.470000000000288187e+00 3.119958486734526559e+02
1.490000000000287761e+00 3.153413729247388915e+02
1.510000000000287335e+00 3.183955076770207029e+02
1.530000000000286908e+00 3.209022092792450849e+02
1.550000000000286482e+00 3.230598020865278386e+02
1.570000000000286056e+00 3.255573043505376063e+02
1.590000000000285629e+00 3.283190595379625165e+02
1.610000000000285203e+00 3.300572777553696255e+02
1.630000000000284777e+00 3.314521546863074946e+02
1.650000000000284350e+00 3.345455816850393944e+02
1.670000000000283924e+00 3.354567267892941800e+02
1.690000000000283498e+00 3.387097588058464908e+02
1.710000000000283071e+00 3.401276215300717354e+02
1.730000000000282645e+00 3.415370887780999283e+02
1.750000000000282219e+00 3.433181541881908174e+02
1.770000000000281792e+00 3.452599874271155045e+02
1.790000000000281366e+00 3.484886396561122979e+02
1.810000000000280940e+00 3.497539894727651699e+02
1.830000000000280513e+00 3.472600157547188360e+02
1.850000000000280087e+00 3.470063616617810567e+02
1.870000000000279661e+00 3.493429072740573815e+02
1.890000000000279234e+00 3.499862897867432707e+02
1.910000000000278808e+00 3.470459236039878874e+02
1.930000000000278382e+00 3.469450823530578418e+02
1.950000000000277955e+00 3.463623137343294616e+02
1.970000000000277529e+00 3.444232353910575739e+02
1.990000000000277103e+00 3.426367995401110988e+02
2.010000000000276899e+00 3.418998771187939383e+02
2.030000000000276472e+00 3.406934315248432199e+02
2.050000000000276046e+00 3.387673406356004762e+02
2.070000000000275620e+00 3.365191745745015623e+02
2.090000000000275193e+00 3.348957341819939870e+02
2.110000000000274767e+00 3.333662191691689145e+02
2.130000000000274341e+00 3.311299800731899268e+02
2.150000000000273914e+00 3.289421018585485399e+02
2.170000000000273488e+00 3.269482756698866410e+02
2.190000000000273062e+00 3.249127271048406556e+02
2.210000000000272635e+00 3.218179964622126477e+02
2.230000000000272209e+00 3.193576522020838411e+02
2.250000000000271783e+00 3.171335971132090776e+02
2.270000000000271356e+00 3.159755768783133476e+02
2.290000000000270930e+00 3.136593424109291277e+02
2.310000000000270504e+00 3.103539036774369038e+02
2.330000000000270077e+00 3.077783341123256378e+02
2.350000000000269651e+00 3.047374008490361916e+02
2.370000000000269225e+00 3.020778713104821804e+02
2.390000000000268798e+00 3.001800360276467359e+02
2.410000000000268372e+00 2.972505272013622175e+02
2.430000000000267946e+00 2.932020821932017043e+02
2.450000000000267519e+00 2.901255581252390812e+02
2.470000000000267093e+00 2.867985081142657009e+02
2.490000000000266667e+00 2.839541015599276079e+02
2.510000000000266240e+00 2.805170188781402203e+02
2.530000000000265814e+00 2.781640323503535797e+02
2.550000000000265388e+00 2.747950297182275676e+02
2.570000000000264961e+00 2.716842953098777684e+02
2.590000000000264535e+00 2.698099252671923409e+02
2.610000000000264109e+00 2.665306127844199295e+02
2.630000000000263682e+00 2.631839059223833601e+02
2.650000000000263256e+00 2.592895292634005386e+02
2.670000000000262830e+00 2.553824394145092356e+02
2.690000000000262403e+00 2.510402576706132720e+02
2.710000000000261977e+00 2.473821862350093568e+02
2.730000000000261551e+00 2.446726440780646215e+02
2.750000000000261124e+00 2.409779673641609179e+02
2.770000000000260698e+00 2.376855850220765092e+02
2.790000000000260272e+00 2.332859852415138562e+02
2.810000000000259845e+00 2.297430394645983256e+02
2.830000000000259419e+00 2.258894176346616405e+02
2.850000000000258993e+00 2.227477395575262733e+02
2.870000000000258567e+00 2.191209697241067431e+02
2.890000000000258140e+00 2.164640194224623144e+02
2.910000000000257714e+00 2.131134946901532317e+02
2.930000000000257288e+00 2.098486378006443545e+02
2.950000000000256861e+00 2.073324260120527356e+02
2.970000000000256435e+00 2.038836854230431470e+02
2.990000000000256009e+00 2.009191870343451569e+02
3.010000000000255582e+00 1.979055046007132717e+02
3.030000000000255156e+00 1.954568052525675341e+02
3.050000000000254730e+00 1.921277537504954580e+02
3.070000000000254303e+00 1.890183261379087583e+02
3.090000000000253877e+00 1.863966338261971885e+02
3.110000000000253451e+00 1.832236140373698277e+02
3.130000000000253024e+00 1.806830424602748906e+02
3.150000000000252598e+00 1.778800611051136116e+02
3.170000000000252172e+00 1.755266497057351103e+02
3.190000000000251745e+00 1.723541354347388506e+02
3.210000000000251319e+00 1.702798484694669412e+02
3.230000000000250893e+00 1.686653974563581642e+02
3.250000000000250466e+00 1.662210669171319637e+02
3.270000000000250040e+00 1.634984571039192360e+02
3.290000000000249614e+00 1.613519175685822518e+02
3.310000000000249187e+00 1.577904564606221243e+02
3.330000000000248761e+00 1.556571238044305687e+02
3.350000000000248335e+00 1.540233980975408485e+02
3.370000000000247908e+00 1.522410131604667356e+02
3.390000000000247482e+00 1.504163043954629586e+02
3.410000000000247056e+00 1.483270138436089383e+02
3.430000000000246629e+00 1.456911238212115052e+02
3.450000000000246203e+00 1.424726137866190072e+02
3.470000000000245777e+00 1.400350438055205871e+02
3.490000000000245350e+00 1.384077688402317392e+02
3.510000000000244924e+00 1.366412992567544222e+02
3.530000000000244498e+00 1.339321010627931798e+02
3.550000000000244071e+00 1.320557789259927688e+02
3.570000000000243645e+00 1.291716753074606174e+02
3.590000000000243219e+00 1.269517771228250353e+02
3.610000000000242792e+00 1.250500122276526724e+02
3.630000000000242366e+00 1.231941901949211342e+02
3.650000000000241940e+00 1.208695718731277253e+02
3.670000000000241513e+00 1.189154588429191364e+02
3.690000000000241087e+00 1.170315043127828574e+02
3.710000000000240661e+00 1.155136442395810974e+02
3.730000000000240234e+00 1.134898186785398053e+02
3.750000000000239808e+00 1.114008970214423044e+02
3.770000000000239382e+00 1.095656558813558235e+02
3.790000000000238956e+00 1.079044656744333253e+02
3.810000000000238529e+00 1.059549362096959157e+02
3.830000000000238103e+00 1.038965430724829986e+02
3.850000000000237677e+00 1.024674527354222420e+02
3.870000000000237250e+00 1.010893609800756678e+02
3.890000000000236824e+00 9.938271456324649478e+01
3.910000000000236398e+00 9.779405945549461876e+01
3.930000000000235971e+00 9.602355124089241656e+01
3.950000000000235545e+00 9.495877603991084470e+01
3.970000000000235119e+00 9.307703495229054624e+01
3.990000000000234692e+00 9.176020462762151908e+01
4.010000000000234266e+00 9.031566822075028256e+01
4.030000000000233840e+00 8.879021379071285480e+01
4.050000000000233413e+00 8.730573962282035438e+01
4.070000000000232987e+00 8.614499808045412976e+01
4.090000000000232561e+00 8.529424708148518164e+01
4.110000000000232134e+00 8.363975868460383367e+01
4.130000000000231708e+00 8.285962369847530340e+01
4.150000000000231282e+00 8.147392976470730730e+01
4.170000000000230855e+00 8.056109945100268988e+01
4.190000000000230429e+00 7.967643985589484146e+01
4.210000000000230003e+00 7.888131392579043677e+01
4.230000000000229576e+00 7.764742740221969086e+01
4.250000000000229150e+00 7.640699074142028735e+01
4.270000000000228724e+00 7.555346585348615918e+01
4.290000000000228297e+00 7.392207739943962963e+01
4.310000000000227871e+00 7.236927424079215143e+01
4.330000000000227445e+00 7.156867229341698078e+01
4.350000000000227018e+00 7.103401187422387864e+01
4.370000000000226592e+00 6.993484652979672944e+01
4.390000000000226166e+00 6.911381548239846495e+01
4.410000000000225739e+00 6.881123162009907901e+01
4.430000000000225313e+00 6.753228970278169641e+01
4.450000000000224887e+00 6.554110520922080241e+01
4.470000000000224460e+00 6.508972172098485487e+01
4.490000000000224034e+00 6.385176787028366618e+01
4.510000000000223608e+00 6.312114877660409462e+01
4.530000000000223181e+00 6.252291645850905866e+01
4.550000000000222755e+00 6.142002546209223368e+01
4.570000000000222329e+00 6.037018902578020629e+01
4.590000000000221902e+00 5.972499585871668870e+01
4.610000000000221476e+00 5.855049811921850988e+01
4.630000000000221050e+00 5.731728506864013184e+01
4.650000000000220624e+00 5.645087588424014058e+01
4.670000000000220197e+00 5.609365410457969858e+01
4.690000000000219771e+00 5.504142420095546129e+01
4.710000000000219345e+00 5.415094355038115737e+01
4.730000000000218918e+00 5.323245307282471828e+01
4.750000000000218492e+00 5.244439594792309833e+01
4.770000000000218066e+00 5.191088370067355839e+01
4.790000000000217639e+00 5.114156259980700270e+01
4.810000000000217213e+00 5.020012226645948772e+01
4.830000000000216787e+00 4.935251634831026735e+01
4.850000000000216360e+00 4.865165541696660512e+01
4.870000000000215934e+00 4.798729351292076473e+01
4.890000000000215508e+00 4.721563147230719437e+01
4.910000000000215081e+00 4.656262723413532711e+01
4.930000000000214655e+00 4.611037229193090781e+01
4.950000000000214229e+00 4.574431575423056273e+01
4.970000000000213802e+00 4.530558146283166110e+01
4.990000000000213376e+00 4.439445089331103844e+01
5.010000000000212950e+00 4.384457452154118329e+01
5.030000000000212523e+00 4.319704593934801551e+01
5.050000000000212097e+00 4.234457633150137212e+01
5.070000000000211671e+00 4.159646861762654879e+01
5.090000000000211244e+00 4.104736348334966323e+01
5.110000000000210818e+00 4.057370290778047206e+01
5.130000000000210392e+00 4.029318345267001433e+01
5.150000000000209965e+00 3.969749870343191844e+01
5.170000000000209539e+00 3.921831217160303851e+01
5.190000000000209113e+00 3.926668040042319063e+01
5.210000000000208686e+00 3.849265400313510099e+01
5.230000000000208260e+00 3.743473743335631099e+01
5.250000000000207834e+00 3.713875410033366364e+01
5.270000000000207407e+00 3.641950677015267956e+01
5.290000000000206981e+00 3.619167933379723223e+01
5.310000000000206555e+00 3.563793034862477072e+01
5.330000000000206128e+00 3.507741091877431217e+01
5.350000000000205702e+00 3.460658552643509012e+01
5.370000000000205276e+00 3.411521778513468206e+01
5.390000000000204849e+00 3.357562072385843521e+01
5.410000000000204423e+00 3.306516229692402220e+01
5.430000000000203997e+00 3.238848179379045433e+01
5.450000000000203570e+00 3.197327792357744514e+01
5.470000000000203144e+00 3.162446205979674119e+01
5.490000000000202718e+00 3.130296220078086833e+01
5.510000000000202292e+00 3.080543462447580438e+01
5.530000000000201865e+00 3.039666220032032840e+01
5.550000000000201439e+00 3.017347191178718191e+01
5.570000000000201013e+00 2.982626269679666109e+01
5.590000000000200586e+00 2.953592699352224216e+01
5.610000000000200160e+00 2.914371334485327836e+01
5.630000000000199734e+00 2.858713223964788597e+01
5.650000000000199307e+00 2.823475289852706283e+01
5.670000000000198881e+00 2.771449642225921295e+01
5.690000000000198455e+00 2.696377611734962443e+01
5.710000000000198028e+00 2.652464753875642600e+01
5.730000000000197602e+00 2.623566844285057442e+01
5.750000000000197176e+00 2.589709762291901995e+01
5.770000000000196749e+00 2.548523403511685714e+01
5.790000000000196323e+00 2.514168927189428260e+01
5.810000000000195897e+00 2.487103210940414044e+01
5.830000000000195470e+00 2.483109682965287845e+01
5.850000000000195044e+00 2.465415247465761084e+01
5.870000000000194618e+00 2.404935223142609857e+01
5.890000000000194191e+00 2.342645528705395463e+01
5.910000000000193765e+00 2.311073391720114500e+01
5.930000000000193339e+00 2.269452189381249596e+01
5.950000000000192912e+00 2.234242754923789676e+01
5.970000000000192486e+00 2.205806357768517145e+01
5.990000000000192060e+00 2.194435544671279459e+01
6.010000000000191633e+00 2.146207490193244993e+01
6.030000000000191207e+00 2.122097030302906617e+01
6.050000000000190781e+00 2.089994869607906480e+01
6.070000000000190354e+00 2.047770724625586425e+01
6.090000000000189928e+00 2.046373411384379892e+01
6.110000000000189502e+00 2.012700787201875130e+01
6.130000000000189075e+00 1.997622381038796391e+01
6.150000000000188649e+00 1.974488182810823034e+01
6.170000000000188223e+00 1.949379905949630398e+01
6.190000000000187796e+00 1.920508082190044519e+01
6.210000000000187370e+00 1.879333389313654479e+01
6.230000000000186944e+00 1.854160760949527287e+01
6.250000000000186517e+00 1.797935561899165791e+01
6.270000000000186091e+00 1.772546797305825095e+01
6.290000000000185665e+00 1.755039983067971576e+01
6.310000000000185238e+00 1.742718439593400959e+01
6.330000000000184812e+00 1.706840097889835306e+01
6.350000000000184386e+00 1.680497929604574026e+01
6.370000000000183960e+00 1.654181348616398850e+01
6.390000000000183533e+00 1.652464001010834238e+01
6.410000000000183107e+00 1.643080055084037028e+01
6.430000000000182681e+00 1.615956709924085288e+01
6.450000000000182254e+00 1.556762684508183803e+01
6.470000000000181828e+00 1.512650770607260142e+01
6.490000000000181402e+00 1.502250690850591930e+01
6.510000000000180975e+00 1.472668440160620307e+01
6.530000000000180549e+00 1.465349052663435181e+01
6.550000000000180123e+00 1.433430070241992205e+01
6.570000000000179696e+00 1.429406845307574159e+01
6.590000000000179270e+00 1.398604796344529255e+01
6.610000000000178844e+00 1.406636476962377813e+01
6.630000000000178417e+00 1.375208678002925922e+01
6.650000000000177991e+00 1.346067103300603307e+01
6.670000000000177565e+00 1.331895580285008585e+01
6.690000000000177138e+00 1.301820271716689525e+01
6.710000000000176712e+00 1.270267892741473226e+01
6.730000000000176286e+00 1.255614137974861677e+01
6.750000000000175859e+00 1.220869152550767645e+01
6.770000000000175433e+00 1.202912220532844145e+01
6.790000000000175007e+00 1.193219707497073578e+01
6.810000000000174580e+00 1.177680071071685575e+01
6.830000000000174154e+00 1.154556470978546656e+01
6.850000000000173728e+00 1.129340306423191542e+01
6.870000000000173301e+00 1.112445384882823163e+01
6.890000000000172875e+00 1.123361699276312287e+01
6.910000000000172449e+00 1.111514612163698423e+01
6.930000000000172022e+00 1.096411003406620210e+01
6.950000000000171596e+00 1.073988638482113345e+01
6.970000000000171170e+00 1.034900382257859519e+01
6.990000000000170743e+00 1.023252111053095703e+01
7.010000000000170317e+00 1.010495306055609177e+01
7.030000000000169891e+00 9.887400555556498105e+00
7.050000000000169464e+00 9.961035327712759013e+00
7.070000000000169038e+00 9.685557362020794869e+00
7.090000000000168612e+00 9.588082076936489173e+00
7.110000000000168185e+00 9.300405270745281783e+00
7.130000000000167759e+00 9.142324222669248712e+00
7.150000000000167333e+00 8.973700866881777927e+00
7.170000000000166906e+00 8.857647286031298250e+00
7.190000000000166480e+00 8.594238900441579787e+00
7.210000000000166054e+00 8.451500716373823607e+00
7.230000000000165628e+00 8.271668264549198568e+00
7.250000000000165201e+00 8.097112969356921042e+00
7.270000000000164775e+00 8.036533280434912996e+00
7.290000000000164349e+00 7.914289214531120109e+00
7.310000000000163922e+00 7.806922730883999684e+00
7.330000000000163496e+00 7.665038271459894581e+00
7.350000000000163070e+00 7.691853500459022719e+00
7.370000000000162643e+00 7.616913350524663784e+00
7.390000000000162217e+00 7.472848208684633065e+00
7.410000000000161791e+00 7.415141861219213482e+00
7.430000000000161364e+00 7.182096603072529284e+00
7.450000000000160938e+00 7.053529339255703690e+00
7.470000000000160512e+00 6.924527517874905946e+00
7.490000000000160085e+00 6.820770700174151990e+00
7.510000000000159659e+00 6.724076172928605821e+00
7.530000000000159233e+00 6.513421302455443929e+00
7.550000000000158806e+00 6.427258203583701146e+00
7.570000000000158380e+00 6.306519534773346258e+00
7.590000000000157954e+00 6.207609547007999495e+00
7.610000000000157527e+00 6.027138092047712448e+00
7.630000000000157101e+00 5.885536345848058737e+00
7.650000000000156675e+00 5.786376962508350985e+00
7.670000000000156248e+00 5.714639801221035320e+00
7.690000000000155822e+00 5.657890642260695380e+00
7.710000000000155396e+00 5.541372485896582489e+00
7.730000000000154969e+00 5.398527577628343010e+00
7.750000000000154543e+00 5.356832865516621744e+00
7.770000000000154117e+00 5.340596624726992481e+00
7.790000000000153690e+00 5.331401348757938585e+00
7.810000000000153264e+00 5.296786021300696312e+00
7.830000000000152838e+00 5.191153471681744236e+00
7.850000000000152411e+00 5.014957274342450866e+00
7.870000000000151985e+00 4.908923693950327127e+00
7.890000000000151559e+00 4.824476274619175165e+00
7.910000000000151132e+00 4.739458050106513554e+00
7.930000000000150706e+00 4.620627458369512830e+00
7.950000000000150280e+00 4.525262030396133284e+00
7.970000000000149853e+00 4.438751147269274000e+00
7.990000000000149427e+00 4.309163876733367537e+00
8.010000000000149001e+00 4.283045023097152182e+00
8.030000000000148574e+00 4.155098280055756099e+00
8.050000000000148148e+00 4.081735322192074911e+00
8.070000000000147722e+00 4.070040339543900210e+00
8.090000000000147296e+00 3.979450466552810539e+00
8.110000000000146869e+00 3.900421130126521252e+00
8.130000000000146443e+00 3.834784117352474819e+00
8.150000000000146017e+00 3.783256593639189980e+00
8.170000000000145590e+00 3.778056420529273485e+00
8.190000000000145164e+00 3.750271604371625767e+00
8.210000000000144738e+00 3.719761260490024313e+00
8.230000000000144311e+00 3.698566118258374669e+00
8.250000000000143885e+00 3.521818290269521423e+00
8.270000000000143459e+00 3.415873325321337806e+00
8.290000000000143032e+00 3.369620727529024418e+00
8.310000000000142606e+00 3.282041610409069055e+00
8.330000000000142180e+00 3.190387424707128883e+00
8.350000000000141753e+00 3.141439749576546259e+00
8.370000000000141327e+00 3.105193764567550030e+00
8.390000000000140901e+00 3.061974538117839373e+00
8.410000000000140474e+00 2.994762856088378999e+00
8.430000000000140048e+00 2.941822927859312209e+00
8.450000000000139622e+00 2.902654271361974292e+00
8.470000000000139195e+00 2.859376677429755542e+00
8.490000000000138769e+00 2.815061509302907439e+00
8.510000000000138343e+00 2.737558153395474925e+00
8.530000000000137916e+00 2.755559971172043987e+00
8.550000000000137490e+00 2.730515234335339159e+00
8.570000000000137064e+00 2.694314082804156296e+00
8.590000000000136637e+00 2.649880752300616482e+00
8.610000000000136211e+00 2.573479159714296305e+00
8.630000000000135785e+00 2.451888923252542707e+00
8.650000000000135358e+00 2.443493707275832261e+00
8.670000000000134932e+00 2.414983790374317874e+00
8.690000000000134506e+00 2.333610286666896627e+00
8.710000000000134079e+00 2.284666583364769021e+00
8.730000000000133653e+00 2.253102083873495420e+00
8.750000000000133227e+00 2.223366267229093030e+00
8.770000000000132800e+00 2.191663183847566643e+00
8.790000000000132374e+00 2.132592010517609271e+00
8.810000000000131948e+00 2.103217157853052743e+00
8.830000000000131521e+00 2.085878808720970312e+00
8.850000000000131095e+00 2.054667431307678704e+00
8.870000000000130669e+00 2.037453237988575250e+00
8.890000000000130242e+00 2.034934420760860618e+00
8.910000000000129816e+00 1.941393947738114356e+00
8.930000000000129390e+00 1.969253902552664970e+00
8.950000000000128964e+00 1.922622756245724096e+00
8.970000000000128537e+00 1.845209350530212955e+00
8.990000000000128111e+00 1.822592541580654091e+00
9.010000000000127685e+00 1.787022174715836353e+00
9.030000000000127258e+00 1.741041455900731227e+00
9.050000000000126832e+00 1.697080774712963702e+00
9.070000000000126406e+00 1.658396125889076034e+00
9.090000000000125979e+00 1.647019648724330487e+00
9.110000000000125553e+00 1.627668513371292702e+00
9.130000000000125127e+00 1.593686768253831820e+00
9.150000000000124700e+00 1.591647867466352118e+00
9.170000000000124274e+00 1.554449163095570574e+00
9.190000000000123848e+00 1.543336957202316562e+00
9.210000000000123421e+00 1.539362386095250779e+00
9.230000000000122995e+00 1.483975264015238160e+00
9.250000000000122569e+00 1.466644865769223260e+00
9.270000000000122142e+00 1.425716569393097766e+00
9.290000000000121716e+00 1.408550339202704116e+00
9.310000000000121290e+00 1.371052597451842825e+00
9.330000000000120863e+00 1.344318215839488406e+00
9.350000000000120437e+00 1.331398891274892193e+00
9.370000000000120011e+00 1.298467451958099650e+00
9.390000000000119584e+00 1.285686630267351305e+00
9.410000000000119158e+00 1.256385789702155975e+00
9.430000000000118732e+00 1.240532210416568359e+00
9.450000000000118305e+00 1.219522972915134229e+00
9.470000000000117879e+00 1.218878950704310515e+00
9.490000000000117453e+00 1.184438493290773220e+00
9.510000000000117026e+00 1.151075149727479374e+00
9.530000000000116600e+00 1.158553722335788683e+00
9.550000000000116174e+00 1.103490048989230754e+00
9.570000000000115747e+00 1.110546738790747279e+00
9.590000000000115321e+00 1.083994686516924544e+00
9.610000000000114895e+00 1.066028097221349835e+00
9.630000000000114468e+00 1.017107019261310974e+00
9.650000000000114042e+00 1.044758787595213567e+00
9.670000000000113616e+00 1.015437114765399773e+00
9.690000000000113189e+00 9.975956192315662552e-01
9.710000000000112763e+00 9.704311559415473853e-01
9.730000000000112337e+00 9.577724341532820596e-01
9.750000000000111910e+00 9.683647560947986621e-01
9.770000000000111484e+00 9.139321685942034534e-01
9.790000000000111058e+00 9.102661064769548283e-01
9.810000000000110632e+00 8.816078240976761293e-01
9.830000000000110205e+00 8.820090943841227826e-01
9.850000000000109779e+00 8.521917365360216490e-01
9.870000000000109353e+00 8.534101807007270502e-01
9.890000000000108926e+00 8.245380269914617255e-01
9.910000000000108500e+00 8.217730004056542636e-01
9.930000000000108074e+00 8.078806200025506756e-01
9.950000000000107647e+00 8.004999889687641756e-01
9.970000000000107221e+00 7.857619526536843146e-01
9.990000000000106795e+00 7.631946808928684600e-01
1.001000000000010637e+01 7.520207675998474839e-01
1.003000000000010594e+01 7.410856018460276751e-01
1.005000000000010552e+01 7.141253049760192262e-01
1.007000000000010509e+01 7.196338259164283269e-01
1.009000000000010466e+01 6.783114778444934156e-01
1.011000000000010424e+01 6.806412408886863830e-01
1.013000000000010381e+01 6.647141992502059171e-01
1.015000000000010338e+01 6.543355894598144040e-01
1.017000000000010296e+01 6.483890895726784898e-01
1.019000000000010253e+01 6.408226384234573247e-01
1.021000000000010210e+01 6.269825841402597577e-01
1.023000000000010168e+01 6.146305324960219529e-01
1.025000000000010125e+01 6.085347687562772112e-01
1.027000000000010083e+01 5.993252496930433493e-01
1.029000000000010040e+01 5.842575449421794076e-01
1.031000000000009997e+01 5.747982080502915814e-01
1.033000000000009955e+01 5.423644852331351851e-01
1.035000000000009912e+01 5.371316622596490342e-01
1.037000000000009869e+01 5.336629411372834086e-01
1.039000000000009827e+01 5.274911848324788100e-01
1.041000000000009784e+01 5.072959618070179699e-01
1.043000000000009742e+01 5.015631394801606247e-01
1.045000000000009699e+01 4.942345876800992022e-01
1.047000000000009656e+01 5.042696560834517561e-01
1.049000000000009614e+01 4.720974841384292797e-01
1.051000000000009571e+01 4.657499856957540429e-01
1.053000000000009528e+01 4.700423366170270456e-01
1.055000000000009486e+01 4.560992880614979095e-01
1.057000000000009443e+01 4.374631202780882022e-01
1.059000000000009400e+01 4.260189175915349846e-01
1.061000000000009358e+01 4.155973637715623115e-01
1.063000000000009315e+01 4.090399894221010135e-01
1.065000000000009273e+01 4.036249549173295259e-01
1.067000000000009230e+01 3.915435836411372827e-01
1.069000000000009187e+01 3.852726024409058869e-01
1.071000000000009145e+01 3.898600813611167726e-01
1.073000000000009102e+01 3.700502627743257889e-01
1.075000000000009059e+01 3.724022797500896598e-01
1.077000000000009017e+01 3.590042253353178392e-01
1.079000000000008974e+01 3.529273960197317206e-01
1.081000000000008932e+01 3.401977321919231745e-01
1.083000000000008889e+01 3.381685701294322444e-01
1.085000000000008846e+01 3.143241781649135369e-01
1.087000000000008804e+01 3.147124595660256707e-01
1.089000000000008761e+01 3.087070513292755058e-01
1.091000000000008718e+01 3.083004059116034035e-01
1.093000000000008676e+01 2.963915216124617391e-01
1.095000000000008633e+01 3.006661643565232134e-01
1.097000000000008590e+01 2.789060670809389020e-01
1.099000000000008548e+01 2.924623722924659663e-01
1.101000000000008505e+01 2.722916359921310758e-01
1.103000000000008463e+01 2.623005144528992028e-01
1.105000000000008420e+01 2.631339020663400752e-01
1.107000000000008377e+01 2.527183937114040879e-01
1.109000000000008335e+01 2.443711053435178304e-01
1.111000000000008292e+01 2.415507752002940267e-01
1.113000000000008249e+01 2.300785936762594908e-01
1.115000000000008207e+01 2.258038829309321760e-01
1.117000000000008164e+01 2.288763610007045757e-01
1.119000000000008122e+01 2.260365419601723103e-01
1.121000000000008079e+01 2.179307510384263791e-01
1.123000000000008036e+01 2.090724784899156974e-01
1.125000000000007994e+01 2.019367966810958759e-01
1.127000000000007951e+01 1.932367490977864033e-01
1.129000000000007908e+01 1.923371015022275199e-01
1.131000000000007866e+01 1.930840943586505654e-01
1.133000000000007823e+01 1.846015653443685567e-01
1.135000000000007780e+01 1.812579142815055611e-01
1.137000000000007738e+01 1.682509134897026137e-01
1.139000000000007695e+01 1.710404162394795202e-01
1.141000000000007653e+01 1.613577182890884310e-01
1.143000000000007610e+01 1.664814317105549890e-01
1.145000000000007567e+01 1.614994282210477639e-01
1.147000000000007525e+01 1.525748883056964322e-01
1.149000000000007482e+01 1.476379294165165446e-01
1.151000000000007439e+01 1.444329445236537113e-01
1.153000000000007397e+01 1.352581113535509250e-01
1.155000000000007354e+01 1.363655527057995864e-01
1.157000000000007311e+01 1.335597352467424448e-01
1.159000000000007269e+01 1.310362728800830434e-01
1.161000000000007226e+01 1.297440738677095307e-01
1.163000000000007184e+01 1.215964568525320921e-01
1.165000000000007141e+01 1.240465901111594549e-01
1.167000000000007098e+01 1.125093919771861101e-01
1.169000000000007056e+01 1.099784739471432876e-01
1.171000000000007013e+01 1.116860992310801520e-01
1.173000000000006970e+01 1.043160435236761691e-01
1.175000000000006928e+01 1.015845273084569483e-01
1.177000000000006885e+01 9.691686618058534264e-02
1.179000000000006843e+01 9.915540846061139668e-02
1.181000000000006800e+01 9.725883438638245615e-02
1.183000000000006757e+01 9.076623474036336903e-02
1.185000000000006715e+01 9.038034683216987497e-02
1.187000000000006672e+01 8.809257052476578143e-02
1.189000000000006629e+01 8.336283457451509893e-02
1.191000000000006587e+01 8.033255708804921957e-02
1.193000000000006544e+01 7.563951239314850583e-02
1.195000000000006501e+01 7.564863546362504687e-02
1.197000000000006459e+01 7.184767839642661191e-02
1.199000000000006416e+01 7.546520286382094045e-02
1.201000000000006374e+01 6.882839776217533623e-02
1.203000000000006331e+01 7.028843026817807593e-02
1.205000000000006288e+01 6.630979700991584957e-02
1.207000000000006246e+01 6.328303555124376034e-02
1.209000000000006203e+01 6.088085935908864321e-02
1.211000000000006160e+01 5.906196952793514587e-02
1.213000000000006118e+01 5.719559376322548572e-02
1.215000000000006075e+01 5.383225210101923175e-02
1.217000000000006033e+01 5.515329160380785800e-02
1.219000000000005990e+01 5.162404971373704687e-02
1.221000000000005947e+01 4.984512927139091859e-02
1.223000000000005905e+01 5.177031627663299801e-02
1.225000000000005862e+01 4.919893748980069120e-02
1.227000000000005819e+01 4.658843911087017647e-02
1.229000000000005777e+01 4.633468567498163354e-02
1.231000000000005734e+01 4.092001262737550438e-02
1.233000000000005691e+01 4.109030779084826834e-02
1.235000000000005649e+01 4.038318350120149308e-02
1.237000000000005606e+01 3.818667586266468600e-02
1.239000000000005564e+01 3.796392499065581044e-02
1.241000000000005521e+01 3.528449964582301701e-02
1.243000000000005478e+01 3.824835759696446069e-02
1.245000000000005436e+01 3.565963343773814048e-02
1.247000000000005393e+01 3.529435007381370726e-02
1.249000000000005350e+01 3.143183176862116707e-02
1.251000000000005308e+01 3.017069904849613987e-02
1.253000000000005265e+01 2.833832783984181758e-02
1.255000000000005222e+01 3.149507734841375944e-02
1.257000000000005180e+01 3.022160178308921225e-02
1.259000000000005137e+01 2.696476161027377277e-02
1.261000000000005095e+01 2.525176010129785015e-02
1.263000000000005052e+01 2.542276416890373522e-02
1.265000000000005009e+01 2.473442248879700531e-02
1.267000000000004967e+01 2.416594535333219107e-02
1.269000000000004924e+01 2.765333918630346124e-02
1.271000000000004881e+01 2.153456754506026874e-02
1.273000000000004839e+01 2.058615110943157536e-02
1.275000000000004796e+01 2.079626001066536486e-02
1.277000000000004754e+01 2.074200078573788797e-02
1.279000000000004711e+01 1.874808556951070709e-02
1.281000000000004668e+01 2.440942710449930247e-02
1.283000000000004626e+01 1.780951762593815588e-02
1.285000000000004583e+01 1.778093980338651958e-02
1.287000000000004540e+01 1.725292877102297881e-02
1.289000000000004498e+01 1.692409421125403227e-02
1.291000000000004455e+01 1.830691350630844760e-02
1.293000000000004412e+01 1.784972516836638365e-02
1.295000000000004370e+01 1.478145971925708992e-02
1.297000000000004327e+01 1.474443195325056757e-02
1.299000000000004285e+01 1.470122371408530242e-02
1.301000000000004242e+01 1.684092558316567859e-02
1.303000000000004199e+01 1.315676835904499090e-02
1.305000000000004157e+01 1.565466118802285797e-02
1.307000000000004114e+01 1.243421407041620658e-02
1.309000000000004071e+01 1.206912008580625882e-02
1.311000000000004029e+01 1.212458902754880857e-02
1.313000000000003986e+01 1.439167188254609174e-02
1.315000000000003944e+01 1.129006060404083404e-02
1.317000000000003901e+01 1.386379251415002789e-02
1.319000000000003858e+01 1.073487297936409623e-02
1.321000000000003816e+01 1.038586241558513840e-02
1.323000000000003773e+01 1.278149507892351218e-02
1.325000000000003730e+01 9.887763226932811886e-03
1.327000000000003688e+01 9.798354554166902042e-03
1.329000000000003645e+01 1.207436491292860486e-02
1.331000000000003602e+01 9.220173506924026971e-03
1.333000000000003560e+01 1.165657342957306108e-02
1.335000000000003517e+01 8.707244581716035853e-03
1.337000000000003475e+01 8.817368653226350522e-03
1.339000000000003432e+01 8.339096511947932666e-03
1.341000000000003389e+01 1.102922489401358432e-02
1.343000000000003347e+01 1.047317408168261382e-02
1.345000000000003304e+01 7.846377329274959594e-03
1.347000000000003261e+01 7.853437624516099863e-03
1.349000000000003219e+01 7.479669154654441585e-03
1.351000000000003176e+01 7.564007600352906473e-03
1.353000000000003133e+01 1.238535262431510187e-02
1.355000000000003091e+01 7.178101526685710769e-03
1.357000000000003048e+01 6.920057278247447943e-03
1.359000000000003006e+01 7.020117632106752555e-03
1.361000000000002963e+01 6.777864562259172145e-03
1.363000000000002920e+01 1.163269302607064168e-02
1.365000000000002878e+01 6.491149661110994819e-03
1.367000000000002835e+01 6.461190484850210664e-03
1.369000000000002792e+01 6.424191858140888313e-03
1.371000000000002750e+01 6.266510804507165189e-03
1.373000000000002707e+01 8.509712091029349862e-03
1.375000000000002665e+01 8.561775939193209950e-03
1.377000000000002622e+01 5.901521243765618652e-03
1.379000000000002579e+01 5.844239493228822573e-03
1.381000000000002537e+01 5.841618501937821846e-03
1.383000000000002494e+01 8.059551225887643527e-03
1.385000000000002451e+01 5.642403378216321805e-03
1.387000000000002409e+01 3.130234317192432877e-03
1.389000000000002366e+01 3.067151563982714862e-03
1.391000000000002323e+01 3.054125569584608194e-03
1.393000000000002281e+01 3.007010903593373367e-03
1.395000000000002238e+01 2.857295019121347448e-03
1.397000000000002196e+01 3.974080773048998139e-04
1.399000000000002153e+01 3.797335083991250902e-04
1.401000000000002110e+01 3.555709961956439197e-04
1.403000000000002068e+01 3.182371375836873044e-04
1.405000000000002025e+01 3.011499509597526342e-04
1.407000000000001982e+01 2.504489473785697024e-04
1.409000000000001940e+01 2.453239417040755949e-04
1.411000000000001897e+01 2.238580322924429815e-04
1.413000000000001855e+01 1.948868479892992942e-04
1.415000000000001812e+01 1.897459195304230031e-04
1.417000000000001769e+01 1.781241696591959168e-04
1.419000000000001727e+01 1.687499833206887565e-04
1.421000000000001684e+01 1.547879606778461458e-04
1.423000000000001641e+01 1.426003798110842458e-04
1.425000000000001599e+01 9.971071014604237278e-05
1.427000000000001556e+01 5.963920287077161680e-05
1.429000000000001513e+01 4.837703998757687666e-05
1.431000000000001471e+01 2.497191365909342883e-05
1.433000000000001428e+01 6.580467675064661316e-06
1.435000000000001386e+01 4.008125966450459072e-06
1.437000000000001343e+01 2.383087445694286844e-06
1.439000000000001300e+01 1.370900045216464065e-06
1.441000000000001258e+01 6.256376545968423863e-07
1.443000000000001215e+01 2.776200914382821435e-07
1.445000000000001172e+01 1.823146006678295812e-07
1.447000000000001130e+01 1.373685529806548632e-07
1.449000000000001087e+01 1.741344162015925871e-08
1.451000000000001044e+01 5.083045626995671445e-10
1.453000000000001002e+01 1.242505662021852896e-10
1.455000000000000959e+01 3.369383636346711516e-12
1.457000000000000917e+01 5.487566253487212989e-13
1.459000000000000874e+01 3.068803672767448715e-16
1.461000000000000831e+01 5.785116153626277592e-17
1.463000000000000789e+01 2.478042486348437209e-17
1.465000000000000746e+01 0.000000000000000000e+00
1.467000000000000703e+01 0.000000000000000000e+00
1.469000000000000661e+01 0.000000000000000000e+00
1.471000000000000618e+01 0.000000000000000000e+00
1.473000000000000576e+01 0.000000000000000000e+00
1.475000000000000533e+01 0.000000000000000000e+00
1.477000000000000490e+01 0.000000000000000000e+00
1.479000000000000448e+01 0.000000000000000000e+00
1.481000000000000405e+01 0.000000000000000000e+00
1.483000000000000362e+01 0.000000000000000000e+00
1.485000000000000320e+01 0.000000000000000000e+00
1.487000000000000277e+01 0.000000000000000000e+00
1.489000000000000234e+01 0.000000000000000000e+00
1.491000000000000192e+01 0.000000000000000000e+00
1.493000000000000149e+01 0.000000000000000000e+00
1.495000000000000107e+01 0.000000000000000000e+00
1.497000000000000064e+01 0.000000000000000000e+00
1.499000000000000021e+01 0.000000000000000000e+00
