# Redshift		Merger Rate Density [Gpc^-3yr^-1]
1.000000000031931770e-02 5.713115364159625642e+01
3.000000000031888964e-02 6.028417461384290732e+01
5.000000000031846331e-02 6.310232577289189493e+01
7.000000000031804392e-02 6.664660812219977970e+01
9.000000000031761760e-02 6.987651382944967793e+01
1.100000000003171913e-01 7.304368958654509925e+01
1.300000000003167511e-01 7.656459411993608910e+01
1.500000000003163247e-01 8.004352509475285160e+01
1.700000000003158984e-01 8.371504468965950707e+01
1.900000000003154721e-01 8.703933743250649968e+01
2.100000000003150458e-01 9.082607641142790555e+01
2.300000000003146194e-01 9.487202381115706373e+01
2.500000000003141931e-01 9.857762836861107303e+01
2.700000000003137668e-01 1.023161348904949079e+02
2.900000000003133405e-01 1.062694099195244064e+02
3.100000000003129141e-01 1.100659921418003933e+02
3.300000000003124878e-01 1.144771391489789067e+02
3.500000000003120615e-01 1.189446990858920827e+02
3.700000000003116352e-01 1.229558888616573142e+02
3.900000000003112088e-01 1.269307475638808995e+02
4.100000000003107825e-01 1.312879352481380977e+02
4.300000000003103562e-01 1.357891997600780485e+02
4.500000000003099299e-01 1.402905008054546556e+02
4.700000000003095035e-01 1.448703097756751959e+02
4.900000000003090772e-01 1.495179248421882221e+02
5.100000000003086509e-01 1.539865709590102654e+02
5.300000000003082246e-01 1.588077359823843437e+02
5.500000000003077982e-01 1.641146508184300501e+02
5.700000000003073719e-01 1.686477300476887251e+02
5.900000000003069456e-01 1.737112509271935039e+02
6.100000000003065193e-01 1.788306052065487393e+02
6.300000000003060929e-01 1.836424906916359419e+02
6.500000000003056666e-01 1.887311752321597282e+02
6.700000000003052403e-01 1.934361318722720000e+02
6.900000000003048140e-01 1.988353872759845444e+02
7.100000000003043876e-01 2.039412081800687986e+02
7.300000000003039613e-01 2.091685747734904339e+02
7.500000000003035350e-01 2.141600163379918627e+02
7.700000000003031086e-01 2.204850552719540246e+02
7.900000000003026823e-01 2.258320723298304529e+02
8.100000000003022560e-01 2.315247115488704708e+02
8.300000000003018297e-01 2.363520904097260598e+02
8.500000000003014033e-01 2.417539598624287009e+02
8.700000000003009770e-01 2.476465386927250449e+02
8.900000000003005507e-01 2.530618954521415276e+02
9.100000000003001244e-01 2.583050992483334767e+02
9.300000000002996980e-01 2.641989144973827592e+02
9.500000000002992717e-01 2.697340555276624627e+02
9.700000000002988454e-01 2.760014988405205258e+02
9.900000000002984191e-01 2.811431665120722414e+02
1.010000000000297993e+00 2.860614304320363885e+02
1.030000000000297566e+00 2.918014901681713127e+02
1.050000000000297140e+00 2.990408050117316634e+02
1.070000000000296714e+00 3.036756913283094264e+02
1.090000000000296287e+00 3.086176977801423504e+02
1.110000000000295861e+00 3.151163153699815780e+02
1.130000000000295435e+00 3.202585608681288249e+02
1.150000000000295008e+00 3.251859835049430103e+02
1.170000000000294582e+00 3.300071080668475361e+02
1.190000000000294156e+00 3.358592554826782361e+02
1.210000000000293729e+00 3.404702056028968400e+02
1.230000000000293303e+00 3.448011179797429122e+02
1.250000000000292877e+00 3.504638299383779554e+02
1.270000000000292451e+00 3.550268857794847008e+02
1.290000000000292024e+00 3.604938799066465549e+02
1.310000000000291598e+00 3.636672232499939241e+02
1.330000000000291172e+00 3.703749575417468236e+02
1.350000000000290745e+00 3.727419700805495495e+02
1.370000000000290319e+00 3.782478759068778231e+02
1.390000000000289893e+00 3.819170010926818009e+02
1.410000000000289466e+00 3.859248766186510124e+02
1.430000000000289040e+00 3.893053394597735064e+02
1.450000000000288614e+00 3.929391874621155125e+02
1.470000000000288187e+00 3.966257151688391787e+02
1.490000000000287761e+00 3.996578087575347240e+02
1.510000000000287335e+00 4.028711911449321974e+02
1.530000000000286908e+00 4.071724917520893996e+02
1.550000000000286482e+00 4.111008650307368271e+02
1.570000000000286056e+00 4.124187511720727457e+02
1.590000000000285629e+00 4.145834947765744118e+02
1.610000000000285203e+00 4.169529108507006754e+02
1.630000000000284777e+00 4.202568833432846418e+02
1.650000000000284350e+00 4.224633603403328266e+02
1.670000000000283924e+00 4.252647791604203462e+02
1.690000000000283498e+00 4.254618735993080350e+02
1.710000000000283071e+00 4.278187256426070348e+02
1.730000000000282645e+00 4.284035417410674427e+02
1.750000000000282219e+00 4.297135596559770647e+02
1.770000000000281792e+00 4.306666899230792183e+02
1.790000000000281366e+00 4.296567995683487879e+02
1.810000000000280940e+00 4.311338314029664502e+02
1.830000000000280513e+00 4.299990935015436548e+02
1.850000000000280087e+00 4.297921155687477608e+02
1.870000000000279661e+00 4.309326730415501743e+02
1.890000000000279234e+00 4.311338123386631764e+02
1.910000000000278808e+00 4.299914399868070518e+02
1.930000000000278382e+00 4.283293608132768213e+02
1.950000000000277955e+00 4.308668899199234374e+02
1.970000000000277529e+00 4.300542807245067820e+02
1.990000000000277103e+00 4.287386108733168726e+02
2.010000000000276899e+00 4.278074325503615682e+02
2.030000000000276472e+00 4.267073075249853105e+02
2.050000000000276046e+00 4.240309672842273585e+02
2.070000000000275620e+00 4.220865355561469983e+02
2.090000000000275193e+00 4.184628963077566368e+02
2.110000000000274767e+00 4.176459618834071534e+02
2.130000000000274341e+00 4.170200012455729848e+02
2.150000000000273914e+00 4.145755772499618388e+02
2.170000000000273488e+00 4.149326964459802980e+02
2.190000000000273062e+00 4.099487857609763068e+02
2.210000000000272635e+00 4.072171191219472348e+02
2.230000000000272209e+00 4.024034395975522784e+02
2.250000000000271783e+00 3.971155854032782031e+02
2.270000000000271356e+00 3.948706010703257903e+02
2.290000000000270930e+00 3.889256752553232559e+02
2.310000000000270504e+00 3.841867090310741446e+02
2.330000000000270077e+00 3.799420085954344586e+02
2.350000000000269651e+00 3.734178612127025190e+02
2.370000000000269225e+00 3.704422815275433436e+02
2.390000000000268798e+00 3.624795349372164992e+02
2.410000000000268372e+00 3.602779188127948373e+02
2.430000000000267946e+00 3.532209699994056677e+02
2.450000000000267519e+00 3.471711604903564421e+02
2.470000000000267093e+00 3.430140945390140246e+02
2.490000000000266667e+00 3.382973447395569337e+02
2.510000000000266240e+00 3.337617515286734715e+02
2.530000000000265814e+00 3.299660617424657971e+02
2.550000000000265388e+00 3.249484139178634905e+02
2.570000000000264961e+00 3.197737742029028141e+02
2.590000000000264535e+00 3.153383606715682390e+02
2.610000000000264109e+00 3.110198248613680789e+02
2.630000000000263682e+00 3.069567173702128002e+02
2.650000000000263256e+00 3.029820653335817724e+02
2.670000000000262830e+00 2.978666545946661017e+02
2.690000000000262403e+00 2.940514195585702737e+02
2.710000000000261977e+00 2.909755453278210098e+02
2.730000000000261551e+00 2.856421475667977461e+02
2.750000000000261124e+00 2.816207122521586825e+02
2.770000000000260698e+00 2.780695497306647894e+02
2.790000000000260272e+00 2.740678649447734188e+02
2.810000000000259845e+00 2.694005511638321195e+02
2.830000000000259419e+00 2.651402349080943850e+02
2.850000000000258993e+00 2.616935083420189585e+02
2.870000000000258567e+00 2.561427504651173308e+02
2.890000000000258140e+00 2.528888176907159107e+02
2.910000000000257714e+00 2.482011053242864023e+02
2.930000000000257288e+00 2.448976462815693367e+02
2.950000000000256861e+00 2.403326058564269658e+02
2.970000000000256435e+00 2.380044530150986475e+02
2.990000000000256009e+00 2.336381133330002342e+02
3.010000000000255582e+00 2.310806646234943855e+02
3.030000000000255156e+00 2.266883706953371984e+02
3.050000000000254730e+00 2.226737158817740294e+02
3.070000000000254303e+00 2.191151873900202816e+02
3.090000000000253877e+00 2.161219049913401591e+02
3.110000000000253451e+00 2.115321548866445482e+02
3.130000000000253024e+00 2.082731595439297791e+02
3.150000000000252598e+00 2.053633713315517184e+02
3.170000000000252172e+00 2.026197501951487254e+02
3.190000000000251745e+00 1.991045106195180097e+02
3.210000000000251319e+00 1.958409970656028065e+02
3.230000000000250893e+00 1.923397257103360118e+02
3.250000000000250466e+00 1.906719455857992784e+02
3.270000000000250040e+00 1.859850297028907846e+02
3.290000000000249614e+00 1.827915894028658101e+02
3.310000000000249187e+00 1.796658861630124022e+02
3.330000000000248761e+00 1.776459020050033075e+02
3.350000000000248335e+00 1.745035031328018533e+02
3.370000000000247908e+00 1.716941914592468095e+02
3.390000000000247482e+00 1.686373970228928272e+02
3.410000000000247056e+00 1.659935739398387966e+02
3.430000000000246629e+00 1.626040867199660340e+02
3.450000000000246203e+00 1.597226516276212749e+02
3.470000000000245777e+00 1.577141386081860901e+02
3.490000000000245350e+00 1.555073960218771560e+02
3.510000000000244924e+00 1.526562846265438509e+02
3.530000000000244498e+00 1.501230940230994690e+02
3.550000000000244071e+00 1.479111044480910095e+02
3.570000000000243645e+00 1.447691380606152620e+02
3.590000000000243219e+00 1.433998931594003352e+02
3.610000000000242792e+00 1.414651728508756889e+02
3.630000000000242366e+00 1.399145245032278524e+02
3.650000000000241940e+00 1.365557527801344122e+02
3.670000000000241513e+00 1.351009617771226488e+02
3.690000000000241087e+00 1.320304877387459044e+02
3.710000000000240661e+00 1.305469931791510874e+02
3.730000000000240234e+00 1.275016085305486229e+02
3.750000000000239808e+00 1.266970359280552572e+02
3.770000000000239382e+00 1.243473550255570927e+02
3.790000000000238956e+00 1.213735380517715328e+02
3.810000000000238529e+00 1.195554259481323527e+02
3.830000000000238103e+00 1.177435460275540606e+02
3.850000000000237677e+00 1.168232160751542210e+02
3.870000000000237250e+00 1.141998910282467108e+02
3.890000000000236824e+00 1.123704571545279691e+02
3.910000000000236398e+00 1.115333616479718586e+02
3.930000000000235971e+00 1.095580020411057092e+02
3.950000000000235545e+00 1.088100565418150580e+02
3.970000000000235119e+00 1.051124368617735456e+02
3.990000000000234692e+00 1.034897619135732469e+02
4.010000000000234266e+00 1.015078022692658664e+02
4.030000000000233840e+00 1.007852928978628313e+02
4.050000000000233413e+00 9.806380694830329503e+01
4.070000000000232987e+00 9.652910018356854494e+01
4.090000000000232561e+00 9.564609269103875988e+01
4.110000000000232134e+00 9.426002055800208268e+01
4.130000000000231708e+00 9.279574808025601840e+01
4.150000000000231282e+00 9.096118416547732011e+01
4.170000000000230855e+00 8.938774988956531331e+01
4.190000000000230429e+00 8.852643535719165868e+01
4.210000000000230003e+00 8.764433875942772545e+01
4.230000000000229576e+00 8.568834286791972943e+01
4.250000000000229150e+00 8.540057980030661611e+01
4.270000000000228724e+00 8.276502070782159137e+01
4.290000000000228297e+00 8.206205787034656396e+01
4.310000000000227871e+00 8.046857963863386942e+01
4.330000000000227445e+00 7.988278964167078300e+01
4.350000000000227018e+00 7.855556614081041289e+01
4.370000000000226592e+00 7.775949587737611068e+01
4.390000000000226166e+00 7.674918978892182508e+01
4.410000000000225739e+00 7.537784298321770393e+01
4.430000000000225313e+00 7.460054660257391390e+01
4.450000000000224887e+00 7.329908148115535482e+01
4.470000000000224460e+00 7.245066634980355502e+01
4.490000000000224034e+00 7.128516740972550281e+01
4.510000000000223608e+00 7.062346190852619543e+01
4.530000000000223181e+00 6.970606793340959939e+01
4.550000000000222755e+00 6.839314216375166211e+01
4.570000000000222329e+00 6.762705893117038158e+01
4.590000000000221902e+00 6.658267787006037963e+01
4.610000000000221476e+00 6.638331933289418885e+01
4.630000000000221050e+00 6.561895988308621952e+01
4.650000000000220624e+00 6.490839547490459438e+01
4.670000000000220197e+00 6.420577168849969496e+01
4.690000000000219771e+00 6.347968480889670673e+01
4.710000000000219345e+00 6.171764189955901259e+01
4.730000000000218918e+00 6.151986167661512894e+01
4.750000000000218492e+00 6.104398062600557040e+01
4.770000000000218066e+00 6.064865102702532340e+01
4.790000000000217639e+00 5.943804378834045821e+01
4.810000000000217213e+00 5.823639529742946763e+01
4.830000000000216787e+00 5.774916288977166801e+01
4.850000000000216360e+00 5.723795798702552418e+01
4.870000000000215934e+00 5.605691499917146814e+01
4.890000000000215508e+00 5.561849757536158734e+01
4.910000000000215081e+00 5.467618397020157772e+01
4.930000000000214655e+00 5.434494150966696679e+01
4.950000000000214229e+00 5.364376315464181744e+01
4.970000000000213802e+00 5.342366822038428609e+01
4.990000000000213376e+00 5.156489500150970429e+01
5.010000000000212950e+00 5.187428223775568625e+01
5.030000000000212523e+00 5.100004670079893998e+01
5.050000000000212097e+00 5.017204256666819617e+01
5.070000000000211671e+00 4.966981792604523349e+01
5.090000000000211244e+00 4.892952999785307355e+01
5.110000000000210818e+00 4.841381733353431827e+01
5.130000000000210392e+00 4.756776435569328498e+01
5.150000000000209965e+00 4.704225259576125495e+01
5.170000000000209539e+00 4.599028599956774599e+01
5.190000000000209113e+00 4.593136954170457642e+01
5.210000000000208686e+00 4.552936461242465072e+01
5.230000000000208260e+00 4.479573267744108733e+01
5.250000000000207834e+00 4.409758273895263869e+01
5.270000000000207407e+00 4.371544999896825345e+01
5.290000000000206981e+00 4.319698743110105710e+01
5.310000000000206555e+00 4.206877024220852235e+01
5.330000000000206128e+00 4.217841410746358832e+01
5.350000000000205702e+00 4.125517480621127220e+01
5.370000000000205276e+00 4.116398292460240071e+01
5.390000000000204849e+00 4.050188920263643411e+01
5.410000000000204423e+00 4.005043754591055460e+01
5.430000000000203997e+00 3.926781139764215567e+01
5.450000000000203570e+00 3.948087046161120384e+01
5.470000000000203144e+00 3.890153958410275692e+01
5.490000000000202718e+00 3.830517489551583310e+01
5.510000000000202292e+00 3.800862523997578535e+01
5.530000000000201865e+00 3.733188191695088420e+01
5.550000000000201439e+00 3.693065919243590400e+01
5.570000000000201013e+00 3.630617222112950770e+01
5.590000000000200586e+00 3.606956808609615450e+01
5.610000000000200160e+00 3.550957537017837495e+01
5.630000000000199734e+00 3.535667025487560267e+01
5.650000000000199307e+00 3.453044257243264070e+01
5.670000000000198881e+00 3.411399517284982608e+01
5.690000000000198455e+00 3.385761575440960058e+01
5.710000000000198028e+00 3.347294243111718259e+01
5.730000000000197602e+00 3.306946856911042687e+01
5.750000000000197176e+00 3.319332355160295833e+01
5.770000000000196749e+00 3.227798964951266214e+01
5.790000000000196323e+00 3.208566610557569732e+01
5.810000000000195897e+00 3.138171195346686559e+01
5.830000000000195470e+00 3.085358869368800327e+01
5.850000000000195044e+00 3.057697013526728469e+01
5.870000000000194618e+00 3.032823898010867936e+01
5.890000000000194191e+00 3.009728465017828825e+01
5.910000000000193765e+00 2.974174185679067861e+01
5.930000000000193339e+00 2.911430927052856177e+01
5.950000000000192912e+00 2.883728297782805683e+01
5.970000000000192486e+00 2.841453559198301093e+01
5.990000000000192060e+00 2.805202690649677066e+01
6.010000000000191633e+00 2.757308849255024441e+01
6.030000000000191207e+00 2.752813923567860854e+01
6.050000000000190781e+00 2.699780620607375070e+01
6.070000000000190354e+00 2.690462407001053080e+01
6.090000000000189928e+00 2.647406892540017154e+01
6.110000000000189502e+00 2.634446127595481002e+01
6.130000000000189075e+00 2.616520223958031721e+01
6.150000000000188649e+00 2.613190026867887639e+01
6.170000000000188223e+00 2.541715397756683359e+01
6.190000000000187796e+00 2.516104277173548098e+01
6.210000000000187370e+00 2.523151860407948277e+01
6.230000000000186944e+00 2.459563250589485861e+01
6.250000000000186517e+00 2.431324154891981948e+01
6.270000000000186091e+00 2.401490100473093747e+01
6.290000000000185665e+00 2.355771274396105497e+01
6.310000000000185238e+00 2.354457317721496779e+01
6.330000000000184812e+00 2.312541045601891909e+01
6.350000000000184386e+00 2.271057060548779205e+01
6.370000000000183960e+00 2.248529366324861556e+01
6.390000000000183533e+00 2.242077083247328417e+01
6.410000000000183107e+00 2.196100981109105632e+01
6.430000000000182681e+00 2.193411560134221716e+01
6.450000000000182254e+00 2.179341161228248680e+01
6.470000000000181828e+00 2.140132377415420351e+01
6.490000000000181402e+00 2.127746060825083063e+01
6.510000000000180975e+00 2.123502378920290923e+01
6.530000000000180549e+00 2.051869923986383526e+01
6.550000000000180123e+00 2.041649247025452496e+01
6.570000000000179696e+00 2.025257440724069724e+01
6.590000000000179270e+00 2.005505852430650293e+01
6.610000000000178844e+00 2.002012987678934053e+01
6.630000000000178417e+00 1.975927429083864340e+01
6.650000000000177991e+00 1.944129922898522622e+01
6.670000000000177565e+00 1.933787221763629205e+01
6.690000000000177138e+00 1.919356639142440812e+01
6.710000000000176712e+00 1.866366754597106592e+01
6.730000000000176286e+00 1.875650240380761602e+01
6.750000000000175859e+00 1.833286333627016162e+01
6.770000000000175433e+00 1.823684012300408597e+01
6.790000000000175007e+00 1.777574204143233061e+01
6.810000000000174580e+00 1.797706865346848204e+01
6.830000000000174154e+00 1.768849679230878991e+01
6.850000000000173728e+00 1.748473521771207828e+01
6.870000000000173301e+00 1.740983090578887627e+01
6.890000000000172875e+00 1.697346248980157313e+01
6.910000000000172449e+00 1.676103582954404558e+01
6.930000000000172022e+00 1.683855273088579452e+01
6.950000000000171596e+00 1.680305884920536030e+01
6.970000000000171170e+00 1.630385621056784728e+01
6.990000000000170743e+00 1.625603033455445967e+01
7.010000000000170317e+00 1.603393979294812510e+01
7.030000000000169891e+00 1.620843632694043990e+01
7.050000000000169464e+00 1.599131922846146558e+01
7.070000000000169038e+00 1.579692367278907916e+01
7.090000000000168612e+00 1.541582319635791798e+01
7.110000000000168185e+00 1.523191458835924550e+01
7.130000000000167759e+00 1.520857647337837015e+01
7.150000000000167333e+00 1.507539583454511245e+01
7.170000000000166906e+00 1.481075177694655487e+01
7.190000000000166480e+00 1.459430146925852512e+01
7.210000000000166054e+00 1.451953461636167297e+01
7.230000000000165628e+00 1.456745774902037915e+01
7.250000000000165201e+00 1.441111825836693150e+01
7.270000000000164775e+00 1.429515270204901256e+01
7.290000000000164349e+00 1.398166086177358203e+01
7.310000000000163922e+00 1.391707491081900017e+01
7.330000000000163496e+00 1.372319811874151263e+01
7.350000000000163070e+00 1.351567055070291801e+01
7.370000000000162643e+00 1.345822706615451736e+01
7.390000000000162217e+00 1.315056770533116470e+01
7.410000000000161791e+00 1.344788366542306690e+01
7.430000000000161364e+00 1.316045999593092297e+01
7.450000000000160938e+00 1.310183986421026425e+01
7.470000000000160512e+00 1.295792580583148457e+01
7.490000000000160085e+00 1.281402103990755137e+01
7.510000000000159659e+00 1.255873501056335861e+01
7.530000000000159233e+00 1.252266403505726977e+01
7.550000000000158806e+00 1.248758675331458079e+01
7.570000000000158380e+00 1.203271570670970547e+01
7.590000000000157954e+00 1.231589371255868492e+01
7.610000000000157527e+00 1.208385320294487997e+01
7.630000000000157101e+00 1.185157029438832765e+01
7.650000000000156675e+00 1.169611373135323795e+01
7.670000000000156248e+00 1.157442429003524786e+01
7.690000000000155822e+00 1.154323536021917107e+01
7.710000000000155396e+00 1.135215189642535982e+01
7.730000000000154969e+00 1.141107237396493446e+01
7.750000000000154543e+00 1.141016088259995520e+01
7.770000000000154117e+00 1.101672384964160578e+01
7.790000000000153690e+00 1.089719283056648536e+01
7.810000000000153264e+00 1.082662778760695410e+01
7.830000000000152838e+00 1.083215634419966911e+01
7.850000000000152411e+00 1.062105906847773440e+01
7.870000000000151985e+00 1.040952338358663276e+01
7.890000000000151559e+00 1.051242136514089687e+01
7.910000000000151132e+00 1.030064704993118241e+01
7.930000000000150706e+00 1.023468465813720840e+01
7.950000000000150280e+00 1.007124606390138766e+01
7.970000000000149853e+00 1.001124332060351030e+01
7.990000000000149427e+00 9.908741168417224188e+00
8.010000000000149001e+00 9.728662253121335368e+00
8.030000000000148574e+00 9.655654853839955365e+00
8.050000000000148148e+00 9.515933604794193812e+00
8.070000000000147722e+00 9.487883762844266045e+00
8.090000000000147296e+00 9.447543808107385033e+00
8.110000000000146869e+00 9.208451323402288224e+00
8.130000000000146443e+00 9.176949971677830220e+00
8.150000000000146017e+00 9.105248195165223990e+00
8.170000000000145590e+00 8.984234730427285598e+00
8.190000000000145164e+00 8.977175286105303798e+00
8.210000000000144738e+00 8.763227643644192710e+00
8.230000000000144311e+00 8.689338446320125087e+00
8.250000000000143885e+00 8.612266831524836519e+00
8.270000000000143459e+00 8.528804629591713038e+00
8.290000000000143032e+00 8.376076410813537265e+00
8.310000000000142606e+00 8.357793918931225363e+00
8.330000000000142180e+00 8.263167654283348540e+00
8.350000000000141753e+00 8.216803095307767535e+00
8.370000000000141327e+00 8.005474314190061946e+00
8.390000000000140901e+00 7.894552011986851525e+00
8.410000000000140474e+00 7.918239108602005416e+00
8.430000000000140048e+00 7.827731103484337538e+00
8.450000000000139622e+00 7.697188785000815159e+00
8.470000000000139195e+00 7.601021957013352370e+00
8.490000000000138769e+00 7.537450837862872177e+00
8.510000000000138343e+00 7.582485990438756929e+00
8.530000000000137916e+00 7.453260541407384920e+00
8.550000000000137490e+00 7.450891459201569589e+00
8.570000000000137064e+00 7.369283240555451364e+00
8.590000000000136637e+00 7.223233705399258575e+00
8.610000000000136211e+00 7.130829296921174176e+00
8.630000000000135785e+00 7.077404554388805558e+00
8.650000000000135358e+00 7.020828330145517882e+00
8.670000000000134932e+00 6.994673773176995901e+00
8.690000000000134506e+00 6.906525558708447754e+00
8.710000000000134079e+00 6.848330707510827509e+00
8.730000000000133653e+00 6.867868638786315927e+00
8.750000000000133227e+00 6.698872781700096368e+00
8.770000000000132800e+00 6.743713708474874835e+00
8.790000000000132374e+00 6.634968799664103578e+00
8.810000000000131948e+00 6.535072663825927997e+00
8.830000000000131521e+00 6.571629130238468619e+00
8.850000000000131095e+00 6.381813213110885563e+00
8.870000000000130669e+00 6.411834469599075881e+00
8.890000000000130242e+00 6.259559042474047708e+00
8.910000000000129816e+00 6.320253388146971574e+00
8.930000000000129390e+00 6.236399512334187101e+00
8.950000000000128964e+00 6.147862544383878358e+00
8.970000000000128537e+00 6.188117191042552534e+00
8.990000000000128111e+00 6.122197415590402869e+00
9.010000000000127685e+00 6.085038551260782747e+00
9.030000000000127258e+00 5.948683148254636066e+00
9.050000000000126832e+00 6.026887112892870491e+00
9.070000000000126406e+00 5.916574502824972548e+00
9.090000000000125979e+00 5.853943861163482865e+00
9.110000000000125553e+00 5.795959063651597631e+00
9.130000000000125127e+00 5.716385107970774371e+00
9.150000000000124700e+00 5.657255846221278972e+00
9.170000000000124274e+00 5.627260472910290190e+00
9.190000000000123848e+00 5.574814680183058258e+00
9.210000000000123421e+00 5.517452872515950624e+00
9.230000000000122995e+00 5.511799114287682322e+00
9.250000000000122569e+00 5.410394354553665686e+00
9.270000000000122142e+00 5.358347958365293096e+00
9.290000000000121716e+00 5.305772768300882625e+00
9.310000000000121290e+00 5.211985394523720672e+00
9.330000000000120863e+00 5.158823696699616157e+00
9.350000000000120437e+00 5.245841664880089183e+00
9.370000000000120011e+00 5.089785824197196717e+00
9.390000000000119584e+00 5.057503404397164282e+00
9.410000000000119158e+00 4.932463315384395308e+00
9.430000000000118732e+00 4.922465192636811260e+00
9.450000000000118305e+00 4.777650136548584392e+00
9.470000000000117879e+00 4.736290792385315029e+00
9.490000000000117453e+00 4.722480794524342329e+00
9.510000000000117026e+00 4.581537492466472017e+00
9.530000000000116600e+00 4.537201718068904377e+00
9.550000000000116174e+00 4.441952850449355950e+00
9.570000000000115747e+00 4.441247057375344198e+00
9.590000000000115321e+00 4.326696856131678537e+00
9.610000000000114895e+00 4.296922930592546486e+00
9.630000000000114468e+00 4.175201159122607919e+00
9.650000000000114042e+00 4.140101579461306969e+00
9.670000000000113616e+00 4.033952640202721263e+00
9.690000000000113189e+00 3.941600931858975532e+00
9.710000000000112763e+00 3.933239286258014999e+00
9.730000000000112337e+00 3.798943306492793770e+00
9.750000000000111910e+00 3.747773658709659728e+00
9.770000000000111484e+00 3.644594115219032204e+00
9.790000000000111058e+00 3.602752138016817707e+00
9.810000000000110632e+00 3.466067969892058898e+00
9.830000000000110205e+00 3.395106412246127192e+00
9.850000000000109779e+00 3.268313679106560343e+00
9.870000000000109353e+00 3.272871321925413302e+00
9.890000000000108926e+00 3.156670202090626098e+00
9.910000000000108500e+00 3.049494133063289869e+00
9.930000000000108074e+00 3.009841058446878215e+00
9.950000000000107647e+00 2.887190722821353805e+00
9.970000000000107221e+00 2.837783443236369774e+00
9.990000000000106795e+00 2.834299052031379773e+00
1.001000000000010637e+01 2.694653866659701524e+00
1.003000000000010594e+01 2.588910094162485631e+00
1.005000000000010552e+01 2.519435979723889218e+00
1.007000000000010509e+01 2.501645017262384307e+00
1.009000000000010466e+01 2.350134032147264573e+00
1.011000000000010424e+01 2.310155041282988098e+00
1.013000000000010381e+01 2.255335622228513692e+00
1.015000000000010338e+01 2.146042707943839112e+00
1.017000000000010296e+01 2.094834586396202791e+00
1.019000000000010253e+01 2.018341638147026273e+00
1.021000000000010210e+01 1.944417702966597883e+00
1.023000000000010168e+01 1.893594512989301926e+00
1.025000000000010125e+01 1.885153527621265201e+00
1.027000000000010083e+01 1.794456979613673564e+00
1.029000000000010040e+01 1.730388585902652654e+00
1.031000000000009997e+01 1.674752882747875038e+00
1.033000000000009955e+01 1.631359150024925597e+00
1.035000000000009912e+01 1.606782081122777761e+00
1.037000000000009869e+01 1.527626864867565937e+00
1.039000000000009827e+01 1.475976740441668156e+00
1.041000000000009784e+01 1.510903057452051002e+00
1.043000000000009742e+01 1.429431373004665495e+00
1.045000000000009699e+01 1.397254871779134655e+00
1.047000000000009656e+01 1.337429000301217918e+00
1.049000000000009614e+01 1.310026363711105368e+00
1.051000000000009571e+01 1.281762018138639991e+00
1.053000000000009528e+01 1.269376796787924144e+00
1.055000000000009486e+01 1.238984282600225084e+00
1.057000000000009443e+01 1.240436303872909818e+00
1.059000000000009400e+01 1.247117028268735828e+00
1.061000000000009358e+01 1.221126348387416405e+00
1.063000000000009315e+01 1.216098183255200915e+00
1.065000000000009273e+01 1.196770378610302554e+00
1.067000000000009230e+01 1.179338864316786584e+00
1.069000000000009187e+01 1.160798833426311738e+00
1.071000000000009145e+01 1.167794813719252867e+00
1.073000000000009102e+01 1.184407518793811009e+00
1.075000000000009059e+01 1.170020633800546772e+00
1.077000000000009017e+01 1.188787870370436206e+00
1.079000000000008974e+01 1.189708492206294377e+00
1.081000000000008932e+01 1.179842110860913618e+00
1.083000000000008889e+01 1.264305122065373377e+00
1.085000000000008846e+01 1.178413980821865215e+00
1.087000000000008804e+01 1.190000478272181139e+00
1.089000000000008761e+01 1.231409259461640371e+00
1.091000000000008718e+01 1.220502786800150785e+00
1.093000000000008676e+01 1.258642036024094635e+00
1.095000000000008633e+01 1.236190272805673063e+00
1.097000000000008590e+01 1.317997592050617950e+00
1.099000000000008548e+01 1.298898853093859218e+00
1.101000000000008505e+01 1.255514866623155035e+00
1.103000000000008463e+01 1.315897766223603327e+00
1.105000000000008420e+01 1.293026169207779352e+00
1.107000000000008377e+01 1.328288450085273631e+00
1.109000000000008335e+01 1.363352217642508357e+00
1.111000000000008292e+01 1.342259014540539752e+00
1.113000000000008249e+01 1.380367937124277633e+00
1.115000000000008207e+01 1.374738788382416921e+00
1.117000000000008164e+01 1.386062859338444531e+00
1.119000000000008122e+01 1.389691320920235951e+00
1.121000000000008079e+01 1.433325250663227246e+00
1.123000000000008036e+01 1.399671322449570265e+00
1.125000000000007994e+01 1.376030512136868555e+00
1.127000000000007951e+01 1.392203049734538567e+00
1.129000000000007908e+01 1.440608019372346504e+00
1.131000000000007866e+01 1.422228750480492243e+00
1.133000000000007823e+01 1.458306565043643532e+00
1.135000000000007780e+01 1.405072855270396159e+00
1.137000000000007738e+01 1.439509848897775335e+00
1.139000000000007695e+01 1.411303396104074404e+00
1.141000000000007653e+01 1.419971147267548250e+00
1.143000000000007610e+01 1.402890037201452333e+00
1.145000000000007567e+01 1.430696226904923929e+00
1.147000000000007525e+01 1.411479157992716393e+00
1.149000000000007482e+01 1.404998918757002446e+00
1.151000000000007439e+01 1.369791202015534060e+00
1.153000000000007397e+01 1.418827109973470169e+00
1.155000000000007354e+01 1.325648730406491671e+00
1.157000000000007311e+01 1.340281167134730334e+00
1.159000000000007269e+01 1.361203320808155315e+00
1.161000000000007226e+01 1.317814190561226839e+00
1.163000000000007184e+01 1.335424745169729643e+00
1.165000000000007141e+01 1.330399160863495522e+00
1.167000000000007098e+01 1.254097766399328906e+00
1.169000000000007056e+01 1.266460320043588439e+00
1.171000000000007013e+01 1.214987678123911508e+00
1.173000000000006970e+01 1.227595528628136368e+00
1.175000000000006928e+01 1.196342292910042904e+00
1.177000000000006885e+01 1.180135714022990667e+00
1.179000000000006843e+01 1.181272326237867709e+00
1.181000000000006800e+01 1.166898399005972919e+00
1.183000000000006757e+01 1.076064100311838523e+00
1.185000000000006715e+01 1.058837397133644442e+00
1.187000000000006672e+01 1.084098933371111295e+00
1.189000000000006629e+01 1.050148276356452470e+00
1.191000000000006587e+01 9.898857124411095665e-01
1.193000000000006544e+01 9.650462809846338530e-01
1.195000000000006501e+01 9.580406484770570552e-01
1.197000000000006459e+01 9.519253462404237975e-01
1.199000000000006416e+01 9.063535564164684200e-01
1.201000000000006374e+01 8.859314701438006923e-01
1.203000000000006331e+01 8.361359588408346921e-01
1.205000000000006288e+01 8.062224593419331509e-01
1.207000000000006246e+01 8.039426757406995527e-01
1.209000000000006203e+01 7.780705228359944270e-01
1.211000000000006160e+01 7.306442328988287382e-01
1.213000000000006118e+01 7.043843304521996140e-01
1.215000000000006075e+01 6.815707278507704414e-01
1.217000000000006033e+01 6.840541589633244435e-01
1.219000000000005990e+01 6.353139230428709316e-01
1.221000000000005947e+01 6.220367967917496133e-01
1.223000000000005905e+01 5.770584160282298258e-01
1.225000000000005862e+01 5.632675842385150844e-01
1.227000000000005819e+01 5.359196614721069007e-01
1.229000000000005777e+01 5.252895188183483999e-01
1.231000000000005734e+01 4.866240666797411185e-01
1.233000000000005691e+01 4.837623648758206385e-01
1.235000000000005649e+01 4.582660703185284512e-01
1.237000000000005606e+01 4.271382899570185243e-01
1.239000000000005564e+01 4.230790510784678271e-01
1.241000000000005521e+01 3.976182253352489870e-01
1.243000000000005478e+01 3.860424227785859141e-01
1.245000000000005436e+01 3.681191952085188790e-01
1.247000000000005393e+01 3.503555819280440020e-01
1.249000000000005350e+01 3.363600084519187683e-01
1.251000000000005308e+01 3.144245365309396578e-01
1.253000000000005265e+01 2.908692526726232019e-01
1.255000000000005222e+01 2.926566350540303341e-01
1.257000000000005180e+01 2.761067033275204086e-01
1.259000000000005137e+01 2.841951804780516455e-01
1.261000000000005095e+01 2.585049538799918389e-01
1.263000000000005052e+01 2.393579796047496100e-01
1.265000000000005009e+01 2.344733823649830795e-01
1.267000000000004967e+01 2.303472336410825605e-01
1.269000000000004924e+01 2.312313773925691596e-01
1.271000000000004881e+01 2.078405800086391975e-01
1.273000000000004839e+01 2.024295460687033643e-01
1.275000000000004796e+01 1.947355186472214672e-01
1.277000000000004754e+01 1.993116606860005358e-01
1.279000000000004711e+01 1.822870162185330489e-01
1.281000000000004668e+01 1.776717750293551612e-01
1.283000000000004626e+01 1.711592188342114795e-01
1.285000000000004583e+01 1.721119785522514378e-01
1.287000000000004540e+01 1.604246421561316138e-01
1.289000000000004498e+01 1.644770854959871631e-01
1.291000000000004455e+01 1.495871042012568708e-01
1.293000000000004412e+01 1.702254480864555664e-01
1.295000000000004370e+01 1.613444630679664871e-01
1.297000000000004327e+01 1.551690524869429322e-01
1.299000000000004285e+01 1.374553013686965475e-01
1.301000000000004242e+01 1.364974150928787155e-01
1.303000000000004199e+01 1.308214045233480616e-01
1.305000000000004157e+01 1.353934154727424732e-01
1.307000000000004114e+01 1.394785864882441273e-01
1.309000000000004071e+01 1.409865267970465130e-01
1.311000000000004029e+01 1.427809733892944355e-01
1.313000000000003986e+01 1.284287523300300382e-01
1.315000000000003944e+01 1.302374517321168435e-01
1.317000000000003901e+01 1.325381433862326264e-01
1.319000000000003858e+01 1.245500814582998772e-01
1.321000000000003816e+01 1.312636550861605023e-01
1.323000000000003773e+01 1.215070708291995094e-01
1.325000000000003730e+01 1.242571793620825121e-01
1.327000000000003688e+01 1.263174615544981338e-01
1.329000000000003645e+01 1.246786809514430355e-01
1.331000000000003602e+01 1.200972126262392636e-01
1.333000000000003560e+01 1.193835640557505268e-01
1.335000000000003517e+01 1.195482269324625452e-01
1.337000000000003475e+01 1.089570309391937192e-01
1.339000000000003432e+01 1.145229701491945196e-01
1.341000000000003389e+01 1.359686886831294739e-01
1.343000000000003347e+01 1.243569594221166641e-01
1.345000000000003304e+01 1.184801421376091984e-01
1.347000000000003261e+01 1.114190539637079924e-01
1.349000000000003219e+01 1.070192909394164643e-01
1.351000000000003176e+01 1.068799070315271937e-01
1.353000000000003133e+01 1.183771487867120858e-01
1.355000000000003091e+01 1.166748492569100459e-01
1.357000000000003048e+01 1.053704679111251291e-01
1.359000000000003006e+01 1.134889729069758907e-01
1.361000000000002963e+01 1.126376015137899173e-01
1.363000000000002920e+01 1.163573233414436497e-01
1.365000000000002878e+01 1.138810425946583244e-01
1.367000000000002835e+01 1.075659199305835367e-01
1.369000000000002792e+01 1.098610886587689933e-01
1.371000000000002750e+01 1.036157886054401567e-01
1.373000000000002707e+01 1.002505411845284050e-01
1.375000000000002665e+01 1.106747695993168662e-01
1.377000000000002622e+01 9.934560336997044772e-02
1.379000000000002579e+01 1.126137526420716989e-01
1.381000000000002537e+01 1.044560266331488324e-01
1.383000000000002494e+01 1.091109123301570449e-01
1.385000000000002451e+01 9.786907860159083095e-02
1.387000000000002409e+01 1.024889759131237532e-01
1.389000000000002366e+01 9.898643564766312908e-02
1.391000000000002323e+01 9.354629023012794864e-02
1.393000000000002281e+01 7.765873367616374368e-02
1.395000000000002238e+01 9.655979492994183622e-02
1.397000000000002196e+01 8.276849235053643228e-02
1.399000000000002153e+01 7.431732774463190028e-02
1.401000000000002110e+01 6.375783169421557484e-02
1.403000000000002068e+01 6.876856249581947411e-02
1.405000000000002025e+01 7.463592484742281874e-02
1.407000000000001982e+01 7.108840871231653091e-02
1.409000000000001940e+01 7.066935069979354833e-02
1.411000000000001897e+01 7.811421748434788093e-02
1.413000000000001855e+01 6.191202966062129415e-02
1.415000000000001812e+01 5.132105759080574786e-02
1.417000000000001769e+01 5.633035402832195504e-02
1.419000000000001727e+01 4.573915141458854972e-02
1.421000000000001684e+01 4.561777237739519236e-02
1.423000000000001641e+01 4.021236010976460967e-02
1.425000000000001599e+01 4.284928170651581408e-02
1.427000000000001556e+01 3.500558826688025815e-02
1.429000000000001513e+01 2.435656370756084793e-02
1.431000000000001471e+01 1.901350299768297253e-02
1.433000000000001428e+01 1.357595522322794894e-02
1.435000000000001386e+01 1.351624568716655421e-02
1.437000000000001343e+01 1.345687070433722841e-02
1.439000000000001300e+01 1.339782791079410437e-02
1.441000000000001258e+01 1.069972839530672001e-02
1.443000000000001215e+01 5.356928635514682062e-03
1.445000000000001172e+01 2.676897182836378546e-03
1.447000000000001130e+01 6.008874365366323008e-19
1.449000000000001087e+01 5.982467398763406017e-19
1.451000000000001044e+01 0.000000000000000000e+00
1.453000000000001002e+01 0.000000000000000000e+00
1.455000000000000959e+01 0.000000000000000000e+00
1.457000000000000917e+01 0.000000000000000000e+00
1.459000000000000874e+01 0.000000000000000000e+00
1.461000000000000831e+01 0.000000000000000000e+00
1.463000000000000789e+01 0.000000000000000000e+00
1.465000000000000746e+01 0.000000000000000000e+00
1.467000000000000703e+01 0.000000000000000000e+00
1.469000000000000661e+01 0.000000000000000000e+00
1.471000000000000618e+01 0.000000000000000000e+00
1.473000000000000576e+01 0.000000000000000000e+00
1.475000000000000533e+01 0.000000000000000000e+00
1.477000000000000490e+01 0.000000000000000000e+00
1.479000000000000448e+01 0.000000000000000000e+00
1.481000000000000405e+01 0.000000000000000000e+00
1.483000000000000362e+01 0.000000000000000000e+00
1.485000000000000320e+01 0.000000000000000000e+00
1.487000000000000277e+01 0.000000000000000000e+00
1.489000000000000234e+01 0.000000000000000000e+00
1.491000000000000192e+01 0.000000000000000000e+00
1.493000000000000149e+01 0.000000000000000000e+00
1.495000000000000107e+01 0.000000000000000000e+00
1.497000000000000064e+01 0.000000000000000000e+00
1.499000000000000021e+01 0.000000000000000000e+00
