# Redshift		Merger Rate Density [Gpc^-3yr^-1]
1.000000000031931770e-02 3.306996067023573573e+02
3.000000000031888964e-02 3.471132295553174458e+02
5.000000000031846331e-02 3.588692759535342134e+02
7.000000000031804392e-02 3.750954333304878219e+02
9.000000000031761760e-02 3.916453068681296941e+02
1.100000000003171913e-01 4.072986704459763700e+02
1.300000000003167511e-01 4.227497561957554808e+02
1.500000000003163247e-01 4.399512016573052051e+02
1.700000000003158984e-01 4.572238870248223179e+02
1.900000000003154721e-01 4.750826633781622945e+02
2.100000000003150458e-01 4.946729985373193585e+02
2.300000000003146194e-01 5.114198856949946617e+02
2.500000000003141931e-01 5.307731519057407468e+02
2.700000000003137668e-01 5.492128501414401853e+02
2.900000000003133405e-01 5.705711059525458495e+02
3.100000000003129141e-01 5.899963680688314298e+02
3.300000000003124878e-01 6.080557040352028935e+02
3.500000000003120615e-01 6.285322578393759159e+02
3.700000000003116352e-01 6.506270825431306548e+02
3.900000000003112088e-01 6.696430677902100115e+02
4.100000000003107825e-01 6.934424205709009357e+02
4.300000000003103562e-01 7.125837194269496422e+02
4.500000000003099299e-01 7.336521335283152894e+02
4.700000000003095035e-01 7.583343896972606899e+02
4.900000000003090772e-01 7.746562041996477319e+02
5.100000000003086509e-01 8.012852121826406346e+02
5.300000000003082246e-01 8.220728754182377997e+02
5.500000000003077982e-01 8.464154149089964676e+02
5.700000000003073719e-01 8.612425475821385135e+02
5.900000000003069456e-01 8.893073710873255777e+02
6.100000000003065193e-01 9.054869714997645360e+02
6.300000000003060929e-01 9.297547856995466873e+02
6.500000000003056666e-01 9.541900731015674637e+02
6.700000000003052403e-01 9.733665330337446449e+02
6.900000000003048140e-01 9.925037068954968618e+02
7.100000000003043876e-01 1.014958746045070029e+03
7.300000000003039613e-01 1.035409417760198266e+03
7.500000000003035350e-01 1.059797631347470087e+03
7.700000000003031086e-01 1.076647060315952103e+03
7.900000000003026823e-01 1.099299305421381860e+03
8.100000000003022560e-01 1.115576434089206941e+03
8.300000000003018297e-01 1.141282540843909601e+03
8.500000000003014033e-01 1.152352434891833582e+03
8.700000000003009770e-01 1.173469535759714745e+03
8.900000000003005507e-01 1.197000661755228748e+03
9.100000000003001244e-01 1.213254909929316227e+03
9.300000000002996980e-01 1.226445574743829866e+03
9.500000000002992717e-01 1.244684830634123273e+03
9.700000000002988454e-01 1.262420643678230363e+03
9.900000000002984191e-01 1.278204272640157797e+03
1.010000000000297993e+00 1.294118853653618999e+03
1.030000000000297566e+00 1.305026249315744053e+03
1.050000000000297140e+00 1.322735642112366804e+03
1.070000000000296714e+00 1.335116576631865883e+03
1.090000000000296287e+00 1.349576383003008459e+03
1.110000000000295861e+00 1.364655617646153360e+03
1.130000000000295435e+00 1.372737035668887756e+03
1.150000000000295008e+00 1.384349153363565165e+03
1.170000000000294582e+00 1.395842508426601171e+03
1.190000000000294156e+00 1.400110833130378069e+03
1.210000000000293729e+00 1.416831523516001653e+03
1.230000000000293303e+00 1.419330044497858808e+03
1.250000000000292877e+00 1.430337097384063327e+03
1.270000000000292451e+00 1.433152072545422470e+03
1.290000000000292024e+00 1.446361961097317590e+03
1.310000000000291598e+00 1.446228162013600240e+03
1.330000000000291172e+00 1.456120058052217018e+03
1.350000000000290745e+00 1.460212489718238430e+03
1.370000000000290319e+00 1.463294392488611720e+03
1.390000000000289893e+00 1.461932502914620045e+03
1.410000000000289466e+00 1.465861841611826321e+03
1.430000000000289040e+00 1.473491262022870387e+03
1.450000000000288614e+00 1.466844999503922054e+03
1.470000000000288187e+00 1.470979978456846311e+03
1.490000000000287761e+00 1.470671106061999581e+03
1.510000000000287335e+00 1.469704537533259099e+03
1.530000000000286908e+00 1.470027346543653948e+03
1.550000000000286482e+00 1.466989398151004025e+03
1.570000000000286056e+00 1.464452823563877701e+03
1.590000000000285629e+00 1.463793769284686050e+03
1.610000000000285203e+00 1.460712465089397710e+03
1.630000000000284777e+00 1.456281778782046786e+03
1.650000000000284350e+00 1.443991620289185903e+03
1.670000000000283924e+00 1.448344996618972118e+03
1.690000000000283498e+00 1.440008892524224621e+03
1.710000000000283071e+00 1.433961822899032086e+03
1.730000000000282645e+00 1.424443596441093405e+03
1.750000000000282219e+00 1.420265761105737738e+03
1.770000000000281792e+00 1.411487306525392114e+03
1.790000000000281366e+00 1.400703919572643372e+03
1.810000000000280940e+00 1.396963462796979456e+03
1.830000000000280513e+00 1.390613947509964191e+03
1.850000000000280087e+00 1.371461386616605751e+03
1.870000000000279661e+00 1.365375354328512458e+03
1.890000000000279234e+00 1.354883486779052646e+03
1.910000000000278808e+00 1.346028696153081228e+03
1.930000000000278382e+00 1.341132440498147844e+03
1.950000000000277955e+00 1.322914945466639665e+03
1.970000000000277529e+00 1.307884429005026959e+03
1.990000000000277103e+00 1.300643986445986457e+03
2.010000000000276899e+00 1.287937287416828667e+03
2.030000000000276472e+00 1.273370188339358720e+03
2.050000000000276046e+00 1.262869486056433971e+03
2.070000000000275620e+00 1.250119463324538856e+03
2.090000000000275193e+00 1.238838154064170112e+03
2.110000000000274767e+00 1.220843575336169806e+03
2.130000000000274341e+00 1.209654712036191313e+03
2.150000000000273914e+00 1.196872792894906979e+03
2.170000000000273488e+00 1.183513498623095529e+03
2.190000000000273062e+00 1.169603245024065018e+03
2.210000000000272635e+00 1.152326669988366575e+03
2.230000000000272209e+00 1.138952111578964832e+03
2.250000000000271783e+00 1.129139672878014380e+03
2.270000000000271356e+00 1.110335951003939499e+03
2.290000000000270930e+00 1.097819838109663579e+03
2.310000000000270504e+00 1.085647678020262902e+03
2.330000000000270077e+00 1.069969485260998681e+03
2.350000000000269651e+00 1.051652798424213870e+03
2.370000000000269225e+00 1.042927439996918565e+03
2.390000000000268798e+00 1.025974132683902099e+03
2.410000000000268372e+00 1.011726136686759219e+03
2.430000000000267946e+00 9.985138775441535017e+02
2.450000000000267519e+00 9.824041300400278942e+02
2.470000000000267093e+00 9.699350656312388992e+02
2.490000000000266667e+00 9.544938313504762846e+02
2.510000000000266240e+00 9.424847325803135618e+02
2.530000000000265814e+00 9.271525030293340706e+02
2.550000000000265388e+00 9.136166372052566658e+02
2.570000000000264961e+00 8.999427927294211713e+02
2.590000000000264535e+00 8.867012740422763954e+02
2.610000000000264109e+00 8.732475781667301362e+02
2.630000000000263682e+00 8.572572895582773072e+02
2.650000000000263256e+00 8.463065832208451411e+02
2.670000000000262830e+00 8.325450796425890303e+02
2.690000000000262403e+00 8.213222255646027179e+02
2.710000000000261977e+00 8.052192683404409763e+02
2.730000000000261551e+00 7.969686300035589284e+02
2.750000000000261124e+00 7.792755790501901174e+02
2.770000000000260698e+00 7.656499438088732177e+02
2.790000000000260272e+00 7.585403504975745363e+02
2.810000000000259845e+00 7.442628746425471036e+02
2.830000000000259419e+00 7.316636747197010209e+02
2.850000000000258993e+00 7.179021643518046858e+02
2.870000000000258567e+00 7.086269893707711844e+02
2.890000000000258140e+00 6.936447287370275490e+02
2.910000000000257714e+00 6.846374588465282613e+02
2.930000000000257288e+00 6.734697829067853263e+02
2.950000000000256861e+00 6.640212615364242765e+02
2.970000000000256435e+00 6.517366010759526489e+02
2.990000000000256009e+00 6.398921288914317529e+02
3.010000000000255582e+00 6.293526397442420830e+02
3.030000000000255156e+00 6.201166117189256966e+02
3.050000000000254730e+00 6.101677305020954236e+02
3.070000000000254303e+00 5.988865246738714632e+02
3.090000000000253877e+00 5.882408079007921060e+02
3.110000000000253451e+00 5.796047540515488663e+02
3.130000000000253024e+00 5.701338565537671457e+02
3.150000000000252598e+00 5.606118245708701124e+02
3.170000000000252172e+00 5.501728033548961321e+02
3.190000000000251745e+00 5.405101388110716698e+02
3.210000000000251319e+00 5.340829979122482882e+02
3.230000000000250893e+00 5.218001412751807493e+02
3.250000000000250466e+00 5.138724907374736404e+02
3.270000000000250040e+00 5.076406704043603781e+02
3.290000000000249614e+00 4.970462073093527238e+02
3.310000000000249187e+00 4.896152341842910118e+02
3.330000000000248761e+00 4.823517986023351796e+02
3.350000000000248335e+00 4.723335920170455324e+02
3.370000000000247908e+00 4.663912013310298903e+02
3.390000000000247482e+00 4.578119580772728909e+02
3.410000000000247056e+00 4.510205396586471807e+02
3.430000000000246629e+00 4.419025410914130134e+02
3.450000000000246203e+00 4.349943331966528604e+02
3.470000000000245777e+00 4.290179612930177200e+02
3.490000000000245350e+00 4.204091452989160871e+02
3.510000000000244924e+00 4.139211157967707209e+02
3.530000000000244498e+00 4.086503573540943535e+02
3.550000000000244071e+00 4.014243017951453680e+02
3.570000000000243645e+00 3.954335390411378057e+02
3.590000000000243219e+00 3.896111713415850204e+02
3.610000000000242792e+00 3.826744765419886107e+02
3.630000000000242366e+00 3.756184339828511725e+02
3.650000000000241940e+00 3.716774006082454775e+02
3.670000000000241513e+00 3.651428583835120776e+02
3.690000000000241087e+00 3.595347377774621691e+02
3.710000000000240661e+00 3.536159355614744300e+02
3.730000000000240234e+00 3.480974791029192943e+02
3.750000000000239808e+00 3.438238959747702097e+02
3.770000000000239382e+00 3.380516887721383910e+02
3.790000000000238956e+00 3.331823556175055501e+02
3.810000000000238529e+00 3.275522290678332524e+02
3.830000000000238103e+00 3.239036952833808414e+02
3.850000000000237677e+00 3.187034303550697700e+02
3.870000000000237250e+00 3.143839375970427454e+02
3.890000000000236824e+00 3.099457622084412378e+02
3.910000000000236398e+00 3.050547365049985729e+02
3.930000000000235971e+00 3.005068035036945844e+02
3.950000000000235545e+00 2.969483064931708896e+02
3.970000000000235119e+00 2.930311650153694245e+02
3.990000000000234692e+00 2.865086584276993449e+02
4.010000000000234266e+00 2.844248200097180188e+02
4.030000000000233840e+00 2.812072248833281378e+02
4.050000000000233413e+00 2.769478410062932312e+02
4.070000000000232987e+00 2.734612920394388880e+02
4.090000000000232561e+00 2.691707937808508859e+02
4.110000000000232134e+00 2.657845014431173354e+02
4.130000000000231708e+00 2.631542515013453567e+02
4.150000000000231282e+00 2.591793925555477927e+02
4.170000000000230855e+00 2.559333175670263643e+02
4.190000000000230429e+00 2.531523727965012256e+02
4.210000000000230003e+00 2.492084591767631991e+02
4.230000000000229576e+00 2.472261479578228602e+02
4.250000000000229150e+00 2.435484712661146034e+02
4.270000000000228724e+00 2.406942240354815112e+02
4.290000000000228297e+00 2.381526341923814698e+02
4.310000000000227871e+00 2.355073478590643106e+02
4.330000000000227445e+00 2.320740784457551626e+02
4.350000000000227018e+00 2.300531409627612334e+02
4.370000000000226592e+00 2.264295346970939136e+02
4.390000000000226166e+00 2.239069441905545830e+02
4.410000000000225739e+00 2.219212369866963854e+02
4.430000000000225313e+00 2.198541550536815805e+02
4.450000000000224887e+00 2.164435058006687314e+02
4.470000000000224460e+00 2.150008306427777995e+02
4.490000000000224034e+00 2.119092059798107357e+02
4.510000000000223608e+00 2.107892345606637718e+02
4.530000000000223181e+00 2.074822735331781018e+02
4.550000000000222755e+00 2.057996123090903779e+02
4.570000000000222329e+00 2.037267725852767910e+02
4.590000000000221902e+00 2.021687460536503806e+02
4.610000000000221476e+00 1.993176763448977908e+02
4.630000000000221050e+00 1.984169006631431103e+02
4.650000000000220624e+00 1.962200331069662127e+02
4.670000000000220197e+00 1.936696987603294247e+02
4.690000000000219771e+00 1.915087694737399886e+02
4.710000000000219345e+00 1.898273068469413545e+02
4.730000000000218918e+00 1.883942007696191183e+02
4.750000000000218492e+00 1.866200557496334511e+02
4.770000000000218066e+00 1.848210610556128017e+02
4.790000000000217639e+00 1.825443049750642786e+02
4.810000000000217213e+00 1.813863381367823422e+02
4.830000000000216787e+00 1.795942379962274629e+02
4.850000000000216360e+00 1.774158662670704416e+02
4.870000000000215934e+00 1.775562130827302383e+02
4.890000000000215508e+00 1.752014938343089341e+02
4.910000000000215081e+00 1.733222210263831187e+02
4.930000000000214655e+00 1.716012433287245358e+02
4.950000000000214229e+00 1.705215600874370523e+02
4.970000000000213802e+00 1.699383892555848377e+02
4.990000000000213376e+00 1.680397796237505759e+02
5.010000000000212950e+00 1.660509552122093169e+02
5.030000000000212523e+00 1.651158420389309072e+02
5.050000000000212097e+00 1.639268099917850066e+02
5.070000000000211671e+00 1.618506319680446666e+02
5.090000000000211244e+00 1.612533745375208412e+02
5.110000000000210818e+00 1.601369615448134311e+02
5.130000000000210392e+00 1.584205152679986384e+02
5.150000000000209965e+00 1.579077853895679766e+02
5.170000000000209539e+00 1.560484036373823074e+02
5.190000000000209113e+00 1.543346311286498178e+02
5.210000000000208686e+00 1.539037504341023350e+02
5.230000000000208260e+00 1.524201051251709771e+02
5.250000000000207834e+00 1.513520238750384976e+02
5.270000000000207407e+00 1.496667512217482283e+02
5.290000000000206981e+00 1.496510137152307323e+02
5.310000000000206555e+00 1.486409608087575407e+02
5.330000000000206128e+00 1.469205994723265292e+02
5.350000000000205702e+00 1.456782671343453615e+02
5.370000000000205276e+00 1.452066504501167401e+02
5.390000000000204849e+00 1.440977839835992143e+02
5.410000000000204423e+00 1.432918892774133042e+02
5.430000000000203997e+00 1.421563069539057267e+02
5.450000000000203570e+00 1.411335816881181131e+02
5.470000000000203144e+00 1.405560819157902017e+02
5.490000000000202718e+00 1.390544304389639194e+02
5.510000000000202292e+00 1.384309634952018655e+02
5.530000000000201865e+00 1.380241689174893907e+02
5.550000000000201439e+00 1.355100225590246339e+02
5.570000000000201013e+00 1.350292382343192230e+02
5.590000000000200586e+00 1.333566711204886417e+02
5.610000000000200160e+00 1.328448015018195179e+02
5.630000000000199734e+00 1.333681172467966292e+02
5.650000000000199307e+00 1.311636258950551337e+02
5.670000000000198881e+00 1.304187332425640875e+02
5.690000000000198455e+00 1.295416055581939645e+02
5.710000000000198028e+00 1.284300627445264240e+02
5.730000000000197602e+00 1.282685892667380756e+02
5.750000000000197176e+00 1.276197078228042869e+02
5.770000000000196749e+00 1.255770186665697707e+02
5.790000000000196323e+00 1.260887903424521852e+02
5.810000000000195897e+00 1.239534730754925391e+02
5.830000000000195470e+00 1.239671406425062798e+02
5.850000000000195044e+00 1.223983410931809885e+02
5.870000000000194618e+00 1.218901912732490871e+02
5.890000000000194191e+00 1.211443044821842818e+02
5.910000000000193765e+00 1.203053635512012960e+02
5.930000000000193339e+00 1.191338971895874295e+02
5.950000000000192912e+00 1.191145594407722257e+02
5.970000000000192486e+00 1.186747245065683245e+02
5.990000000000192060e+00 1.174824038638031141e+02
6.010000000000191633e+00 1.170816612785975508e+02
6.030000000000191207e+00 1.162714599616466415e+02
6.050000000000190781e+00 1.155386884439172093e+02
6.070000000000190354e+00 1.146971190604971440e+02
6.090000000000189928e+00 1.145739766404189481e+02
6.110000000000189502e+00 1.136953167453326472e+02
6.130000000000189075e+00 1.134514012166304440e+02
6.150000000000188649e+00 1.115525140077865274e+02
6.170000000000188223e+00 1.113949034144270627e+02
6.190000000000187796e+00 1.108150913359543068e+02
6.210000000000187370e+00 1.096253640363756290e+02
6.230000000000186944e+00 1.088387156574509902e+02
6.250000000000186517e+00 1.084987566512696020e+02
6.270000000000186091e+00 1.075063726916822873e+02
6.290000000000185665e+00 1.071552412117910080e+02
6.310000000000185238e+00 1.067084129577572327e+02
6.330000000000184812e+00 1.055577695984129747e+02
6.350000000000184386e+00 1.045470759359277650e+02
6.370000000000183960e+00 1.044386262899020323e+02
6.390000000000183533e+00 1.037667178229926748e+02
6.410000000000183107e+00 1.030040533182321099e+02
6.430000000000182681e+00 1.026967877717701327e+02
6.450000000000182254e+00 1.019596034997535554e+02
6.470000000000181828e+00 1.009183655559610742e+02
6.490000000000181402e+00 1.007886524833238582e+02
6.510000000000180975e+00 1.003262030449541840e+02
6.530000000000180549e+00 1.001044217848649964e+02
6.550000000000180123e+00 9.913339669906265783e+01
6.570000000000179696e+00 9.881743229657844552e+01
6.590000000000179270e+00 9.847196184523916429e+01
6.610000000000178844e+00 9.808012865984153450e+01
6.630000000000178417e+00 9.744693128583428177e+01
6.650000000000177991e+00 9.726724952483607467e+01
6.670000000000177565e+00 9.683146930062987678e+01
6.690000000000177138e+00 9.627892827939169251e+01
6.710000000000176712e+00 9.555349457850958572e+01
6.730000000000176286e+00 9.548604499757168185e+01
6.750000000000175859e+00 9.486545673142332191e+01
6.770000000000175433e+00 9.386721791258793246e+01
6.790000000000175007e+00 9.366301172014951248e+01
6.810000000000174580e+00 9.358256695797328462e+01
6.830000000000174154e+00 9.301204170615609712e+01
6.850000000000173728e+00 9.218693945980601256e+01
6.870000000000173301e+00 9.212277835300710649e+01
6.890000000000172875e+00 9.118733396225451315e+01
6.910000000000172449e+00 9.120068898015665582e+01
6.930000000000172022e+00 9.073675780577463001e+01
6.950000000000171596e+00 9.044248903635572390e+01
6.970000000000171170e+00 9.001042214682989595e+01
6.990000000000170743e+00 8.954381507604098545e+01
7.010000000000170317e+00 8.913068989731955583e+01
7.030000000000169891e+00 8.893428771245328335e+01
7.050000000000169464e+00 8.890085926752259127e+01
7.070000000000169038e+00 8.851538618914440804e+01
7.090000000000168612e+00 8.850618859755856249e+01
7.110000000000168185e+00 8.802017447112956461e+01
7.130000000000167759e+00 8.781386913337667011e+01
7.150000000000167333e+00 8.735238666133437846e+01
7.170000000000166906e+00 8.730296716855718842e+01
7.190000000000166480e+00 8.696924813607326143e+01
7.210000000000166054e+00 8.698220796871608229e+01
7.230000000000165628e+00 8.696150161976679271e+01
7.250000000000165201e+00 8.625385867707110776e+01
7.270000000000164775e+00 8.586286384194380616e+01
7.290000000000164349e+00 8.597675400975120397e+01
7.310000000000163922e+00 8.528534607686907520e+01
7.330000000000163496e+00 8.553770597747271154e+01
7.350000000000163070e+00 8.536786234947491891e+01
7.370000000000162643e+00 8.466441891119285401e+01
7.390000000000162217e+00 8.425537735013939766e+01
7.410000000000161791e+00 8.420570548215081885e+01
7.430000000000161364e+00 8.422316324421011302e+01
7.450000000000160938e+00 8.424779720569283370e+01
7.470000000000160512e+00 8.364504134603086527e+01
7.490000000000160085e+00 8.356710946399451245e+01
7.510000000000159659e+00 8.328961207565713210e+01
7.530000000000159233e+00 8.349909127327161684e+01
7.550000000000158806e+00 8.286721196612599272e+01
7.570000000000158380e+00 8.297800522609105656e+01
7.590000000000157954e+00 8.296419489005191394e+01
7.610000000000157527e+00 8.294138111042691719e+01
7.630000000000157101e+00 8.310868410642710558e+01
7.650000000000156675e+00 8.271013994210440501e+01
7.670000000000156248e+00 8.277308003169643769e+01
7.690000000000155822e+00 8.227919498436405377e+01
7.710000000000155396e+00 8.272421753961511115e+01
7.730000000000154969e+00 8.234264079882655096e+01
7.750000000000154543e+00 8.230570439170338659e+01
7.770000000000154117e+00 8.183003937140030359e+01
7.790000000000153690e+00 8.184216326885608339e+01
7.810000000000153264e+00 8.160888076542207159e+01
7.830000000000152838e+00 8.137122160717666475e+01
7.850000000000152411e+00 8.141144377922370268e+01
7.870000000000151985e+00 8.110970805394282479e+01
7.890000000000151559e+00 8.095297441735799282e+01
7.910000000000151132e+00 8.101245497361051662e+01
7.930000000000150706e+00 8.077081130147819010e+01
7.950000000000150280e+00 8.081899817055281687e+01
7.970000000000149853e+00 8.060476962457610739e+01
7.990000000000149427e+00 8.044232690236094641e+01
8.010000000000149001e+00 8.060378073631297013e+01
8.030000000000148574e+00 8.029791323039360407e+01
8.050000000000148148e+00 8.028603727852330962e+01
8.070000000000147722e+00 8.037316062533487582e+01
8.090000000000147296e+00 8.009305465763820564e+01
8.110000000000146869e+00 7.983652752649784645e+01
8.130000000000146443e+00 7.971157137880568655e+01
8.150000000000146017e+00 7.974827343405230806e+01
8.170000000000145590e+00 7.965642539816880685e+01
8.190000000000145164e+00 7.949723867614972050e+01
8.210000000000144738e+00 7.909639082697519541e+01
8.230000000000144311e+00 7.901928751728988232e+01
8.250000000000143885e+00 7.907936664684686434e+01
8.270000000000143459e+00 7.881252479880072315e+01
8.290000000000143032e+00 7.849762700350595424e+01
8.310000000000142606e+00 7.809616423040752409e+01
8.330000000000142180e+00 7.823006426867667074e+01
8.350000000000141753e+00 7.783817592241642558e+01
8.370000000000141327e+00 7.778745568523923737e+01
8.390000000000140901e+00 7.753753333469158804e+01
8.410000000000140474e+00 7.773794302088599295e+01
8.430000000000140048e+00 7.732247342954958924e+01
8.450000000000139622e+00 7.683661016765006480e+01
8.470000000000139195e+00 7.713205234171189772e+01
8.490000000000138769e+00 7.659010410642294175e+01
8.510000000000138343e+00 7.633565640568875210e+01
8.530000000000137916e+00 7.617648819472070443e+01
8.550000000000137490e+00 7.632402164145186418e+01
8.570000000000137064e+00 7.574363996894490469e+01
8.590000000000136637e+00 7.556513061553391708e+01
8.610000000000136211e+00 7.500411279710080237e+01
8.630000000000135785e+00 7.484675730904892532e+01
8.650000000000135358e+00 7.465386515372523490e+01
8.670000000000134932e+00 7.422850851406755623e+01
8.690000000000134506e+00 7.390591916638724967e+01
8.710000000000134079e+00 7.366461413182128126e+01
8.730000000000133653e+00 7.340226789293043907e+01
8.750000000000133227e+00 7.299479541990615417e+01
8.770000000000132800e+00 7.291126374531863519e+01
8.790000000000132374e+00 7.246071130775546010e+01
8.810000000000131948e+00 7.224356215555938832e+01
8.830000000000131521e+00 7.163493786398763064e+01
8.850000000000131095e+00 7.159550437057414740e+01
8.870000000000130669e+00 7.107800212303574483e+01
8.890000000000130242e+00 7.059415385640402008e+01
8.910000000000129816e+00 7.022941870898229411e+01
8.930000000000129390e+00 6.990271838726239650e+01
8.950000000000128964e+00 6.958867573797235195e+01
8.970000000000128537e+00 6.902879180472751841e+01
8.990000000000128111e+00 6.875008892908030589e+01
9.010000000000127685e+00 6.821377295537793373e+01
9.030000000000127258e+00 6.781440496246685257e+01
9.050000000000126832e+00 6.734874774068191527e+01
9.070000000000126406e+00 6.677155712556438516e+01
9.090000000000125979e+00 6.646650806613838824e+01
9.110000000000125553e+00 6.596954046335322630e+01
9.130000000000125127e+00 6.555457482336193209e+01
9.150000000000124700e+00 6.507489460175189322e+01
9.170000000000124274e+00 6.458634654180922041e+01
9.190000000000123848e+00 6.418432028279586632e+01
9.210000000000123421e+00 6.356528465120531024e+01
9.230000000000122995e+00 6.311701992536990247e+01
9.250000000000122569e+00 6.258663394714691464e+01
9.270000000000122142e+00 6.198795599434163250e+01
9.290000000000121716e+00 6.132975442678824862e+01
9.310000000000121290e+00 6.095634745360268170e+01
9.330000000000120863e+00 6.029196401736201238e+01
9.350000000000120437e+00 6.001668736227163947e+01
9.370000000000120011e+00 5.918954760020827166e+01
9.390000000000119584e+00 5.897519093813370716e+01
9.410000000000119158e+00 5.818170237537665201e+01
9.430000000000118732e+00 5.762266358225332397e+01
9.450000000000118305e+00 5.699182192927902690e+01
9.470000000000117879e+00 5.670335422909796108e+01
9.490000000000117453e+00 5.589292000738425514e+01
9.510000000000117026e+00 5.526159544029790993e+01
9.530000000000116600e+00 5.473208866056344846e+01
9.550000000000116174e+00 5.414922463604443692e+01
9.570000000000115747e+00 5.361407661004145808e+01
9.590000000000115321e+00 5.278906869176977068e+01
9.610000000000114895e+00 5.231107302060425468e+01
9.630000000000114468e+00 5.173164044705622189e+01
9.650000000000114042e+00 5.116162763496384258e+01
9.670000000000113616e+00 5.054679790101467063e+01
9.690000000000113189e+00 4.990641265106265934e+01
9.710000000000112763e+00 4.922266928744756598e+01
9.730000000000112337e+00 4.872482880260713500e+01
9.750000000000111910e+00 4.819929651454553721e+01
9.770000000000111484e+00 4.737208323697966250e+01
9.790000000000111058e+00 4.692727555329454958e+01
9.810000000000110632e+00 4.621236596458771118e+01
9.830000000000110205e+00 4.556264887354466708e+01
9.850000000000109779e+00 4.503763845866809845e+01
9.870000000000109353e+00 4.429738277061896667e+01
9.890000000000108926e+00 4.383759676935054017e+01
9.910000000000108500e+00 4.311408209246682333e+01
9.930000000000108074e+00 4.268927247319897589e+01
9.950000000000107647e+00 4.187908831803594722e+01
9.970000000000107221e+00 4.144155463844592902e+01
9.990000000000106795e+00 4.068017456381478070e+01
1.001000000000010637e+01 4.023019107006366823e+01
1.003000000000010594e+01 3.957297393623657200e+01
1.005000000000010552e+01 3.901681307206280280e+01
1.007000000000010509e+01 3.817323541712676871e+01
1.009000000000010466e+01 3.768531527224877209e+01
1.011000000000010424e+01 3.721470000809421208e+01
1.013000000000010381e+01 3.672958895726973338e+01
1.015000000000010338e+01 3.615358018815377505e+01
1.017000000000010296e+01 3.560600799060198796e+01
1.019000000000010253e+01 3.488322949784954119e+01
1.021000000000010210e+01 3.433057197036217190e+01
1.023000000000010168e+01 3.370989991357257765e+01
1.025000000000010125e+01 3.335607659304634609e+01
1.027000000000010083e+01 3.281356743020383959e+01
1.029000000000010040e+01 3.208727172082736701e+01
1.031000000000009997e+01 3.157466505526474876e+01
1.033000000000009955e+01 3.103808781070664224e+01
1.035000000000009912e+01 3.076533498672709399e+01
1.037000000000009869e+01 3.019693000639173519e+01
1.039000000000009827e+01 2.969304206495525023e+01
1.041000000000009784e+01 2.902415695303101728e+01
1.043000000000009742e+01 2.875758269293343616e+01
1.045000000000009699e+01 2.822212354673824564e+01
1.047000000000009656e+01 2.757121984166375839e+01
1.049000000000009614e+01 2.720258632513569808e+01
1.051000000000009571e+01 2.666083604344969515e+01
1.053000000000009528e+01 2.627684597494767971e+01
1.055000000000009486e+01 2.596283841708107332e+01
1.057000000000009443e+01 2.539209329061630172e+01
1.059000000000009400e+01 2.503036074310615078e+01
1.061000000000009358e+01 2.456790256125313476e+01
1.063000000000009315e+01 2.405159656252892120e+01
1.065000000000009273e+01 2.383170592604134441e+01
1.067000000000009230e+01 2.343288062833102359e+01
1.069000000000009187e+01 2.286030647171925523e+01
1.071000000000009145e+01 2.261588252024117907e+01
1.073000000000009102e+01 2.207227680849513618e+01
1.075000000000009059e+01 2.194346286680546498e+01
1.077000000000009017e+01 2.147982296685422909e+01
1.079000000000008974e+01 2.117109353359914437e+01
1.081000000000008932e+01 2.078182421652119061e+01
1.083000000000008889e+01 2.048070652089944232e+01
1.085000000000008846e+01 2.015963321963825550e+01
1.087000000000008804e+01 1.986984387896887583e+01
1.089000000000008761e+01 1.949595979928932010e+01
1.091000000000008718e+01 1.918043845302358363e+01
1.093000000000008676e+01 1.894865006125091966e+01
1.095000000000008633e+01 1.868866078849585932e+01
1.097000000000008590e+01 1.829177319604008645e+01
1.099000000000008548e+01 1.806375225683916952e+01
1.101000000000008505e+01 1.794683826990041453e+01
1.103000000000008463e+01 1.763720513935097856e+01
1.105000000000008420e+01 1.740117668747732083e+01
1.107000000000008377e+01 1.699698180523654756e+01
1.109000000000008335e+01 1.693380960898494436e+01
1.111000000000008292e+01 1.667979745562253768e+01
1.113000000000008249e+01 1.643301850926974694e+01
1.115000000000008207e+01 1.625584041253363310e+01
1.117000000000008164e+01 1.607717339071338358e+01
1.119000000000008122e+01 1.584107947731000898e+01
1.121000000000008079e+01 1.568759818999104105e+01
1.123000000000008036e+01 1.549510824977768664e+01
1.125000000000007994e+01 1.532062802455874717e+01
1.127000000000007951e+01 1.516058429824664877e+01
1.129000000000007908e+01 1.502338875333588319e+01
1.131000000000007866e+01 1.487472562851488789e+01
1.133000000000007823e+01 1.467910061330984917e+01
1.135000000000007780e+01 1.469253449071473128e+01
1.137000000000007738e+01 1.449807741831446606e+01
1.139000000000007695e+01 1.436838538401654475e+01
1.141000000000007653e+01 1.417204109326297967e+01
1.143000000000007610e+01 1.409389042672042969e+01
1.145000000000007567e+01 1.400246550775472976e+01
1.147000000000007525e+01 1.381254137989713726e+01
1.149000000000007482e+01 1.387660059251486722e+01
1.151000000000007439e+01 1.375009805460914158e+01
1.153000000000007397e+01 1.366734296746446020e+01
1.155000000000007354e+01 1.357670632085052453e+01
1.157000000000007311e+01 1.348767389918659099e+01
1.159000000000007269e+01 1.342717215928223595e+01
1.161000000000007226e+01 1.332247353100316012e+01
1.163000000000007184e+01 1.324194442431671526e+01
1.165000000000007141e+01 1.323086811607168656e+01
1.167000000000007098e+01 1.326065158252414200e+01
1.169000000000007056e+01 1.312055794070816361e+01
1.171000000000007013e+01 1.310842295618193454e+01
1.173000000000006970e+01 1.303044157999269537e+01
1.175000000000006928e+01 1.299878727446278148e+01
1.177000000000006885e+01 1.293899318940732357e+01
1.179000000000006843e+01 1.302161897547185809e+01
1.181000000000006800e+01 1.297135091110613381e+01
1.183000000000006757e+01 1.286625416054640247e+01
1.185000000000006715e+01 1.289572857951889873e+01
1.187000000000006672e+01 1.280894472662226136e+01
1.189000000000006629e+01 1.282229054918729894e+01
1.191000000000006587e+01 1.285965936177078817e+01
1.193000000000006544e+01 1.278604655329907835e+01
1.195000000000006501e+01 1.282988427015028066e+01
1.197000000000006459e+01 1.284411205324530769e+01
1.199000000000006416e+01 1.269557146917776791e+01
1.201000000000006374e+01 1.275700470389561580e+01
1.203000000000006331e+01 1.284719782209368688e+01
1.205000000000006288e+01 1.279684221024755075e+01
1.207000000000006246e+01 1.275334580914601545e+01
1.209000000000006203e+01 1.283739713806102678e+01
1.211000000000006160e+01 1.256988300405388514e+01
1.213000000000006118e+01 1.286147948238570748e+01
1.215000000000006075e+01 1.276975252863080712e+01
1.217000000000006033e+01 1.278801457980408607e+01
1.219000000000005990e+01 1.275110317065927923e+01
1.221000000000005947e+01 1.271519884100098707e+01
1.223000000000005905e+01 1.279884695794813076e+01
1.225000000000005862e+01 1.278724324163638570e+01
1.227000000000005819e+01 1.278592566840099032e+01
1.229000000000005777e+01 1.276250290259436504e+01
1.231000000000005734e+01 1.273424392406507799e+01
1.233000000000005691e+01 1.281014258642809445e+01
1.235000000000005649e+01 1.280490911144160471e+01
1.237000000000005606e+01 1.278239326424781197e+01
1.239000000000005564e+01 1.284151675322024921e+01
1.241000000000005521e+01 1.274471885865882292e+01
1.243000000000005478e+01 1.269944032227387254e+01
1.245000000000005436e+01 1.272593578960932703e+01
1.247000000000005393e+01 1.276486135028690150e+01
1.249000000000005350e+01 1.282452426025630743e+01
1.251000000000005308e+01 1.283130844384752045e+01
1.253000000000005265e+01 1.272720282309692763e+01
1.255000000000005222e+01 1.267813215333361931e+01
1.257000000000005180e+01 1.270488316162914266e+01
1.259000000000005137e+01 1.276161581857341609e+01
1.261000000000005095e+01 1.277603281955411063e+01
1.263000000000005052e+01 1.267855351544736919e+01
1.265000000000005009e+01 1.266211184994254602e+01
1.267000000000004967e+01 1.269268340224540559e+01
1.269000000000004924e+01 1.258732295102146637e+01
1.271000000000004881e+01 1.270904614861509252e+01
1.273000000000004839e+01 1.266826281296849643e+01
1.275000000000004796e+01 1.255499093478502637e+01
1.277000000000004754e+01 1.255939253631007269e+01
1.279000000000004711e+01 1.262174782746506452e+01
1.281000000000004668e+01 1.251107735838556145e+01
1.283000000000004626e+01 1.256324946585962721e+01
1.285000000000004583e+01 1.247541200266164019e+01
1.287000000000004540e+01 1.254182771460586032e+01
1.289000000000004498e+01 1.234771438364845331e+01
1.291000000000004455e+01 1.235853813272023949e+01
1.293000000000004412e+01 1.237586926220560990e+01
1.295000000000004370e+01 1.249510090731584278e+01
1.297000000000004327e+01 1.224844297800972548e+01
1.299000000000004285e+01 1.229004888861007672e+01
1.301000000000004242e+01 1.230651235987827796e+01
1.303000000000004199e+01 1.219182714819426394e+01
1.305000000000004157e+01 1.221193440948830577e+01
1.307000000000004114e+01 1.205878189846811033e+01
1.309000000000004071e+01 1.211627935158923819e+01
1.311000000000004029e+01 1.206025868244989852e+01
1.313000000000003986e+01 1.205215788769124075e+01
1.315000000000003944e+01 1.193931621109294028e+01
1.317000000000003901e+01 1.194750264126886741e+01
1.319000000000003858e+01 1.200472930175237884e+01
1.321000000000003816e+01 1.190136724704714055e+01
1.323000000000003773e+01 1.174287319855430489e+01
1.325000000000003730e+01 1.180072621976084335e+01
1.327000000000003688e+01 1.170169861520079913e+01
1.329000000000003645e+01 1.165603701030597783e+01
1.331000000000003602e+01 1.164778258657923615e+01
1.333000000000003560e+01 1.158228741097288683e+01
1.335000000000003517e+01 1.149741379091993743e+01
1.337000000000003475e+01 1.151804154481872011e+01
1.339000000000003432e+01 1.149331247851021409e+01
1.341000000000003389e+01 1.134907438968645010e+01
1.343000000000003347e+01 1.131115688357187743e+01
1.345000000000003304e+01 1.128912085257010389e+01
1.347000000000003261e+01 1.121974068440500538e+01
1.349000000000003219e+01 1.121480914330328993e+01
1.351000000000003176e+01 1.110604488013871816e+01
1.353000000000003133e+01 1.117127824124721869e+01
1.355000000000003091e+01 1.097028998464084992e+01
1.357000000000003048e+01 1.088218277515293231e+01
1.359000000000003006e+01 1.072068068289044440e+01
1.361000000000002963e+01 1.061284669716644835e+01
1.363000000000002920e+01 1.033913413417915628e+01
1.365000000000002878e+01 1.014976160947709616e+01
1.367000000000002835e+01 9.948829877465128035e+00
1.369000000000002792e+01 9.766691472079127578e+00
1.371000000000002750e+01 9.400464442639158591e+00
1.373000000000002707e+01 9.131278210970105391e+00
1.375000000000002665e+01 8.868163724562156958e+00
1.377000000000002622e+01 8.596569315741962924e+00
1.379000000000002579e+01 8.322657365327941648e+00
1.381000000000002537e+01 7.998624789576322058e+00
1.383000000000002494e+01 7.725835831791262542e+00
1.385000000000002451e+01 7.514642357085907776e+00
1.387000000000002409e+01 7.269274192800532219e+00
1.389000000000002366e+01 7.143922383020120392e+00
1.391000000000002323e+01 6.975128537845484367e+00
1.393000000000002281e+01 6.815354972182785964e+00
1.395000000000002238e+01 6.529680250517395201e+00
1.397000000000002196e+01 6.404924936964915716e+00
1.399000000000002153e+01 6.276213634382886042e+00
1.401000000000002110e+01 5.999110793498000582e+00
1.403000000000002068e+01 5.658844908764984361e+00
1.405000000000002025e+01 5.231178803119929555e+00
1.407000000000001982e+01 4.862122822050457316e+00
1.409000000000001940e+01 4.352496831684017131e+00
1.411000000000001897e+01 3.845103827873555424e+00
1.413000000000001855e+01 3.421895886326679737e+00
1.415000000000001812e+01 3.039165889891854988e+00
1.417000000000001769e+01 2.695316983026672109e+00
1.419000000000001727e+01 2.414646188490902290e+00
1.421000000000001684e+01 2.158360351983344305e+00
1.423000000000001641e+01 1.934083660347651001e+00
1.425000000000001599e+01 1.791802694312091493e+00
1.427000000000001556e+01 1.467988947546770673e+00
1.429000000000001513e+01 1.200366503007882946e+00
1.431000000000001471e+01 1.028563045382371532e+00
1.433000000000001428e+01 8.801885469415682284e-01
1.435000000000001386e+01 7.531899140134644677e-01
1.437000000000001343e+01 6.137030586741036853e-01
1.439000000000001300e+01 4.953846241325794431e-01
1.441000000000001258e+01 3.608803701895647587e-01
1.443000000000001215e+01 2.691602620971607629e-01
1.445000000000001172e+01 2.069261484501716541e-01
1.447000000000001130e+01 1.049640114469914537e-01
1.449000000000001087e+01 3.792334561483218236e-02
1.451000000000001044e+01 1.622257708355518899e-02
1.453000000000001002e+01 2.711727506514219604e-03
1.455000000000000959e+01 9.227669909097136600e-17
1.457000000000000917e+01 4.452760862812630130e-17
1.459000000000000874e+01 1.562164010081183753e-17
1.461000000000000831e+01 1.280802551683124626e-17
1.463000000000000789e+01 0.000000000000000000e+00
1.465000000000000746e+01 0.000000000000000000e+00
1.467000000000000703e+01 0.000000000000000000e+00
1.469000000000000661e+01 0.000000000000000000e+00
1.471000000000000618e+01 0.000000000000000000e+00
1.473000000000000576e+01 0.000000000000000000e+00
1.475000000000000533e+01 0.000000000000000000e+00
1.477000000000000490e+01 0.000000000000000000e+00
1.479000000000000448e+01 0.000000000000000000e+00
1.481000000000000405e+01 0.000000000000000000e+00
1.483000000000000362e+01 0.000000000000000000e+00
1.485000000000000320e+01 0.000000000000000000e+00
1.487000000000000277e+01 0.000000000000000000e+00
1.489000000000000234e+01 0.000000000000000000e+00
1.491000000000000192e+01 0.000000000000000000e+00
1.493000000000000149e+01 0.000000000000000000e+00
1.495000000000000107e+01 0.000000000000000000e+00
1.497000000000000064e+01 0.000000000000000000e+00
1.499000000000000021e+01 0.000000000000000000e+00
