# Redshift		Merger Rate Density [Gpc^-3yr^-1]
1.000000000031931770e-02 1.372743939222251015e+02
3.000000000031888964e-02 1.445460410943860552e+02
5.000000000031846331e-02 1.501683598337268108e+02
7.000000000031804392e-02 1.571379538354820795e+02
9.000000000031761760e-02 1.637856157019685668e+02
1.100000000003171913e-01 1.709865339423452610e+02
1.300000000003167511e-01 1.782789738925167455e+02
1.500000000003163247e-01 1.859043942653947568e+02
1.700000000003158984e-01 1.924519557134674699e+02
1.900000000003154721e-01 2.013312137568789524e+02
2.100000000003150458e-01 2.079116109213566403e+02
2.300000000003146194e-01 2.151872755314497567e+02
2.500000000003141931e-01 2.245184704924989489e+02
2.700000000003137668e-01 2.319543462040248301e+02
2.900000000003133405e-01 2.396615140268133644e+02
3.100000000003129141e-01 2.489424685355343740e+02
3.300000000003124878e-01 2.563393586977937844e+02
3.500000000003120615e-01 2.654585401295611291e+02
3.700000000003116352e-01 2.743373922459490473e+02
3.900000000003112088e-01 2.823174531277082906e+02
4.100000000003107825e-01 2.917892633226992984e+02
4.300000000003103562e-01 3.004098753857500128e+02
4.500000000003099299e-01 3.089082679454346589e+02
4.700000000003095035e-01 3.196611841000796517e+02
4.900000000003090772e-01 3.264847088015488339e+02
5.100000000003086509e-01 3.372740972059091291e+02
5.300000000003082246e-01 3.459000315888662271e+02
5.500000000003077982e-01 3.565029951025126138e+02
5.700000000003073719e-01 3.640389134151164967e+02
5.900000000003069456e-01 3.742906958114862164e+02
6.100000000003065193e-01 3.850079137523060240e+02
6.300000000003060929e-01 3.926695480569297274e+02
6.500000000003056666e-01 4.034491739087584392e+02
6.700000000003052403e-01 4.119209153863167785e+02
6.900000000003048140e-01 4.208635233589424729e+02
7.100000000003043876e-01 4.318806035897153492e+02
7.300000000003039613e-01 4.419390651620258268e+02
7.500000000003035350e-01 4.484636175225060697e+02
7.700000000003031086e-01 4.606961647250275291e+02
7.900000000003026823e-01 4.679088895787639899e+02
8.100000000003022560e-01 4.784470302745199888e+02
8.300000000003018297e-01 4.860005991238563752e+02
8.500000000003014033e-01 4.979810596322616334e+02
8.700000000003009770e-01 5.012677485671779891e+02
8.900000000003005507e-01 5.172066836467083704e+02
9.100000000003001244e-01 5.188650156953455053e+02
9.300000000002996980e-01 5.315166091022422279e+02
9.500000000002992717e-01 5.386059564589063484e+02
9.700000000002988454e-01 5.454740069630904600e+02
9.900000000002984191e-01 5.556385438317032595e+02
1.010000000000297993e+00 5.604469459611379989e+02
1.030000000000297566e+00 5.684402307081683148e+02
1.050000000000297140e+00 5.776250195704209318e+02
1.070000000000296714e+00 5.855479113428241362e+02
1.090000000000296287e+00 5.894150151292668625e+02
1.110000000000295861e+00 5.968847942418459525e+02
1.130000000000295435e+00 6.006873572689218008e+02
1.150000000000295008e+00 6.079559051112183852e+02
1.170000000000294582e+00 6.144531606769177188e+02
1.190000000000294156e+00 6.196981204464992743e+02
1.210000000000293729e+00 6.261388168198506037e+02
1.230000000000293303e+00 6.288040167725432639e+02
1.250000000000292877e+00 6.342475310138300983e+02
1.270000000000292451e+00 6.414013339757941594e+02
1.290000000000292024e+00 6.392032183384426389e+02
1.310000000000291598e+00 6.474661045920474862e+02
1.330000000000291172e+00 6.511601363680991881e+02
1.350000000000290745e+00 6.511809356498931720e+02
1.370000000000290319e+00 6.566860488657691803e+02
1.390000000000289893e+00 6.594327624827268437e+02
1.410000000000289466e+00 6.561123994468691762e+02
1.430000000000289040e+00 6.646014176052426592e+02
1.450000000000288614e+00 6.655440060496041497e+02
1.470000000000288187e+00 6.673857654658341971e+02
1.490000000000287761e+00 6.672651213717375640e+02
1.510000000000287335e+00 6.641239425874750850e+02
1.530000000000286908e+00 6.678688817721040323e+02
1.550000000000286482e+00 6.696973429580829134e+02
1.570000000000286056e+00 6.667430836018825175e+02
1.590000000000285629e+00 6.683383410352973897e+02
1.610000000000285203e+00 6.685697047949431635e+02
1.630000000000284777e+00 6.639207387543705181e+02
1.650000000000284350e+00 6.663073887849943731e+02
1.670000000000283924e+00 6.595843809135210449e+02
1.690000000000283498e+00 6.625287916032293651e+02
1.710000000000283071e+00 6.633964798901822633e+02
1.730000000000282645e+00 6.599420380496716234e+02
1.750000000000282219e+00 6.550801831930967865e+02
1.770000000000281792e+00 6.492950959291309800e+02
1.790000000000281366e+00 6.484112250615249877e+02
1.810000000000280940e+00 6.427958189733521976e+02
1.830000000000280513e+00 6.444724422812547573e+02
1.850000000000280087e+00 6.400735113434261621e+02
1.870000000000279661e+00 6.347970304355887947e+02
1.890000000000279234e+00 6.291306227096507655e+02
1.910000000000278808e+00 6.304050726940976119e+02
1.930000000000278382e+00 6.205378547640183342e+02
1.950000000000277955e+00 6.187591302061658780e+02
1.970000000000277529e+00 6.143976445918688114e+02
1.990000000000277103e+00 6.089429499653480207e+02
2.010000000000276899e+00 6.034816419279740103e+02
2.030000000000276472e+00 5.977710839234972582e+02
2.050000000000276046e+00 5.961570117645720757e+02
2.070000000000275620e+00 5.837648536766565712e+02
2.090000000000275193e+00 5.823564108088803550e+02
2.110000000000274767e+00 5.742190392213472023e+02
2.130000000000274341e+00 5.693588875178452327e+02
2.150000000000273914e+00 5.641114538274075585e+02
2.170000000000273488e+00 5.570527025070725813e+02
2.190000000000273062e+00 5.500424951118277477e+02
2.210000000000272635e+00 5.437528896001271050e+02
2.230000000000272209e+00 5.387557498030789702e+02
2.250000000000271783e+00 5.326661679371503624e+02
2.270000000000271356e+00 5.235071273682261790e+02
2.290000000000270930e+00 5.193553585423704817e+02
2.310000000000270504e+00 5.107883848678322352e+02
2.330000000000270077e+00 5.043335381175303382e+02
2.350000000000269651e+00 5.010121925390505453e+02
2.370000000000269225e+00 4.918543865847062193e+02
2.390000000000268798e+00 4.867392672323598504e+02
2.410000000000268372e+00 4.794368729544922303e+02
2.430000000000267946e+00 4.713709623063419940e+02
2.450000000000267519e+00 4.668550738797470672e+02
2.470000000000267093e+00 4.570862626876869399e+02
2.490000000000266667e+00 4.526108938070478303e+02
2.510000000000266240e+00 4.471161084299163235e+02
2.530000000000265814e+00 4.385165219565473649e+02
2.550000000000265388e+00 4.352425750385983179e+02
2.570000000000264961e+00 4.257171988805429237e+02
2.590000000000264535e+00 4.206607182434294714e+02
2.610000000000264109e+00 4.151388109555589949e+02
2.630000000000263682e+00 4.071217406104679526e+02
2.650000000000263256e+00 4.003757956742750821e+02
2.670000000000262830e+00 3.944780486338650007e+02
2.690000000000262403e+00 3.905651771208723630e+02
2.710000000000261977e+00 3.825840060742121409e+02
2.730000000000261551e+00 3.757799154166351059e+02
2.750000000000261124e+00 3.717477316572908421e+02
2.770000000000260698e+00 3.645590352489199972e+02
2.790000000000260272e+00 3.596783194838358781e+02
2.810000000000259845e+00 3.533204028610498995e+02
2.830000000000259419e+00 3.490193508484872496e+02
2.850000000000258993e+00 3.430201293228418535e+02
2.870000000000258567e+00 3.376872253645015007e+02
2.890000000000258140e+00 3.305905330843500565e+02
2.910000000000257714e+00 3.252853827371595230e+02
2.930000000000257288e+00 3.200681920820137520e+02
2.950000000000256861e+00 3.142460630391063887e+02
2.970000000000256435e+00 3.086229110153676061e+02
2.990000000000256009e+00 3.039012859402059803e+02
3.010000000000255582e+00 2.999473679806912969e+02
3.030000000000255156e+00 2.951947002611218522e+02
3.050000000000254730e+00 2.902563295033757527e+02
3.070000000000254303e+00 2.849081251015174985e+02
3.090000000000253877e+00 2.806983033828804537e+02
3.110000000000253451e+00 2.749142329448734472e+02
3.130000000000253024e+00 2.709687102890084702e+02
3.150000000000252598e+00 2.667971203531391211e+02
3.170000000000252172e+00 2.623896002632944828e+02
3.190000000000251745e+00 2.586893205456906344e+02
3.210000000000251319e+00 2.521495559596238252e+02
3.230000000000250893e+00 2.485859144854627800e+02
3.250000000000250466e+00 2.457456151644096281e+02
3.270000000000250040e+00 2.404899255459918095e+02
3.290000000000249614e+00 2.364812592457191442e+02
3.310000000000249187e+00 2.324286316369907865e+02
3.330000000000248761e+00 2.287841167509512559e+02
3.350000000000248335e+00 2.241189932975216834e+02
3.370000000000247908e+00 2.220549310657619344e+02
3.390000000000247482e+00 2.173838616575656033e+02
3.410000000000247056e+00 2.133050841692491417e+02
3.430000000000246629e+00 2.099443728599135852e+02
3.450000000000246203e+00 2.072018267604147184e+02
3.470000000000245777e+00 2.031579350028422937e+02
3.490000000000245350e+00 1.992111977294476617e+02
3.510000000000244924e+00 1.965239607625483131e+02
3.530000000000244498e+00 1.934723103311359864e+02
3.550000000000244071e+00 1.909722756796720944e+02
3.570000000000243645e+00 1.872219266390885082e+02
3.590000000000243219e+00 1.843410591193132575e+02
3.610000000000242792e+00 1.808051376394935232e+02
3.630000000000242366e+00 1.782617330792780308e+02
3.650000000000241940e+00 1.756604038260149707e+02
3.670000000000241513e+00 1.719150554631560794e+02
3.690000000000241087e+00 1.693779203822044508e+02
3.710000000000240661e+00 1.666112622355203143e+02
3.730000000000240234e+00 1.652933397823732946e+02
3.750000000000239808e+00 1.610068806825678394e+02
3.770000000000239382e+00 1.589867659790545531e+02
3.790000000000238956e+00 1.559620562404394377e+02
3.810000000000238529e+00 1.533212365015513967e+02
3.830000000000238103e+00 1.508820289662184564e+02
3.850000000000237677e+00 1.492182386553119500e+02
3.870000000000237250e+00 1.462343659002508787e+02
3.890000000000236824e+00 1.442525572596190671e+02
3.910000000000236398e+00 1.425227079411044429e+02
3.930000000000235971e+00 1.394031222728945352e+02
3.950000000000235545e+00 1.374235642527615937e+02
3.970000000000235119e+00 1.356538404208805275e+02
3.990000000000234692e+00 1.335655759502348303e+02
4.010000000000234266e+00 1.306786319650074120e+02
4.030000000000233840e+00 1.286028790436278086e+02
4.050000000000233413e+00 1.276353159983591325e+02
4.070000000000232987e+00 1.246396802874741354e+02
4.090000000000232561e+00 1.227382753661684660e+02
4.110000000000232134e+00 1.210120457717753766e+02
4.130000000000231708e+00 1.192572983234485235e+02
4.150000000000231282e+00 1.180730722604336762e+02
4.170000000000230855e+00 1.159432109483739737e+02
4.190000000000230429e+00 1.138220296136661887e+02
4.210000000000230003e+00 1.120803649895286611e+02
4.230000000000229576e+00 1.106508538454937707e+02
4.250000000000229150e+00 1.089462799887742221e+02
4.270000000000228724e+00 1.087758533614707517e+02
4.290000000000228297e+00 1.060997602763793566e+02
4.310000000000227871e+00 1.043004054549163300e+02
4.330000000000227445e+00 1.024848639428223578e+02
4.350000000000227018e+00 1.012065229615141249e+02
4.370000000000226592e+00 9.997289635246744410e+01
4.390000000000226166e+00 9.856695874441750505e+01
4.410000000000225739e+00 9.684817047453782379e+01
4.430000000000225313e+00 9.624577485376900654e+01
4.450000000000224887e+00 9.372178038451546911e+01
4.470000000000224460e+00 9.318010269148727787e+01
4.490000000000224034e+00 9.165237914620192328e+01
4.510000000000223608e+00 9.046674269750813835e+01
4.530000000000223181e+00 8.942929258031048789e+01
4.550000000000222755e+00 8.826273543513420350e+01
4.570000000000222329e+00 8.662603149889439180e+01
4.590000000000221902e+00 8.563394026052436914e+01
4.610000000000221476e+00 8.428811554118287575e+01
4.630000000000221050e+00 8.375243539428078066e+01
4.650000000000220624e+00 8.214560615956699507e+01
4.670000000000220197e+00 8.088858238029385461e+01
4.690000000000219771e+00 8.012887251544725586e+01
4.710000000000219345e+00 7.884898288381084797e+01
4.730000000000218918e+00 7.764041828356027963e+01
4.750000000000218492e+00 7.700990847659404892e+01
4.770000000000218066e+00 7.588388917284366642e+01
4.790000000000217639e+00 7.415162289971068788e+01
4.810000000000217213e+00 7.387834889839554364e+01
4.830000000000216787e+00 7.267787441695880091e+01
4.850000000000216360e+00 7.106219704157949479e+01
4.870000000000215934e+00 7.150539638384212537e+01
4.890000000000215508e+00 6.992117648604106250e+01
4.910000000000215081e+00 6.920879377552913070e+01
4.930000000000214655e+00 6.794937007777991766e+01
4.950000000000214229e+00 6.731263094891068022e+01
4.970000000000213802e+00 6.681630719831161969e+01
4.990000000000213376e+00 6.567724778007669784e+01
5.010000000000212950e+00 6.516507313864289586e+01
5.030000000000212523e+00 6.382875521793312856e+01
5.050000000000212097e+00 6.309593813590576161e+01
5.070000000000211671e+00 6.192569732958329354e+01
5.090000000000211244e+00 6.163828571200287598e+01
5.110000000000210818e+00 6.078443067882732720e+01
5.130000000000210392e+00 6.050611294922123307e+01
5.150000000000209965e+00 5.933966001370642118e+01
5.170000000000209539e+00 5.830773556118381862e+01
5.190000000000209113e+00 5.792628530255505126e+01
5.210000000000208686e+00 5.694336748973477569e+01
5.230000000000208260e+00 5.636738918748206117e+01
5.250000000000207834e+00 5.581981652341470124e+01
5.270000000000207407e+00 5.532833025406499416e+01
5.290000000000206981e+00 5.451777897145614560e+01
5.310000000000206555e+00 5.389578618452020464e+01
5.330000000000206128e+00 5.352107859586636351e+01
5.350000000000205702e+00 5.263446809815229699e+01
5.370000000000205276e+00 5.206752110269544431e+01
5.390000000000204849e+00 5.158781569121043731e+01
5.410000000000204423e+00 5.082527777542628655e+01
5.430000000000203997e+00 5.091624623278615047e+01
5.450000000000203570e+00 4.988541515895698808e+01
5.470000000000203144e+00 4.924072330398711017e+01
5.490000000000202718e+00 4.891399396176015557e+01
5.510000000000202292e+00 4.788864661536458556e+01
5.530000000000201865e+00 4.738617269972131396e+01
5.550000000000201439e+00 4.652337886539280731e+01
5.570000000000201013e+00 4.615864800692107650e+01
5.590000000000200586e+00 4.628132371788425559e+01
5.610000000000200160e+00 4.534568290144177638e+01
5.630000000000199734e+00 4.473209653423570131e+01
5.650000000000199307e+00 4.473829602174391340e+01
5.670000000000198881e+00 4.402988894860256863e+01
5.690000000000198455e+00 4.363027910015116362e+01
5.710000000000198028e+00 4.283029673760501765e+01
5.730000000000197602e+00 4.272878786008401164e+01
5.750000000000197176e+00 4.233291404955078008e+01
5.770000000000196749e+00 4.177842244461269416e+01
5.790000000000196323e+00 4.118191308093359737e+01
5.810000000000195897e+00 4.089499581206680290e+01
5.830000000000195470e+00 4.061417825970455198e+01
5.850000000000195044e+00 4.015422040907590429e+01
5.870000000000194618e+00 3.977270830239213950e+01
5.890000000000194191e+00 3.928338491060454629e+01
5.910000000000193765e+00 3.889365634682832251e+01
5.930000000000193339e+00 3.852878369941616654e+01
5.950000000000192912e+00 3.844374968841479046e+01
5.970000000000192486e+00 3.798833235425313859e+01
5.990000000000192060e+00 3.735824860519760193e+01
6.010000000000191633e+00 3.694981915493656288e+01
6.030000000000191207e+00 3.701155697967242730e+01
6.050000000000190781e+00 3.649665024770617094e+01
6.070000000000190354e+00 3.609285552695347832e+01
6.090000000000189928e+00 3.585690364907500793e+01
6.110000000000189502e+00 3.537986945314847986e+01
6.130000000000189075e+00 3.544785967799683846e+01
6.150000000000188649e+00 3.474817839245432793e+01
6.170000000000188223e+00 3.435261292248095799e+01
6.190000000000187796e+00 3.403219227127782887e+01
6.210000000000187370e+00 3.376693762151089828e+01
6.230000000000186944e+00 3.367684659732294961e+01
6.250000000000186517e+00 3.317483638013804637e+01
6.270000000000186091e+00 3.328494079440772424e+01
6.290000000000185665e+00 3.290135501020235154e+01
6.310000000000185238e+00 3.271370706153257402e+01
6.330000000000184812e+00 3.224082107711488021e+01
6.350000000000184386e+00 3.197953066307706749e+01
6.370000000000183960e+00 3.165487189698473358e+01
6.390000000000183533e+00 3.132790060961195522e+01
6.410000000000183107e+00 3.113046398795806624e+01
6.430000000000182681e+00 3.104162201962244438e+01
6.450000000000182254e+00 3.080575723730554216e+01
6.470000000000181828e+00 3.073214278089103502e+01
6.490000000000181402e+00 3.024129957986003348e+01
6.510000000000180975e+00 3.035612902389960510e+01
6.530000000000180549e+00 3.008938747427825078e+01
6.550000000000180123e+00 2.979019892059814723e+01
6.570000000000179696e+00 2.934714251621064207e+01
6.590000000000179270e+00 2.919127404675755244e+01
6.610000000000178844e+00 2.910048465356387837e+01
6.630000000000178417e+00 2.905160246431935889e+01
6.650000000000177991e+00 2.880675948166043554e+01
6.670000000000177565e+00 2.848469413159577002e+01
6.690000000000177138e+00 2.836083515349586293e+01
6.710000000000176712e+00 2.809199622587670575e+01
6.730000000000176286e+00 2.819188387965889220e+01
6.750000000000175859e+00 2.782712927941722825e+01
6.770000000000175433e+00 2.777455745373565321e+01
6.790000000000175007e+00 2.740711559819255427e+01
6.810000000000174580e+00 2.736064465019125436e+01
6.830000000000174154e+00 2.719032431074077749e+01
6.850000000000173728e+00 2.736908639559545620e+01
6.870000000000173301e+00 2.681101925941733910e+01
6.890000000000172875e+00 2.668200590080609302e+01
6.910000000000172449e+00 2.652049896076859881e+01
6.930000000000172022e+00 2.642362185066030378e+01
6.950000000000171596e+00 2.649249023900535249e+01
6.970000000000171170e+00 2.617301605086322880e+01
6.990000000000170743e+00 2.608992392238089053e+01
7.010000000000170317e+00 2.595449683403352736e+01
7.030000000000169891e+00 2.585936699439008990e+01
7.050000000000169464e+00 2.575492518138597475e+01
7.070000000000169038e+00 2.562760349714853447e+01
7.090000000000168612e+00 2.561220094583770646e+01
7.110000000000168185e+00 2.540475848828003436e+01
7.130000000000167759e+00 2.532165572890116678e+01
7.150000000000167333e+00 2.518804157720977699e+01
7.170000000000166906e+00 2.504759646676261653e+01
7.190000000000166480e+00 2.498150961776164891e+01
7.210000000000166054e+00 2.495297932471549984e+01
7.230000000000165628e+00 2.477589738957762222e+01
7.250000000000165201e+00 2.479130294993361261e+01
7.270000000000164775e+00 2.459265226127532245e+01
7.290000000000164349e+00 2.452939508180890726e+01
7.310000000000163922e+00 2.440459550804619226e+01
7.330000000000163496e+00 2.440130808654977557e+01
7.350000000000163070e+00 2.425460889452407898e+01
7.370000000000162643e+00 2.428610394690364060e+01
7.390000000000162217e+00 2.410314946246332468e+01
7.410000000000161791e+00 2.397017551713669903e+01
7.430000000000161364e+00 2.388626388816170376e+01
7.450000000000160938e+00 2.392894427282910641e+01
7.470000000000160512e+00 2.385658307821321955e+01
7.490000000000160085e+00 2.370773913059677440e+01
7.510000000000159659e+00 2.374343059413492085e+01
7.530000000000159233e+00 2.367264734045926033e+01
7.550000000000158806e+00 2.360879356340192103e+01
7.570000000000158380e+00 2.360108274348523949e+01
7.590000000000157954e+00 2.349661390581156795e+01
7.610000000000157527e+00 2.352787565724561247e+01
7.630000000000157101e+00 2.339524045424874998e+01
7.650000000000156675e+00 2.323459993825138525e+01
7.670000000000156248e+00 2.331191436308536780e+01
7.690000000000155822e+00 2.315919669909646572e+01
7.710000000000155396e+00 2.314958545211679564e+01
7.730000000000154969e+00 2.316427834063902935e+01
7.750000000000154543e+00 2.309099338528790213e+01
7.770000000000154117e+00 2.301147767687877277e+01
7.790000000000153690e+00 2.291401546602713069e+01
7.810000000000153264e+00 2.277856339181794354e+01
7.830000000000152838e+00 2.297163814225434209e+01
7.850000000000152411e+00 2.293300843061162553e+01
7.870000000000151985e+00 2.278960683005010779e+01
7.890000000000151559e+00 2.282565341077198795e+01
7.910000000000151132e+00 2.275149996314286938e+01
7.930000000000150706e+00 2.268022315902897290e+01
7.950000000000150280e+00 2.263292304319922010e+01
7.970000000000149853e+00 2.269748336449758241e+01
7.990000000000149427e+00 2.271442621566718145e+01
8.010000000000149001e+00 2.255180528412958907e+01
8.030000000000148574e+00 2.257591786998938588e+01
8.050000000000148148e+00 2.247696306417448042e+01
8.070000000000147722e+00 2.245953156015251295e+01
8.090000000000147296e+00 2.248018125443730852e+01
8.110000000000146869e+00 2.230455115880244676e+01
8.130000000000146443e+00 2.240894172303645249e+01
8.150000000000146017e+00 2.239837419302642729e+01
8.170000000000145590e+00 2.233301846548652136e+01
8.190000000000145164e+00 2.232489503871782688e+01
8.210000000000144738e+00 2.225432475380000241e+01
8.230000000000144311e+00 2.223874752942482402e+01
8.250000000000143885e+00 2.214495698639772314e+01
8.270000000000143459e+00 2.217907432374446941e+01
8.290000000000143032e+00 2.209764333020399008e+01
8.310000000000142606e+00 2.222069643154291896e+01
8.330000000000142180e+00 2.207585938399118319e+01
8.350000000000141753e+00 2.204494126075750060e+01
8.370000000000141327e+00 2.196346955087835084e+01
8.390000000000140901e+00 2.205163847061319871e+01
8.410000000000140474e+00 2.204363369309623977e+01
8.430000000000140048e+00 2.197658655867352095e+01
8.450000000000139622e+00 2.195589578466531933e+01
8.470000000000139195e+00 2.188924504680384686e+01
8.490000000000138769e+00 2.173270807673190319e+01
8.510000000000138343e+00 2.177031372818764154e+01
8.530000000000137916e+00 2.186573955139833458e+01
8.550000000000137490e+00 2.176505413475146256e+01
8.570000000000137064e+00 2.162006989679713698e+01
8.590000000000136637e+00 2.175370520903227956e+01
8.610000000000136211e+00 2.164531081720241446e+01
8.630000000000135785e+00 2.160974075592688592e+01
8.650000000000135358e+00 2.158115313742090891e+01
8.670000000000134932e+00 2.170704582025435769e+01
8.690000000000134506e+00 2.151728942934948563e+01
8.710000000000134079e+00 2.156882996092590687e+01
8.730000000000133653e+00 2.144094423416751383e+01
8.750000000000133227e+00 2.146230273988949477e+01
8.770000000000132800e+00 2.145974215646221595e+01
8.790000000000132374e+00 2.145165635661252779e+01
8.810000000000131948e+00 2.134014290855672158e+01
8.830000000000131521e+00 2.120935969167858204e+01
8.850000000000131095e+00 2.129022561201010078e+01
8.870000000000130669e+00 2.112960450193649109e+01
8.890000000000130242e+00 2.127715503624601112e+01
8.910000000000129816e+00 2.123996900207140826e+01
8.930000000000129390e+00 2.124845724976665551e+01
8.950000000000128964e+00 2.111112195610519393e+01
8.970000000000128537e+00 2.097936876551154839e+01
8.990000000000128111e+00 2.103721066231014447e+01
9.010000000000127685e+00 2.090919696868120425e+01
9.030000000000127258e+00 2.100676537433841062e+01
9.050000000000126832e+00 2.092526376345657368e+01
9.070000000000126406e+00 2.083219320509389405e+01
9.090000000000125979e+00 2.093457460572390261e+01
9.110000000000125553e+00 2.078070078729079739e+01
9.130000000000125127e+00 2.075000012646330561e+01
9.150000000000124700e+00 2.075594932985100627e+01
9.170000000000124274e+00 2.063659203383045337e+01
9.190000000000123848e+00 2.067383605023066906e+01
9.210000000000123421e+00 2.052928979633411188e+01
9.230000000000122995e+00 2.046931705671253354e+01
9.250000000000122569e+00 2.048057613736443727e+01
9.270000000000122142e+00 2.048188272671756138e+01
9.290000000000121716e+00 2.048570297998841738e+01
9.310000000000121290e+00 2.036532805729885354e+01
9.330000000000120863e+00 2.028051624836966838e+01
9.350000000000120437e+00 2.020344954660971837e+01
9.370000000000120011e+00 2.021773659797390366e+01
9.390000000000119584e+00 2.013894648499426410e+01
9.410000000000119158e+00 2.011103346379724499e+01
9.430000000000118732e+00 2.004883060787886606e+01
9.450000000000118305e+00 2.000127612572119773e+01
9.470000000000117879e+00 1.999816656604884813e+01
9.490000000000117453e+00 1.978629280354084230e+01
9.510000000000117026e+00 1.989271151274971672e+01
9.530000000000116600e+00 1.981700094373959686e+01
9.550000000000116174e+00 1.980578911579867807e+01
9.570000000000115747e+00 1.977160867032732483e+01
9.590000000000115321e+00 1.958150477461076377e+01
9.610000000000114895e+00 1.966200259745394163e+01
9.630000000000114468e+00 1.948046948176349602e+01
9.650000000000114042e+00 1.947064950498502256e+01
9.670000000000113616e+00 1.942178533515937033e+01
9.690000000000113189e+00 1.929077726724808173e+01
9.710000000000112763e+00 1.939797144921804062e+01
9.730000000000112337e+00 1.934597934061115510e+01
9.750000000000111910e+00 1.919945740928523747e+01
9.770000000000111484e+00 1.912588119750955329e+01
9.790000000000111058e+00 1.916659830093254513e+01
9.810000000000110632e+00 1.895190731868583356e+01
9.830000000000110205e+00 1.894473159825197328e+01
9.850000000000109779e+00 1.886571617213929386e+01
9.870000000000109353e+00 1.893308801299692945e+01
9.890000000000108926e+00 1.879159271955391119e+01
9.910000000000108500e+00 1.876497539712423190e+01
9.930000000000108074e+00 1.870540387819731620e+01
9.950000000000107647e+00 1.861620065446800965e+01
9.970000000000107221e+00 1.862745264669727874e+01
9.990000000000106795e+00 1.847486512344037024e+01
1.001000000000010637e+01 1.852149638374470086e+01
1.003000000000010594e+01 1.840299888218964597e+01
1.005000000000010552e+01 1.832147998405432077e+01
1.007000000000010509e+01 1.822293421426703475e+01
1.009000000000010466e+01 1.829748955864162596e+01
1.011000000000010424e+01 1.810847172924504989e+01
1.013000000000010381e+01 1.813692971254292985e+01
1.015000000000010338e+01 1.811964961930686968e+01
1.017000000000010296e+01 1.793028952655222241e+01
1.019000000000010253e+01 1.797026497298037029e+01
1.021000000000010210e+01 1.789768765817532525e+01
1.023000000000010168e+01 1.775862571313790994e+01
1.025000000000010125e+01 1.774072500348838588e+01
1.027000000000010083e+01 1.781024412496945430e+01
1.029000000000010040e+01 1.756102707507111660e+01
1.031000000000009997e+01 1.762600033564236313e+01
1.033000000000009955e+01 1.760821471656999648e+01
1.035000000000009912e+01 1.747932828835007157e+01
1.037000000000009869e+01 1.746408261995266997e+01
1.039000000000009827e+01 1.736226459494677243e+01
1.041000000000009784e+01 1.730431308062516038e+01
1.043000000000009742e+01 1.727368574721991124e+01
1.045000000000009699e+01 1.717503203083383667e+01
1.047000000000009656e+01 1.720869708541108167e+01
1.049000000000009614e+01 1.717004317050624351e+01
1.051000000000009571e+01 1.702737112263147878e+01
1.053000000000009528e+01 1.709308488605654830e+01
1.055000000000009486e+01 1.692370032248846812e+01
1.057000000000009443e+01 1.696533552470216932e+01
1.059000000000009400e+01 1.681035793330917727e+01
1.061000000000009358e+01 1.683134077252070782e+01
1.063000000000009315e+01 1.674071470408680540e+01
1.065000000000009273e+01 1.678607494023043500e+01
1.067000000000009230e+01 1.654916653222716505e+01
1.069000000000009187e+01 1.671984211170920887e+01
1.071000000000009145e+01 1.666040182893705790e+01
1.073000000000009102e+01 1.654919272562381138e+01
1.075000000000009059e+01 1.651616302119597179e+01
1.077000000000009017e+01 1.647466955024153279e+01
1.079000000000008974e+01 1.631822528341920631e+01
1.081000000000008932e+01 1.640882298834797481e+01
1.083000000000008889e+01 1.632549734713715850e+01
1.085000000000008846e+01 1.634890066223581329e+01
1.087000000000008804e+01 1.623907743521135316e+01
1.089000000000008761e+01 1.624500150683777377e+01
1.091000000000008718e+01 1.612293284496912804e+01
1.093000000000008676e+01 1.616696895217097207e+01
1.095000000000008633e+01 1.610635991973145309e+01
1.097000000000008590e+01 1.593450185914505113e+01
1.099000000000008548e+01 1.605025179851024930e+01
1.101000000000008505e+01 1.603322859356006447e+01
1.103000000000008463e+01 1.598399994855650519e+01
1.105000000000008420e+01 1.594335588110827118e+01
1.107000000000008377e+01 1.589721503789871093e+01
1.109000000000008335e+01 1.575818410548411386e+01
1.111000000000008292e+01 1.586263153376226143e+01
1.113000000000008249e+01 1.575282264604677174e+01
1.115000000000008207e+01 1.584417452461327969e+01
1.117000000000008164e+01 1.570619300136475616e+01
1.119000000000008122e+01 1.574169987035414664e+01
1.121000000000008079e+01 1.567417675051141401e+01
1.123000000000008036e+01 1.562158534054009884e+01
1.125000000000007994e+01 1.552324435028057970e+01
1.127000000000007951e+01 1.565006768465333664e+01
1.129000000000007908e+01 1.559206084626450028e+01
1.131000000000007866e+01 1.549106893572504440e+01
1.133000000000007823e+01 1.547684060373992665e+01
1.135000000000007780e+01 1.548001822026128593e+01
1.137000000000007738e+01 1.559808330399850540e+01
1.139000000000007695e+01 1.539467682279054550e+01
1.141000000000007653e+01 1.535116135862878473e+01
1.143000000000007610e+01 1.543230992202750151e+01
1.145000000000007567e+01 1.532598376605393220e+01
1.147000000000007525e+01 1.535939297329952780e+01
1.149000000000007482e+01 1.530891156382281970e+01
1.151000000000007439e+01 1.533456297243888855e+01
1.153000000000007397e+01 1.527291017248055027e+01
1.155000000000007354e+01 1.520484194015601176e+01
1.157000000000007311e+01 1.533731323998193119e+01
1.159000000000007269e+01 1.518269321251333892e+01
1.161000000000007226e+01 1.518271621129258619e+01
1.163000000000007184e+01 1.518846422142509134e+01
1.165000000000007141e+01 1.518542608451742382e+01
1.167000000000007098e+01 1.510738904804627225e+01
1.169000000000007056e+01 1.514626471600775659e+01
1.171000000000007013e+01 1.512151971396664152e+01
1.173000000000006970e+01 1.510129968328453742e+01
1.175000000000006928e+01 1.503101000642207907e+01
1.177000000000006885e+01 1.504568223091560597e+01
1.179000000000006843e+01 1.506459941270440694e+01
1.181000000000006800e+01 1.495407203975681654e+01
1.183000000000006757e+01 1.498718982161478586e+01
1.185000000000006715e+01 1.510078190877252702e+01
1.187000000000006672e+01 1.502687936010072534e+01
1.189000000000006629e+01 1.498869554754362809e+01
1.191000000000006587e+01 1.482672588173212525e+01
1.193000000000006544e+01 1.485545687354519373e+01
1.195000000000006501e+01 1.487217425844719365e+01
1.197000000000006459e+01 1.488993782084428297e+01
1.199000000000006416e+01 1.496968520214318588e+01
1.201000000000006374e+01 1.483968204147610770e+01
1.203000000000006331e+01 1.480761020686608198e+01
1.205000000000006288e+01 1.475140366779439915e+01
1.207000000000006246e+01 1.484453758521623001e+01
1.209000000000006203e+01 1.470457047496278591e+01
1.211000000000006160e+01 1.465673532642944821e+01
1.213000000000006118e+01 1.480256678297772055e+01
1.215000000000006075e+01 1.481789230261413515e+01
1.217000000000006033e+01 1.471953200709620546e+01
1.219000000000005990e+01 1.463617529647081561e+01
1.221000000000005947e+01 1.465184060461851345e+01
1.223000000000005905e+01 1.469106483998629997e+01
1.225000000000005862e+01 1.449818409710909428e+01
1.227000000000005819e+01 1.456960819564003806e+01
1.229000000000005777e+01 1.456719781944040371e+01
1.231000000000005734e+01 1.463189824177553255e+01
1.233000000000005691e+01 1.457190616587868703e+01
1.235000000000005649e+01 1.446076557603217516e+01
1.237000000000005606e+01 1.451588697712423759e+01
1.239000000000005564e+01 1.440951984999352042e+01
1.241000000000005521e+01 1.437973596789661990e+01
1.243000000000005478e+01 1.443766461676301915e+01
1.245000000000005436e+01 1.444605361527642806e+01
1.247000000000005393e+01 1.448519642333699942e+01
1.249000000000005350e+01 1.434594480620732604e+01
1.251000000000005308e+01 1.424009127562400856e+01
1.253000000000005265e+01 1.416589178289418527e+01
1.255000000000005222e+01 1.435161170840417988e+01
1.257000000000005180e+01 1.426003966703480330e+01
1.259000000000005137e+01 1.427716120569614944e+01
1.261000000000005095e+01 1.409027247440441322e+01
1.263000000000005052e+01 1.416711310851375138e+01
1.265000000000005009e+01 1.414475809825839470e+01
1.267000000000004967e+01 1.404907237641870132e+01
1.269000000000004924e+01 1.404148761925377542e+01
1.271000000000004881e+01 1.411565550553118698e+01
1.273000000000004839e+01 1.401246680719997606e+01
1.275000000000004796e+01 1.392578262174944470e+01
1.277000000000004754e+01 1.390701786994417333e+01
1.279000000000004711e+01 1.388580818886903323e+01
1.281000000000004668e+01 1.381209293649319747e+01
1.283000000000004626e+01 1.393742163115125976e+01
1.285000000000004583e+01 1.381728383999780974e+01
1.287000000000004540e+01 1.385426733970305690e+01
1.289000000000004498e+01 1.367284188507004927e+01
1.291000000000004455e+01 1.354282604433428183e+01
1.293000000000004412e+01 1.362140966477506687e+01
1.295000000000004370e+01 1.360145008245102360e+01
1.297000000000004327e+01 1.360130963141839722e+01
1.299000000000004285e+01 1.357614726054068655e+01
1.301000000000004242e+01 1.354526207593315590e+01
1.303000000000004199e+01 1.343736088220742708e+01
1.305000000000004157e+01 1.335800955940565338e+01
1.307000000000004114e+01 1.331489970560604696e+01
1.309000000000004071e+01 1.338147857616871406e+01
1.311000000000004029e+01 1.331638639153980463e+01
1.313000000000003986e+01 1.328767662057240706e+01
1.315000000000003944e+01 1.313907159756268150e+01
1.317000000000003901e+01 1.314774710891632381e+01
1.319000000000003858e+01 1.309496413981831253e+01
1.321000000000003816e+01 1.304599892056517696e+01
1.323000000000003773e+01 1.305160547572033991e+01
1.325000000000003730e+01 1.304244139453306239e+01
1.327000000000003688e+01 1.291311863657594827e+01
1.329000000000003645e+01 1.274340604814640976e+01
1.331000000000003602e+01 1.283384547758265093e+01
1.333000000000003560e+01 1.279587950676134156e+01
1.335000000000003517e+01 1.280721007575050230e+01
1.337000000000003475e+01 1.265393698650052023e+01
1.339000000000003432e+01 1.256966326404359435e+01
1.341000000000003389e+01 1.247364085730671057e+01
1.343000000000003347e+01 1.247541888271388544e+01
1.345000000000003304e+01 1.233427527288501757e+01
1.347000000000003261e+01 1.223649892853864074e+01
1.349000000000003219e+01 1.242727398014111095e+01
1.351000000000003176e+01 1.211174095423319841e+01
1.353000000000003133e+01 1.205988606138589070e+01
1.355000000000003091e+01 1.186801491752122040e+01
1.357000000000003048e+01 1.189285030791279674e+01
1.359000000000003006e+01 1.178058481216102216e+01
1.361000000000002963e+01 1.171413347739046884e+01
1.363000000000002920e+01 1.152882344174867413e+01
1.365000000000002878e+01 1.142628589847950238e+01
1.367000000000002835e+01 1.129673124735644407e+01
1.369000000000002792e+01 1.115318705619093542e+01
1.371000000000002750e+01 1.108692636600466130e+01
1.373000000000002707e+01 1.093335572381216281e+01
1.375000000000002665e+01 1.079769840967174055e+01
1.377000000000002622e+01 1.063946567438552648e+01
1.379000000000002579e+01 1.042957591683605045e+01
1.381000000000002537e+01 1.029522980401509713e+01
1.383000000000002494e+01 1.017193351354621811e+01
1.385000000000002451e+01 1.015852773945059795e+01
1.387000000000002409e+01 9.798956774735120945e+00
1.389000000000002366e+01 9.774042842115553853e+00
1.391000000000002323e+01 9.585812705516918442e+00
1.393000000000002281e+01 9.430565997282146284e+00
1.395000000000002238e+01 9.147313084474623324e+00
1.397000000000002196e+01 8.854966230373793934e+00
1.399000000000002153e+01 8.472998329663818495e+00
1.401000000000002110e+01 7.949137993805655000e+00
1.403000000000002068e+01 7.384185072625942148e+00
1.405000000000002025e+01 6.809242381791519527e+00
1.407000000000001982e+01 6.322396891212425096e+00
1.409000000000001940e+01 5.734898430699201022e+00
1.411000000000001897e+01 5.157045669955591549e+00
1.413000000000001855e+01 4.533409146127989509e+00
1.415000000000001812e+01 4.075030249964129325e+00
1.417000000000001769e+01 3.677659002416866052e+00
1.419000000000001727e+01 3.193640210921090183e+00
1.421000000000001684e+01 2.951536817883404495e+00
1.423000000000001641e+01 2.601364482764926933e+00
1.425000000000001599e+01 2.324102669004046273e+00
1.427000000000001556e+01 1.926377553048648439e+00
1.429000000000001513e+01 1.630525948007439219e+00
1.431000000000001471e+01 1.449368655573326503e+00
1.433000000000001428e+01 1.254451564118482354e+00
1.435000000000001386e+01 1.045014537012960876e+00
1.437000000000001343e+01 7.734595541570834509e-01
1.439000000000001300e+01 5.902590214542801084e-01
1.441000000000001258e+01 4.465329500780041982e-01
1.443000000000001215e+01 3.319158601960749411e-01
1.445000000000001172e+01 2.152871166347231913e-01
1.447000000000001130e+01 1.143874435138857032e-01
1.449000000000001087e+01 4.015261823529955865e-02
1.451000000000001044e+01 8.109978522900027423e-03
1.453000000000001002e+01 1.009408378041564804e-05
1.455000000000000959e+01 6.368092869119556511e-06
1.457000000000000917e+01 3.700516197180384882e-10
1.459000000000000874e+01 1.272605746503816815e-10
1.461000000000000831e+01 1.156042384165209787e-10
1.463000000000000789e+01 1.863852231757710555e-18
1.465000000000000746e+01 1.546318555750127743e-18
1.467000000000000703e+01 1.231572748204314991e-18
1.469000000000000661e+01 0.000000000000000000e+00
1.471000000000000618e+01 0.000000000000000000e+00
1.473000000000000576e+01 0.000000000000000000e+00
1.475000000000000533e+01 0.000000000000000000e+00
1.477000000000000490e+01 0.000000000000000000e+00
1.479000000000000448e+01 0.000000000000000000e+00
1.481000000000000405e+01 0.000000000000000000e+00
1.483000000000000362e+01 0.000000000000000000e+00
1.485000000000000320e+01 0.000000000000000000e+00
1.487000000000000277e+01 0.000000000000000000e+00
1.489000000000000234e+01 0.000000000000000000e+00
1.491000000000000192e+01 0.000000000000000000e+00
1.493000000000000149e+01 0.000000000000000000e+00
1.495000000000000107e+01 0.000000000000000000e+00
1.497000000000000064e+01 0.000000000000000000e+00
1.499000000000000021e+01 0.000000000000000000e+00
