# Redshift		Merger Rate Density [Gpc^-3yr^-1]
1.000000000031931770e-02 2.646517978368501645e+01
3.000000000031888964e-02 2.780444940787081975e+01
5.000000000031846331e-02 2.902975173144538346e+01
7.000000000031804392e-02 3.055243211406730808e+01
9.000000000031761760e-02 3.191301837140330377e+01
1.100000000003171913e-01 3.326611383884586814e+01
1.300000000003167511e-01 3.493612724315759266e+01
1.500000000003163247e-01 3.648942024542751739e+01
1.700000000003158984e-01 3.792696086548327372e+01
1.900000000003154721e-01 3.964069593288069626e+01
2.100000000003150458e-01 4.131946136587188079e+01
2.300000000003146194e-01 4.308535050297727764e+01
2.500000000003141931e-01 4.479044454749527659e+01
2.700000000003137668e-01 4.668382561214058057e+01
2.900000000003133405e-01 4.858139453631069671e+01
3.100000000003129141e-01 5.045112131331604388e+01
3.300000000003124878e-01 5.235975183140680400e+01
3.500000000003120615e-01 5.423364924108788898e+01
3.700000000003116352e-01 5.651948752631593464e+01
3.900000000003112088e-01 5.829717252187864318e+01
4.100000000003107825e-01 6.044362962718484056e+01
4.300000000003103562e-01 6.261780008477929016e+01
4.500000000003099299e-01 6.447695374042139349e+01
4.700000000003095035e-01 6.679389370184824770e+01
4.900000000003090772e-01 6.893875429705254021e+01
5.100000000003086509e-01 7.117310981583682405e+01
5.300000000003082246e-01 7.346015125124171163e+01
5.500000000003077982e-01 7.573475976302962920e+01
5.700000000003073719e-01 7.800109227918584054e+01
5.900000000003069456e-01 8.060989531391474827e+01
6.100000000003065193e-01 8.284636670391469693e+01
6.300000000003060929e-01 8.533558353851788070e+01
6.500000000003056666e-01 8.783191179760467548e+01
6.700000000003052403e-01 9.036376613565535365e+01
6.900000000003048140e-01 9.276702283236421920e+01
7.100000000003043876e-01 9.519946321526444422e+01
7.300000000003039613e-01 9.770967252466500952e+01
7.500000000003035350e-01 1.003454858249041735e+02
7.700000000003031086e-01 1.028448133109996974e+02
7.900000000003026823e-01 1.054916033653309313e+02
8.100000000003022560e-01 1.082228457296760382e+02
8.300000000003018297e-01 1.108109257449634981e+02
8.500000000003014033e-01 1.134150047267228558e+02
8.700000000003009770e-01 1.164013812491260182e+02
8.900000000003005507e-01 1.189386053454255006e+02
9.100000000003001244e-01 1.215417068335875257e+02
9.300000000002996980e-01 1.242712487019523309e+02
9.500000000002992717e-01 1.269700096139769840e+02
9.700000000002988454e-01 1.301227628830996821e+02
9.900000000002984191e-01 1.326590025861691515e+02
1.010000000000297993e+00 1.353060720735253994e+02
1.030000000000297566e+00 1.379758281929732959e+02
1.050000000000297140e+00 1.408944802138553030e+02
1.070000000000296714e+00 1.438151456383032212e+02
1.090000000000296287e+00 1.463296620329853965e+02
1.110000000000295861e+00 1.490258017136868034e+02
1.130000000000295435e+00 1.516512458731119466e+02
1.150000000000295008e+00 1.544734514137815609e+02
1.170000000000294582e+00 1.568799452465570994e+02
1.190000000000294156e+00 1.600906800950844513e+02
1.210000000000293729e+00 1.621320760768306570e+02
1.230000000000293303e+00 1.649935086937105382e+02
1.250000000000292877e+00 1.669427772881954581e+02
1.270000000000292451e+00 1.700333748751455687e+02
1.290000000000292024e+00 1.726955903705111837e+02
1.310000000000291598e+00 1.748379822345544028e+02
1.330000000000291172e+00 1.769539949701626824e+02
1.350000000000290745e+00 1.794549808751415583e+02
1.370000000000290319e+00 1.813496713280069628e+02
1.390000000000289893e+00 1.841521993507861907e+02
1.410000000000289466e+00 1.857369187458539557e+02
1.430000000000289040e+00 1.879801770005513504e+02
1.450000000000288614e+00 1.900077649002678299e+02
1.470000000000288187e+00 1.922635110840389245e+02
1.490000000000287761e+00 1.940399822483788057e+02
1.510000000000287335e+00 1.953874062162626046e+02
1.530000000000286908e+00 1.975654188184452096e+02
1.550000000000286482e+00 1.987615758575689142e+02
1.570000000000286056e+00 2.004436882133665563e+02
1.590000000000285629e+00 2.020644742195379422e+02
1.610000000000285203e+00 2.042362473015500939e+02
1.630000000000284777e+00 2.052058810775431823e+02
1.650000000000284350e+00 2.064616207267168591e+02
1.670000000000283924e+00 2.071465494547589401e+02
1.690000000000283498e+00 2.088217570446113882e+02
1.710000000000283071e+00 2.099458665333605154e+02
1.730000000000282645e+00 2.108045147513675772e+02
1.750000000000282219e+00 2.116506188053886603e+02
1.770000000000281792e+00 2.116988688102392473e+02
1.790000000000281366e+00 2.127130388491751205e+02
1.810000000000280940e+00 2.135261109185110229e+02
1.830000000000280513e+00 2.128313467420790062e+02
1.850000000000280087e+00 2.124124683975859682e+02
1.870000000000279661e+00 2.129727377085985154e+02
1.890000000000279234e+00 2.130184259183405118e+02
1.910000000000278808e+00 2.138438095455679218e+02
1.930000000000278382e+00 2.130222675359190703e+02
1.950000000000277955e+00 2.138260279923507596e+02
1.970000000000277529e+00 2.135277217900780613e+02
1.990000000000277103e+00 2.151670245666475125e+02
2.010000000000276899e+00 2.134888549223975645e+02
2.030000000000276472e+00 2.126756572279068678e+02
2.050000000000276046e+00 2.112961329307215692e+02
2.070000000000275620e+00 2.112958609385406419e+02
2.090000000000275193e+00 2.098965901248208752e+02
2.110000000000274767e+00 2.103760580350182465e+02
2.130000000000274341e+00 2.091618646218950914e+02
2.150000000000273914e+00 2.089185290221821560e+02
2.170000000000273488e+00 2.065513071756138288e+02
2.190000000000273062e+00 2.060776462655079513e+02
2.210000000000272635e+00 2.047741609848588098e+02
2.230000000000272209e+00 2.030825295989548067e+02
2.250000000000271783e+00 2.023782616929046867e+02
2.270000000000271356e+00 2.009047445977789721e+02
2.290000000000270930e+00 1.989942380478536847e+02
2.310000000000270504e+00 1.952403474884833656e+02
2.330000000000270077e+00 1.920034236381642643e+02
2.350000000000269651e+00 1.909734015770483779e+02
2.370000000000269225e+00 1.889102482932862301e+02
2.390000000000268798e+00 1.858052029892616872e+02
2.410000000000268372e+00 1.834467108257212544e+02
2.430000000000267946e+00 1.811077381307766814e+02
2.450000000000267519e+00 1.787520518466749593e+02
2.470000000000267093e+00 1.756693918180630760e+02
2.490000000000266667e+00 1.738552202948952754e+02
2.510000000000266240e+00 1.718247451608834240e+02
2.530000000000265814e+00 1.692824575566076817e+02
2.550000000000265388e+00 1.676339007988995888e+02
2.570000000000264961e+00 1.652630613087999052e+02
2.590000000000264535e+00 1.626443480861673834e+02
2.610000000000264109e+00 1.605511082260887576e+02
2.630000000000263682e+00 1.588443961177077881e+02
2.650000000000263256e+00 1.569777998416712705e+02
2.670000000000262830e+00 1.542906721132692383e+02
2.690000000000262403e+00 1.526314742475780406e+02
2.710000000000261977e+00 1.499962151223263618e+02
2.730000000000261551e+00 1.482555617095806610e+02
2.750000000000261124e+00 1.463115868423407733e+02
2.770000000000260698e+00 1.442381343229811250e+02
2.790000000000260272e+00 1.421822302805480547e+02
2.810000000000259845e+00 1.397763301849506092e+02
2.830000000000259419e+00 1.384374867504398026e+02
2.850000000000258993e+00 1.356423107850512508e+02
2.870000000000258567e+00 1.343880389551140127e+02
2.890000000000258140e+00 1.329938398084477740e+02
2.910000000000257714e+00 1.295427938597978255e+02
2.930000000000257288e+00 1.279921185529775727e+02
2.950000000000256861e+00 1.261536435520878001e+02
2.970000000000256435e+00 1.244095425466969687e+02
2.990000000000256009e+00 1.224118101700106820e+02
3.010000000000255582e+00 1.205089586925211051e+02
3.030000000000255156e+00 1.187184693346748787e+02
3.050000000000254730e+00 1.173993872367382920e+02
3.070000000000254303e+00 1.154114916793469945e+02
3.090000000000253877e+00 1.137006993820546654e+02
3.110000000000253451e+00 1.119800533915236400e+02
3.130000000000253024e+00 1.100807367476074319e+02
3.150000000000252598e+00 1.080447700650991862e+02
3.170000000000252172e+00 1.068359666308833908e+02
3.190000000000251745e+00 1.050614320002785007e+02
3.210000000000251319e+00 1.032294403367902191e+02
3.230000000000250893e+00 1.017911918389624191e+02
3.250000000000250466e+00 1.001903824639122860e+02
3.270000000000250040e+00 9.852478929302101562e+01
3.290000000000249614e+00 9.675559760287121946e+01
3.310000000000249187e+00 9.546616882298982887e+01
3.330000000000248761e+00 9.409207143575689258e+01
3.350000000000248335e+00 9.206844996986683327e+01
3.370000000000247908e+00 9.098116203981865624e+01
3.390000000000247482e+00 8.983449393778091974e+01
3.410000000000247056e+00 8.796404639331791486e+01
3.430000000000246629e+00 8.668613511618845280e+01
3.450000000000246203e+00 8.511140762750670774e+01
3.470000000000245777e+00 8.382686789238682934e+01
3.490000000000245350e+00 8.244497589453787612e+01
3.510000000000244924e+00 8.120880387655402899e+01
3.530000000000244498e+00 7.988093016345490582e+01
3.550000000000244071e+00 7.865522150970856785e+01
3.570000000000243645e+00 7.753875521267512738e+01
3.590000000000243219e+00 7.627354051461625772e+01
3.610000000000242792e+00 7.559606522781290039e+01
3.630000000000242366e+00 7.421067782555246595e+01
3.650000000000241940e+00 7.293528701363045741e+01
3.670000000000241513e+00 7.236640716112314919e+01
3.690000000000241087e+00 7.077122233317074063e+01
3.710000000000240661e+00 7.024241044041501425e+01
3.730000000000240234e+00 6.857410151375066221e+01
3.750000000000239808e+00 6.744993893471402657e+01
3.770000000000239382e+00 6.607558278522441242e+01
3.790000000000238956e+00 6.492562039335264501e+01
3.810000000000238529e+00 6.402279247638543325e+01
3.830000000000238103e+00 6.302009156766690268e+01
3.850000000000237677e+00 6.166725284238776084e+01
3.870000000000237250e+00 6.123592109980997833e+01
3.890000000000236824e+00 5.992342012033623888e+01
3.910000000000236398e+00 5.949817634795608257e+01
3.930000000000235971e+00 5.824118601161895015e+01
3.950000000000235545e+00 5.715541062953217732e+01
3.970000000000235119e+00 5.628268050856984672e+01
3.990000000000234692e+00 5.547660833382105494e+01
4.010000000000234266e+00 5.459189467359136216e+01
4.030000000000233840e+00 5.389937299158412287e+01
4.050000000000233413e+00 5.306812446135140959e+01
4.070000000000232987e+00 5.186079386270913005e+01
4.090000000000232561e+00 5.104382151075231633e+01
4.110000000000232134e+00 5.017426002889560976e+01
4.130000000000231708e+00 4.946833712073323142e+01
4.150000000000231282e+00 4.880095513163069398e+01
4.170000000000230855e+00 4.776521645028561380e+01
4.190000000000230429e+00 4.686939816070142939e+01
4.210000000000230003e+00 4.685759962952603530e+01
4.230000000000229576e+00 4.566926738149321352e+01
4.250000000000229150e+00 4.509715753516477577e+01
4.270000000000228724e+00 4.414488022816054524e+01
4.290000000000228297e+00 4.356200114542156143e+01
4.310000000000227871e+00 4.306773332105408514e+01
4.330000000000227445e+00 4.220838582625142976e+01
4.350000000000227018e+00 4.182563197809883349e+01
4.370000000000226592e+00 4.099828552677937665e+01
4.390000000000226166e+00 4.098514741214453494e+01
4.410000000000225739e+00 3.974885395922056830e+01
4.430000000000225313e+00 3.953730193505142410e+01
4.450000000000224887e+00 3.871403114434836823e+01
4.470000000000224460e+00 3.816921710498461806e+01
4.490000000000224034e+00 3.759360369951944136e+01
4.510000000000223608e+00 3.698442720302497833e+01
4.530000000000223181e+00 3.671014810265079831e+01
4.550000000000222755e+00 3.609823940967632439e+01
4.570000000000222329e+00 3.556419403570878046e+01
4.590000000000221902e+00 3.509310553896062146e+01
4.610000000000221476e+00 3.488448118826382682e+01
4.630000000000221050e+00 3.421921641608778941e+01
4.650000000000220624e+00 3.410333133612650869e+01
4.670000000000220197e+00 3.360582406649902509e+01
4.690000000000219771e+00 3.293298665887395771e+01
4.710000000000219345e+00 3.244305665549427431e+01
4.730000000000218918e+00 3.244518368032613864e+01
4.750000000000218492e+00 3.162699268895550375e+01
4.770000000000218066e+00 3.134122262703283468e+01
4.790000000000217639e+00 3.067018262813532914e+01
4.810000000000217213e+00 3.028060223115572569e+01
4.830000000000216787e+00 2.984745801130278409e+01
4.850000000000216360e+00 2.913426868254954627e+01
4.870000000000215934e+00 2.899729684450107925e+01
4.890000000000215508e+00 2.860402089945343818e+01
4.910000000000215081e+00 2.795777502809379200e+01
4.930000000000214655e+00 2.777226412294492164e+01
4.950000000000214229e+00 2.746096276306294115e+01
4.970000000000213802e+00 2.704646106737558497e+01
4.990000000000213376e+00 2.668371763290551968e+01
5.010000000000212950e+00 2.646025443080422335e+01
5.030000000000212523e+00 2.608246678083084902e+01
5.050000000000212097e+00 2.579163090700294347e+01
5.070000000000211671e+00 2.534408525852860805e+01
5.090000000000211244e+00 2.507911768530339813e+01
5.110000000000210818e+00 2.445919441536834427e+01
5.130000000000210392e+00 2.436192786753096939e+01
5.150000000000209965e+00 2.396037986303057821e+01
5.170000000000209539e+00 2.399182390381209018e+01
5.190000000000209113e+00 2.329906924313332794e+01
5.210000000000208686e+00 2.311126420212680088e+01
5.230000000000208260e+00 2.251016981176823961e+01
5.250000000000207834e+00 2.260254273588074270e+01
5.270000000000207407e+00 2.197816187447302738e+01
5.290000000000206981e+00 2.175963922775519777e+01
5.310000000000206555e+00 2.158710838113228547e+01
5.330000000000206128e+00 2.133138431397311763e+01
5.350000000000205702e+00 2.096149326354399989e+01
5.370000000000205276e+00 2.060082816740258238e+01
5.390000000000204849e+00 2.063298420620353113e+01
5.410000000000204423e+00 2.022386681160727662e+01
5.430000000000203997e+00 2.007256695858713158e+01
5.450000000000203570e+00 1.988549252756710572e+01
5.470000000000203144e+00 1.964458141743968156e+01
5.490000000000202718e+00 1.942071510336946716e+01
5.510000000000202292e+00 1.900203738239698126e+01
5.530000000000201865e+00 1.882217752078646811e+01
5.550000000000201439e+00 1.867702151178297498e+01
5.570000000000201013e+00 1.831116647016530408e+01
5.590000000000200586e+00 1.798374096209849071e+01
5.610000000000200160e+00 1.792409768203813414e+01
5.630000000000199734e+00 1.754275596196570319e+01
5.650000000000199307e+00 1.739926861422533122e+01
5.670000000000198881e+00 1.707503482320658605e+01
5.690000000000198455e+00 1.687618940860045313e+01
5.710000000000198028e+00 1.678594919651900241e+01
5.730000000000197602e+00 1.654033895865955373e+01
5.750000000000197176e+00 1.629364781916679306e+01
5.770000000000196749e+00 1.593861081628148568e+01
5.790000000000196323e+00 1.589504706305424797e+01
5.810000000000195897e+00 1.570717276800755080e+01
5.830000000000195470e+00 1.550359615840006633e+01
5.850000000000195044e+00 1.520742198507821819e+01
5.870000000000194618e+00 1.510734287177648838e+01
5.890000000000194191e+00 1.482127656737977617e+01
5.910000000000193765e+00 1.473221793690060544e+01
5.930000000000193339e+00 1.446037215631506356e+01
5.950000000000192912e+00 1.427520696067420225e+01
5.970000000000192486e+00 1.419755611937856443e+01
5.990000000000192060e+00 1.391299419362403711e+01
6.010000000000191633e+00 1.384037562441195313e+01
6.030000000000191207e+00 1.363238588556615838e+01
6.050000000000190781e+00 1.348964020327130342e+01
6.070000000000190354e+00 1.345893206300313949e+01
6.090000000000189928e+00 1.308765074468668921e+01
6.110000000000189502e+00 1.320207827239148379e+01
6.130000000000189075e+00 1.289760905608155106e+01
6.150000000000188649e+00 1.281334290703184564e+01
6.170000000000188223e+00 1.264534540785354189e+01
6.190000000000187796e+00 1.234781085743715323e+01
6.210000000000187370e+00 1.211031120628066837e+01
6.230000000000186944e+00 1.212753443955077337e+01
6.250000000000186517e+00 1.185621687627157428e+01
6.270000000000186091e+00 1.181463732282002788e+01
6.290000000000185665e+00 1.164895314977572305e+01
6.310000000000185238e+00 1.146069145601093986e+01
6.330000000000184812e+00 1.116468261392166994e+01
6.350000000000184386e+00 1.128681813934878164e+01
6.370000000000183960e+00 1.106933967603441005e+01
6.390000000000183533e+00 1.091246974024283389e+01
6.410000000000183107e+00 1.076104036507850914e+01
6.430000000000182681e+00 1.064996459172034449e+01
6.450000000000182254e+00 1.041279899863072878e+01
6.470000000000181828e+00 1.034613153713323896e+01
6.490000000000181402e+00 1.002069547792065762e+01
6.510000000000180975e+00 1.015744529655942330e+01
6.530000000000180549e+00 9.847892949932589346e+00
6.550000000000180123e+00 9.858284035425128877e+00
6.570000000000179696e+00 9.636859738585226154e+00
6.590000000000179270e+00 9.601735154132015282e+00
6.610000000000178844e+00 9.455104911436301052e+00
6.630000000000178417e+00 9.320500978221497590e+00
6.650000000000177991e+00 9.365343536590309270e+00
6.670000000000177565e+00 9.120679675768531780e+00
6.690000000000177138e+00 9.132227811550469809e+00
6.710000000000176712e+00 9.031243079255000694e+00
6.730000000000176286e+00 8.856147284436172384e+00
6.750000000000175859e+00 8.849968595448038045e+00
6.770000000000175433e+00 8.694371565349058528e+00
6.790000000000175007e+00 8.530029215179620650e+00
6.810000000000174580e+00 8.493729064634861103e+00
6.830000000000174154e+00 8.184470792171108400e+00
6.850000000000173728e+00 8.103502180389037690e+00
6.870000000000173301e+00 8.110608959837701804e+00
6.890000000000172875e+00 8.021347700536086478e+00
6.910000000000172449e+00 7.813036002723349860e+00
6.930000000000172022e+00 7.720611991561797005e+00
6.950000000000171596e+00 7.631497410740176512e+00
6.970000000000171170e+00 7.600701751844440857e+00
6.990000000000170743e+00 7.565453233245001741e+00
7.010000000000170317e+00 7.400085299377901826e+00
7.030000000000169891e+00 7.359197922957051219e+00
7.050000000000169464e+00 7.215029930110519629e+00
7.070000000000169038e+00 7.110700827874349983e+00
7.090000000000168612e+00 7.002395420329393438e+00
7.110000000000168185e+00 6.994346889736791084e+00
7.130000000000167759e+00 6.800872641735296931e+00
7.150000000000167333e+00 6.714485878268896535e+00
7.170000000000166906e+00 6.710334735668046058e+00
7.190000000000166480e+00 6.589010152156769884e+00
7.210000000000166054e+00 6.494445803050414412e+00
7.230000000000165628e+00 6.511078423298971352e+00
7.250000000000165201e+00 6.471657549890753813e+00
7.270000000000164775e+00 6.380577069005734181e+00
7.290000000000164349e+00 6.180897714258562381e+00
7.310000000000163922e+00 6.146620918515008469e+00
7.330000000000163496e+00 6.047523823251205854e+00
7.350000000000163070e+00 6.093510286297195933e+00
7.370000000000162643e+00 5.936093468587337441e+00
7.390000000000162217e+00 5.840669841896117376e+00
7.410000000000161791e+00 5.798926085797901919e+00
7.430000000000161364e+00 5.743313720938732381e+00
7.450000000000160938e+00 5.664469103047219178e+00
7.470000000000160512e+00 5.591231592491616276e+00
7.490000000000160085e+00 5.479748044411543617e+00
7.510000000000159659e+00 5.404841659532494624e+00
7.530000000000159233e+00 5.385048165449433988e+00
7.550000000000158806e+00 5.253814126748812541e+00
7.570000000000158380e+00 5.237572332540590736e+00
7.590000000000157954e+00 5.191790216997224761e+00
7.610000000000157527e+00 5.009159138943982903e+00
7.630000000000157101e+00 4.999923469862383563e+00
7.650000000000156675e+00 5.004196488979253843e+00
7.670000000000156248e+00 4.940122760137069413e+00
7.690000000000155822e+00 4.904999166076160932e+00
7.710000000000155396e+00 4.729723444312974756e+00
7.730000000000154969e+00 4.774476961186277180e+00
7.750000000000154543e+00 4.704697749232028769e+00
7.770000000000154117e+00 4.702162888310679634e+00
7.790000000000153690e+00 4.644133180541433426e+00
7.810000000000153264e+00 4.499208061518049639e+00
7.830000000000152838e+00 4.428041580167375812e+00
7.850000000000152411e+00 4.377291124935540623e+00
7.870000000000151985e+00 4.346939818583697601e+00
7.890000000000151559e+00 4.343435213033145281e+00
7.910000000000151132e+00 4.223501369957599394e+00
7.930000000000150706e+00 4.197197074013057083e+00
7.950000000000150280e+00 4.141249731987399763e+00
7.970000000000149853e+00 4.062158490041814396e+00
7.990000000000149427e+00 4.067373916794370992e+00
8.010000000000149001e+00 4.021382698015865564e+00
8.030000000000148574e+00 3.922162941404935932e+00
8.050000000000148148e+00 3.853940256408332043e+00
8.070000000000147722e+00 3.794025013891379583e+00
8.090000000000147296e+00 3.828607253541508992e+00
8.110000000000146869e+00 3.772572725769483881e+00
8.130000000000146443e+00 3.695961676831499343e+00
8.150000000000146017e+00 3.651180452870443904e+00
8.170000000000145590e+00 3.606549734781247185e+00
8.190000000000145164e+00 3.574770080652720505e+00
8.210000000000144738e+00 3.579352775748014359e+00
8.230000000000144311e+00 3.452975978299930304e+00
8.250000000000143885e+00 3.440835143305781330e+00
8.270000000000143459e+00 3.416343837918148996e+00
8.290000000000143032e+00 3.305649185165000947e+00
8.310000000000142606e+00 3.346559853456353206e+00
8.330000000000142180e+00 3.276274141175635535e+00
8.350000000000141753e+00 3.252839406287304946e+00
8.370000000000141327e+00 3.131541715748822341e+00
8.390000000000140901e+00 3.136367167245148302e+00
8.410000000000140474e+00 3.132720108599620801e+00
8.430000000000140048e+00 3.058590365502022124e+00
8.450000000000139622e+00 3.022264546251459016e+00
8.470000000000139195e+00 2.943230636617204521e+00
8.490000000000138769e+00 2.917828689171825474e+00
8.510000000000138343e+00 2.915206514838290186e+00
8.530000000000137916e+00 2.870573245702765508e+00
8.550000000000137490e+00 2.910149839372922376e+00
8.570000000000137064e+00 2.836546010650987437e+00
8.590000000000136637e+00 2.795400530959594843e+00
8.610000000000136211e+00 2.739445564018561985e+00
8.630000000000135785e+00 2.681474288560354857e+00
8.650000000000135358e+00 2.649810847150442239e+00
8.670000000000134932e+00 2.621011876356995618e+00
8.690000000000134506e+00 2.579332234803364710e+00
8.710000000000134079e+00 2.537436478123155315e+00
8.730000000000133653e+00 2.536465350588667622e+00
8.750000000000133227e+00 2.503682376858374692e+00
8.770000000000132800e+00 2.441426317976524984e+00
8.790000000000132374e+00 2.440645447877585195e+00
8.810000000000131948e+00 2.393223009208662599e+00
8.830000000000131521e+00 2.368239969463437067e+00
8.850000000000131095e+00 2.329440553825007587e+00
8.870000000000130669e+00 2.298348691647265518e+00
8.890000000000130242e+00 2.285809660769827723e+00
8.910000000000129816e+00 2.245986919870457399e+00
8.930000000000129390e+00 2.193603740962761783e+00
8.950000000000128964e+00 2.162945302287378802e+00
8.970000000000128537e+00 2.130982766141031437e+00
8.990000000000128111e+00 2.122371210203957581e+00
9.010000000000127685e+00 2.076180810096125651e+00
9.030000000000127258e+00 2.061701014577507873e+00
9.050000000000126832e+00 2.026642278222243299e+00
9.070000000000126406e+00 2.018948441637106406e+00
9.090000000000125979e+00 1.971852040834941144e+00
9.110000000000125553e+00 1.948947675218307918e+00
9.130000000000125127e+00 1.935166467521994171e+00
9.150000000000124700e+00 1.926360558918258636e+00
9.170000000000124274e+00 1.861084595046286871e+00
9.190000000000123848e+00 1.824442084414800602e+00
9.210000000000123421e+00 1.766422793653519951e+00
9.230000000000122995e+00 1.789401249142116956e+00
9.250000000000122569e+00 1.732585154274977279e+00
9.270000000000122142e+00 1.734341212061761617e+00
9.290000000000121716e+00 1.687108800491525562e+00
9.310000000000121290e+00 1.699436725896914302e+00
9.330000000000120863e+00 1.651882723056030455e+00
9.350000000000120437e+00 1.654570533831618340e+00
9.370000000000120011e+00 1.621186234459315090e+00
9.390000000000119584e+00 1.574865488176527606e+00
9.410000000000119158e+00 1.545885214926035811e+00
9.430000000000118732e+00 1.536468087452848907e+00
9.450000000000118305e+00 1.486132805771406273e+00
9.470000000000117879e+00 1.481770981237987339e+00
9.490000000000117453e+00 1.457438087959326500e+00
9.510000000000117026e+00 1.434986298661889981e+00
9.530000000000116600e+00 1.452258352189562896e+00
9.550000000000116174e+00 1.382350882142227011e+00
9.570000000000115747e+00 1.382823282325214898e+00
9.590000000000115321e+00 1.321438498290423924e+00
9.610000000000114895e+00 1.343163593382380450e+00
9.630000000000114468e+00 1.282831477162443168e+00
9.650000000000114042e+00 1.297859242568581983e+00
9.670000000000113616e+00 1.288405461027351206e+00
9.690000000000113189e+00 1.240015889802503324e+00
9.710000000000112763e+00 1.215372617524043131e+00
9.730000000000112337e+00 1.192977373940191654e+00
9.750000000000111910e+00 1.191316397649669456e+00
9.770000000000111484e+00 1.179590279529292962e+00
9.790000000000111058e+00 1.144637891469191260e+00
9.810000000000110632e+00 1.117970137209578496e+00
9.830000000000110205e+00 1.109904640514392415e+00
9.850000000000109779e+00 1.076915149684176010e+00
9.870000000000109353e+00 1.082738452873368340e+00
9.890000000000108926e+00 1.051133498036534109e+00
9.910000000000108500e+00 1.017350350974634887e+00
9.930000000000108074e+00 1.023481360236654147e+00
9.950000000000107647e+00 1.006802026398666117e+00
9.970000000000107221e+00 1.013184548064508084e+00
9.990000000000106795e+00 9.683980193092176503e-01
1.001000000000010637e+01 9.572123565636739828e-01
1.003000000000010594e+01 9.285651670928015688e-01
1.005000000000010552e+01 9.012628107297615543e-01
1.007000000000010509e+01 8.906708447919939875e-01
1.009000000000010466e+01 8.910858652085622555e-01
1.011000000000010424e+01 8.812069069142443034e-01
1.013000000000010381e+01 8.723727883352588863e-01
1.015000000000010338e+01 8.576927331153344491e-01
1.017000000000010296e+01 8.487980358541498127e-01
1.019000000000010253e+01 7.923866923585364264e-01
1.021000000000010210e+01 8.096834634630459826e-01
1.023000000000010168e+01 7.876351620090250583e-01
1.025000000000010125e+01 7.841974017671379249e-01
1.027000000000010083e+01 7.486586411984098577e-01
1.029000000000010040e+01 7.765439995509634263e-01
1.031000000000009997e+01 7.302883951102044913e-01
1.033000000000009955e+01 7.184993866622523262e-01
1.035000000000009912e+01 7.274306144572948440e-01
1.037000000000009869e+01 7.299486510704475961e-01
1.039000000000009827e+01 6.865613240842221021e-01
1.041000000000009784e+01 6.815885166444755061e-01
1.043000000000009742e+01 6.762790991774012550e-01
1.045000000000009699e+01 6.677992777336901886e-01
1.047000000000009656e+01 6.337511756169097454e-01
1.049000000000009614e+01 6.526850336941717456e-01
1.051000000000009571e+01 6.193413251292372301e-01
1.053000000000009528e+01 6.168027477004635051e-01
1.055000000000009486e+01 6.207489612530719958e-01
1.057000000000009443e+01 6.256186791946303227e-01
1.059000000000009400e+01 6.003136399778401522e-01
1.061000000000009358e+01 5.989255299243053665e-01
1.063000000000009315e+01 5.561093223936122154e-01
1.065000000000009273e+01 5.616193378021273608e-01
1.067000000000009230e+01 5.436432878894806864e-01
1.069000000000009187e+01 5.653809864273321439e-01
1.071000000000009145e+01 5.470646291111932458e-01
1.073000000000009102e+01 5.510498135685968357e-01
1.075000000000009059e+01 5.427335735768004099e-01
1.077000000000009017e+01 5.157075592341620052e-01
1.079000000000008974e+01 5.019141136879835541e-01
1.081000000000008932e+01 5.042428646219935251e-01
1.083000000000008889e+01 5.048192006990737113e-01
1.085000000000008846e+01 5.045888047557761658e-01
1.087000000000008804e+01 4.743630553975987096e-01
1.089000000000008761e+01 4.944882356134280288e-01
1.091000000000008718e+01 4.688092132122052003e-01
1.093000000000008676e+01 4.559185918853392305e-01
1.095000000000008633e+01 4.663081966171555015e-01
1.097000000000008590e+01 4.549932012799344783e-01
1.099000000000008548e+01 4.552151512068038364e-01
1.101000000000008505e+01 4.475772508736944877e-01
1.103000000000008463e+01 4.377939031427204863e-01
1.105000000000008420e+01 4.154380468518006353e-01
1.107000000000008377e+01 4.440489473460529357e-01
1.109000000000008335e+01 4.132465255600966114e-01
1.111000000000008292e+01 4.078888922638747583e-01
1.113000000000008249e+01 4.199694275854575221e-01
1.115000000000008207e+01 3.814596607978844034e-01
1.117000000000008164e+01 3.972125503363833077e-01
1.119000000000008122e+01 4.060146049253436917e-01
1.121000000000008079e+01 3.786248541784261179e-01
1.123000000000008036e+01 3.855220645564645943e-01
1.125000000000007994e+01 3.760725873267954378e-01
1.127000000000007951e+01 3.542538414578454420e-01
1.129000000000007908e+01 3.823192342689378243e-01
1.131000000000007866e+01 3.632514631500738944e-01
1.133000000000007823e+01 3.544009157679164357e-01
1.135000000000007780e+01 3.329789036153759096e-01
1.137000000000007738e+01 3.447405312052740922e-01
1.139000000000007695e+01 3.433691701379928407e-01
1.141000000000007653e+01 3.478250263229560879e-01
1.143000000000007610e+01 3.238136472593581283e-01
1.145000000000007567e+01 3.277465356901839710e-01
1.147000000000007525e+01 3.170651093007406662e-01
1.149000000000007482e+01 3.047001348803899945e-01
1.151000000000007439e+01 3.072207030742569178e-01
1.153000000000007397e+01 3.024236758938579350e-01
1.155000000000007354e+01 2.965330766423656672e-01
1.157000000000007311e+01 2.979756013973980933e-01
1.159000000000007269e+01 2.824364769263535968e-01
1.161000000000007226e+01 2.860445719167856171e-01
1.163000000000007184e+01 2.943094996555125076e-01
1.165000000000007141e+01 2.823130007102623851e-01
1.167000000000007098e+01 2.593688350383718810e-01
1.169000000000007056e+01 2.573560636021297587e-01
1.171000000000007013e+01 2.572419014013127003e-01
1.173000000000006970e+01 2.521107582667161395e-01
1.175000000000006928e+01 2.506598150121688295e-01
1.177000000000006885e+01 2.480707688790304566e-01
1.179000000000006843e+01 2.385881750075470320e-01
1.181000000000006800e+01 2.424813712392746845e-01
1.183000000000006757e+01 2.279331021999773943e-01
1.185000000000006715e+01 2.313398487242051549e-01
1.187000000000006672e+01 2.172930076196806226e-01
1.189000000000006629e+01 2.136292901837366920e-01
1.191000000000006587e+01 2.142571546442678665e-01
1.193000000000006544e+01 2.112658002963501147e-01
1.195000000000006501e+01 2.007809903325011303e-01
1.197000000000006459e+01 2.013497995613233726e-01
1.199000000000006416e+01 1.957012150673399786e-01
1.201000000000006374e+01 1.975363890771588415e-01
1.203000000000006331e+01 1.793131208793072029e-01
1.205000000000006288e+01 1.860234886852455694e-01
1.207000000000006246e+01 1.739087312198321078e-01
1.209000000000006203e+01 1.737030771275382135e-01
1.211000000000006160e+01 1.675198646916222500e-01
1.213000000000006118e+01 1.696890043225309785e-01
1.215000000000006075e+01 1.485498739964698778e-01
1.217000000000006033e+01 1.662651529107112558e-01
1.219000000000005990e+01 1.545190060022241241e-01
1.221000000000005947e+01 1.470265712001108949e-01
1.223000000000005905e+01 1.406581777713929449e-01
1.225000000000005862e+01 1.422023534395936428e-01
1.227000000000005819e+01 1.416368175783556116e-01
1.229000000000005777e+01 1.375221130927971047e-01
1.231000000000005734e+01 1.314050988753090177e-01
1.233000000000005691e+01 1.319734970660930151e-01
1.235000000000005649e+01 1.230389137182867909e-01
1.237000000000005606e+01 1.168272613373506352e-01
1.239000000000005564e+01 1.153558846898293661e-01
1.241000000000005521e+01 1.100642076816903264e-01
1.243000000000005478e+01 1.110773554807862884e-01
1.245000000000005436e+01 1.157517264575188415e-01
1.247000000000005393e+01 1.032142157794937037e-01
1.249000000000005350e+01 9.776539333737564730e-02
1.251000000000005308e+01 9.323060691148250811e-02
1.253000000000005265e+01 9.559971875382443363e-02
1.255000000000005222e+01 1.032825249565986203e-01
1.257000000000005180e+01 9.683308910657147106e-02
1.259000000000005137e+01 8.758908560818604028e-02
1.261000000000005095e+01 8.386469792610097562e-02
1.263000000000005052e+01 7.989367774125176458e-02
1.265000000000005009e+01 8.286968992712716309e-02
1.267000000000004967e+01 7.687862255857279281e-02
1.269000000000004924e+01 7.302621062230899018e-02
1.271000000000004881e+01 7.344522442460936495e-02
1.273000000000004839e+01 7.111246010525605621e-02
1.275000000000004796e+01 7.269778862084923243e-02
1.277000000000004754e+01 6.615788283791279589e-02
1.279000000000004711e+01 6.966704326537298542e-02
1.281000000000004668e+01 6.273121526784318502e-02
1.283000000000004626e+01 6.618384453458131533e-02
1.285000000000004583e+01 5.928794943843136017e-02
1.287000000000004540e+01 5.657419815698014331e-02
1.289000000000004498e+01 6.002659117626459040e-02
1.291000000000004455e+01 5.397553973565612229e-02
1.293000000000004412e+01 5.128308610962615394e-02
1.295000000000004370e+01 5.667855790639340918e-02
1.297000000000004327e+01 5.122252252499890496e-02
1.299000000000004285e+01 4.661026646337488449e-02
1.301000000000004242e+01 4.896621920318600107e-02
1.303000000000004199e+01 4.576665020518213417e-02
1.305000000000004157e+01 4.857452940554490839e-02
1.307000000000004114e+01 4.401656765242527997e-02
1.309000000000004071e+01 4.727072718246453503e-02
1.311000000000004029e+01 4.286240447119949587e-02
1.313000000000003986e+01 3.968447800632329825e-02
1.315000000000003944e+01 4.175721744713289246e-02
1.317000000000003901e+01 3.638841227360037345e-02
1.319000000000003858e+01 3.914315211416653784e-02
1.321000000000003816e+01 4.478277270600877075e-02
1.323000000000003773e+01 3.508211040424590033e-02
1.325000000000003730e+01 3.354707590148725549e-02
1.327000000000003688e+01 3.638139226737267806e-02
1.329000000000003645e+01 3.203204357235935745e-02
1.331000000000003602e+01 3.154543298211805180e-02
1.333000000000003560e+01 4.272793524662471532e-02
1.335000000000003517e+01 3.409987386560855982e-02
1.337000000000003475e+01 2.969848390417158604e-02
1.339000000000003432e+01 3.229812182967855411e-02
1.341000000000003389e+01 3.157562231300661826e-02
1.343000000000003347e+01 2.804467896884022329e-02
1.345000000000003304e+01 3.033484490392704749e-02
1.347000000000003261e+01 2.983425083721862395e-02
1.349000000000003219e+01 2.670732077639934032e-02
1.351000000000003176e+01 3.199754283219277684e-02
1.353000000000003133e+01 2.562201357532099474e-02
1.355000000000003091e+01 2.849458598365236725e-02
1.357000000000003048e+01 3.090312266403393016e-02
1.359000000000003006e+01 3.055749692881858104e-02
1.361000000000002963e+01 2.405239085215930481e-02
1.363000000000002920e+01 2.365019333151551634e-02
1.365000000000002878e+01 2.646577301317662792e-02
1.367000000000002835e+01 2.320659388714759949e-02
1.369000000000002792e+01 2.567172848109395764e-02
1.371000000000002750e+01 2.848936553891733003e-02
1.373000000000002707e+01 2.791666362258048845e-02
1.375000000000002665e+01 2.208564835105132976e-02
1.377000000000002622e+01 2.170683496355087574e-02
1.379000000000002579e+01 2.428271562280218121e-02
1.381000000000002537e+01 2.404306876550455635e-02
1.383000000000002494e+01 2.410081505966868778e-02
1.385000000000002451e+01 2.355951593872968042e-02
1.387000000000002409e+01 2.336162721182073049e-02
1.389000000000002366e+01 2.617031249481399299e-02
1.391000000000002323e+01 2.265478999313765007e-02
1.393000000000002281e+01 2.006497987103428998e-02
1.395000000000002238e+01 2.259288038118967626e-02
1.397000000000002196e+01 1.974300381012995126e-02
1.399000000000002153e+01 1.967822907596200252e-02
1.401000000000002110e+01 1.959118358462478074e-02
1.403000000000002068e+01 1.687126895849755739e-02
1.405000000000002025e+01 2.239285861405039199e-02
1.407000000000001982e+01 1.923968961631401797e-02
1.409000000000001940e+01 1.899265846599985236e-02
1.411000000000001897e+01 1.372864675302521917e-02
1.413000000000001855e+01 1.363621749638536766e-02
1.415000000000001812e+01 1.612331354048619422e-02
1.417000000000001769e+01 8.403963670887691292e-03
1.419000000000001727e+01 8.347546637172667885e-03
1.421000000000001684e+01 8.263715939647125336e-03
1.423000000000001641e+01 1.346971466523748731e-02
1.425000000000001599e+01 8.162692195944039678e-03
1.427000000000001556e+01 5.539001567693956941e-03
1.429000000000001513e+01 8.263983697759528027e-03
1.431000000000001471e+01 2.831580575870254034e-03
1.433000000000001428e+01 2.822551370889730352e-03
1.435000000000001386e+01 2.796276371923712197e-03
1.437000000000001343e+01 2.765175008563232079e-03
1.439000000000001300e+01 2.735512427484303871e-03
1.441000000000001258e+01 2.721863368261536430e-03
1.443000000000001215e+01 2.708398221254950441e-03
1.445000000000001172e+01 2.695084598287588677e-03
1.447000000000001130e+01 1.816274920808179412e-05
1.449000000000001087e+01 8.038062109637099902e-06
1.451000000000001044e+01 1.118949851413843547e-16
1.453000000000001002e+01 3.790616875387174977e-17
1.455000000000000959e+01 3.104316802274623260e-17
1.457000000000000917e+01 2.545219048518253294e-17
1.459000000000000874e+01 0.000000000000000000e+00
1.461000000000000831e+01 0.000000000000000000e+00
1.463000000000000789e+01 0.000000000000000000e+00
1.465000000000000746e+01 0.000000000000000000e+00
1.467000000000000703e+01 0.000000000000000000e+00
1.469000000000000661e+01 0.000000000000000000e+00
1.471000000000000618e+01 0.000000000000000000e+00
1.473000000000000576e+01 0.000000000000000000e+00
1.475000000000000533e+01 0.000000000000000000e+00
1.477000000000000490e+01 0.000000000000000000e+00
1.479000000000000448e+01 0.000000000000000000e+00
1.481000000000000405e+01 0.000000000000000000e+00
1.483000000000000362e+01 0.000000000000000000e+00
1.485000000000000320e+01 0.000000000000000000e+00
1.487000000000000277e+01 0.000000000000000000e+00
1.489000000000000234e+01 0.000000000000000000e+00
1.491000000000000192e+01 0.000000000000000000e+00
1.493000000000000149e+01 0.000000000000000000e+00
1.495000000000000107e+01 0.000000000000000000e+00
1.497000000000000064e+01 0.000000000000000000e+00
1.499000000000000021e+01 0.000000000000000000e+00
