# Redshift		Merger Rate Density [Gpc^-3yr^-1]
1.000000000031931770e-02 9.593373073784782434e+00
3.000000000031888964e-02 9.599422321338833441e+00
5.000000000031846331e-02 1.008940617264219952e+01
7.000000000031804392e-02 1.027433082620679272e+01
9.000000000031761760e-02 1.081701879974017722e+01
1.100000000003171913e-01 1.111270828962853585e+01
1.300000000003167511e-01 1.138299370786461928e+01
1.500000000003163247e-01 1.168112875790685656e+01
1.700000000003158984e-01 1.232324712899999675e+01
1.900000000003154721e-01 1.229013450282294784e+01
2.100000000003150458e-01 1.258605679870211524e+01
2.300000000003146194e-01 1.308565645199859340e+01
2.500000000003141931e-01 1.328973546944878947e+01
2.700000000003137668e-01 1.362246406524216091e+01
2.900000000003133405e-01 1.365865068082304923e+01
3.100000000003129141e-01 1.431738080077625597e+01
3.300000000003124878e-01 1.432525298644239520e+01
3.500000000003120615e-01 1.479388957245155289e+01
3.700000000003116352e-01 1.551455485609683826e+01
3.900000000003112088e-01 1.552196163427513120e+01
4.100000000003107825e-01 1.612966341099790313e+01
4.300000000003103562e-01 1.631453795913083482e+01
4.500000000003099299e-01 1.673785017793961671e+01
4.700000000003095035e-01 1.715653692175185085e+01
4.900000000003090772e-01 1.732428015702798163e+01
5.100000000003086509e-01 1.809758669691892052e+01
5.300000000003082246e-01 1.833354623407108264e+01
5.500000000003077982e-01 1.852252828544820318e+01
5.700000000003073719e-01 1.952982193418436552e+01
5.900000000003069456e-01 1.937899290692577026e+01
6.100000000003065193e-01 2.012336139742721031e+01
6.300000000003060929e-01 2.103110675596026979e+01
6.500000000003056666e-01 2.121811638114321497e+01
6.700000000003052403e-01 2.166183951160372700e+01
6.900000000003048140e-01 2.200498831993728999e+01
7.100000000003043876e-01 2.243952935464873377e+01
7.300000000003039613e-01 2.343359032266958764e+01
7.500000000003035350e-01 2.281523492682183374e+01
7.700000000003031086e-01 2.466811420820591394e+01
7.900000000003026823e-01 2.427065538615810425e+01
8.100000000003022560e-01 2.497500685209307747e+01
8.300000000003018297e-01 2.518664228257730286e+01
8.500000000003014033e-01 2.620986568226313551e+01
8.700000000003009770e-01 2.673471540951871006e+01
8.900000000003005507e-01 2.638380369706591111e+01
9.100000000003001244e-01 2.685788336789103070e+01
9.300000000002996980e-01 2.831684131781793567e+01
9.500000000002992717e-01 2.829275737553049197e+01
9.700000000002988454e-01 2.834181240476633334e+01
9.900000000002984191e-01 3.008798796695809230e+01
1.010000000000297993e+00 2.983998047544696774e+01
1.030000000000297566e+00 3.065254292557865767e+01
1.050000000000297140e+00 3.085926316295876859e+01
1.070000000000296714e+00 3.149326218943864220e+01
1.090000000000296287e+00 3.160508358465031264e+01
1.110000000000295861e+00 3.187025226567722669e+01
1.130000000000295435e+00 3.312699990959242768e+01
1.150000000000295008e+00 3.323623024830706640e+01
1.170000000000294582e+00 3.317017393927432778e+01
1.190000000000294156e+00 3.361430031381978978e+01
1.210000000000293729e+00 3.313254287045887736e+01
1.230000000000293303e+00 3.428479370040432883e+01
1.250000000000292877e+00 3.465344528645794497e+01
1.270000000000292451e+00 3.466121502970847956e+01
1.290000000000292024e+00 3.469017515069410962e+01
1.310000000000291598e+00 3.528245090943470785e+01
1.330000000000291172e+00 3.569084778992770879e+01
1.350000000000290745e+00 3.548307301194260077e+01
1.370000000000290319e+00 3.593407611730197004e+01
1.390000000000289893e+00 3.630510973268331298e+01
1.410000000000289466e+00 3.665354893509666567e+01
1.430000000000289040e+00 3.628908586578972972e+01
1.450000000000288614e+00 3.672121564593377485e+01
1.470000000000288187e+00 3.753083450823039868e+01
1.490000000000287761e+00 3.648723569064922145e+01
1.510000000000287335e+00 3.762065510813587110e+01
1.530000000000286908e+00 3.716874208654957101e+01
1.550000000000286482e+00 3.831267712529766811e+01
1.570000000000286056e+00 3.700218528746167834e+01
1.590000000000285629e+00 3.851468159675287950e+01
1.610000000000285203e+00 3.802435040282968259e+01
1.630000000000284777e+00 3.784471329964122788e+01
1.650000000000284350e+00 3.765583676351550935e+01
1.670000000000283924e+00 3.872559094214228992e+01
1.690000000000283498e+00 3.732104269322870493e+01
1.710000000000283071e+00 3.818289086047971637e+01
1.730000000000282645e+00 3.760306113341147949e+01
1.750000000000282219e+00 3.760031924970864026e+01
1.770000000000281792e+00 3.746691989231983655e+01
1.790000000000281366e+00 3.858815481074552878e+01
1.810000000000280940e+00 3.856802209403333137e+01
1.830000000000280513e+00 3.712707525150478460e+01
1.850000000000280087e+00 3.785985638930803532e+01
1.870000000000279661e+00 3.754219039567393423e+01
1.890000000000279234e+00 3.728901928263289989e+01
1.910000000000278808e+00 3.683510285587663446e+01
1.930000000000278382e+00 3.696067861935593868e+01
1.950000000000277955e+00 3.738187592039921725e+01
1.970000000000277529e+00 3.634080185861796508e+01
1.990000000000277103e+00 3.636631241445212481e+01
2.010000000000276899e+00 3.703449832393135921e+01
2.030000000000276472e+00 3.564527069127442616e+01
2.050000000000276046e+00 3.616747423607154133e+01
2.070000000000275620e+00 3.598115026179198850e+01
2.090000000000275193e+00 3.539081643643858399e+01
2.110000000000274767e+00 3.540867807531083855e+01
2.130000000000274341e+00 3.582647707592983721e+01
2.150000000000273914e+00 3.455524872867685815e+01
2.170000000000273488e+00 3.418225432203826131e+01
2.190000000000273062e+00 3.485936785433325724e+01
2.210000000000272635e+00 3.376528285903740567e+01
2.230000000000272209e+00 3.342370024645051529e+01
2.250000000000271783e+00 3.320917608895977935e+01
2.270000000000271356e+00 3.280231941467074108e+01
2.290000000000270930e+00 3.222896205041672602e+01
2.310000000000270504e+00 3.256282477600887404e+01
2.330000000000270077e+00 3.161778746452528921e+01
2.350000000000269651e+00 3.157004627423939525e+01
2.370000000000269225e+00 3.083515931556030409e+01
2.390000000000268798e+00 3.137896528024919363e+01
2.410000000000268372e+00 3.004056964909268501e+01
2.430000000000267946e+00 3.033714909831194362e+01
2.450000000000267519e+00 2.954914907210315889e+01
2.470000000000267093e+00 2.885627036879769847e+01
2.490000000000266667e+00 2.862234335556997777e+01
2.510000000000266240e+00 2.809831708128431771e+01
2.530000000000265814e+00 2.773611305487959910e+01
2.550000000000265388e+00 2.780685331372032465e+01
2.570000000000264961e+00 2.718866440642909055e+01
2.590000000000264535e+00 2.670654463366599174e+01
2.610000000000264109e+00 2.649976918960933503e+01
2.630000000000263682e+00 2.591053577038662326e+01
2.650000000000263256e+00 2.567261527676528843e+01
2.670000000000262830e+00 2.500398569008456917e+01
2.690000000000262403e+00 2.517687317322579332e+01
2.710000000000261977e+00 2.472319168991703364e+01
2.730000000000261551e+00 2.396665129422239815e+01
2.750000000000261124e+00 2.380250544002904078e+01
2.770000000000260698e+00 2.395747423759478778e+01
2.790000000000260272e+00 2.346802190040929403e+01
2.810000000000259845e+00 2.293513834371220739e+01
2.830000000000259419e+00 2.263506656212299362e+01
2.850000000000258993e+00 2.220335574061998329e+01
2.870000000000258567e+00 2.223274198141659852e+01
2.890000000000258140e+00 2.144098335833670532e+01
2.910000000000257714e+00 2.160049797157725138e+01
2.930000000000257288e+00 2.107416623893728413e+01
2.950000000000256861e+00 2.090068789468301702e+01
2.970000000000256435e+00 2.010470388030984878e+01
2.990000000000256009e+00 1.993222228624336267e+01
3.010000000000255582e+00 1.992709158823656423e+01
3.030000000000255156e+00 1.934771222049426598e+01
3.050000000000254730e+00 1.890125830245017013e+01
3.070000000000254303e+00 1.875820386980338483e+01
3.090000000000253877e+00 1.867142450687936517e+01
3.110000000000253451e+00 1.841873567223711916e+01
3.130000000000253024e+00 1.768449287685447047e+01
3.150000000000252598e+00 1.762839216809684117e+01
3.170000000000252172e+00 1.752801776085224006e+01
3.190000000000251745e+00 1.696423597133676964e+01
3.210000000000251319e+00 1.644776343097289839e+01
3.230000000000250893e+00 1.660336158174494514e+01
3.250000000000250466e+00 1.619644898240277442e+01
3.270000000000250040e+00 1.627376472533828178e+01
3.290000000000249614e+00 1.581197108668696316e+01
3.310000000000249187e+00 1.591059533754312483e+01
3.330000000000248761e+00 1.502319557564886843e+01
3.350000000000248335e+00 1.494642083383130249e+01
3.370000000000247908e+00 1.509811456601619817e+01
3.390000000000247482e+00 1.449554995702338367e+01
3.410000000000247056e+00 1.444099563900911321e+01
3.430000000000246629e+00 1.416577982913753075e+01
3.450000000000246203e+00 1.407050632965798265e+01
3.470000000000245777e+00 1.401865707421510976e+01
3.490000000000245350e+00 1.327385080338844325e+01
3.510000000000244924e+00 1.341860441278268645e+01
3.530000000000244498e+00 1.355870630864122539e+01
3.550000000000244071e+00 1.312871311188736456e+01
3.570000000000243645e+00 1.241537404251048571e+01
3.590000000000243219e+00 1.249799300595126006e+01
3.610000000000242792e+00 1.250225183882807656e+01
3.630000000000242366e+00 1.220343503240903971e+01
3.650000000000241940e+00 1.233191927728424986e+01
3.670000000000241513e+00 1.192423807341461561e+01
3.690000000000241087e+00 1.162591855169592492e+01
3.710000000000240661e+00 1.159461190278702070e+01
3.730000000000240234e+00 1.131971323688830999e+01
3.750000000000239808e+00 1.136023481174052741e+01
3.770000000000239382e+00 1.103033994059405742e+01
3.790000000000238956e+00 1.099268719540675932e+01
3.810000000000238529e+00 1.084860339951628028e+01
3.830000000000238103e+00 1.103612298037179329e+01
3.850000000000237677e+00 1.032782768633724757e+01
3.870000000000237250e+00 1.044170699817251169e+01
3.890000000000236824e+00 1.044130290384689985e+01
3.910000000000236398e+00 1.021822706600270614e+01
3.930000000000235971e+00 1.010115197748918803e+01
3.950000000000235545e+00 9.786738769743999811e+00
3.970000000000235119e+00 9.816912965305645500e+00
3.990000000000234692e+00 9.430879744824782307e+00
4.010000000000234266e+00 9.320325264600500148e+00
4.030000000000233840e+00 9.683345095842003758e+00
4.050000000000233413e+00 9.305537103135328891e+00
4.070000000000232987e+00 8.962248846630465948e+00
4.090000000000232561e+00 8.796694396008627237e+00
4.110000000000232134e+00 8.733508625572570239e+00
4.130000000000231708e+00 9.318024103179567419e+00
4.150000000000231282e+00 8.364559974438581236e+00
4.170000000000230855e+00 8.433120018960449826e+00
4.190000000000230429e+00 8.528676559552025083e+00
4.210000000000230003e+00 8.255695405599297487e+00
4.230000000000229576e+00 8.152390508550711345e+00
4.250000000000229150e+00 7.967435449880414744e+00
4.270000000000228724e+00 7.835900609303442010e+00
4.290000000000228297e+00 7.795951026410740781e+00
4.310000000000227871e+00 7.755876890795676992e+00
4.330000000000227445e+00 7.590887800321328704e+00
4.350000000000227018e+00 7.519315644089425099e+00
4.370000000000226592e+00 7.322766995566285964e+00
4.390000000000226166e+00 7.328064089654203528e+00
4.410000000000225739e+00 7.135473445439096452e+00
4.430000000000225313e+00 7.175553103895765616e+00
4.450000000000224887e+00 7.029863983733226185e+00
4.470000000000224460e+00 6.905419663366663130e+00
4.490000000000224034e+00 6.726867859743561162e+00
4.510000000000223608e+00 6.868050570456677661e+00
4.530000000000223181e+00 6.755406156293811470e+00
4.550000000000222755e+00 6.722074760668497184e+00
4.570000000000222329e+00 6.549715530504768957e+00
4.590000000000221902e+00 6.424378366078489222e+00
4.610000000000221476e+00 6.288469159699324074e+00
4.630000000000221050e+00 6.274406835575750740e+00
4.650000000000220624e+00 6.213843853533134620e+00
4.670000000000220197e+00 6.215016744867781107e+00
4.690000000000219771e+00 6.133023853008123361e+00
4.710000000000219345e+00 6.167509961694111809e+00
4.730000000000218918e+00 6.101469803509107059e+00
4.750000000000218492e+00 6.087644659670787384e+00
4.770000000000218066e+00 5.960619614683390743e+00
4.790000000000217639e+00 5.741969631839129562e+00
4.810000000000217213e+00 5.729647843041727029e+00
4.830000000000216787e+00 5.815394352940368883e+00
4.850000000000216360e+00 5.663606867152211066e+00
4.870000000000215934e+00 5.608270880033991546e+00
4.890000000000215508e+00 5.503006988795232424e+00
4.910000000000215081e+00 5.435199661678488781e+00
4.930000000000214655e+00 5.454609297838941551e+00
4.950000000000214229e+00 5.450885391513980771e+00
4.970000000000213802e+00 5.237167540701096691e+00
4.990000000000213376e+00 5.317174162436222318e+00
5.010000000000212950e+00 5.273826791206939646e+00
5.030000000000212523e+00 5.262534012975822684e+00
5.050000000000212097e+00 5.187725110130237738e+00
5.070000000000211671e+00 5.268136566605734927e+00
5.090000000000211244e+00 4.939949877489465457e+00
5.110000000000210818e+00 4.931019168683960174e+00
5.130000000000210392e+00 4.988999907350638807e+00
5.150000000000209965e+00 4.937836702212112350e+00
5.170000000000209539e+00 4.992134263178336973e+00
5.190000000000209113e+00 4.830288789913994130e+00
5.210000000000208686e+00 4.878787785587372916e+00
5.230000000000208260e+00 4.721699684375467498e+00
5.250000000000207834e+00 4.654521581875370906e+00
5.270000000000207407e+00 4.817736865458300599e+00
5.290000000000206981e+00 4.754669856914016890e+00
5.310000000000206555e+00 4.608540737977707913e+00
5.330000000000206128e+00 4.684791456078153615e+00
5.350000000000205702e+00 4.541280435840305607e+00
5.370000000000205276e+00 4.737695646389164850e+00
5.390000000000204849e+00 4.590558312116971074e+00
5.410000000000204423e+00 4.577820505427362185e+00
5.430000000000203997e+00 4.625235649008367922e+00
5.450000000000203570e+00 4.604319903518437229e+00
5.470000000000203144e+00 4.513835610585104519e+00
5.490000000000202718e+00 4.574145329082794476e+00
5.510000000000202292e+00 4.547807653546526829e+00
5.530000000000201865e+00 4.605113086504011299e+00
5.550000000000201439e+00 4.540283519762797759e+00
5.570000000000201013e+00 4.630003613651257233e+00
5.590000000000200586e+00 4.607160093175693305e+00
5.610000000000200160e+00 4.557209740009331433e+00
5.630000000000199734e+00 4.661400367361473229e+00
5.650000000000199307e+00 4.708671085330277783e+00
5.670000000000198881e+00 4.857524405587579253e+00
5.690000000000198455e+00 4.779382646848037375e+00
5.710000000000198028e+00 4.833539845161253012e+00
5.730000000000197602e+00 4.864158580917491648e+00
5.750000000000197176e+00 4.982928572399419664e+00
5.770000000000196749e+00 4.971344616709859388e+00
5.790000000000196323e+00 5.112003941381535910e+00
5.810000000000195897e+00 5.194334359203077511e+00
5.830000000000195470e+00 5.180479786075331106e+00
5.850000000000195044e+00 5.415604731705510488e+00
5.870000000000194618e+00 5.280931848036795273e+00
5.890000000000194191e+00 5.373459221905421579e+00
5.910000000000193765e+00 5.608955522134089655e+00
5.930000000000193339e+00 5.729630752991474729e+00
5.950000000000192912e+00 5.812538397799341894e+00
5.970000000000192486e+00 5.865419033507060398e+00
5.990000000000192060e+00 5.913627508569684110e+00
6.010000000000191633e+00 6.034365770893560743e+00
6.030000000000191207e+00 6.247762089526770701e+00
6.050000000000190781e+00 6.374778967652436457e+00
6.070000000000190354e+00 6.544471212035944951e+00
6.090000000000189928e+00 6.708150257199681832e+00
6.110000000000189502e+00 6.793060879150473852e+00
6.130000000000189075e+00 6.816389443537360648e+00
6.150000000000188649e+00 6.990973244780492202e+00
6.170000000000188223e+00 7.161928311235707056e+00
6.190000000000187796e+00 7.371045394919947036e+00
6.210000000000187370e+00 7.351845671700723450e+00
6.230000000000186944e+00 7.995957045713433686e+00
6.250000000000186517e+00 7.706244798499873205e+00
6.270000000000186091e+00 8.042191380382242016e+00
6.290000000000185665e+00 8.181827967362949039e+00
6.310000000000185238e+00 8.278810324310349245e+00
6.330000000000184812e+00 8.445256235439655867e+00
6.350000000000184386e+00 8.510581624422565383e+00
6.370000000000183960e+00 8.837885037924110065e+00
6.390000000000183533e+00 9.151875985568711513e+00
6.410000000000183107e+00 9.111086147479079855e+00
6.430000000000182681e+00 9.199359124166020862e+00
6.450000000000182254e+00 9.425565228532569506e+00
6.470000000000181828e+00 9.557829621802156339e+00
6.490000000000181402e+00 1.010486468353842859e+01
6.510000000000180975e+00 1.004110103643794361e+01
6.530000000000180549e+00 1.030225097645815424e+01
6.550000000000180123e+00 1.033546664827734141e+01
6.570000000000179696e+00 1.056755729449951708e+01
6.590000000000179270e+00 1.065248666361740781e+01
6.610000000000178844e+00 1.097586057042189545e+01
6.630000000000178417e+00 1.107743486387881937e+01
6.650000000000177991e+00 1.125568794359297975e+01
6.670000000000177565e+00 1.160223987488738828e+01
6.690000000000177138e+00 1.149267266990367453e+01
6.710000000000176712e+00 1.163131012855692781e+01
6.730000000000176286e+00 1.176782992900161418e+01
6.750000000000175859e+00 1.191740184247433199e+01
6.770000000000175433e+00 1.205565085861601027e+01
6.790000000000175007e+00 1.227478031454291418e+01
6.810000000000174580e+00 1.240311425336581053e+01
6.830000000000174154e+00 1.237391414938572254e+01
6.850000000000173728e+00 1.240219402973054841e+01
6.870000000000173301e+00 1.260534891085213260e+01
6.890000000000172875e+00 1.268895329022021379e+01
6.910000000000172449e+00 1.292922653955925405e+01
6.930000000000172022e+00 1.313861245249442433e+01
6.950000000000171596e+00 1.302595178942632259e+01
6.970000000000171170e+00 1.308152265768235267e+01
6.990000000000170743e+00 1.315095755565448243e+01
7.010000000000170317e+00 1.319240158987132716e+01
7.030000000000169891e+00 1.330097044952491636e+01
7.050000000000169464e+00 1.332660616237591178e+01
7.070000000000169038e+00 1.337107236867004367e+01
7.090000000000168612e+00 1.341567884132340360e+01
7.110000000000168185e+00 1.343552002559596481e+01
7.130000000000167759e+00 1.330346944407318333e+01
7.150000000000167333e+00 1.364749295423948894e+01
7.170000000000166906e+00 1.362795766624049065e+01
7.190000000000166480e+00 1.367137102206318033e+01
7.210000000000166054e+00 1.372828141609063657e+01
7.230000000000165628e+00 1.362331194688053060e+01
7.250000000000165201e+00 1.388715966082628839e+01
7.270000000000164775e+00 1.374904787379383642e+01
7.290000000000164349e+00 1.379608678837034397e+01
7.310000000000163922e+00 1.400642526624486273e+01
7.330000000000163496e+00 1.371129174907966686e+01
7.350000000000163070e+00 1.411703897192430368e+01
7.370000000000162643e+00 1.391238952884570779e+01
7.390000000000162217e+00 1.413246909217760461e+01
7.410000000000161791e+00 1.416986076379613024e+01
7.430000000000161364e+00 1.403818374625229914e+01
7.450000000000160938e+00 1.405426123964088170e+01
7.470000000000160512e+00 1.413838166845127375e+01
7.490000000000160085e+00 1.431208267532425893e+01
7.510000000000159659e+00 1.405960070544253071e+01
7.530000000000159233e+00 1.395665942056097819e+01
7.550000000000158806e+00 1.426456435552442592e+01
7.570000000000158380e+00 1.405102565281302063e+01
7.590000000000157954e+00 1.439316488507686564e+01
7.610000000000157527e+00 1.454123256043063250e+01
7.630000000000157101e+00 1.444787557256797328e+01
7.650000000000156675e+00 1.428475609618073605e+01
7.670000000000156248e+00 1.440735088753113935e+01
7.690000000000155822e+00 1.459866971530292368e+01
7.710000000000155396e+00 1.488046309750981244e+01
7.730000000000154969e+00 1.488606169165243287e+01
7.750000000000154543e+00 1.475406788580873751e+01
7.770000000000154117e+00 1.488998500640377998e+01
7.790000000000153690e+00 1.484899345884017130e+01
7.810000000000153264e+00 1.496465721555516382e+01
7.830000000000152838e+00 1.529019005706740053e+01
7.850000000000152411e+00 1.529820894389024133e+01
7.870000000000151985e+00 1.522530465386116028e+01
7.890000000000151559e+00 1.556069603397671663e+01
7.910000000000151132e+00 1.536550020882834566e+01
7.930000000000150706e+00 1.562260848600550389e+01
7.950000000000150280e+00 1.579887872648951408e+01
7.970000000000149853e+00 1.582172992756686192e+01
7.990000000000149427e+00 1.604336882614356696e+01
8.010000000000149001e+00 1.595887185503720573e+01
8.030000000000148574e+00 1.626472697396252087e+01
8.050000000000148148e+00 1.634233127945680764e+01
8.070000000000147722e+00 1.639791220498828395e+01
8.090000000000147296e+00 1.648417173359624854e+01
8.110000000000146869e+00 1.662484340880343225e+01
8.130000000000146443e+00 1.690231819818768955e+01
8.150000000000146017e+00 1.705838029820282742e+01
8.170000000000145590e+00 1.719006297831609231e+01
8.190000000000145164e+00 1.731964953824908093e+01
8.210000000000144738e+00 1.757055633114376647e+01
8.230000000000144311e+00 1.754987657279126267e+01
8.250000000000143885e+00 1.775303842157473255e+01
8.270000000000143459e+00 1.769572950250437415e+01
8.290000000000143032e+00 1.796504957957681725e+01
8.310000000000142606e+00 1.795693141374026069e+01
8.330000000000142180e+00 1.809931879369520047e+01
8.350000000000141753e+00 1.853921912041020192e+01
8.370000000000141327e+00 1.852360564131650378e+01
8.390000000000140901e+00 1.848203337682506842e+01
8.410000000000140474e+00 1.865297983493302425e+01
8.430000000000140048e+00 1.888404300412883785e+01
8.450000000000139622e+00 1.903847825230032953e+01
8.470000000000139195e+00 1.913473619284222949e+01
8.490000000000138769e+00 1.943859634356896038e+01
8.510000000000138343e+00 1.950259825334830666e+01
8.530000000000137916e+00 1.959130752451726920e+01
8.550000000000137490e+00 1.982444537365304171e+01
8.570000000000137064e+00 1.978774736263767053e+01
8.590000000000136637e+00 2.003788149473510671e+01
8.610000000000136211e+00 2.001253464305787588e+01
8.630000000000135785e+00 2.027533291193584475e+01
8.650000000000135358e+00 2.031975005322395589e+01
8.670000000000134932e+00 2.056537666574510936e+01
8.690000000000134506e+00 2.071159061379189836e+01
8.710000000000134079e+00 2.078443003698780700e+01
8.730000000000133653e+00 2.101717436652490534e+01
8.750000000000133227e+00 2.091414394586085734e+01
8.770000000000132800e+00 2.122934030101993841e+01
8.790000000000132374e+00 2.155655302089310865e+01
8.810000000000131948e+00 2.161077381421037913e+01
8.830000000000131521e+00 2.173237657289403302e+01
8.850000000000131095e+00 2.171801908784345514e+01
8.870000000000130669e+00 2.200893855266352972e+01
8.890000000000130242e+00 2.210295648118345113e+01
8.910000000000129816e+00 2.224683610482976803e+01
8.930000000000129390e+00 2.243662295724032063e+01
8.950000000000128964e+00 2.251889422108969896e+01
8.970000000000128537e+00 2.274885290535764781e+01
8.990000000000128111e+00 2.282488764009827165e+01
9.010000000000127685e+00 2.311593277920953327e+01
9.030000000000127258e+00 2.304150757862809584e+01
9.050000000000126832e+00 2.345939536999732766e+01
9.070000000000126406e+00 2.338271507844899233e+01
9.090000000000125979e+00 2.381632042593360765e+01
9.110000000000125553e+00 2.388152292439846036e+01
9.130000000000125127e+00 2.423982729435719108e+01
9.150000000000124700e+00 2.403401656230006012e+01
9.170000000000124274e+00 2.433764997033651767e+01
9.190000000000123848e+00 2.456404579604382477e+01
9.210000000000123421e+00 2.456703560922348473e+01
9.230000000000122995e+00 2.484246700776093775e+01
9.250000000000122569e+00 2.523923898737327320e+01
9.270000000000122142e+00 2.538286441734313925e+01
9.290000000000121716e+00 2.534784911722276846e+01
9.310000000000121290e+00 2.559744596122737192e+01
9.330000000000120863e+00 2.570524587564104024e+01
9.350000000000120437e+00 2.601662090613763212e+01
9.370000000000120011e+00 2.629541110631433654e+01
9.390000000000119584e+00 2.647012848248672512e+01
9.410000000000119158e+00 2.657827417920080393e+01
9.430000000000118732e+00 2.684727300424432528e+01
9.450000000000118305e+00 2.711789117678292982e+01
9.470000000000117879e+00 2.726874672632484575e+01
9.490000000000117453e+00 2.737545059542471293e+01
9.510000000000117026e+00 2.772416032518360396e+01
9.530000000000116600e+00 2.804828403746862264e+01
9.550000000000116174e+00 2.816053448857546471e+01
9.570000000000115747e+00 2.827121782733505029e+01
9.590000000000115321e+00 2.881854721663735575e+01
9.610000000000114895e+00 2.896624759914945813e+01
9.630000000000114468e+00 2.905131901768280756e+01
9.650000000000114042e+00 2.929617049329287326e+01
9.670000000000113616e+00 2.957894526340347952e+01
9.690000000000113189e+00 2.993219430539702941e+01
9.710000000000112763e+00 3.004086559508270327e+01
9.730000000000112337e+00 3.040576184327418119e+01
9.750000000000111910e+00 3.078054670666761439e+01
9.770000000000111484e+00 3.091053209838043614e+01
9.790000000000111058e+00 3.099246949321173972e+01
9.810000000000110632e+00 3.152536900933307251e+01
9.830000000000110205e+00 3.160988394335885232e+01
9.850000000000109779e+00 3.209278752857934336e+01
9.870000000000109353e+00 3.213267166215688064e+01
9.890000000000108926e+00 3.248587911200166189e+01
9.910000000000108500e+00 3.284090693706650654e+01
9.930000000000108074e+00 3.293752289847773795e+01
9.950000000000107647e+00 3.335587665013988357e+01
9.970000000000107221e+00 3.332588939351326474e+01
9.990000000000106795e+00 3.376127326980956411e+01
1.001000000000010637e+01 3.397291823639197617e+01
1.003000000000010594e+01 3.413581527067186272e+01
1.005000000000010552e+01 3.448230102487764270e+01
1.007000000000010509e+01 3.475914049836546127e+01
1.009000000000010466e+01 3.494242719246819462e+01
1.011000000000010424e+01 3.501620271342243029e+01
1.013000000000010381e+01 3.547636313093215676e+01
1.015000000000010338e+01 3.537896170892409486e+01
1.017000000000010296e+01 3.595102875923279839e+01
1.019000000000010253e+01 3.610127956994050180e+01
1.021000000000010210e+01 3.613788345523354906e+01
1.023000000000010168e+01 3.640619960013337675e+01
1.025000000000010125e+01 3.623486681458076930e+01
1.027000000000010083e+01 3.672618848814642689e+01
1.029000000000010040e+01 3.684423218589725479e+01
1.031000000000009997e+01 3.710417064135507559e+01
1.033000000000009955e+01 3.736615853702475931e+01
1.035000000000009912e+01 3.719723635869305411e+01
1.037000000000009869e+01 3.751173985260651023e+01
1.039000000000009827e+01 3.769721428183730438e+01
1.041000000000009784e+01 3.767090831502780901e+01
1.043000000000009742e+01 3.788500451820259229e+01
1.045000000000009699e+01 3.808981509042074265e+01
1.047000000000009656e+01 3.816912102389980532e+01
1.049000000000009614e+01 3.808856028470444954e+01
1.051000000000009571e+01 3.831671733122623635e+01
1.053000000000009528e+01 3.841819848838205331e+01
1.055000000000009486e+01 3.877483809521454816e+01
1.057000000000009443e+01 3.867679077285737321e+01
1.059000000000009400e+01 3.888121723618397851e+01
1.061000000000009358e+01 3.882759064071010613e+01
1.063000000000009315e+01 3.901421318835750185e+01
1.065000000000009273e+01 3.906141599405700049e+01
1.067000000000009230e+01 3.932195848066167088e+01
1.069000000000009187e+01 3.914041719040019984e+01
1.071000000000009145e+01 3.945596312629554347e+01
1.073000000000009102e+01 3.941376708935413831e+01
1.075000000000009059e+01 3.980254276605627695e+01
1.077000000000009017e+01 3.976507888584288963e+01
1.079000000000008974e+01 4.008107508796361884e+01
1.081000000000008932e+01 3.994172072364173687e+01
1.083000000000008889e+01 3.989398583026186174e+01
1.085000000000008846e+01 4.034975561574170655e+01
1.087000000000008804e+01 4.022702606094065914e+01
1.089000000000008761e+01 4.046522258708784392e+01
1.091000000000008718e+01 4.081996282069935944e+01
1.093000000000008676e+01 4.067552288857456944e+01
1.095000000000008633e+01 4.090385476937353104e+01
1.097000000000008590e+01 4.114281165300015886e+01
1.099000000000008548e+01 4.103631003925045206e+01
1.101000000000008505e+01 4.128584117356489713e+01
1.103000000000008463e+01 4.145580333670506690e+01
1.105000000000008420e+01 4.162153374001056250e+01
1.107000000000008377e+01 4.171062081006802913e+01
1.109000000000008335e+01 4.199512379439622123e+01
1.111000000000008292e+01 4.217115772352969572e+01
1.113000000000008249e+01 4.219419400506387774e+01
1.115000000000008207e+01 4.251808101345459079e+01
1.117000000000008164e+01 4.261665350561575138e+01
1.119000000000008122e+01 4.279751725758529091e+01
1.121000000000008079e+01 4.293408904799186132e+01
1.123000000000008036e+01 4.310527986061450179e+01
1.125000000000007994e+01 4.354859904489043743e+01
1.127000000000007951e+01 4.352436852091985742e+01
1.129000000000007908e+01 4.373890950396351229e+01
1.131000000000007866e+01 4.381978488526577564e+01
1.133000000000007823e+01 4.415500480320331889e+01
1.135000000000007780e+01 4.444713149248470074e+01
1.137000000000007738e+01 4.495581179817039441e+01
1.139000000000007695e+01 4.480948687769136995e+01
1.141000000000007653e+01 4.521706854641444551e+01
1.143000000000007610e+01 4.550517147262178241e+01
1.145000000000007567e+01 4.580497154129335513e+01
1.147000000000007525e+01 4.602111141353454116e+01
1.149000000000007482e+01 4.631588686445367387e+01
1.151000000000007439e+01 4.674065637075024426e+01
1.153000000000007397e+01 4.691127725457815956e+01
1.155000000000007354e+01 4.722564185338436005e+01
1.157000000000007311e+01 4.771524210405640787e+01
1.159000000000007269e+01 4.826732582514632242e+01
1.161000000000007226e+01 4.861377854699791357e+01
1.163000000000007184e+01 4.893791714725088582e+01
1.165000000000007141e+01 4.963028511673253007e+01
1.167000000000007098e+01 4.965853306769047748e+01
1.169000000000007056e+01 5.015878108243263256e+01
1.171000000000007013e+01 5.074210098336676822e+01
1.173000000000006970e+01 5.107379052956283516e+01
1.175000000000006928e+01 5.169107445669626344e+01
1.177000000000006885e+01 5.226122007250607737e+01
1.179000000000006843e+01 5.258033053781289823e+01
1.181000000000006800e+01 5.335842757924874036e+01
1.183000000000006757e+01 5.374311819304269022e+01
1.185000000000006715e+01 5.424460039171898984e+01
1.187000000000006672e+01 5.455123615954671124e+01
1.189000000000006629e+01 5.531718131124159754e+01
1.191000000000006587e+01 5.592727308373503803e+01
1.193000000000006544e+01 5.645584384543111867e+01
1.195000000000006501e+01 5.678362390333827392e+01
1.197000000000006459e+01 5.738264616613812308e+01
1.199000000000006416e+01 5.809895153153301806e+01
1.201000000000006374e+01 5.858915626177859792e+01
1.203000000000006331e+01 5.917416089262663093e+01
1.205000000000006288e+01 5.943831249195545041e+01
1.207000000000006246e+01 5.991293062037614447e+01
1.209000000000006203e+01 6.038550617240480989e+01
1.211000000000006160e+01 6.091326614609584311e+01
1.213000000000006118e+01 6.160089801644338081e+01
1.215000000000006075e+01 6.169013960510937267e+01
1.217000000000006033e+01 6.217463728694723812e+01
1.219000000000005990e+01 6.250241653447181989e+01
1.221000000000005947e+01 6.322235458939532293e+01
1.223000000000005905e+01 6.340788216213092454e+01
1.225000000000005862e+01 6.353977426542069651e+01
1.227000000000005819e+01 6.358442231449583204e+01
1.229000000000005777e+01 6.418868168566912402e+01
1.231000000000005734e+01 6.470963363408213809e+01
1.233000000000005691e+01 6.465268167871745675e+01
1.235000000000005649e+01 6.494534847318854531e+01
1.237000000000005606e+01 6.495333546116476953e+01
1.239000000000005564e+01 6.501383550253115118e+01
1.241000000000005521e+01 6.506884808170926249e+01
1.243000000000005478e+01 6.543956110448901597e+01
1.245000000000005436e+01 6.545213419558848500e+01
1.247000000000005393e+01 6.554466180398000574e+01
1.249000000000005350e+01 6.547921161037787385e+01
1.251000000000005308e+01 6.533269614034965400e+01
1.253000000000005265e+01 6.526316041801173640e+01
1.255000000000005222e+01 6.539842947190156508e+01
1.257000000000005180e+01 6.508766389644105743e+01
1.259000000000005137e+01 6.531725689721692163e+01
1.261000000000005095e+01 6.495515981860006605e+01
1.263000000000005052e+01 6.481955052788620719e+01
1.265000000000005009e+01 6.476839534415381650e+01
1.267000000000004967e+01 6.464654766878780379e+01
1.269000000000004924e+01 6.430470222753898213e+01
1.271000000000004881e+01 6.404675992520552086e+01
1.273000000000004839e+01 6.397165886503952237e+01
1.275000000000004796e+01 6.351690428037573355e+01
1.277000000000004754e+01 6.305640818920729629e+01
1.279000000000004711e+01 6.326980031212197986e+01
1.281000000000004668e+01 6.283739901743415146e+01
1.283000000000004626e+01 6.249750421302045567e+01
1.285000000000004583e+01 6.227681885772825865e+01
1.287000000000004540e+01 6.166349359734481794e+01
1.289000000000004498e+01 6.143404701237660959e+01
1.291000000000004455e+01 6.097282525409307397e+01
1.293000000000004412e+01 6.070183929824969482e+01
1.295000000000004370e+01 6.065161266577926824e+01
1.297000000000004327e+01 5.998545354772215887e+01
1.299000000000004285e+01 5.968200166585130972e+01
1.301000000000004242e+01 5.924709670762313607e+01
1.303000000000004199e+01 5.879679314244881994e+01
1.305000000000004157e+01 5.850663070807459576e+01
1.307000000000004114e+01 5.805107661899273097e+01
1.309000000000004071e+01 5.773219668270519378e+01
1.311000000000004029e+01 5.708362673834403012e+01
1.313000000000003986e+01 5.709800059703804465e+01
1.315000000000003944e+01 5.619399450053968792e+01
1.317000000000003901e+01 5.590260695388912637e+01
1.319000000000003858e+01 5.547560316066603292e+01
1.321000000000003816e+01 5.479533228724562832e+01
1.323000000000003773e+01 5.480311902843502025e+01
1.325000000000003730e+01 5.388122750618937573e+01
1.327000000000003688e+01 5.335760013917559519e+01
1.329000000000003645e+01 5.312097282412941013e+01
1.331000000000003602e+01 5.233721809756188037e+01
1.333000000000003560e+01 5.191534297530378694e+01
1.335000000000003517e+01 5.134985022804221444e+01
1.337000000000003475e+01 5.065302266777472795e+01
1.339000000000003432e+01 4.995005983295512664e+01
1.341000000000003389e+01 4.937353987549762735e+01
1.343000000000003347e+01 4.878606247010847596e+01
1.345000000000003304e+01 4.828319915311789146e+01
1.347000000000003261e+01 4.758858273501977720e+01
1.349000000000003219e+01 4.658424630399070310e+01
1.351000000000003176e+01 4.564275958876211092e+01
1.353000000000003133e+01 4.524458137278800507e+01
1.355000000000003091e+01 4.432927768894884935e+01
1.357000000000003048e+01 4.319072152337458448e+01
1.359000000000003006e+01 4.255658559507766370e+01
1.361000000000002963e+01 4.155037513195210153e+01
1.363000000000002920e+01 4.052573875693655481e+01
1.365000000000002878e+01 3.951151415701872338e+01
1.367000000000002835e+01 3.867905704245780640e+01
1.369000000000002792e+01 3.780048418591247383e+01
1.371000000000002750e+01 3.682557354658192139e+01
1.373000000000002707e+01 3.584497495707741876e+01
1.375000000000002665e+01 3.495063869073552354e+01
1.377000000000002622e+01 3.395625130348662424e+01
1.379000000000002579e+01 3.273764689050006638e+01
1.381000000000002537e+01 3.163782032045192238e+01
1.383000000000002494e+01 3.067901565713748724e+01
1.385000000000002451e+01 2.935663864391748135e+01
1.387000000000002409e+01 2.837348713865285177e+01
1.389000000000002366e+01 2.706869406655617283e+01
1.391000000000002323e+01 2.585938812173658974e+01
1.393000000000002281e+01 2.457596788006397404e+01
1.395000000000002238e+01 2.325501355560321315e+01
1.397000000000002196e+01 2.185163592103388197e+01
1.399000000000002153e+01 2.063784157765340410e+01
1.401000000000002110e+01 1.927928400899005368e+01
1.403000000000002068e+01 1.786869529550576630e+01
1.405000000000002025e+01 1.658116490837623758e+01
1.407000000000001982e+01 1.515377090137501526e+01
1.409000000000001940e+01 1.369426893096054165e+01
1.411000000000001897e+01 1.240679628998649697e+01
1.413000000000001855e+01 1.086465140169458365e+01
1.415000000000001812e+01 9.499151920301409646e+00
1.417000000000001769e+01 8.233072805373970127e+00
1.419000000000001727e+01 7.018063954170091989e+00
1.421000000000001684e+01 5.728045100094490749e+00
1.423000000000001641e+01 4.638013171678918134e+00
1.425000000000001599e+01 3.577245246620198049e+00
1.427000000000001556e+01 2.713393974021108601e+00
1.429000000000001513e+01 1.993190767195678337e+00
1.431000000000001471e+01 1.534295995561510528e+00
1.433000000000001428e+01 1.180246542516880215e+00
1.435000000000001386e+01 8.813770703522096905e-01
1.437000000000001343e+01 6.832839736488004467e-01
1.439000000000001300e+01 4.688831006644827437e-01
1.441000000000001258e+01 2.817657891419832472e-01
1.443000000000001215e+01 1.666886448550346789e-01
1.445000000000001172e+01 8.356348987308943876e-02
1.447000000000001130e+01 3.782723138641581884e-02
1.449000000000001087e+01 1.357644128238475259e-02
1.451000000000001044e+01 2.786964544328484911e-03
1.453000000000001002e+01 2.774613534790372135e-03
1.455000000000000959e+01 2.762332721048353125e-03
1.457000000000000917e+01 2.750121270835890509e-03
1.459000000000000874e+01 2.737978705830233523e-03
1.461000000000000831e+01 3.548868026171696436e-10
1.463000000000000789e+01 0.000000000000000000e+00
1.465000000000000746e+01 0.000000000000000000e+00
1.467000000000000703e+01 0.000000000000000000e+00
1.469000000000000661e+01 0.000000000000000000e+00
1.471000000000000618e+01 0.000000000000000000e+00
1.473000000000000576e+01 0.000000000000000000e+00
1.475000000000000533e+01 0.000000000000000000e+00
1.477000000000000490e+01 0.000000000000000000e+00
1.479000000000000448e+01 0.000000000000000000e+00
1.481000000000000405e+01 0.000000000000000000e+00
1.483000000000000362e+01 0.000000000000000000e+00
1.485000000000000320e+01 0.000000000000000000e+00
1.487000000000000277e+01 0.000000000000000000e+00
1.489000000000000234e+01 0.000000000000000000e+00
1.491000000000000192e+01 0.000000000000000000e+00
1.493000000000000149e+01 0.000000000000000000e+00
1.495000000000000107e+01 0.000000000000000000e+00
1.497000000000000064e+01 0.000000000000000000e+00
1.499000000000000021e+01 0.000000000000000000e+00
