# Redshift		Merger Rate Density [Gpc^-3yr^-1]
1.000000000031931770e-02 1.887661022206260668e+02
3.000000000031888964e-02 1.991488503097861553e+02
5.000000000031846331e-02 2.056540780707414910e+02
7.000000000031804392e-02 2.169530394750102005e+02
9.000000000031761760e-02 2.237385573150754396e+02
1.100000000003171913e-01 2.326560697363075860e+02
1.300000000003167511e-01 2.441600170437119175e+02
1.500000000003163247e-01 2.539579841482812981e+02
1.700000000003158984e-01 2.612232866406545213e+02
1.900000000003154721e-01 2.729730750755190911e+02
2.100000000003150458e-01 2.841208572632004348e+02
2.300000000003146194e-01 2.937385348456539873e+02
2.500000000003141931e-01 3.066454278990450462e+02
2.700000000003137668e-01 3.180309463886026720e+02
2.900000000003133405e-01 3.277990470114104937e+02
3.100000000003129141e-01 3.416555953431253556e+02
3.300000000003124878e-01 3.514958793438385669e+02
3.500000000003120615e-01 3.634750189027183183e+02
3.700000000003116352e-01 3.765194739312941579e+02
3.900000000003112088e-01 3.886043067120990600e+02
4.100000000003107825e-01 4.011220951142217359e+02
4.300000000003103562e-01 4.128567414643477491e+02
4.500000000003099299e-01 4.265491383715058760e+02
4.700000000003095035e-01 4.430598511154905736e+02
4.900000000003090772e-01 4.490816119124993975e+02
5.100000000003086509e-01 4.685930150229017386e+02
5.300000000003082246e-01 4.820049947628061204e+02
5.500000000003077982e-01 4.946279528579522093e+02
5.700000000003073719e-01 5.092101823928398403e+02
5.900000000003069456e-01 5.204382655822663537e+02
6.100000000003065193e-01 5.373738307817810664e+02
6.300000000003060929e-01 5.467438756252108760e+02
6.500000000003056666e-01 5.638632673316107002e+02
6.700000000003052403e-01 5.770231737616184091e+02
6.900000000003048140e-01 5.924849633440734351e+02
7.100000000003043876e-01 6.059051822056869696e+02
7.300000000003039613e-01 6.204309451553374402e+02
7.500000000003035350e-01 6.344911743106524682e+02
7.700000000003031086e-01 6.487166782058330909e+02
7.900000000003026823e-01 6.605187672322820163e+02
8.100000000003022560e-01 6.743967802711784998e+02
8.300000000003018297e-01 6.884695028801412491e+02
8.500000000003014033e-01 7.071136201552312741e+02
8.700000000003009770e-01 7.160010572734947800e+02
8.900000000003005507e-01 7.330578679160082629e+02
9.100000000003001244e-01 7.428425101291264809e+02
9.300000000002996980e-01 7.537510401425847704e+02
9.500000000002992717e-01 7.704926846545024546e+02
9.700000000002988454e-01 7.798366492639472654e+02
9.900000000002984191e-01 7.928275958243947343e+02
1.010000000000297993e+00 7.982630962302525859e+02
1.030000000000297566e+00 8.148576807838937839e+02
1.050000000000297140e+00 8.216344886216572831e+02
1.070000000000296714e+00 8.370418045841464618e+02
1.090000000000296287e+00 8.459907561487632393e+02
1.110000000000295861e+00 8.535808451927242686e+02
1.130000000000295435e+00 8.553584884744188912e+02
1.150000000000295008e+00 8.683175394827577520e+02
1.170000000000294582e+00 8.753495931176344129e+02
1.190000000000294156e+00 8.836616579207885707e+02
1.210000000000293729e+00 8.910942405598599407e+02
1.230000000000293303e+00 8.980363896105042159e+02
1.250000000000292877e+00 9.034430015583742488e+02
1.270000000000292451e+00 9.101875411016022781e+02
1.290000000000292024e+00 9.083392515063751489e+02
1.310000000000291598e+00 9.164259551720147101e+02
1.330000000000291172e+00 9.256755346488342866e+02
1.350000000000290745e+00 9.221914914730413102e+02
1.370000000000290319e+00 9.318554419814608991e+02
1.390000000000289893e+00 9.279897806317754885e+02
1.410000000000289466e+00 9.328413722458370785e+02
1.430000000000289040e+00 9.318055286505533559e+02
1.450000000000288614e+00 9.343749586400333556e+02
1.470000000000288187e+00 9.367615599567383242e+02
1.490000000000287761e+00 9.334760161317951770e+02
1.510000000000287335e+00 9.410119008686941697e+02
1.530000000000286908e+00 9.323489542550786382e+02
1.550000000000286482e+00 9.392936845454717059e+02
1.570000000000286056e+00 9.302501876866733710e+02
1.590000000000285629e+00 9.271745101178690902e+02
1.610000000000285203e+00 9.331082434352179007e+02
1.630000000000284777e+00 9.205620548728454651e+02
1.650000000000284350e+00 9.299133126951892336e+02
1.670000000000283924e+00 9.174825486366265750e+02
1.690000000000283498e+00 9.161899841812785326e+02
1.710000000000283071e+00 9.191857778983329581e+02
1.730000000000282645e+00 9.112309937697866644e+02
1.750000000000282219e+00 9.029641512649430979e+02
1.770000000000281792e+00 8.999668363758528358e+02
1.790000000000281366e+00 8.952514645670098616e+02
1.810000000000280940e+00 8.906264516834903588e+02
1.830000000000280513e+00 8.784353569441686886e+02
1.850000000000280087e+00 8.820173902402476642e+02
1.870000000000279661e+00 8.716302540045456908e+02
1.890000000000279234e+00 8.618037372644755578e+02
1.910000000000278808e+00 8.526973155050444575e+02
1.930000000000278382e+00 8.511395628758957628e+02
1.950000000000277955e+00 8.482003148957170424e+02
1.970000000000277529e+00 8.293331427311925381e+02
1.990000000000277103e+00 8.288891537247715178e+02
2.010000000000276899e+00 8.214505116348016145e+02
2.030000000000276472e+00 8.126017588659042303e+02
2.050000000000276046e+00 8.031789326620935299e+02
2.070000000000275620e+00 7.942973055052508471e+02
2.090000000000275193e+00 7.857219950304488520e+02
2.110000000000274767e+00 7.784043203036335399e+02
2.130000000000274341e+00 7.742305219969156269e+02
2.150000000000273914e+00 7.560178305349381844e+02
2.170000000000273488e+00 7.503068704920684695e+02
2.190000000000273062e+00 7.437471864632465213e+02
2.210000000000272635e+00 7.337801681740268123e+02
2.230000000000272209e+00 7.219901096049430862e+02
2.250000000000271783e+00 7.175868364089086526e+02
2.270000000000271356e+00 7.054179451531576888e+02
2.290000000000270930e+00 6.994045005936081907e+02
2.310000000000270504e+00 6.883389219566664678e+02
2.330000000000270077e+00 6.804409546217024172e+02
2.350000000000269651e+00 6.705220790777960929e+02
2.370000000000269225e+00 6.614634570052012350e+02
2.390000000000268798e+00 6.541279979278140218e+02
2.410000000000268372e+00 6.404962068182861685e+02
2.430000000000267946e+00 6.357268820443204049e+02
2.450000000000267519e+00 6.242876554871406825e+02
2.470000000000267093e+00 6.142401805402258788e+02
2.490000000000266667e+00 6.081170911382674831e+02
2.510000000000266240e+00 5.999062128374648637e+02
2.530000000000265814e+00 5.887926916776137887e+02
2.550000000000265388e+00 5.819307543627154473e+02
2.570000000000264961e+00 5.724813723169344257e+02
2.590000000000264535e+00 5.631419435571939403e+02
2.610000000000264109e+00 5.530587259430830045e+02
2.630000000000263682e+00 5.497186033373270675e+02
2.650000000000263256e+00 5.370686183924010493e+02
2.670000000000262830e+00 5.283966990094619405e+02
2.690000000000262403e+00 5.207829735582752164e+02
2.710000000000261977e+00 5.109238068660820886e+02
2.730000000000261551e+00 5.044429390872301155e+02
2.750000000000261124e+00 4.952914880920201313e+02
2.770000000000260698e+00 4.873521317733622595e+02
2.790000000000260272e+00 4.800029276275482744e+02
2.810000000000259845e+00 4.717182499014240875e+02
2.830000000000259419e+00 4.655993885205936635e+02
2.850000000000258993e+00 4.578513090793084075e+02
2.870000000000258567e+00 4.487937942857265625e+02
2.890000000000258140e+00 4.438991469037131878e+02
2.910000000000257714e+00 4.350896120949344095e+02
2.930000000000257288e+00 4.275989903643065873e+02
2.950000000000256861e+00 4.194946210422971262e+02
2.970000000000256435e+00 4.116422437840973316e+02
2.990000000000256009e+00 4.022612079154781100e+02
3.010000000000255582e+00 3.986787526301189359e+02
3.030000000000255156e+00 3.953390863083665749e+02
3.050000000000254730e+00 3.859892524345934817e+02
3.070000000000254303e+00 3.788551498827734463e+02
3.090000000000253877e+00 3.732709186167858775e+02
3.110000000000253451e+00 3.641156736054483076e+02
3.130000000000253024e+00 3.563974212852938308e+02
3.150000000000252598e+00 3.527243050537789486e+02
3.170000000000252172e+00 3.452771516868478443e+02
3.190000000000251745e+00 3.406056654940131807e+02
3.210000000000251319e+00 3.335820838253905549e+02
3.230000000000250893e+00 3.286164771433844862e+02
3.250000000000250466e+00 3.201510462124535366e+02
3.270000000000250040e+00 3.153858468198837954e+02
3.290000000000249614e+00 3.093003418260368562e+02
3.310000000000249187e+00 3.026667826229614775e+02
3.330000000000248761e+00 3.003727196635609857e+02
3.350000000000248335e+00 2.927914621294492008e+02
3.370000000000247908e+00 2.905691598290270576e+02
3.390000000000247482e+00 2.804335175618329004e+02
3.410000000000247056e+00 2.757710767020509479e+02
3.430000000000246629e+00 2.714092115095622262e+02
3.450000000000246203e+00 2.674091906557800371e+02
3.470000000000245777e+00 2.615017238297672293e+02
3.490000000000245350e+00 2.557074777243788333e+02
3.510000000000244924e+00 2.515714833799544579e+02
3.530000000000244498e+00 2.481747368038433876e+02
3.550000000000244071e+00 2.437368534032241598e+02
3.570000000000243645e+00 2.366492310997190316e+02
3.590000000000243219e+00 2.332188266550034541e+02
3.610000000000242792e+00 2.295390729879693765e+02
3.630000000000242366e+00 2.245602379198128347e+02
3.650000000000241940e+00 2.211398817455208530e+02
3.670000000000241513e+00 2.161091873390449223e+02
3.690000000000241087e+00 2.131560386897716626e+02
3.710000000000240661e+00 2.090968382765175022e+02
3.730000000000240234e+00 2.047571411685741793e+02
3.750000000000239808e+00 2.024371144657642674e+02
3.770000000000239382e+00 1.975185169354648167e+02
3.790000000000238956e+00 1.930667074016533036e+02
3.810000000000238529e+00 1.899805448884168584e+02
3.830000000000238103e+00 1.865011854626856405e+02
3.850000000000237677e+00 1.834911654031512853e+02
3.870000000000237250e+00 1.803595451751696430e+02
3.890000000000236824e+00 1.767876083461593453e+02
3.910000000000236398e+00 1.745334300753725643e+02
3.930000000000235971e+00 1.704332169950727973e+02
3.950000000000235545e+00 1.678159418854477281e+02
3.970000000000235119e+00 1.635834488612531743e+02
3.990000000000234692e+00 1.624934350791456268e+02
4.010000000000234266e+00 1.570394472707509976e+02
4.030000000000233840e+00 1.556174795535260955e+02
4.050000000000233413e+00 1.535502652254965028e+02
4.070000000000232987e+00 1.503274111346248105e+02
4.090000000000232561e+00 1.481299384731836710e+02
4.110000000000232134e+00 1.441954877506057642e+02
4.130000000000231708e+00 1.437167457749090715e+02
4.150000000000231282e+00 1.398653468846200383e+02
4.170000000000230855e+00 1.372805721146684448e+02
4.190000000000230429e+00 1.351618411818550101e+02
4.210000000000230003e+00 1.321358118374673154e+02
4.230000000000229576e+00 1.302950821458544794e+02
4.250000000000229150e+00 1.270764922406586805e+02
4.270000000000228724e+00 1.251065691064887773e+02
4.290000000000228297e+00 1.228513029026616863e+02
4.310000000000227871e+00 1.208352017699910164e+02
4.330000000000227445e+00 1.180784969372638926e+02
4.350000000000227018e+00 1.160067056339688207e+02
4.370000000000226592e+00 1.142592066088673874e+02
4.390000000000226166e+00 1.124435948121046920e+02
4.410000000000225739e+00 1.099145153139869109e+02
4.430000000000225313e+00 1.079000530943007448e+02
4.450000000000224887e+00 1.056721506424810997e+02
4.470000000000224460e+00 1.035808087112645666e+02
4.490000000000224034e+00 1.020403120125473464e+02
4.510000000000223608e+00 9.996303966038331623e+01
4.530000000000223181e+00 9.739418272917897923e+01
4.550000000000222755e+00 9.564641484928797865e+01
4.570000000000222329e+00 9.405858382717518396e+01
4.590000000000221902e+00 9.278960891792692678e+01
4.610000000000221476e+00 9.050245914090599797e+01
4.630000000000221050e+00 8.886404743610874846e+01
4.650000000000220624e+00 8.689425593833298933e+01
4.670000000000220197e+00 8.479353621399259566e+01
4.690000000000219771e+00 8.389273527986384238e+01
4.710000000000219345e+00 8.105642919798029311e+01
4.730000000000218918e+00 7.957201450525680286e+01
4.750000000000218492e+00 7.841896677024473661e+01
4.770000000000218066e+00 7.745669245152555504e+01
4.790000000000217639e+00 7.503627604287551378e+01
4.810000000000217213e+00 7.373904822182061025e+01
4.830000000000216787e+00 7.206116103105098603e+01
4.850000000000216360e+00 7.036953568138916637e+01
4.870000000000215934e+00 6.987997845770050276e+01
4.890000000000215508e+00 6.736638115669582305e+01
4.910000000000215081e+00 6.617333840067767881e+01
4.930000000000214655e+00 6.532218781308397126e+01
4.950000000000214229e+00 6.278516744304712205e+01
4.970000000000213802e+00 6.177771328539950701e+01
4.990000000000213376e+00 6.072033427614909584e+01
5.010000000000212950e+00 5.921198076764932949e+01
5.030000000000212523e+00 5.778246121024594117e+01
5.050000000000212097e+00 5.677540486535568220e+01
5.070000000000211671e+00 5.508589269527110588e+01
5.090000000000211244e+00 5.430936748863040009e+01
5.110000000000210818e+00 5.257216976213680937e+01
5.130000000000210392e+00 5.173777370140908971e+01
5.150000000000209965e+00 5.039480907006009147e+01
5.170000000000209539e+00 4.894695078690640599e+01
5.190000000000209113e+00 4.787937271141254314e+01
5.210000000000208686e+00 4.676822644868396139e+01
5.230000000000208260e+00 4.559561665976858080e+01
5.250000000000207834e+00 4.463258955147222906e+01
5.270000000000207407e+00 4.332232452178050863e+01
5.290000000000206981e+00 4.200559114700063645e+01
5.310000000000206555e+00 4.112213386860727127e+01
5.330000000000206128e+00 4.062752723226721940e+01
5.350000000000205702e+00 3.921447561418445105e+01
5.370000000000205276e+00 3.783345599585102548e+01
5.390000000000204849e+00 3.755301336687691105e+01
5.410000000000204423e+00 3.641731704049466600e+01
5.430000000000203997e+00 3.537634261279900727e+01
5.450000000000203570e+00 3.438640338262298712e+01
5.470000000000203144e+00 3.382401591638318195e+01
5.490000000000202718e+00 3.300133869948174947e+01
5.510000000000202292e+00 3.182478902872033188e+01
5.530000000000201865e+00 3.144909414462888009e+01
5.550000000000201439e+00 3.050819373822503522e+01
5.570000000000201013e+00 2.941901226676454684e+01
5.590000000000200586e+00 2.890102728680888333e+01
5.610000000000200160e+00 2.806931600651899572e+01
5.630000000000199734e+00 2.752097203290026073e+01
5.650000000000199307e+00 2.639665385105779549e+01
5.670000000000198881e+00 2.623599800981914498e+01
5.690000000000198455e+00 2.536160245384016676e+01
5.710000000000198028e+00 2.473800287395953745e+01
5.730000000000197602e+00 2.380130002627372932e+01
5.750000000000197176e+00 2.320529160777094191e+01
5.770000000000196749e+00 2.271071801157727776e+01
5.790000000000196323e+00 2.235667184898583670e+01
5.810000000000195897e+00 2.132063891568643754e+01
5.830000000000195470e+00 2.108296606939472539e+01
5.850000000000195044e+00 2.076705202137298301e+01
5.870000000000194618e+00 1.999421109860034207e+01
5.890000000000194191e+00 1.946520178638877852e+01
5.910000000000193765e+00 1.909492293773142535e+01
5.930000000000193339e+00 1.874594506697847507e+01
5.950000000000192912e+00 1.819493905590730520e+01
5.970000000000192486e+00 1.758839514602998122e+01
5.990000000000192060e+00 1.748806972798150383e+01
6.010000000000191633e+00 1.686653623533969437e+01
6.030000000000191207e+00 1.657197985007800867e+01
6.050000000000190781e+00 1.633191825659445584e+01
6.070000000000190354e+00 1.606151924501666528e+01
6.090000000000189928e+00 1.559717363647540189e+01
6.110000000000189502e+00 1.512376914742715606e+01
6.130000000000189075e+00 1.524361498650315205e+01
6.150000000000188649e+00 1.449053097307976756e+01
6.170000000000188223e+00 1.394161917326017708e+01
6.190000000000187796e+00 1.385849337631831624e+01
6.210000000000187370e+00 1.351426970953905382e+01
6.230000000000186944e+00 1.333727550171198217e+01
6.250000000000186517e+00 1.308177745418594284e+01
6.270000000000186091e+00 1.279748808500976764e+01
6.290000000000185665e+00 1.260707806552489174e+01
6.310000000000185238e+00 1.220169243065634213e+01
6.330000000000184812e+00 1.208666245128567596e+01
6.350000000000184386e+00 1.206960694465634276e+01
6.370000000000183960e+00 1.187028259471962066e+01
6.390000000000183533e+00 1.139892271788090028e+01
6.410000000000183107e+00 1.119102855393939855e+01
6.430000000000182681e+00 1.086384062792551752e+01
6.450000000000182254e+00 1.109115466014076290e+01
6.470000000000181828e+00 1.053230134832471521e+01
6.490000000000181402e+00 1.054957447438612839e+01
6.510000000000180975e+00 1.020758082390433330e+01
6.530000000000180549e+00 1.046855894061547687e+01
6.550000000000180123e+00 9.854585229068263175e+00
6.570000000000179696e+00 9.901883312320645558e+00
6.590000000000179270e+00 9.559926290836180840e+00
6.610000000000178844e+00 9.628083918482412074e+00
6.630000000000178417e+00 9.380623765808973502e+00
6.650000000000177991e+00 9.435884987611247610e+00
6.670000000000177565e+00 9.147939361295719607e+00
6.690000000000177138e+00 8.985974189216356933e+00
6.710000000000176712e+00 8.957542445477930215e+00
6.730000000000176286e+00 8.915188216289655188e+00
6.750000000000175859e+00 8.742494826008039510e+00
6.770000000000175433e+00 8.461506830904989229e+00
6.790000000000175007e+00 8.379034820725783206e+00
6.810000000000174580e+00 8.354525051004582537e+00
6.830000000000174154e+00 8.201852417983007015e+00
6.850000000000173728e+00 8.164058601490591371e+00
6.870000000000173301e+00 8.136013016638667494e+00
6.890000000000172875e+00 7.984881068247651648e+00
6.910000000000172449e+00 7.767218748400236628e+00
6.930000000000172022e+00 7.814137795469787484e+00
6.950000000000171596e+00 7.595548139179789437e+00
6.970000000000171170e+00 7.787788360432540635e+00
6.990000000000170743e+00 7.421578050483574884e+00
7.010000000000170317e+00 7.454839812642674701e+00
7.030000000000169891e+00 7.339520260611871016e+00
7.050000000000169464e+00 7.244870667476508430e+00
7.070000000000169038e+00 7.293809308780742739e+00
7.090000000000168612e+00 6.987357196844652840e+00
7.110000000000168185e+00 6.973709628057913612e+00
7.130000000000167759e+00 6.859573593299121086e+00
7.150000000000167333e+00 6.931735915369137579e+00
7.170000000000166906e+00 6.738080643524448021e+00
7.190000000000166480e+00 6.701018563326987199e+00
7.210000000000166054e+00 6.742042398014552518e+00
7.230000000000165628e+00 6.603926996579070341e+00
7.250000000000165201e+00 6.545916480455249875e+00
7.270000000000164775e+00 6.572130562531021347e+00
7.290000000000164349e+00 6.277242922743701214e+00
7.310000000000163922e+00 6.241831605041157971e+00
7.330000000000163496e+00 6.154975382180571053e+00
7.350000000000163070e+00 6.163592672963590147e+00
7.370000000000162643e+00 6.242258849538251830e+00
7.390000000000162217e+00 6.048593086781467676e+00
7.410000000000161791e+00 5.910240522062113477e+00
7.430000000000161364e+00 5.941106186714772974e+00
7.450000000000160938e+00 5.784347357206166329e+00
7.470000000000160512e+00 5.786655810583293480e+00
7.490000000000160085e+00 5.636944396872443974e+00
7.510000000000159659e+00 5.718715684655262699e+00
7.530000000000159233e+00 5.684239799491825451e+00
7.550000000000158806e+00 5.493216267725762769e+00
7.570000000000158380e+00 5.491983589038061275e+00
7.590000000000157954e+00 5.420596966008035089e+00
7.610000000000157527e+00 5.445195448805288940e+00
7.630000000000157101e+00 5.256368509856828020e+00
7.650000000000156675e+00 5.139534405116035209e+00
7.670000000000156248e+00 5.173289480017436937e+00
7.690000000000155822e+00 5.167883106520100966e+00
7.710000000000155396e+00 5.142258449474168103e+00
7.730000000000154969e+00 5.138690068073381134e+00
7.750000000000154543e+00 5.000405051858533234e+00
7.770000000000154117e+00 5.027860287000390116e+00
7.790000000000153690e+00 4.824400679733734876e+00
7.810000000000153264e+00 4.822316518398142904e+00
7.830000000000152838e+00 4.869049893129314022e+00
7.850000000000152411e+00 4.674284010833224201e+00
7.870000000000151985e+00 4.724457274453832234e+00
7.890000000000151559e+00 4.557110881503742661e+00
7.910000000000151132e+00 4.724954607008950092e+00
7.930000000000150706e+00 4.640803866210482020e+00
7.950000000000150280e+00 4.589270032054729498e+00
7.970000000000149853e+00 4.556786348444765267e+00
7.990000000000149427e+00 4.539926738135849682e+00
8.010000000000149001e+00 4.483431205251129370e+00
8.030000000000148574e+00 4.467716385740036600e+00
8.050000000000148148e+00 4.458467370166276922e+00
8.070000000000147722e+00 4.463462498132637180e+00
8.090000000000147296e+00 4.422183064640794470e+00
8.110000000000146869e+00 4.289086002471914405e+00
8.130000000000146443e+00 4.369106452334845514e+00
8.150000000000146017e+00 4.305152566565156214e+00
8.170000000000145590e+00 4.349689987988963225e+00
8.190000000000145164e+00 4.275694737631972941e+00
8.210000000000144738e+00 4.227482226255770748e+00
8.230000000000144311e+00 4.174798722960606945e+00
8.250000000000143885e+00 4.109494632985549956e+00
8.270000000000143459e+00 4.140722745072134003e+00
8.290000000000143032e+00 4.141371926391664182e+00
8.310000000000142606e+00 4.144012374002069343e+00
8.330000000000142180e+00 4.159702419180909772e+00
8.350000000000141753e+00 4.048655994449195994e+00
8.370000000000141327e+00 4.083034092036637475e+00
8.390000000000140901e+00 4.115311577780062180e+00
8.410000000000140474e+00 3.969810895321006949e+00
8.430000000000140048e+00 4.125708112488577051e+00
8.450000000000139622e+00 4.013804843969953851e+00
8.470000000000139195e+00 3.954849514475571759e+00
8.490000000000138769e+00 3.970456943638216885e+00
8.510000000000138343e+00 4.034425172751971544e+00
8.530000000000137916e+00 3.899839451820499292e+00
8.550000000000137490e+00 3.913038537602013367e+00
8.570000000000137064e+00 3.925150933749672610e+00
8.590000000000136637e+00 3.925356856880426459e+00
8.610000000000136211e+00 3.905131515859556757e+00
8.630000000000135785e+00 3.891033729295335863e+00
8.650000000000135358e+00 3.885604346562489209e+00
8.670000000000134932e+00 3.959798134012265880e+00
8.690000000000134506e+00 3.877258035783237133e+00
8.710000000000134079e+00 3.974938632738012512e+00
8.730000000000133653e+00 3.949879819687057037e+00
8.750000000000133227e+00 3.817385021446033644e+00
8.770000000000132800e+00 3.895395975921283505e+00
8.790000000000132374e+00 3.879302531365761642e+00
8.810000000000131948e+00 3.819741445326797713e+00
8.830000000000131521e+00 3.915266232881772890e+00
8.850000000000131095e+00 3.819310067741955361e+00
8.870000000000130669e+00 3.853744302921266573e+00
8.890000000000130242e+00 3.896587687968978475e+00
8.910000000000129816e+00 3.882757444252435075e+00
8.930000000000129390e+00 3.972346963341306214e+00
8.950000000000128964e+00 3.856151655974603631e+00
8.970000000000128537e+00 3.936561979644963571e+00
8.990000000000128111e+00 3.905579163443440471e+00
9.010000000000127685e+00 3.895725486855909914e+00
9.030000000000127258e+00 3.971616217268310045e+00
9.050000000000126832e+00 3.952289472888965260e+00
9.070000000000126406e+00 3.942932641967944907e+00
9.090000000000125979e+00 3.878672199805703436e+00
9.110000000000125553e+00 3.905422973136502218e+00
9.130000000000125127e+00 3.899056339214933331e+00
9.150000000000124700e+00 3.988601405397969479e+00
9.170000000000124274e+00 3.998933036392641416e+00
9.190000000000123848e+00 3.927310756897212318e+00
9.210000000000123421e+00 3.964156263889375698e+00
9.230000000000122995e+00 3.948061512286846320e+00
9.250000000000122569e+00 4.010580214909810870e+00
9.270000000000122142e+00 4.011117886221517992e+00
9.290000000000121716e+00 3.982991532819098790e+00
9.310000000000121290e+00 4.053057757667598793e+00
9.330000000000120863e+00 3.967155348886799437e+00
9.350000000000120437e+00 4.059305909356355713e+00
9.370000000000120011e+00 3.985158990973503901e+00
9.390000000000119584e+00 3.971480648281559223e+00
9.410000000000119158e+00 4.029138037913657655e+00
9.430000000000118732e+00 4.043925633852887280e+00
9.450000000000118305e+00 4.083452579119780879e+00
9.470000000000117879e+00 4.054243044399068019e+00
9.490000000000117453e+00 4.028191021396009042e+00
9.510000000000117026e+00 4.122309177037473127e+00
9.530000000000116600e+00 4.066891099506956486e+00
9.550000000000116174e+00 4.096101723129361716e+00
9.570000000000115747e+00 4.076196398451268799e+00
9.590000000000115321e+00 4.113065428047183225e+00
9.610000000000114895e+00 4.087054549570050099e+00
9.630000000000114468e+00 4.101858331513957623e+00
9.650000000000114042e+00 4.147012541807928443e+00
9.670000000000113616e+00 4.108185912928779437e+00
9.690000000000113189e+00 4.074007862368641320e+00
9.710000000000112763e+00 4.216340584026953664e+00
9.730000000000112337e+00 4.185288335227085099e+00
9.750000000000111910e+00 4.181721268126874946e+00
9.770000000000111484e+00 4.164878393310040394e+00
9.790000000000111058e+00 4.191341078429044131e+00
9.810000000000110632e+00 4.195664022179722785e+00
9.830000000000110205e+00 4.186312976125293517e+00
9.850000000000109779e+00 4.212044233967604079e+00
9.870000000000109353e+00 4.216763391740712130e+00
9.890000000000108926e+00 4.205378219406076923e+00
9.910000000000108500e+00 4.256981173701659849e+00
9.930000000000108074e+00 4.306341275338216867e+00
9.950000000000107647e+00 4.232955068935414289e+00
9.970000000000107221e+00 4.232049897919076820e+00
9.990000000000106795e+00 4.273298551197730610e+00
1.001000000000010637e+01 4.361881292230185281e+00
1.003000000000010594e+01 4.356515254117121927e+00
1.005000000000010552e+01 4.355537367818061334e+00
1.007000000000010509e+01 4.319060541004335008e+00
1.009000000000010466e+01 4.292210893460521426e+00
1.011000000000010424e+01 4.307733768616422765e+00
1.013000000000010381e+01 4.406658718228340099e+00
1.015000000000010338e+01 4.340646066715755147e+00
1.017000000000010296e+01 4.385957982584146819e+00
1.019000000000010253e+01 4.455352528888478325e+00
1.021000000000010210e+01 4.401877097962258567e+00
1.023000000000010168e+01 4.349805017882768077e+00
1.025000000000010125e+01 4.393985014977558556e+00
1.027000000000010083e+01 4.453342046247932728e+00
1.029000000000010040e+01 4.483608223760111144e+00
1.031000000000009997e+01 4.363147316697109979e+00
1.033000000000009955e+01 4.476337764546233444e+00
1.035000000000009912e+01 4.398083935793278165e+00
1.037000000000009869e+01 4.477584987490415003e+00
1.039000000000009827e+01 4.454190568978979137e+00
1.041000000000009784e+01 4.454392533795959785e+00
1.043000000000009742e+01 4.442351381104320041e+00
1.045000000000009699e+01 4.500539052383264682e+00
1.047000000000009656e+01 4.397809283450395235e+00
1.049000000000009614e+01 4.436040277686627675e+00
1.051000000000009571e+01 4.449851013644480879e+00
1.053000000000009528e+01 4.378626759371861965e+00
1.055000000000009486e+01 4.432906292547995619e+00
1.057000000000009443e+01 4.431782673771269110e+00
1.059000000000009400e+01 4.405104874960384720e+00
1.061000000000009358e+01 4.453334515080930700e+00
1.063000000000009315e+01 4.365172954345864831e+00
1.065000000000009273e+01 4.391418258476239345e+00
1.067000000000009230e+01 4.391873070396093759e+00
1.069000000000009187e+01 4.328445770125781245e+00
1.071000000000009145e+01 4.351734630265614356e+00
1.073000000000009102e+01 4.339753434528496712e+00
1.075000000000009059e+01 4.271646916487518375e+00
1.077000000000009017e+01 4.298164910589608922e+00
1.079000000000008974e+01 4.319896957076977628e+00
1.081000000000008932e+01 4.313835043213787301e+00
1.083000000000008889e+01 4.253261981258384061e+00
1.085000000000008846e+01 4.227980879846544582e+00
1.087000000000008804e+01 4.252827015521384091e+00
1.089000000000008761e+01 4.267927076757160876e+00
1.091000000000008718e+01 4.209929828548445663e+00
1.093000000000008676e+01 4.192346262727174810e+00
1.095000000000008633e+01 4.199381551340942487e+00
1.097000000000008590e+01 4.205536652313517365e+00
1.099000000000008548e+01 4.137917715220945425e+00
1.101000000000008505e+01 4.074529522640571777e+00
1.103000000000008463e+01 4.179372041574243468e+00
1.105000000000008420e+01 4.094712067830114322e+00
1.107000000000008377e+01 4.125650426838289420e+00
1.109000000000008335e+01 4.143313070114777119e+00
1.111000000000008292e+01 4.145974422012606020e+00
1.113000000000008249e+01 4.114661757825648358e+00
1.115000000000008207e+01 4.130403723725746268e+00
1.117000000000008164e+01 4.120780761982319795e+00
1.119000000000008122e+01 4.113633947399613078e+00
1.121000000000008079e+01 4.223847013033067199e+00
1.123000000000008036e+01 4.173616587935577549e+00
1.125000000000007994e+01 4.237168658504314678e+00
1.127000000000007951e+01 4.178178224786614159e+00
1.129000000000007908e+01 4.175433394662593223e+00
1.131000000000007866e+01 4.243932109330847524e+00
1.133000000000007823e+01 4.277564637011442628e+00
1.135000000000007780e+01 4.291747152455952730e+00
1.137000000000007738e+01 4.387508581506580185e+00
1.139000000000007695e+01 4.372312334093135355e+00
1.141000000000007653e+01 4.456473606925917430e+00
1.143000000000007610e+01 4.543753317890131704e+00
1.145000000000007567e+01 4.617087067779547915e+00
1.147000000000007525e+01 4.669906796511097191e+00
1.149000000000007482e+01 4.773037293558568983e+00
1.151000000000007439e+01 4.885836429610891152e+00
1.153000000000007397e+01 4.884266150629687608e+00
1.155000000000007354e+01 5.023032073907327977e+00
1.157000000000007311e+01 5.128380730069102889e+00
1.159000000000007269e+01 5.327912973840973621e+00
1.161000000000007226e+01 5.282133671925032914e+00
1.163000000000007184e+01 5.533168475698802879e+00
1.165000000000007141e+01 5.670053661472735484e+00
1.167000000000007098e+01 5.815466129885368929e+00
1.169000000000007056e+01 5.946674288519783858e+00
1.171000000000007013e+01 6.151711585529281656e+00
1.173000000000006970e+01 6.374124293650345052e+00
1.175000000000006928e+01 6.498238086366358246e+00
1.177000000000006885e+01 6.744254121632785370e+00
1.179000000000006843e+01 6.882342395400645074e+00
1.181000000000006800e+01 7.093924666121349532e+00
1.183000000000006757e+01 7.350596070453587316e+00
1.185000000000006715e+01 7.614171503751766323e+00
1.187000000000006672e+01 7.758038056143303329e+00
1.189000000000006629e+01 8.009411661841504326e+00
1.191000000000006587e+01 8.200460362686227356e+00
1.193000000000006544e+01 8.565346766819917690e+00
1.195000000000006501e+01 8.750738180376963271e+00
1.197000000000006459e+01 9.048476901134048234e+00
1.199000000000006416e+01 9.254719265405983109e+00
1.201000000000006374e+01 9.463608374301500703e+00
1.203000000000006331e+01 9.846367881877993611e+00
1.205000000000006288e+01 1.013366258048526447e+01
1.207000000000006246e+01 1.036056361581607455e+01
1.209000000000006203e+01 1.055145597165399707e+01
1.211000000000006160e+01 1.080137364273661404e+01
1.213000000000006118e+01 1.117711262531280880e+01
1.215000000000006075e+01 1.142574507719281129e+01
1.217000000000006033e+01 1.162766517387912302e+01
1.219000000000005990e+01 1.188545567057507135e+01
1.221000000000005947e+01 1.216933630756103213e+01
1.223000000000005905e+01 1.248116245468612817e+01
1.225000000000005862e+01 1.254124280444578510e+01
1.227000000000005819e+01 1.288666266328588250e+01
1.229000000000005777e+01 1.312476302260670202e+01
1.231000000000005734e+01 1.322317920712416139e+01
1.233000000000005691e+01 1.363375308163385213e+01
1.235000000000005649e+01 1.373497417503104678e+01
1.237000000000005606e+01 1.392637859649704168e+01
1.239000000000005564e+01 1.407943350755021505e+01
1.241000000000005521e+01 1.429442902202736931e+01
1.243000000000005478e+01 1.447430346043293525e+01
1.245000000000005436e+01 1.449290402423318724e+01
1.247000000000005393e+01 1.481582572857405111e+01
1.249000000000005350e+01 1.488659208253941202e+01
1.251000000000005308e+01 1.496358164860341944e+01
1.253000000000005265e+01 1.506200737382463295e+01
1.255000000000005222e+01 1.532149421606118089e+01
1.257000000000005180e+01 1.536585342091401429e+01
1.259000000000005137e+01 1.535284816892221471e+01
1.261000000000005095e+01 1.539064862083762542e+01
1.263000000000005052e+01 1.562722730060635357e+01
1.265000000000005009e+01 1.551456659033376972e+01
1.267000000000004967e+01 1.571285796147875935e+01
1.269000000000004924e+01 1.571881684896309750e+01
1.271000000000004881e+01 1.567967365649001010e+01
1.273000000000004839e+01 1.569119351915650640e+01
1.275000000000004796e+01 1.562597021041195866e+01
1.277000000000004754e+01 1.573648727163871364e+01
1.279000000000004711e+01 1.573182893952798445e+01
1.281000000000004668e+01 1.578017808406288580e+01
1.283000000000004626e+01 1.580551546619645897e+01
1.285000000000004583e+01 1.566191469067724107e+01
1.287000000000004540e+01 1.574582408903425090e+01
1.289000000000004498e+01 1.558956454485860199e+01
1.291000000000004455e+01 1.540965610408955300e+01
1.293000000000004412e+01 1.545138646251119141e+01
1.295000000000004370e+01 1.552387841470096319e+01
1.297000000000004327e+01 1.561956430088220316e+01
1.299000000000004285e+01 1.551325656292888944e+01
1.301000000000004242e+01 1.528135965969551258e+01
1.303000000000004199e+01 1.521889371281624292e+01
1.305000000000004157e+01 1.514410011868048400e+01
1.307000000000004114e+01 1.516244591450910306e+01
1.309000000000004071e+01 1.509177370982700772e+01
1.311000000000004029e+01 1.504010476198781987e+01
1.313000000000003986e+01 1.505010383493671711e+01
1.315000000000003944e+01 1.487425701943577927e+01
1.317000000000003901e+01 1.478182709487862745e+01
1.319000000000003858e+01 1.473643411211971532e+01
1.321000000000003816e+01 1.463838802459433452e+01
1.323000000000003773e+01 1.459541700000231401e+01
1.325000000000003730e+01 1.454838876626635624e+01
1.327000000000003688e+01 1.442858541082290103e+01
1.329000000000003645e+01 1.420884417331553529e+01
1.331000000000003602e+01 1.420018141908504461e+01
1.333000000000003560e+01 1.434650315367191986e+01
1.335000000000003517e+01 1.419673974025775642e+01
1.337000000000003475e+01 1.396280943459530910e+01
1.339000000000003432e+01 1.386336684466269276e+01
1.341000000000003389e+01 1.389304973546568434e+01
1.343000000000003347e+01 1.384943935315394725e+01
1.345000000000003304e+01 1.356432683864337285e+01
1.347000000000003261e+01 1.357685932159694175e+01
1.349000000000003219e+01 1.357627094066100248e+01
1.351000000000003176e+01 1.350386271469956512e+01
1.353000000000003133e+01 1.331693527201768390e+01
1.355000000000003091e+01 1.310815294877348514e+01
1.357000000000003048e+01 1.303607459524693013e+01
1.359000000000003006e+01 1.278099823643580280e+01
1.361000000000002963e+01 1.249793291312932908e+01
1.363000000000002920e+01 1.209273180418361093e+01
1.365000000000002878e+01 1.179023699683973625e+01
1.367000000000002835e+01 1.127732077131281585e+01
1.369000000000002792e+01 1.084446314622903529e+01
1.371000000000002750e+01 1.053077965617113598e+01
1.373000000000002707e+01 1.016547275280064433e+01
1.375000000000002665e+01 9.874580995644473447e+00
1.377000000000002622e+01 9.670315577206739732e+00
1.379000000000002579e+01 9.576318146183469437e+00
1.381000000000002537e+01 9.595748550638708352e+00
1.383000000000002494e+01 9.452127020722489448e+00
1.385000000000002451e+01 9.317299499488440162e+00
1.387000000000002409e+01 9.219972274683790658e+00
1.389000000000002366e+01 9.191808657527515081e+00
1.391000000000002323e+01 9.193056422004195483e+00
1.393000000000002281e+01 9.026144736617821351e+00
1.395000000000002238e+01 8.958135872800569999e+00
1.397000000000002196e+01 8.735005697086108967e+00
1.399000000000002153e+01 8.461095597766711052e+00
1.401000000000002110e+01 7.990569481628356563e+00
1.403000000000002068e+01 7.453499733023915219e+00
1.405000000000002025e+01 6.912512592125784394e+00
1.407000000000001982e+01 6.337564826065943180e+00
1.409000000000001940e+01 5.772640370553242306e+00
1.411000000000001897e+01 5.231236393151112551e+00
1.413000000000001855e+01 4.635379315359072550e+00
1.415000000000001812e+01 4.116685795030951667e+00
1.417000000000001769e+01 3.753368279290559606e+00
1.419000000000001727e+01 3.345578379137598368e+00
1.421000000000001684e+01 3.049843582495929795e+00
1.423000000000001641e+01 2.705235603784567289e+00
1.425000000000001599e+01 2.462282464549987004e+00
1.427000000000001556e+01 2.048883221648261532e+00
1.429000000000001513e+01 1.730210161023002069e+00
1.431000000000001471e+01 1.527119614491824873e+00
1.433000000000001428e+01 1.363532455226358575e+00
1.435000000000001386e+01 1.181064705709256701e+00
1.437000000000001343e+01 9.103131704342947161e-01
1.439000000000001300e+01 6.681299748408607853e-01
1.441000000000001258e+01 4.987532688796972313e-01
1.443000000000001215e+01 3.668323807340329035e-01
1.445000000000001172e+01 2.506609569467950216e-01
1.447000000000001130e+01 1.429127639874414046e-01
1.449000000000001087e+01 5.396806400561202782e-02
1.451000000000001044e+01 1.083260889225942485e-02
1.453000000000001002e+01 1.820200092423938736e-18
1.455000000000000959e+01 1.812178362520048530e-18
1.457000000000000917e+01 0.000000000000000000e+00
1.459000000000000874e+01 0.000000000000000000e+00
1.461000000000000831e+01 0.000000000000000000e+00
1.463000000000000789e+01 0.000000000000000000e+00
1.465000000000000746e+01 0.000000000000000000e+00
1.467000000000000703e+01 0.000000000000000000e+00
1.469000000000000661e+01 0.000000000000000000e+00
1.471000000000000618e+01 0.000000000000000000e+00
1.473000000000000576e+01 0.000000000000000000e+00
1.475000000000000533e+01 0.000000000000000000e+00
1.477000000000000490e+01 0.000000000000000000e+00
1.479000000000000448e+01 0.000000000000000000e+00
1.481000000000000405e+01 0.000000000000000000e+00
1.483000000000000362e+01 0.000000000000000000e+00
1.485000000000000320e+01 0.000000000000000000e+00
1.487000000000000277e+01 0.000000000000000000e+00
1.489000000000000234e+01 0.000000000000000000e+00
1.491000000000000192e+01 0.000000000000000000e+00
1.493000000000000149e+01 0.000000000000000000e+00
1.495000000000000107e+01 0.000000000000000000e+00
1.497000000000000064e+01 0.000000000000000000e+00
1.499000000000000021e+01 0.000000000000000000e+00
