# Redshift		Merger Rate Density [Gpc^-3yr^-1]
1.000000000031931770e-02 1.155400407561149905e+02
3.000000000031888964e-02 1.175949949893560955e+02
5.000000000031846331e-02 1.201071982324368861e+02
7.000000000031804392e-02 1.225086919885145704e+02
9.000000000031761760e-02 1.242842404143834756e+02
1.100000000003171913e-01 1.266466690893209233e+02
1.300000000003167511e-01 1.287663544035998484e+02
1.500000000003163247e-01 1.315772866282928817e+02
1.700000000003158984e-01 1.329715578266171576e+02
1.900000000003154721e-01 1.358263255176417488e+02
2.100000000003150458e-01 1.378633463532817416e+02
2.300000000003146194e-01 1.416008949910427077e+02
2.500000000003141931e-01 1.427269865369161721e+02
2.700000000003137668e-01 1.464511187520247120e+02
2.900000000003133405e-01 1.491607344351021140e+02
3.100000000003129141e-01 1.517804473281600508e+02
3.300000000003124878e-01 1.538839851567835240e+02
3.500000000003120615e-01 1.567481507219062564e+02
3.700000000003116352e-01 1.618604394680869234e+02
3.900000000003112088e-01 1.620727870009584421e+02
4.100000000003107825e-01 1.663087780812298888e+02
4.300000000003103562e-01 1.687454089142081841e+02
4.500000000003099299e-01 1.714691187868868099e+02
4.700000000003095035e-01 1.758851815095559914e+02
4.900000000003090772e-01 1.767202454271030376e+02
5.100000000003086509e-01 1.791812885399578477e+02
5.300000000003082246e-01 1.821291783473866985e+02
5.500000000003077982e-01 1.858967953527548218e+02
5.700000000003073719e-01 1.869499295205520468e+02
5.900000000003069456e-01 1.908130607947651072e+02
6.100000000003065193e-01 1.939856724067890923e+02
6.300000000003060929e-01 1.963062389350846502e+02
6.500000000003056666e-01 1.985335167662546496e+02
6.700000000003052403e-01 2.007965069890458096e+02
6.900000000003048140e-01 2.047552802241138181e+02
7.100000000003043876e-01 2.061864887348086768e+02
7.300000000003039613e-01 2.096322875549892046e+02
7.500000000003035350e-01 2.115953116012912005e+02
7.700000000003031086e-01 2.153711488576370527e+02
7.900000000003026823e-01 2.182966723651969687e+02
8.100000000003022560e-01 2.194785934539260950e+02
8.300000000003018297e-01 2.234493269089294643e+02
8.500000000003014033e-01 2.270119559860478944e+02
8.700000000003009770e-01 2.282510165259483870e+02
8.900000000003005507e-01 2.293444344320249115e+02
9.100000000003001244e-01 2.337592043647937601e+02
9.300000000002996980e-01 2.344112928580556172e+02
9.500000000002992717e-01 2.375444866610638428e+02
9.700000000002988454e-01 2.408037095863187460e+02
9.900000000002984191e-01 2.420156580946835447e+02
1.010000000000297993e+00 2.447058521117247096e+02
1.030000000000297566e+00 2.467025927633717117e+02
1.050000000000297140e+00 2.492912490699006014e+02
1.070000000000296714e+00 2.514443580599630650e+02
1.090000000000296287e+00 2.531840366682749845e+02
1.110000000000295861e+00 2.554529834988308892e+02
1.130000000000295435e+00 2.568030567009503216e+02
1.150000000000295008e+00 2.583737349822064289e+02
1.170000000000294582e+00 2.615810015142025122e+02
1.190000000000294156e+00 2.618474146457632514e+02
1.210000000000293729e+00 2.637040411146480778e+02
1.230000000000293303e+00 2.669550762121183993e+02
1.250000000000292877e+00 2.656293176286571907e+02
1.270000000000292451e+00 2.686104223645140792e+02
1.290000000000292024e+00 2.699213432533439345e+02
1.310000000000291598e+00 2.719443684765706166e+02
1.330000000000291172e+00 2.719088313191523980e+02
1.350000000000290745e+00 2.725771142056937606e+02
1.370000000000290319e+00 2.760355983369760793e+02
1.390000000000289893e+00 2.753912952859148504e+02
1.410000000000289466e+00 2.771957331428978364e+02
1.430000000000289040e+00 2.776405820837306919e+02
1.450000000000288614e+00 2.790662178101679842e+02
1.470000000000288187e+00 2.800998507622344391e+02
1.490000000000287761e+00 2.803289671765772937e+02
1.510000000000287335e+00 2.791485603585297213e+02
1.530000000000286908e+00 2.824081803937755240e+02
1.550000000000286482e+00 2.802437968592777224e+02
1.570000000000286056e+00 2.814615437686600785e+02
1.590000000000285629e+00 2.808837703834217905e+02
1.610000000000285203e+00 2.821370330953553207e+02
1.630000000000284777e+00 2.831182698605041423e+02
1.650000000000284350e+00 2.800896090570248020e+02
1.670000000000283924e+00 2.818138805676782113e+02
1.690000000000283498e+00 2.800952566013900764e+02
1.710000000000283071e+00 2.797686280680789537e+02
1.730000000000282645e+00 2.800044174958397321e+02
1.750000000000282219e+00 2.781049840370816923e+02
1.770000000000281792e+00 2.756096241461622753e+02
1.790000000000281366e+00 2.774395039755767698e+02
1.810000000000280940e+00 2.739771113814091450e+02
1.830000000000280513e+00 2.745589523997862784e+02
1.850000000000280087e+00 2.732885163427175712e+02
1.870000000000279661e+00 2.713127983174024962e+02
1.890000000000279234e+00 2.698235935390686109e+02
1.910000000000278808e+00 2.688861964697130134e+02
1.930000000000278382e+00 2.674664813682701947e+02
1.950000000000277955e+00 2.656259065763820217e+02
1.970000000000277529e+00 2.637290991702282668e+02
1.990000000000277103e+00 2.620388782043814331e+02
2.010000000000276899e+00 2.614074944146066741e+02
2.030000000000276472e+00 2.581957452156270278e+02
2.050000000000276046e+00 2.562277748969283948e+02
2.070000000000275620e+00 2.541877234997644450e+02
2.090000000000275193e+00 2.524503626857912764e+02
2.110000000000274767e+00 2.486388386398205910e+02
2.130000000000274341e+00 2.466557848876792605e+02
2.150000000000273914e+00 2.446879353505356676e+02
2.170000000000273488e+00 2.429819979667257144e+02
2.190000000000273062e+00 2.405844658728265415e+02
2.210000000000272635e+00 2.370943638273539591e+02
2.230000000000272209e+00 2.358854233985929341e+02
2.250000000000271783e+00 2.312781279151959950e+02
2.270000000000271356e+00 2.297744027614583615e+02
2.290000000000270930e+00 2.289066938199550805e+02
2.310000000000270504e+00 2.239905910164490308e+02
2.330000000000270077e+00 2.217619994917398003e+02
2.350000000000269651e+00 2.201463775821786726e+02
2.370000000000269225e+00 2.170855876845210446e+02
2.390000000000268798e+00 2.135190995662342175e+02
2.410000000000268372e+00 2.118656796724621927e+02
2.430000000000267946e+00 2.079992281803708067e+02
2.450000000000267519e+00 2.068538668363310933e+02
2.470000000000267093e+00 2.038532580580383637e+02
2.490000000000266667e+00 2.005980562125249946e+02
2.510000000000266240e+00 1.985449882454950910e+02
2.530000000000265814e+00 1.937655382766969012e+02
2.550000000000265388e+00 1.928039371401816879e+02
2.570000000000264961e+00 1.902006978479642783e+02
2.590000000000264535e+00 1.872573799163233446e+02
2.610000000000264109e+00 1.836637540257879380e+02
2.630000000000263682e+00 1.824092016093870825e+02
2.650000000000263256e+00 1.799407896539022715e+02
2.670000000000262830e+00 1.754505925494308372e+02
2.690000000000262403e+00 1.746297580430811820e+02
2.710000000000261977e+00 1.716444935545434589e+02
2.730000000000261551e+00 1.693706670941202219e+02
2.750000000000261124e+00 1.661945101071925421e+02
2.770000000000260698e+00 1.646364165902942034e+02
2.790000000000260272e+00 1.613625066118854363e+02
2.810000000000259845e+00 1.590217090717488588e+02
2.830000000000259419e+00 1.560139202750999630e+02
2.850000000000258993e+00 1.541433877752085380e+02
2.870000000000258567e+00 1.507695420153965813e+02
2.890000000000258140e+00 1.486340546212321669e+02
2.910000000000257714e+00 1.470459701133757164e+02
2.930000000000257288e+00 1.443570806711443879e+02
2.950000000000256861e+00 1.418184932626301133e+02
2.970000000000256435e+00 1.392862980339454850e+02
2.990000000000256009e+00 1.373266124614986836e+02
3.010000000000255582e+00 1.354894606493180618e+02
3.030000000000255156e+00 1.329221597804705368e+02
3.050000000000254730e+00 1.309737905061685126e+02
3.070000000000254303e+00 1.280687169599439983e+02
3.090000000000253877e+00 1.270369095376660908e+02
3.110000000000253451e+00 1.258458683663605626e+02
3.130000000000253024e+00 1.225422185813674218e+02
3.150000000000252598e+00 1.199710621077413748e+02
3.170000000000252172e+00 1.186105427166490642e+02
3.190000000000251745e+00 1.163800970302866062e+02
3.210000000000251319e+00 1.144412032783462507e+02
3.230000000000250893e+00 1.113809478878426091e+02
3.250000000000250466e+00 1.107236844238801154e+02
3.270000000000250040e+00 1.086192384108936295e+02
3.290000000000249614e+00 1.060977687550162898e+02
3.310000000000249187e+00 1.046368080937982796e+02
3.330000000000248761e+00 1.029713806421625577e+02
3.350000000000248335e+00 1.014139661146774500e+02
3.370000000000247908e+00 9.854972128047087665e+01
3.390000000000247482e+00 9.817979762240589992e+01
3.410000000000247056e+00 9.568394017423179321e+01
3.430000000000246629e+00 9.408952360939881032e+01
3.450000000000246203e+00 9.191921584588024530e+01
3.470000000000245777e+00 9.167633142836315585e+01
3.490000000000245350e+00 8.919592087163344729e+01
3.510000000000244924e+00 8.797162739504645401e+01
3.530000000000244498e+00 8.636209431187118923e+01
3.550000000000244071e+00 8.475228855456299470e+01
3.570000000000243645e+00 8.309067033332773633e+01
3.590000000000243219e+00 8.169510294236542336e+01
3.610000000000242792e+00 8.066568447109057161e+01
3.630000000000242366e+00 7.914848434356760265e+01
3.650000000000241940e+00 7.744734421354421272e+01
3.670000000000241513e+00 7.600557956272270133e+01
3.690000000000241087e+00 7.489605192098994735e+01
3.710000000000240661e+00 7.346120831581744426e+01
3.730000000000240234e+00 7.262746961684551650e+01
3.750000000000239808e+00 7.111786155717872759e+01
3.770000000000239382e+00 6.993962717066266066e+01
3.790000000000238956e+00 6.845698428206942765e+01
3.810000000000238529e+00 6.775001068662787418e+01
3.830000000000238103e+00 6.552495027222560964e+01
3.850000000000237677e+00 6.492968917728558154e+01
3.870000000000237250e+00 6.394766415210478527e+01
3.890000000000236824e+00 6.288788457518779751e+01
3.910000000000236398e+00 6.190554440481255227e+01
3.930000000000235971e+00 6.036416242695237599e+01
3.950000000000235545e+00 5.912515425888101817e+01
3.970000000000235119e+00 5.865564853456706373e+01
3.990000000000234692e+00 5.785655481597052585e+01
4.010000000000234266e+00 5.590594211268118841e+01
4.030000000000233840e+00 5.535948932637197117e+01
4.050000000000233413e+00 5.487286016116292586e+01
4.070000000000232987e+00 5.338127186497825960e+01
4.090000000000232561e+00 5.256975020360803796e+01
4.110000000000232134e+00 5.177653939730967636e+01
4.130000000000231708e+00 5.057330125009822552e+01
4.150000000000231282e+00 5.015816259534243216e+01
4.170000000000230855e+00 4.910670781225518766e+01
4.190000000000230429e+00 4.794449117377743619e+01
4.210000000000230003e+00 4.747691632845382514e+01
4.230000000000229576e+00 4.627770206065984127e+01
4.250000000000229150e+00 4.588911918258394707e+01
4.270000000000228724e+00 4.452740326368779478e+01
4.290000000000228297e+00 4.397678835132397523e+01
4.310000000000227871e+00 4.358026687742465555e+01
4.330000000000227445e+00 4.231275270886727924e+01
4.350000000000227018e+00 4.184729911282945380e+01
4.370000000000226592e+00 4.094436394520848665e+01
4.390000000000226166e+00 4.050896466499346360e+01
4.410000000000225739e+00 3.963630918821999671e+01
4.430000000000225313e+00 3.902339438564752783e+01
4.450000000000224887e+00 3.837585599401216285e+01
4.470000000000224460e+00 3.765130899070997117e+01
4.490000000000224034e+00 3.706005034706097234e+01
4.510000000000223608e+00 3.643794912841685374e+01
4.530000000000223181e+00 3.605318027696040417e+01
4.550000000000222755e+00 3.546980691487807746e+01
4.570000000000222329e+00 3.464214097873258424e+01
4.590000000000221902e+00 3.444182088118505902e+01
4.610000000000221476e+00 3.352787937707828547e+01
4.630000000000221050e+00 3.321974934646262057e+01
4.650000000000220624e+00 3.230664916467374326e+01
4.670000000000220197e+00 3.222947259852721658e+01
4.690000000000219771e+00 3.144857226305983389e+01
4.710000000000219345e+00 3.092557237819301008e+01
4.730000000000218918e+00 3.038776234257541731e+01
4.750000000000218492e+00 2.998838932325604034e+01
4.770000000000218066e+00 2.956017569979109538e+01
4.790000000000217639e+00 2.879253972188958599e+01
4.810000000000217213e+00 2.857803723402038898e+01
4.830000000000216787e+00 2.788814218092874597e+01
4.850000000000216360e+00 2.744841332154921787e+01
4.870000000000215934e+00 2.735646859480064208e+01
4.890000000000215508e+00 2.658376577200364821e+01
4.910000000000215081e+00 2.611634760252588450e+01
4.930000000000214655e+00 2.588882046524020808e+01
4.950000000000214229e+00 2.532190615505447440e+01
4.970000000000213802e+00 2.496519659548323844e+01
4.990000000000213376e+00 2.470145680532917254e+01
5.010000000000212950e+00 2.420282984241757518e+01
5.030000000000212523e+00 2.381767254662680244e+01
5.050000000000212097e+00 2.363101160168343995e+01
5.070000000000211671e+00 2.335866848450299216e+01
5.090000000000211244e+00 2.264228630367832196e+01
5.110000000000210818e+00 2.232965382068141480e+01
5.130000000000210392e+00 2.196967661549407325e+01
5.150000000000209965e+00 2.181429748194299734e+01
5.170000000000209539e+00 2.151232196949255382e+01
5.190000000000209113e+00 2.115344728122628126e+01
5.210000000000208686e+00 2.070304090441473477e+01
5.230000000000208260e+00 2.053559593726173560e+01
5.250000000000207834e+00 2.010857813224787805e+01
5.270000000000207407e+00 1.981443293666409033e+01
5.290000000000206981e+00 1.976820739325306420e+01
5.310000000000206555e+00 1.925258848758252128e+01
5.330000000000206128e+00 1.907326792453035580e+01
5.350000000000205702e+00 1.885523564192024182e+01
5.370000000000205276e+00 1.849612971705791509e+01
5.390000000000204849e+00 1.828657591875474964e+01
5.410000000000204423e+00 1.801769167087802614e+01
5.430000000000203997e+00 1.802026884165133680e+01
5.450000000000203570e+00 1.748948321467028677e+01
5.470000000000203144e+00 1.745312807961475698e+01
5.490000000000202718e+00 1.694647738532566805e+01
5.510000000000202292e+00 1.685103458115804287e+01
5.530000000000201865e+00 1.673205090336341883e+01
5.550000000000201439e+00 1.634275403823587425e+01
5.570000000000201013e+00 1.637706449024781463e+01
5.590000000000200586e+00 1.594550252058266437e+01
5.610000000000200160e+00 1.563722773314413494e+01
5.630000000000199734e+00 1.552302933864024048e+01
5.650000000000199307e+00 1.538064612612643600e+01
5.670000000000198881e+00 1.527203786158126952e+01
5.690000000000198455e+00 1.508431114076734758e+01
5.710000000000198028e+00 1.485396289195979236e+01
5.730000000000197602e+00 1.472784079491565201e+01
5.750000000000197176e+00 1.443661597297855259e+01
5.770000000000196749e+00 1.426993117767548824e+01
5.790000000000196323e+00 1.413750482389692387e+01
5.810000000000195897e+00 1.402175460370210480e+01
5.830000000000195470e+00 1.382950754662043735e+01
5.850000000000195044e+00 1.384980554181390389e+01
5.870000000000194618e+00 1.345696297110912631e+01
5.890000000000194191e+00 1.327137752964397066e+01
5.910000000000193765e+00 1.326467977785039132e+01
5.930000000000193339e+00 1.318102715646793044e+01
5.950000000000192912e+00 1.303762172789266138e+01
5.970000000000192486e+00 1.282756937855410584e+01
5.990000000000192060e+00 1.257759630432483355e+01
6.010000000000191633e+00 1.259674327559720375e+01
6.030000000000191207e+00 1.239564305831289204e+01
6.050000000000190781e+00 1.248381247368168978e+01
6.070000000000190354e+00 1.240490728955895250e+01
6.090000000000189928e+00 1.214623896971802886e+01
6.110000000000189502e+00 1.194674726936275277e+01
6.130000000000189075e+00 1.178482235939311806e+01
6.150000000000188649e+00 1.184683870577663711e+01
6.170000000000188223e+00 1.176037899255873853e+01
6.190000000000187796e+00 1.155965191982768303e+01
6.210000000000187370e+00 1.150991716032680579e+01
6.230000000000186944e+00 1.147659764492259349e+01
6.250000000000186517e+00 1.126752938948346561e+01
6.270000000000186091e+00 1.134785798193729534e+01
6.290000000000185665e+00 1.115231700323302100e+01
6.310000000000185238e+00 1.103310199017764326e+01
6.330000000000184812e+00 1.091831276640852622e+01
6.350000000000184386e+00 1.092192549980994798e+01
6.370000000000183960e+00 1.073458811127542845e+01
6.390000000000183533e+00 1.075780881858002225e+01
6.410000000000183107e+00 1.067110252061908859e+01
6.430000000000182681e+00 1.051209592887953015e+01
6.450000000000182254e+00 1.044669644033890066e+01
6.470000000000181828e+00 1.038660186424317722e+01
6.490000000000181402e+00 1.042180279706564683e+01
6.510000000000180975e+00 1.016524978421022851e+01
6.530000000000180549e+00 1.023053784266378052e+01
6.550000000000180123e+00 1.017860089523422396e+01
6.570000000000179696e+00 1.015708347241064047e+01
6.590000000000179270e+00 1.017759666415431141e+01
6.610000000000178844e+00 1.003204373280656370e+01
6.630000000000178417e+00 9.996882247362986362e+00
6.650000000000177991e+00 9.911570241430736061e+00
6.670000000000177565e+00 9.831136875226231808e+00
6.690000000000177138e+00 9.829632323958575668e+00
6.710000000000176712e+00 9.719993345013858033e+00
6.730000000000176286e+00 9.769594028226704197e+00
6.750000000000175859e+00 9.689396470297438668e+00
6.770000000000175433e+00 9.683472575046577546e+00
6.790000000000175007e+00 9.587537742841494293e+00
6.810000000000174580e+00 9.551136425774517491e+00
6.830000000000174154e+00 9.515528282951503769e+00
6.850000000000173728e+00 9.484469351994800235e+00
6.870000000000173301e+00 9.425903415831514920e+00
6.890000000000172875e+00 9.374923261011538500e+00
6.910000000000172449e+00 9.485095303882811635e+00
6.930000000000172022e+00 9.362336200513992068e+00
6.950000000000171596e+00 9.329714430219587129e+00
6.970000000000171170e+00 9.256346346691039173e+00
6.990000000000170743e+00 9.371118131153442832e+00
7.010000000000170317e+00 9.202184836791264644e+00
7.030000000000169891e+00 9.259613707882417444e+00
7.050000000000169464e+00 9.155007710875921134e+00
7.070000000000169038e+00 9.204830801562753351e+00
7.090000000000168612e+00 9.142892038799249832e+00
7.110000000000168185e+00 9.160450830580126436e+00
7.130000000000167759e+00 9.062556864458487738e+00
7.150000000000167333e+00 9.130870635444271244e+00
7.170000000000166906e+00 9.089287941614720978e+00
7.190000000000166480e+00 9.060620238898948742e+00
7.210000000000166054e+00 9.098459997561196388e+00
7.230000000000165628e+00 9.019162321266938065e+00
7.250000000000165201e+00 9.032252303531947746e+00
7.270000000000164775e+00 9.021755857227480746e+00
7.290000000000164349e+00 8.979581664489320048e+00
7.310000000000163922e+00 9.008220548803567596e+00
7.330000000000163496e+00 8.929979067327293407e+00
7.350000000000163070e+00 8.973079182494945627e+00
7.370000000000162643e+00 8.935918988707916455e+00
7.390000000000162217e+00 9.082854491041590705e+00
7.410000000000161791e+00 9.031006089949917381e+00
7.430000000000161364e+00 8.897605818556316493e+00
7.450000000000160938e+00 8.897196636932765301e+00
7.470000000000160512e+00 8.948819520358499702e+00
7.490000000000160085e+00 8.890599477117332228e+00
7.510000000000159659e+00 8.937480898022240439e+00
7.530000000000159233e+00 8.913503182781846945e+00
7.550000000000158806e+00 8.914855223756005032e+00
7.570000000000158380e+00 8.895416723300780149e+00
7.590000000000157954e+00 9.040745879454579637e+00
7.610000000000157527e+00 8.942837481119150667e+00
7.630000000000157101e+00 8.946601334727926513e+00
7.650000000000156675e+00 8.896922187941369131e+00
7.670000000000156248e+00 8.963906021127552748e+00
7.690000000000155822e+00 9.008860574057688808e+00
7.710000000000155396e+00 9.007874694970009699e+00
7.730000000000154969e+00 8.932980375166485132e+00
7.750000000000154543e+00 8.964697414186721502e+00
7.770000000000154117e+00 8.968241650869634540e+00
7.790000000000153690e+00 8.981241077292242636e+00
7.810000000000153264e+00 8.997128091633928904e+00
7.830000000000152838e+00 9.000551785639292035e+00
7.850000000000152411e+00 9.049168271264953489e+00
7.870000000000151985e+00 8.964920293124853501e+00
7.890000000000151559e+00 9.084942726890881559e+00
7.910000000000151132e+00 8.995210869529534747e+00
7.930000000000150706e+00 9.055284737726140065e+00
7.950000000000150280e+00 9.085432766172283792e+00
7.970000000000149853e+00 9.031635253719811018e+00
7.990000000000149427e+00 9.087684815738279909e+00
8.010000000000149001e+00 9.078569040046227556e+00
8.030000000000148574e+00 9.132064489991895684e+00
8.050000000000148148e+00 9.084640459037029103e+00
8.070000000000147722e+00 9.095741432239789148e+00
8.090000000000147296e+00 9.042137581196410423e+00
8.110000000000146869e+00 9.120582632130155076e+00
8.130000000000146443e+00 9.214231298472496334e+00
8.150000000000146017e+00 9.289424006137053880e+00
8.170000000000145590e+00 9.225376307421708333e+00
8.190000000000145164e+00 9.226172378671510188e+00
8.210000000000144738e+00 9.236864300007589179e+00
8.230000000000144311e+00 9.247990487698295681e+00
8.250000000000143885e+00 9.333632772653038145e+00
8.270000000000143459e+00 9.241838024830821396e+00
8.290000000000143032e+00 9.283852562525179763e+00
8.310000000000142606e+00 9.272117262863291742e+00
8.330000000000142180e+00 9.322184192998330232e+00
8.350000000000141753e+00 9.401696810741796639e+00
8.370000000000141327e+00 9.332569196053071892e+00
8.390000000000140901e+00 9.333506482008431249e+00
8.410000000000140474e+00 9.356175364975817033e+00
8.430000000000140048e+00 9.417280744393002223e+00
8.450000000000139622e+00 9.433851755831375030e+00
8.470000000000139195e+00 9.477666482919682167e+00
8.490000000000138769e+00 9.577798558247048177e+00
8.510000000000138343e+00 9.590990857548591819e+00
8.530000000000137916e+00 9.566350654345230353e+00
8.550000000000137490e+00 9.589010982341699574e+00
8.570000000000137064e+00 9.537851179963670489e+00
8.590000000000136637e+00 9.633653274324753824e+00
8.610000000000136211e+00 9.661509241121750691e+00
8.630000000000135785e+00 9.604559567047473934e+00
8.650000000000135358e+00 9.673371840193409454e+00
8.670000000000134932e+00 9.679376189132423036e+00
8.690000000000134506e+00 9.661738489240802252e+00
8.710000000000134079e+00 9.758217649375385605e+00
8.730000000000133653e+00 9.779423596633142424e+00
8.750000000000133227e+00 9.745291066956271564e+00
8.770000000000132800e+00 9.841142782555255764e+00
8.790000000000132374e+00 9.907380235824417625e+00
8.810000000000131948e+00 9.861081773280707452e+00
8.830000000000131521e+00 9.899964474399061132e+00
8.850000000000131095e+00 9.884453440515734712e+00
8.870000000000130669e+00 1.005633213248922431e+01
8.890000000000130242e+00 9.963368697309578081e+00
8.910000000000129816e+00 9.985837710555012237e+00
8.930000000000129390e+00 1.003759136234720017e+01
8.950000000000128964e+00 1.010111328131871922e+01
8.970000000000128537e+00 1.009234961591042712e+01
8.990000000000128111e+00 1.010805219414932132e+01
9.010000000000127685e+00 1.022021744141131627e+01
9.030000000000127258e+00 1.015451129233316685e+01
9.050000000000126832e+00 1.025488412625199963e+01
9.070000000000126406e+00 1.024690225298413893e+01
9.090000000000125979e+00 1.036644115103979757e+01
9.110000000000125553e+00 1.034930948332096534e+01
9.130000000000125127e+00 1.038430063537418668e+01
9.150000000000124700e+00 1.039672494961899929e+01
9.170000000000124274e+00 1.041790896747157369e+01
9.190000000000123848e+00 1.048565537163140071e+01
9.210000000000123421e+00 1.049491444567078346e+01
9.230000000000122995e+00 1.058649984267666966e+01
9.250000000000122569e+00 1.063140213187186944e+01
9.270000000000122142e+00 1.064457010625123701e+01
9.290000000000121716e+00 1.067913491214072153e+01
9.310000000000121290e+00 1.069859328409680543e+01
9.330000000000120863e+00 1.075660635113271724e+01
9.350000000000120437e+00 1.078050021901125000e+01
9.370000000000120011e+00 1.081146194348477962e+01
9.390000000000119584e+00 1.091127848222039454e+01
9.410000000000119158e+00 1.097483548749030469e+01
9.430000000000118732e+00 1.098104803302071986e+01
9.450000000000118305e+00 1.107366771873872402e+01
9.470000000000117879e+00 1.105329028226566024e+01
9.490000000000117453e+00 1.116768196285667614e+01
9.510000000000117026e+00 1.117967545371582538e+01
9.530000000000116600e+00 1.114132641825927017e+01
9.550000000000116174e+00 1.125537304935850891e+01
9.570000000000115747e+00 1.127223411518621354e+01
9.590000000000115321e+00 1.138558132461742289e+01
9.610000000000114895e+00 1.144377306470534705e+01
9.630000000000114468e+00 1.147810963009934504e+01
9.650000000000114042e+00 1.157067384660993348e+01
9.670000000000113616e+00 1.163501546156963151e+01
9.690000000000113189e+00 1.163284789966664157e+01
9.710000000000112763e+00 1.171218817925532640e+01
9.730000000000112337e+00 1.175599935842112664e+01
9.750000000000111910e+00 1.185741583454915293e+01
9.770000000000111484e+00 1.186444472231847413e+01
9.790000000000111058e+00 1.193400406548283321e+01
9.810000000000110632e+00 1.199989052758937724e+01
9.830000000000110205e+00 1.202159236962785549e+01
9.850000000000109779e+00 1.213463958470673987e+01
9.870000000000109353e+00 1.216399535593131809e+01
9.890000000000108926e+00 1.230452816484120326e+01
9.910000000000108500e+00 1.239680088182235096e+01
9.930000000000108074e+00 1.240071644375357351e+01
9.950000000000107647e+00 1.252105921836364999e+01
9.970000000000107221e+00 1.261007617120542967e+01
9.990000000000106795e+00 1.264775310774822614e+01
1.001000000000010637e+01 1.268677764151017939e+01
1.003000000000010594e+01 1.271830868668830661e+01
1.005000000000010552e+01 1.282269577147535244e+01
1.007000000000010509e+01 1.289943843978865523e+01
1.009000000000010466e+01 1.303555982575568883e+01
1.011000000000010424e+01 1.303802176506327903e+01
1.013000000000010381e+01 1.323824842249518596e+01
1.015000000000010338e+01 1.324163352100815949e+01
1.017000000000010296e+01 1.331212252237125604e+01
1.019000000000010253e+01 1.346655576459728110e+01
1.021000000000010210e+01 1.349959971331857567e+01
1.023000000000010168e+01 1.354719502426283917e+01
1.025000000000010125e+01 1.360842315486090826e+01
1.027000000000010083e+01 1.376654670354908028e+01
1.029000000000010040e+01 1.382975936638811021e+01
1.031000000000009997e+01 1.396587924983259121e+01
1.033000000000009955e+01 1.404811762641498163e+01
1.035000000000009912e+01 1.406190637760145812e+01
1.037000000000009869e+01 1.413397440819497497e+01
1.039000000000009827e+01 1.439350952680011275e+01
1.041000000000009784e+01 1.444290883523793845e+01
1.043000000000009742e+01 1.448448478648598403e+01
1.045000000000009699e+01 1.458595571171726135e+01
1.047000000000009656e+01 1.468639248374209139e+01
1.049000000000009614e+01 1.473923187287520165e+01
1.051000000000009571e+01 1.480599662534104333e+01
1.053000000000009528e+01 1.497803030914920797e+01
1.055000000000009486e+01 1.510205906500682538e+01
1.057000000000009443e+01 1.516155327402447917e+01
1.059000000000009400e+01 1.529139961598929176e+01
1.061000000000009358e+01 1.535750609344841244e+01
1.063000000000009315e+01 1.543097643599247171e+01
1.065000000000009273e+01 1.561760395314232319e+01
1.067000000000009230e+01 1.576763593004628738e+01
1.069000000000009187e+01 1.568689754340442200e+01
1.071000000000009145e+01 1.590415135319702600e+01
1.073000000000009102e+01 1.598794442260574122e+01
1.075000000000009059e+01 1.606648045051293749e+01
1.077000000000009017e+01 1.619107172967164843e+01
1.079000000000008974e+01 1.632062877132236167e+01
1.081000000000008932e+01 1.634473502507514553e+01
1.083000000000008889e+01 1.650626383381516860e+01
1.085000000000008846e+01 1.659873208599369221e+01
1.087000000000008804e+01 1.677678169303338507e+01
1.089000000000008761e+01 1.687547760522292606e+01
1.091000000000008718e+01 1.687262498991555049e+01
1.093000000000008676e+01 1.707171960718115500e+01
1.095000000000008633e+01 1.708173948333854497e+01
1.097000000000008590e+01 1.734288233054457962e+01
1.099000000000008548e+01 1.730606814745981836e+01
1.101000000000008505e+01 1.743627279727318324e+01
1.103000000000008463e+01 1.757622517064879020e+01
1.105000000000008420e+01 1.773217290146421732e+01
1.107000000000008377e+01 1.768796612859407702e+01
1.109000000000008335e+01 1.793877465594946941e+01
1.111000000000008292e+01 1.794440468926950771e+01
1.113000000000008249e+01 1.815146589228123375e+01
1.115000000000008207e+01 1.824529929583701815e+01
1.117000000000008164e+01 1.821867747715183583e+01
1.119000000000008122e+01 1.852954962137888018e+01
1.121000000000008079e+01 1.853985357142664370e+01
1.123000000000008036e+01 1.858704507043013265e+01
1.125000000000007994e+01 1.870116575633160139e+01
1.127000000000007951e+01 1.867875786818141393e+01
1.129000000000007908e+01 1.893841586748767014e+01
1.131000000000007866e+01 1.899073987353131798e+01
1.133000000000007823e+01 1.918281740965694127e+01
1.135000000000007780e+01 1.925677171917410746e+01
1.137000000000007738e+01 1.925582487486741812e+01
1.139000000000007695e+01 1.943994578585439825e+01
1.141000000000007653e+01 1.949250208072386314e+01
1.143000000000007610e+01 1.952429613196808234e+01
1.145000000000007567e+01 1.961813665376449478e+01
1.147000000000007525e+01 1.982790586247503128e+01
1.149000000000007482e+01 1.982312689554363772e+01
1.151000000000007439e+01 1.999151833165987924e+01
1.153000000000007397e+01 1.995397250338107753e+01
1.155000000000007354e+01 2.009245898145247367e+01
1.157000000000007311e+01 2.025819447324966305e+01
1.159000000000007269e+01 2.023227162333142815e+01
1.161000000000007226e+01 2.042435372034523766e+01
1.163000000000007184e+01 2.038014843183043823e+01
1.165000000000007141e+01 2.047604656324033812e+01
1.167000000000007098e+01 2.053731544604237413e+01
1.169000000000007056e+01 2.060988799545652483e+01
1.171000000000007013e+01 2.093928850803676411e+01
1.173000000000006970e+01 2.064028913947342758e+01
1.175000000000006928e+01 2.082707227587675902e+01
1.177000000000006885e+01 2.101861658681636058e+01
1.179000000000006843e+01 2.085245878344943193e+01
1.181000000000006800e+01 2.103003160104145408e+01
1.183000000000006757e+01 2.102125001032295870e+01
1.185000000000006715e+01 2.124044492887177427e+01
1.187000000000006672e+01 2.111506831988927857e+01
1.189000000000006629e+01 2.118863424380329263e+01
1.191000000000006587e+01 2.140634464968256623e+01
1.193000000000006544e+01 2.128293697365733905e+01
1.195000000000006501e+01 2.134263857540008757e+01
1.197000000000006459e+01 2.139433842589595969e+01
1.199000000000006416e+01 2.148587789382747104e+01
1.201000000000006374e+01 2.164812326685937549e+01
1.203000000000006331e+01 2.151495093662233771e+01
1.205000000000006288e+01 2.152361568843880235e+01
1.207000000000006246e+01 2.150006389743258239e+01
1.209000000000006203e+01 2.160953970913925204e+01
1.211000000000006160e+01 2.162696188458953372e+01
1.213000000000006118e+01 2.178708656556815626e+01
1.215000000000006075e+01 2.160952360664670735e+01
1.217000000000006033e+01 2.166264157480172514e+01
1.219000000000005990e+01 2.163720996190262724e+01
1.221000000000005947e+01 2.191916964538416224e+01
1.223000000000005905e+01 2.171988718887950753e+01
1.225000000000005862e+01 2.160358759299678511e+01
1.227000000000005819e+01 2.172026634693531832e+01
1.229000000000005777e+01 2.172271996970410513e+01
1.231000000000005734e+01 2.188871169456761834e+01
1.233000000000005691e+01 2.172305069717453563e+01
1.235000000000005649e+01 2.171341429739500839e+01
1.237000000000005606e+01 2.181122379089637775e+01
1.239000000000005564e+01 2.168371588257664939e+01
1.241000000000005521e+01 2.162832570361060647e+01
1.243000000000005478e+01 2.170668798040870229e+01
1.245000000000005436e+01 2.171195356401155863e+01
1.247000000000005393e+01 2.167817829417007403e+01
1.249000000000005350e+01 2.156330234608275020e+01
1.251000000000005308e+01 2.155542250663325987e+01
1.253000000000005265e+01 2.150541860413732920e+01
1.255000000000005222e+01 2.153195810007242272e+01
1.257000000000005180e+01 2.151035274908695882e+01
1.259000000000005137e+01 2.150686588978100389e+01
1.261000000000005095e+01 2.145802256563017352e+01
1.263000000000005052e+01 2.120130929430695232e+01
1.265000000000005009e+01 2.143584786714894008e+01
1.267000000000004967e+01 2.127635332347018959e+01
1.269000000000004924e+01 2.131696613341442514e+01
1.271000000000004881e+01 2.110246073180196902e+01
1.273000000000004839e+01 2.115132072948527409e+01
1.275000000000004796e+01 2.102660064851863808e+01
1.277000000000004754e+01 2.095704426101703532e+01
1.279000000000004711e+01 2.104350954840615273e+01
1.281000000000004668e+01 2.083183055232960257e+01
1.283000000000004626e+01 2.077426289017355998e+01
1.285000000000004583e+01 2.086337534291513762e+01
1.287000000000004540e+01 2.063726076385517771e+01
1.289000000000004498e+01 2.047110387414674193e+01
1.291000000000004455e+01 2.048718602221153517e+01
1.293000000000004412e+01 2.040815405592348242e+01
1.295000000000004370e+01 2.035796646935073184e+01
1.297000000000004327e+01 2.023767531006048159e+01
1.299000000000004285e+01 2.017425043964462716e+01
1.301000000000004242e+01 1.999685985780869402e+01
1.303000000000004199e+01 1.987123353964342698e+01
1.305000000000004157e+01 1.988829966443574193e+01
1.307000000000004114e+01 1.963447560171177386e+01
1.309000000000004071e+01 1.965305069690419515e+01
1.311000000000004029e+01 1.955237572487788711e+01
1.313000000000003986e+01 1.949568737206424629e+01
1.315000000000003944e+01 1.901312625080419494e+01
1.317000000000003901e+01 1.914657067505056176e+01
1.319000000000003858e+01 1.887239431090139874e+01
1.321000000000003816e+01 1.881952849211548440e+01
1.323000000000003773e+01 1.863466526361867182e+01
1.325000000000003730e+01 1.843521331362059001e+01
1.327000000000003688e+01 1.822742302965509253e+01
1.329000000000003645e+01 1.817798030739938397e+01
1.331000000000003602e+01 1.788806898639352738e+01
1.333000000000003560e+01 1.768807134189554731e+01
1.335000000000003517e+01 1.737993014735738484e+01
1.337000000000003475e+01 1.715790499488215914e+01
1.339000000000003432e+01 1.687463074095036575e+01
1.341000000000003389e+01 1.652953060591541146e+01
1.343000000000003347e+01 1.639795166298872786e+01
1.345000000000003304e+01 1.608036282186732180e+01
1.347000000000003261e+01 1.577652301407810675e+01
1.349000000000003219e+01 1.529322200251005803e+01
1.351000000000003176e+01 1.473744024715675849e+01
1.353000000000003133e+01 1.448496385048063040e+01
1.355000000000003091e+01 1.410712192524901276e+01
1.357000000000003048e+01 1.353727547115627594e+01
1.359000000000003006e+01 1.310392518685970664e+01
1.361000000000002963e+01 1.254342459115435915e+01
1.363000000000002920e+01 1.208472014312110865e+01
1.365000000000002878e+01 1.181585100003745481e+01
1.367000000000002835e+01 1.128851763553549858e+01
1.369000000000002792e+01 1.104206840035102033e+01
1.371000000000002750e+01 1.056510350397208597e+01
1.373000000000002707e+01 1.022637268832626845e+01
1.375000000000002665e+01 9.934803851306950762e+00
1.377000000000002622e+01 9.661646720761382312e+00
1.379000000000002579e+01 9.322627188500181461e+00
1.381000000000002537e+01 8.927498136785466443e+00
1.383000000000002494e+01 8.706196914306298495e+00
1.385000000000002451e+01 8.252490136680625810e+00
1.387000000000002409e+01 8.028048676604427669e+00
1.389000000000002366e+01 7.529231818468071324e+00
1.391000000000002323e+01 7.155924856218786267e+00
1.393000000000002281e+01 6.699973612435935699e+00
1.395000000000002238e+01 6.193203908147814296e+00
1.397000000000002196e+01 5.833002208311012460e+00
1.399000000000002153e+01 5.515586379865640154e+00
1.401000000000002110e+01 5.038072905817071678e+00
1.403000000000002068e+01 4.646515273776874011e+00
1.405000000000002025e+01 4.405454515148832684e+00
1.407000000000001982e+01 4.001904749332568123e+00
1.409000000000001940e+01 3.709385274867190940e+00
1.411000000000001897e+01 3.479961733255366507e+00
1.413000000000001855e+01 3.182195565835319151e+00
1.415000000000001812e+01 2.901750007844029700e+00
1.417000000000001769e+01 2.624306852816771229e+00
1.419000000000001727e+01 2.448052906746169377e+00
1.421000000000001684e+01 2.157357408545953703e+00
1.423000000000001641e+01 1.950667594955908024e+00
1.425000000000001599e+01 1.723756794049305707e+00
1.427000000000001556e+01 1.468723721066759413e+00
1.429000000000001513e+01 1.262826522629477033e+00
1.431000000000001471e+01 1.091587630552430133e+00
1.433000000000001428e+01 9.207519106542659815e-01
1.435000000000001386e+01 7.211179795226307920e-01
1.437000000000001343e+01 5.924148365798209692e-01
1.439000000000001300e+01 4.099130014629556173e-01
1.441000000000001258e+01 2.639112850319801362e-01
1.443000000000001215e+01 1.784863009416632895e-01
1.445000000000001172e+01 1.013769193115763717e-01
1.447000000000001130e+01 5.110005563049229566e-02
1.449000000000001087e+01 1.901616846575570480e-02
1.451000000000001044e+01 5.504577083598431210e-03
1.453000000000001002e+01 2.785168133933267013e-03
1.455000000000000959e+01 2.766161480682886344e-03
1.457000000000000917e+01 2.753469576444437898e-03
1.459000000000000874e+01 2.741188483627520281e-03
1.461000000000000831e+01 5.918043514370862203e-05
1.463000000000000789e+01 1.780947721619762057e-07
1.465000000000000746e+01 0.000000000000000000e+00
1.467000000000000703e+01 0.000000000000000000e+00
1.469000000000000661e+01 0.000000000000000000e+00
1.471000000000000618e+01 0.000000000000000000e+00
1.473000000000000576e+01 0.000000000000000000e+00
1.475000000000000533e+01 0.000000000000000000e+00
1.477000000000000490e+01 0.000000000000000000e+00
1.479000000000000448e+01 0.000000000000000000e+00
1.481000000000000405e+01 0.000000000000000000e+00
1.483000000000000362e+01 0.000000000000000000e+00
1.485000000000000320e+01 0.000000000000000000e+00
1.487000000000000277e+01 0.000000000000000000e+00
1.489000000000000234e+01 0.000000000000000000e+00
1.491000000000000192e+01 0.000000000000000000e+00
1.493000000000000149e+01 0.000000000000000000e+00
1.495000000000000107e+01 0.000000000000000000e+00
1.497000000000000064e+01 0.000000000000000000e+00
1.499000000000000021e+01 0.000000000000000000e+00
