# Redshift		Merger Rate Density [Gpc^-3yr^-1]
1.000000000031931770e-02 1.106458162488647332e+02
3.000000000031888964e-02 1.162030672550506409e+02
5.000000000031846331e-02 1.220594463380346753e+02
7.000000000031804392e-02 1.277789670012139851e+02
9.000000000031761760e-02 1.338276529010248339e+02
1.100000000003171913e-01 1.397894329820929897e+02
1.300000000003167511e-01 1.461910897567599363e+02
1.500000000003163247e-01 1.527700511411378841e+02
1.700000000003158984e-01 1.594214800829894330e+02
1.900000000003154721e-01 1.662225338583879477e+02
2.100000000003150458e-01 1.729650725555264899e+02
2.300000000003146194e-01 1.803862878662048672e+02
2.500000000003141931e-01 1.874717277509928977e+02
2.700000000003137668e-01 1.949627780815496294e+02
2.900000000003133405e-01 2.025056668764592871e+02
3.100000000003129141e-01 2.104061614782559104e+02
3.300000000003124878e-01 2.181974422432428184e+02
3.500000000003120615e-01 2.264838117065274901e+02
3.700000000003116352e-01 2.350128923565943353e+02
3.900000000003112088e-01 2.432519620702080942e+02
4.100000000003107825e-01 2.521794633477313994e+02
4.300000000003103562e-01 2.613114100688886765e+02
4.500000000003099299e-01 2.699373795454316109e+02
4.700000000003095035e-01 2.794187759945156131e+02
4.900000000003090772e-01 2.890739810194310735e+02
5.100000000003086509e-01 2.984325056832269638e+02
5.300000000003082246e-01 3.085162009262630818e+02
5.500000000003077982e-01 3.181140979783730245e+02
5.700000000003073719e-01 3.279744616842990581e+02
5.900000000003069456e-01 3.383685858655377956e+02
6.100000000003065193e-01 3.491273288653305258e+02
6.300000000003060929e-01 3.590948000043192678e+02
6.500000000003056666e-01 3.696771647661063298e+02
6.700000000003052403e-01 3.807537363410004332e+02
6.900000000003048140e-01 3.916124450463880748e+02
7.100000000003043876e-01 4.026271467414578069e+02
7.300000000003039613e-01 4.142529960611137199e+02
7.500000000003035350e-01 4.253669179544767189e+02
7.700000000003031086e-01 4.364743366783283705e+02
7.900000000003026823e-01 4.483689990145005595e+02
8.100000000003022560e-01 4.600070736966926006e+02
8.300000000003018297e-01 4.713929589767262769e+02
8.500000000003014033e-01 4.837629475106887185e+02
8.700000000003009770e-01 4.955643130337221010e+02
8.900000000003005507e-01 5.072602435439005717e+02
9.100000000003001244e-01 5.188067080657295946e+02
9.300000000002996980e-01 5.314426629160316224e+02
9.500000000002992717e-01 5.424977656798699854e+02
9.700000000002988454e-01 5.554528525221138580e+02
9.900000000002984191e-01 5.674252508813015083e+02
1.010000000000297993e+00 5.798949054675717889e+02
1.030000000000297566e+00 5.917081789600684942e+02
1.050000000000297140e+00 6.038144891128800964e+02
1.070000000000296714e+00 6.163852945982697520e+02
1.090000000000296287e+00 6.283273335003408420e+02
1.110000000000295861e+00 6.405454577591686984e+02
1.130000000000295435e+00 6.534313993413514936e+02
1.150000000000295008e+00 6.662659766437907365e+02
1.170000000000294582e+00 6.781366375387830203e+02
1.190000000000294156e+00 6.897807047683065775e+02
1.210000000000293729e+00 7.013478695200244601e+02
1.230000000000293303e+00 7.125527942907759780e+02
1.250000000000292877e+00 7.250992791822818617e+02
1.270000000000292451e+00 7.369878339250926729e+02
1.290000000000292024e+00 7.474298029438683670e+02
1.310000000000291598e+00 7.596074264766983788e+02
1.330000000000291172e+00 7.716340549044639374e+02
1.350000000000290745e+00 7.826503913443679039e+02
1.370000000000290319e+00 7.916936341231980805e+02
1.390000000000289893e+00 8.036840904585355929e+02
1.410000000000289466e+00 8.135561834001169927e+02
1.430000000000289040e+00 8.234365784585187384e+02
1.450000000000288614e+00 8.333029634495705977e+02
1.470000000000288187e+00 8.459616237178681786e+02
1.490000000000287761e+00 8.539062563878733272e+02
1.510000000000287335e+00 8.645662292692204574e+02
1.530000000000286908e+00 8.727888374492642924e+02
1.550000000000286482e+00 8.832847248499813304e+02
1.570000000000286056e+00 8.925359322132970874e+02
1.590000000000285629e+00 8.958230874445372365e+02
1.610000000000285203e+00 9.016687584519231677e+02
1.630000000000284777e+00 9.069817517658834731e+02
1.650000000000284350e+00 9.132483993926346102e+02
1.670000000000283924e+00 9.199151180984993061e+02
1.690000000000283498e+00 9.229821926435037085e+02
1.710000000000283071e+00 9.289672414485644367e+02
1.730000000000282645e+00 9.337027877827496241e+02
1.750000000000282219e+00 9.363014359393177983e+02
1.770000000000281792e+00 9.423988926654666329e+02
1.790000000000281366e+00 9.430780430479700271e+02
1.810000000000280940e+00 9.497415974512417733e+02
1.830000000000280513e+00 9.544169987499822128e+02
1.850000000000280087e+00 9.578485252698002341e+02
1.870000000000279661e+00 9.638498795360532085e+02
1.890000000000279234e+00 9.656877455409737649e+02
1.910000000000278808e+00 9.685402330933688972e+02
1.930000000000278382e+00 9.646430027311740787e+02
1.950000000000277955e+00 9.628641095355829975e+02
1.970000000000277529e+00 9.615299941142308171e+02
1.990000000000277103e+00 9.598484410881566191e+02
2.010000000000276899e+00 9.576474400709710153e+02
2.030000000000276472e+00 9.545841669861694072e+02
2.050000000000276046e+00 9.527838816719112174e+02
2.070000000000275620e+00 9.500331466008807411e+02
2.090000000000275193e+00 9.479421141722665425e+02
2.110000000000274767e+00 9.495289645167770232e+02
2.130000000000274341e+00 9.472396856880151290e+02
2.150000000000273914e+00 9.349147495384868307e+02
2.170000000000273488e+00 9.247599174643460174e+02
2.190000000000273062e+00 9.101115744869026685e+02
2.210000000000272635e+00 9.020554383254543609e+02
2.230000000000272209e+00 8.984258481706746124e+02
2.250000000000271783e+00 8.956690257587640644e+02
2.270000000000271356e+00 8.871887596060859096e+02
2.290000000000270930e+00 8.771419061197954079e+02
2.310000000000270504e+00 8.673112321548277350e+02
2.330000000000270077e+00 8.594512654636636171e+02
2.350000000000269651e+00 8.511383529273284694e+02
2.370000000000269225e+00 8.448379987551477370e+02
2.390000000000268798e+00 8.369741600620927784e+02
2.410000000000268372e+00 8.297581139390209728e+02
2.430000000000267946e+00 8.231373561803209213e+02
2.450000000000267519e+00 8.145905260368530207e+02
2.470000000000267093e+00 8.071518704210526494e+02
2.490000000000266667e+00 7.983539713171760468e+02
2.510000000000266240e+00 7.891203536690474039e+02
2.530000000000265814e+00 7.808653600034946294e+02
2.550000000000265388e+00 7.716141705592177686e+02
2.570000000000264961e+00 7.637091424012493235e+02
2.590000000000264535e+00 7.556315721298558401e+02
2.610000000000264109e+00 7.463790008185039824e+02
2.630000000000263682e+00 7.379354171391875070e+02
2.650000000000263256e+00 7.293624161927068599e+02
2.670000000000262830e+00 7.207661766396146277e+02
2.690000000000262403e+00 7.130117682650111419e+02
2.710000000000261977e+00 7.034380132478930818e+02
2.730000000000261551e+00 6.951375041513480255e+02
2.750000000000261124e+00 6.849919979486038528e+02
2.770000000000260698e+00 6.765463757140520329e+02
2.790000000000260272e+00 6.681853940419192668e+02
2.810000000000259845e+00 6.588427653752914921e+02
2.830000000000259419e+00 6.502907527270184573e+02
2.850000000000258993e+00 6.417337488750309831e+02
2.870000000000258567e+00 6.328886593788639630e+02
2.890000000000258140e+00 6.252727746237080737e+02
2.910000000000257714e+00 6.161379645145979111e+02
2.930000000000257288e+00 6.067221789881359655e+02
2.950000000000256861e+00 5.998474317636705564e+02
2.970000000000256435e+00 5.921232349095113250e+02
2.990000000000256009e+00 5.832337493639741979e+02
3.010000000000255582e+00 5.737530683792763284e+02
3.030000000000255156e+00 5.665969835705442392e+02
3.050000000000254730e+00 5.587771599815123409e+02
3.070000000000254303e+00 5.494067481708988225e+02
3.090000000000253877e+00 5.406061232805793679e+02
3.110000000000253451e+00 5.318278641698219644e+02
3.130000000000253024e+00 5.240184028827277416e+02
3.150000000000252598e+00 5.161134386830681251e+02
3.170000000000252172e+00 5.076531586307582415e+02
3.190000000000251745e+00 4.994376851122856920e+02
3.210000000000251319e+00 4.934511521842042043e+02
3.230000000000250893e+00 4.855728235309891261e+02
3.250000000000250466e+00 4.767008533515345903e+02
3.270000000000250040e+00 4.709829636119329734e+02
3.290000000000249614e+00 4.626049218557515701e+02
3.310000000000249187e+00 4.548865424655474499e+02
3.330000000000248761e+00 4.479451999958405395e+02
3.350000000000248335e+00 4.413846071170013374e+02
3.370000000000247908e+00 4.336207284327132356e+02
3.390000000000247482e+00 4.267955651974336320e+02
3.410000000000247056e+00 4.207200920190608713e+02
3.430000000000246629e+00 4.138920629362318664e+02
3.450000000000246203e+00 4.091264157155546286e+02
3.470000000000245777e+00 4.033993560864492451e+02
3.490000000000245350e+00 3.959446600947213710e+02
3.510000000000244924e+00 3.920506005597745229e+02
3.530000000000244498e+00 3.862429320620802287e+02
3.550000000000244071e+00 3.793997822273432803e+02
3.570000000000243645e+00 3.732162664108962531e+02
3.590000000000243219e+00 3.661298783369790613e+02
3.610000000000242792e+00 3.596409549142859987e+02
3.630000000000242366e+00 3.539135604546994500e+02
3.650000000000241940e+00 3.481231169435307038e+02
3.670000000000241513e+00 3.408170900142179676e+02
3.690000000000241087e+00 3.373824988021017930e+02
3.710000000000240661e+00 3.305940669727618797e+02
3.730000000000240234e+00 3.256342279192258502e+02
3.750000000000239808e+00 3.197433913577526141e+02
3.770000000000239382e+00 3.156867026069791677e+02
3.790000000000238956e+00 3.114808625410211107e+02
3.810000000000238529e+00 3.051008971535274554e+02
3.830000000000238103e+00 3.015004749538026090e+02
3.850000000000237677e+00 2.973827172467864557e+02
3.870000000000237250e+00 2.942660702325279090e+02
3.890000000000236824e+00 2.890241091868822991e+02
3.910000000000236398e+00 2.829023583895049114e+02
3.930000000000235971e+00 2.770814492877083239e+02
3.950000000000235545e+00 2.723885882843038644e+02
3.970000000000235119e+00 2.679366371160562039e+02
3.990000000000234692e+00 2.637925037205329204e+02
4.010000000000234266e+00 2.594791663519345661e+02
4.030000000000233840e+00 2.553556892927951196e+02
4.050000000000233413e+00 2.509272830214845840e+02
4.070000000000232987e+00 2.481489024436311297e+02
4.090000000000232561e+00 2.440303447591334418e+02
4.110000000000232134e+00 2.411942060527102285e+02
4.130000000000231708e+00 2.364852245221505598e+02
4.150000000000231282e+00 2.339035835792710998e+02
4.170000000000230855e+00 2.308562241396050752e+02
4.190000000000230429e+00 2.277566957210314627e+02
4.210000000000230003e+00 2.236370697319472924e+02
4.230000000000229576e+00 2.209516212299054700e+02
4.250000000000229150e+00 2.184056916920224580e+02
4.270000000000228724e+00 2.143078566340105056e+02
4.290000000000228297e+00 2.111951790008540399e+02
4.310000000000227871e+00 2.085078457969503347e+02
4.330000000000227445e+00 2.057704348060521511e+02
4.350000000000227018e+00 2.030417812397953696e+02
4.370000000000226592e+00 2.000269648281764034e+02
4.390000000000226166e+00 1.970052783117975821e+02
4.410000000000225739e+00 1.943902938213285552e+02
4.430000000000225313e+00 1.920558670189477084e+02
4.450000000000224887e+00 1.898332387856081596e+02
4.470000000000224460e+00 1.875792836383192821e+02
4.490000000000224034e+00 1.847027997289086443e+02
4.510000000000223608e+00 1.824857050328022012e+02
4.530000000000223181e+00 1.806395752382099431e+02
4.550000000000222755e+00 1.791883390480663252e+02
4.570000000000222329e+00 1.765623163051600102e+02
4.590000000000221902e+00 1.743437007948796804e+02
4.610000000000221476e+00 1.718965752515494501e+02
4.630000000000221050e+00 1.694922324851226563e+02
4.650000000000220624e+00 1.674182114413360978e+02
4.670000000000220197e+00 1.650097168658379303e+02
4.690000000000219771e+00 1.635660022198501906e+02
4.710000000000219345e+00 1.613001399617454581e+02
4.730000000000218918e+00 1.590520714504841635e+02
4.750000000000218492e+00 1.574351582524796811e+02
4.770000000000218066e+00 1.550111279380626286e+02
4.790000000000217639e+00 1.538443634380220999e+02
4.810000000000217213e+00 1.521914085621189088e+02
4.830000000000216787e+00 1.501883396901828291e+02
4.850000000000216360e+00 1.484657618964867538e+02
4.870000000000215934e+00 1.472805759509306824e+02
4.890000000000215508e+00 1.457442974945842593e+02
4.910000000000215081e+00 1.440934962947278848e+02
4.930000000000214655e+00 1.432224417148654823e+02
4.950000000000214229e+00 1.412851593605027460e+02
4.970000000000213802e+00 1.396753860413658401e+02
4.990000000000213376e+00 1.388573749151898369e+02
5.010000000000212950e+00 1.372368574878067022e+02
5.030000000000212523e+00 1.363086655163458829e+02
5.050000000000212097e+00 1.339580592476636980e+02
5.070000000000211671e+00 1.328590837058211491e+02
5.090000000000211244e+00 1.319591023198189532e+02
5.110000000000210818e+00 1.303925800934989354e+02
5.130000000000210392e+00 1.296478809031407025e+02
5.150000000000209965e+00 1.286925777383782759e+02
5.170000000000209539e+00 1.276257346743143444e+02
5.190000000000209113e+00 1.265702915274374902e+02
5.210000000000208686e+00 1.258783231210922224e+02
5.230000000000208260e+00 1.251101582404259887e+02
5.250000000000207834e+00 1.242399126769533098e+02
5.270000000000207407e+00 1.233013392975986022e+02
5.290000000000206981e+00 1.220586744660474068e+02
5.310000000000206555e+00 1.214854896327168632e+02
5.330000000000206128e+00 1.207066339055986219e+02
5.350000000000205702e+00 1.199288740334184808e+02
5.370000000000205276e+00 1.190992410332487026e+02
5.390000000000204849e+00 1.177240778199807352e+02
5.410000000000204423e+00 1.177117095138318916e+02
5.430000000000203997e+00 1.165426286937530591e+02
5.450000000000203570e+00 1.155898001896124470e+02
5.470000000000203144e+00 1.143925105934830952e+02
5.490000000000202718e+00 1.139195228848015375e+02
5.510000000000202292e+00 1.136038689833333422e+02
5.530000000000201865e+00 1.129067659954350233e+02
5.550000000000201439e+00 1.118634873788474522e+02
5.570000000000201013e+00 1.111576051424612928e+02
5.590000000000200586e+00 1.104565652358869983e+02
5.610000000000200160e+00 1.100421038900384048e+02
5.630000000000199734e+00 1.099798320665576767e+02
5.650000000000199307e+00 1.094942894387609726e+02
5.670000000000198881e+00 1.093080106911183407e+02
5.690000000000198455e+00 1.078631137990920337e+02
5.710000000000198028e+00 1.075097889626118217e+02
5.730000000000197602e+00 1.070622153637991971e+02
5.750000000000197176e+00 1.067976220737960347e+02
5.770000000000196749e+00 1.065799631999005328e+02
5.790000000000196323e+00 1.058316783989815235e+02
5.810000000000195897e+00 1.055300357611407520e+02
5.830000000000195470e+00 1.054857629182868806e+02
5.850000000000195044e+00 1.053379491613289787e+02
5.870000000000194618e+00 1.051052411881866391e+02
5.890000000000194191e+00 1.046764217623824749e+02
5.910000000000193765e+00 1.043177853382616718e+02
5.930000000000193339e+00 1.041845198424245069e+02
5.950000000000192912e+00 1.037480432895322338e+02
5.970000000000192486e+00 1.036270966157936044e+02
5.990000000000192060e+00 1.035437353957096462e+02
6.010000000000191633e+00 1.029631925301150801e+02
6.030000000000191207e+00 1.026721384368787255e+02
6.050000000000190781e+00 1.028883479907771061e+02
6.070000000000190354e+00 1.019472676621452223e+02
6.090000000000189928e+00 1.021142544165581256e+02
6.110000000000189502e+00 1.016498895562238118e+02
6.130000000000189075e+00 1.012541455852507113e+02
6.150000000000188649e+00 1.010220774879127390e+02
6.170000000000188223e+00 1.006694681826778890e+02
6.190000000000187796e+00 1.009617516506809949e+02
6.210000000000187370e+00 1.005790993054215221e+02
6.230000000000186944e+00 1.005119026026245308e+02
6.250000000000186517e+00 9.976518385403039701e+01
6.270000000000186091e+00 9.981528437603297732e+01
6.290000000000185665e+00 9.951192576560967495e+01
6.310000000000185238e+00 9.938066411211347884e+01
6.330000000000184812e+00 9.952048501427186977e+01
6.350000000000184386e+00 9.928967440925585208e+01
6.370000000000183960e+00 9.923917634944393740e+01
6.390000000000183533e+00 9.898641460783697710e+01
6.410000000000183107e+00 9.945603457045039875e+01
6.430000000000182681e+00 9.922892929617742652e+01
6.450000000000182254e+00 9.915291987798541129e+01
6.470000000000181828e+00 9.928454364541461530e+01
6.490000000000181402e+00 9.921310473364566462e+01
6.510000000000180975e+00 9.921947338120781978e+01
6.530000000000180549e+00 9.926284686349406172e+01
6.550000000000180123e+00 9.931581454216888005e+01
6.570000000000179696e+00 9.921481107995882098e+01
6.590000000000179270e+00 9.855458133959483291e+01
6.610000000000178844e+00 9.891878250372337789e+01
6.630000000000178417e+00 9.920179033717202799e+01
6.650000000000177991e+00 9.838328139930510474e+01
6.670000000000177565e+00 9.836751617261957392e+01
6.690000000000177138e+00 9.861381282598460984e+01
6.710000000000176712e+00 9.882178780347965130e+01
6.730000000000176286e+00 9.836862855888685431e+01
6.750000000000175859e+00 9.808365931594273945e+01
6.770000000000175433e+00 9.806770312633061337e+01
6.790000000000175007e+00 9.810291225062104559e+01
6.810000000000174580e+00 9.776408814245489509e+01
6.830000000000174154e+00 9.809873264005977944e+01
6.850000000000173728e+00 9.852095634967777471e+01
6.870000000000173301e+00 9.834786762501289559e+01
6.890000000000172875e+00 9.800029706787475448e+01
6.910000000000172449e+00 9.820661775897227130e+01
6.930000000000172022e+00 9.820907127546279014e+01
6.950000000000171596e+00 9.826084760782748617e+01
6.970000000000171170e+00 9.872616519612711272e+01
6.990000000000170743e+00 9.874631593719972500e+01
7.010000000000170317e+00 9.891726172789007876e+01
7.030000000000169891e+00 9.876662022807518326e+01
7.050000000000169464e+00 9.880535739173959087e+01
7.070000000000169038e+00 9.887134803287648310e+01
7.090000000000168612e+00 9.889161412160426323e+01
7.110000000000168185e+00 9.863993081779626948e+01
7.130000000000167759e+00 9.890185398822171692e+01
7.150000000000167333e+00 9.940722957401344217e+01
7.170000000000166906e+00 9.888679864902032079e+01
7.190000000000166480e+00 9.881960409605011364e+01
7.210000000000166054e+00 9.852351072450386482e+01
7.230000000000165628e+00 9.895521586688607840e+01
7.250000000000165201e+00 9.885912058217594733e+01
7.270000000000164775e+00 9.846463508188355718e+01
7.290000000000164349e+00 9.937965109609578462e+01
7.310000000000163922e+00 9.894846401248467771e+01
7.330000000000163496e+00 9.897417486385162988e+01
7.350000000000163070e+00 9.923887019279122512e+01
7.370000000000162643e+00 9.924177625122833035e+01
7.390000000000162217e+00 9.931276340320980012e+01
7.410000000000161791e+00 9.952098455952153699e+01
7.430000000000161364e+00 9.958479813652581925e+01
7.450000000000160938e+00 9.987899896687720513e+01
7.470000000000160512e+00 1.001483109254331367e+02
7.490000000000160085e+00 1.002037067544576132e+02
7.510000000000159659e+00 1.001288339228471926e+02
7.530000000000159233e+00 1.003176561847487278e+02
7.550000000000158806e+00 1.005956728769646986e+02
7.570000000000158380e+00 1.005717393766330758e+02
7.590000000000157954e+00 1.006068165333139603e+02
7.610000000000157527e+00 1.010996771559170782e+02
7.630000000000157101e+00 1.007477735517885264e+02
7.650000000000156675e+00 1.004228145585172882e+02
7.670000000000156248e+00 1.010122482847743584e+02
7.690000000000155822e+00 1.008803752639203566e+02
7.710000000000155396e+00 1.014122821671848698e+02
7.730000000000154969e+00 1.014391915125740837e+02
7.750000000000154543e+00 1.009952065778975623e+02
7.770000000000154117e+00 1.013245041566860039e+02
7.790000000000153690e+00 1.016868922934195183e+02
7.810000000000153264e+00 1.019584732953745885e+02
7.830000000000152838e+00 1.022374921654589031e+02
7.850000000000152411e+00 1.020843756366645749e+02
7.870000000000151985e+00 1.024491602461698108e+02
7.890000000000151559e+00 1.024205935645123873e+02
7.910000000000151132e+00 1.026756880218461987e+02
7.930000000000150706e+00 1.028359300000700216e+02
7.950000000000150280e+00 1.032776355890395763e+02
7.970000000000149853e+00 1.034672795623454391e+02
7.990000000000149427e+00 1.034121732129906945e+02
8.010000000000149001e+00 1.034533501867453396e+02
8.030000000000148574e+00 1.037093660235327661e+02
8.050000000000148148e+00 1.037585353561474335e+02
8.070000000000147722e+00 1.040148879082380944e+02
8.090000000000147296e+00 1.041989809394610944e+02
8.110000000000146869e+00 1.046240107075828831e+02
8.130000000000146443e+00 1.046449321738336664e+02
8.150000000000146017e+00 1.049609936053785617e+02
8.170000000000145590e+00 1.047840712126459124e+02
8.190000000000145164e+00 1.054411126954021682e+02
8.210000000000144738e+00 1.054982450281277551e+02
8.230000000000144311e+00 1.057885402427588133e+02
8.250000000000143885e+00 1.058566219081735795e+02
8.270000000000143459e+00 1.058955418557069947e+02
8.290000000000143032e+00 1.062408472930324734e+02
8.310000000000142606e+00 1.065496601941054990e+02
8.330000000000142180e+00 1.070014005234794752e+02
8.350000000000141753e+00 1.070614542343100624e+02
8.370000000000141327e+00 1.072151388476203948e+02
8.390000000000140901e+00 1.074519408048363402e+02
8.410000000000140474e+00 1.076280708816370577e+02
8.430000000000140048e+00 1.077331950813752854e+02
8.450000000000139622e+00 1.079879733292233368e+02
8.470000000000139195e+00 1.084111692260954385e+02
8.490000000000138769e+00 1.085694778258859543e+02
8.510000000000138343e+00 1.087850992139752009e+02
8.530000000000137916e+00 1.090759521555746829e+02
8.550000000000137490e+00 1.093531677531202604e+02
8.570000000000137064e+00 1.095953886936333959e+02
8.590000000000136637e+00 1.098669236265839686e+02
8.610000000000136211e+00 1.099857339833312579e+02
8.630000000000135785e+00 1.102691629768419546e+02
8.650000000000135358e+00 1.104404901519243083e+02
8.670000000000134932e+00 1.109752287508106718e+02
8.690000000000134506e+00 1.108806458354140858e+02
8.710000000000134079e+00 1.113049551332840963e+02
8.730000000000133653e+00 1.114874824294681588e+02
8.750000000000133227e+00 1.115698694773763151e+02
8.770000000000132800e+00 1.118040854104123412e+02
8.790000000000132374e+00 1.120040080364829720e+02
8.810000000000131948e+00 1.123060302901097458e+02
8.830000000000131521e+00 1.127842184273126236e+02
8.850000000000131095e+00 1.129477584395312135e+02
8.870000000000130669e+00 1.131146458769522383e+02
8.890000000000130242e+00 1.133966099133974836e+02
8.910000000000129816e+00 1.137322054086775012e+02
8.930000000000129390e+00 1.139879155310829191e+02
8.950000000000128964e+00 1.140387155942079431e+02
8.970000000000128537e+00 1.143011399400702430e+02
8.990000000000128111e+00 1.146263177832045983e+02
9.010000000000127685e+00 1.148298023030347679e+02
9.030000000000127258e+00 1.147056334933692625e+02
9.050000000000126832e+00 1.149496419183855380e+02
9.070000000000126406e+00 1.152836408930674708e+02
9.090000000000125979e+00 1.154839424659803626e+02
9.110000000000125553e+00 1.157936431576540031e+02
9.130000000000125127e+00 1.158530119125564966e+02
9.150000000000124700e+00 1.162351929130602031e+02
9.170000000000124274e+00 1.165449098692776744e+02
9.190000000000123848e+00 1.166154983322011276e+02
9.210000000000123421e+00 1.168717249148700574e+02
9.230000000000122995e+00 1.170350479091192568e+02
9.250000000000122569e+00 1.171388696862782552e+02
9.270000000000122142e+00 1.174681546544563986e+02
9.290000000000121716e+00 1.177413746388097024e+02
9.310000000000121290e+00 1.174726526513108382e+02
9.330000000000120863e+00 1.177243865801013527e+02
9.350000000000120437e+00 1.177771491742074943e+02
9.370000000000120011e+00 1.180141288639693187e+02
9.390000000000119584e+00 1.183138263887237116e+02
9.410000000000119158e+00 1.184869996490592712e+02
9.430000000000118732e+00 1.184731709176200951e+02
9.450000000000118305e+00 1.185204753934333155e+02
9.470000000000117879e+00 1.189297891678026673e+02
9.490000000000117453e+00 1.189864018062280024e+02
9.510000000000117026e+00 1.190187240476945902e+02
9.530000000000116600e+00 1.193722823913802955e+02
9.550000000000116174e+00 1.193402144042184858e+02
9.570000000000115747e+00 1.194507820004983216e+02
9.590000000000115321e+00 1.194232971781042778e+02
9.610000000000114895e+00 1.196942855518086759e+02
9.630000000000114468e+00 1.197285119768316690e+02
9.650000000000114042e+00 1.196228235620954621e+02
9.670000000000113616e+00 1.195432911335505395e+02
9.690000000000113189e+00 1.200396561283786241e+02
9.710000000000112763e+00 1.200172474104460747e+02
9.730000000000112337e+00 1.199353237573697157e+02
9.750000000000111910e+00 1.201237676876251044e+02
9.770000000000111484e+00 1.202817158742428916e+02
9.790000000000111058e+00 1.200016712068425022e+02
9.810000000000110632e+00 1.198370507922813317e+02
9.830000000000110205e+00 1.204096241672354211e+02
9.850000000000109779e+00 1.202646853966068647e+02
9.870000000000109353e+00 1.202086728972962959e+02
9.890000000000108926e+00 1.203878899076265299e+02
9.910000000000108500e+00 1.202982573249385041e+02
9.930000000000108074e+00 1.203885928086305199e+02
9.950000000000107647e+00 1.203251262483434090e+02
9.970000000000107221e+00 1.201554614214362999e+02
9.990000000000106795e+00 1.202601189192950528e+02
1.001000000000010637e+01 1.201500925027140738e+02
1.003000000000010594e+01 1.201576119249998982e+02
1.005000000000010552e+01 1.202243017055512411e+02
1.007000000000010509e+01 1.204659782321680694e+02
1.009000000000010466e+01 1.200845797366096974e+02
1.011000000000010424e+01 1.201406432025635240e+02
1.013000000000010381e+01 1.200287495785657086e+02
1.015000000000010338e+01 1.200880285201503597e+02
1.017000000000010296e+01 1.199244894450693408e+02
1.019000000000010253e+01 1.198133071546677257e+02
1.021000000000010210e+01 1.198339534328034830e+02
1.023000000000010168e+01 1.198416459241386463e+02
1.025000000000010125e+01 1.196813739804223786e+02
1.027000000000010083e+01 1.195298402071518495e+02
1.029000000000010040e+01 1.194265725308744948e+02
1.031000000000009997e+01 1.194279592504678931e+02
1.033000000000009955e+01 1.195135620567923382e+02
1.035000000000009912e+01 1.193032942684735787e+02
1.037000000000009869e+01 1.191104341069129191e+02
1.039000000000009827e+01 1.192927599917846351e+02
1.041000000000009784e+01 1.191259769586313269e+02
1.043000000000009742e+01 1.188340627971463874e+02
1.045000000000009699e+01 1.187577442171331512e+02
1.047000000000009656e+01 1.186514291537475998e+02
1.049000000000009614e+01 1.186678310669103666e+02
1.051000000000009571e+01 1.183671784931274118e+02
1.053000000000009528e+01 1.183824333047918458e+02
1.055000000000009486e+01 1.182336904938330520e+02
1.057000000000009443e+01 1.180613423634236483e+02
1.059000000000009400e+01 1.179621333686666702e+02
1.061000000000009358e+01 1.179141828036719062e+02
1.063000000000009315e+01 1.178563174953707460e+02
1.065000000000009273e+01 1.175769354630918571e+02
1.067000000000009230e+01 1.173171860807151461e+02
1.069000000000009187e+01 1.173838668665898268e+02
1.071000000000009145e+01 1.170484068177073738e+02
1.073000000000009102e+01 1.173475762218151033e+02
1.075000000000009059e+01 1.167936360486335303e+02
1.077000000000009017e+01 1.167041635295858981e+02
1.079000000000008974e+01 1.165670998289296705e+02
1.081000000000008932e+01 1.162960375620993432e+02
1.083000000000008889e+01 1.163853308314117356e+02
1.085000000000008846e+01 1.159811381402800379e+02
1.087000000000008804e+01 1.159480981866383758e+02
1.089000000000008761e+01 1.156819326477105108e+02
1.091000000000008718e+01 1.157276211949732954e+02
1.093000000000008676e+01 1.152227553028947113e+02
1.095000000000008633e+01 1.156342225460168436e+02
1.097000000000008590e+01 1.150581794172692014e+02
1.099000000000008548e+01 1.151630560512922159e+02
1.101000000000008505e+01 1.147009164683657190e+02
1.103000000000008463e+01 1.145435499301280373e+02
1.105000000000008420e+01 1.145733808467470851e+02
1.107000000000008377e+01 1.138972204823029557e+02
1.109000000000008335e+01 1.141409472042696649e+02
1.111000000000008292e+01 1.137305522150153223e+02
1.113000000000008249e+01 1.136386576153519599e+02
1.115000000000008207e+01 1.134359481532138147e+02
1.117000000000008164e+01 1.131415060059042617e+02
1.119000000000008122e+01 1.127792342552494915e+02
1.121000000000008079e+01 1.129289727887467620e+02
1.123000000000008036e+01 1.127655186755368391e+02
1.125000000000007994e+01 1.124706462109763265e+02
1.127000000000007951e+01 1.122456827166806761e+02
1.129000000000007908e+01 1.118764636015682044e+02
1.131000000000007866e+01 1.117660547539572349e+02
1.133000000000007823e+01 1.116281775876145019e+02
1.135000000000007780e+01 1.113473270838677109e+02
1.137000000000007738e+01 1.111456404479426112e+02
1.139000000000007695e+01 1.108637974566913300e+02
1.141000000000007653e+01 1.106713519244457586e+02
1.143000000000007610e+01 1.101561819227547545e+02
1.145000000000007567e+01 1.103443631221692272e+02
1.147000000000007525e+01 1.098374805281519997e+02
1.149000000000007482e+01 1.095958471315686609e+02
1.151000000000007439e+01 1.094899792405102943e+02
1.153000000000007397e+01 1.090166859730469753e+02
1.155000000000007354e+01 1.088157389617524018e+02
1.157000000000007311e+01 1.087966458254622495e+02
1.159000000000007269e+01 1.083061454889986095e+02
1.161000000000007226e+01 1.080087978807592179e+02
1.163000000000007184e+01 1.079328538465580323e+02
1.165000000000007141e+01 1.078158398948552019e+02
1.167000000000007098e+01 1.072986345637110048e+02
1.169000000000007056e+01 1.067497924546663626e+02
1.171000000000007013e+01 1.066936379970286453e+02
1.173000000000006970e+01 1.064923112345955900e+02
1.175000000000006928e+01 1.062810479976876792e+02
1.177000000000006885e+01 1.059433575177286713e+02
1.179000000000006843e+01 1.053019731675521911e+02
1.181000000000006800e+01 1.055032426135327484e+02
1.183000000000006757e+01 1.048679202857108663e+02
1.185000000000006715e+01 1.046410645897142473e+02
1.187000000000006672e+01 1.042281635955856274e+02
1.189000000000006629e+01 1.038254367353503227e+02
1.191000000000006587e+01 1.038836344883884948e+02
1.193000000000006544e+01 1.033492564402165357e+02
1.195000000000006501e+01 1.031215272774711025e+02
1.197000000000006459e+01 1.025642006265617994e+02
1.199000000000006416e+01 1.023963272995946028e+02
1.201000000000006374e+01 1.020580760732006809e+02
1.203000000000006331e+01 1.015504001102745519e+02
1.205000000000006288e+01 1.015021160013458399e+02
1.207000000000006246e+01 1.010813023323544542e+02
1.209000000000006203e+01 1.006479355297123703e+02
1.211000000000006160e+01 1.003828048204105841e+02
1.213000000000006118e+01 9.981441608852134095e+01
1.215000000000006075e+01 9.947715018164633705e+01
1.217000000000006033e+01 9.901586972689773347e+01
1.219000000000005990e+01 9.887810081390854577e+01
1.221000000000005947e+01 9.860642895936236130e+01
1.223000000000005905e+01 9.797850573723678735e+01
1.225000000000005862e+01 9.782178817057901199e+01
1.227000000000005819e+01 9.749992968311832442e+01
1.229000000000005777e+01 9.686550275939465848e+01
1.231000000000005734e+01 9.652362915424397727e+01
1.233000000000005691e+01 9.626310784693383482e+01
1.235000000000005649e+01 9.562945563404159088e+01
1.237000000000005606e+01 9.536668182536553218e+01
1.239000000000005564e+01 9.506067555490739096e+01
1.241000000000005521e+01 9.463837360513090857e+01
1.243000000000005478e+01 9.424338269748912467e+01
1.245000000000005436e+01 9.371002088019358212e+01
1.247000000000005393e+01 9.328726870262659077e+01
1.249000000000005350e+01 9.308152902531126927e+01
1.251000000000005308e+01 9.257261964140562327e+01
1.253000000000005265e+01 9.236307047435799689e+01
1.255000000000005222e+01 9.166104236853993825e+01
1.257000000000005180e+01 9.137614951905275973e+01
1.259000000000005137e+01 9.103994738328454162e+01
1.261000000000005095e+01 9.028048662287073967e+01
1.263000000000005052e+01 9.024357900965625845e+01
1.265000000000005009e+01 8.961132018858712911e+01
1.267000000000004967e+01 8.924171757786726289e+01
1.269000000000004924e+01 8.888159105996236065e+01
1.271000000000004881e+01 8.841260434515491795e+01
1.273000000000004839e+01 8.802790240099160712e+01
1.275000000000004796e+01 8.749491767987159108e+01
1.277000000000004754e+01 8.725527282128024353e+01
1.279000000000004711e+01 8.710849790981858121e+01
1.281000000000004668e+01 8.623872594872308639e+01
1.283000000000004626e+01 8.581429618781949387e+01
1.285000000000004583e+01 8.520862561483870934e+01
1.287000000000004540e+01 8.512436713807022670e+01
1.289000000000004498e+01 8.469345537432478466e+01
1.291000000000004455e+01 8.414526831919806682e+01
1.293000000000004412e+01 8.396054313383744727e+01
1.295000000000004370e+01 8.339754548600026851e+01
1.297000000000004327e+01 8.312531598782788933e+01
1.299000000000004285e+01 8.249952736025403510e+01
1.301000000000004242e+01 8.202140295482142562e+01
1.303000000000004199e+01 8.163619517946322901e+01
1.305000000000004157e+01 8.109702596898480920e+01
1.307000000000004114e+01 8.077352697280936411e+01
1.309000000000004071e+01 8.049654276985260992e+01
1.311000000000004029e+01 8.033663219724276416e+01
1.313000000000003986e+01 7.980257288972116214e+01
1.315000000000003944e+01 7.891624474380162724e+01
1.317000000000003901e+01 7.898356873754876517e+01
1.319000000000003858e+01 7.822206251910640162e+01
1.321000000000003816e+01 7.772173918506611301e+01
1.323000000000003773e+01 7.769680962461379181e+01
1.325000000000003730e+01 7.709681804348153378e+01
1.327000000000003688e+01 7.669144417120656954e+01
1.329000000000003645e+01 7.652061749296896664e+01
1.331000000000003602e+01 7.581524969662390845e+01
1.333000000000003560e+01 7.542136195234222384e+01
1.335000000000003517e+01 7.492111471438681747e+01
1.337000000000003475e+01 7.498992692258660497e+01
1.339000000000003432e+01 7.434374774792054552e+01
1.341000000000003389e+01 7.372487843692125864e+01
1.343000000000003347e+01 7.306754814658974340e+01
1.345000000000003304e+01 7.247555853670409931e+01
1.347000000000003261e+01 7.185549097434328303e+01
1.349000000000003219e+01 7.120857723697410790e+01
1.351000000000003176e+01 7.071933544798221760e+01
1.353000000000003133e+01 7.020582413140797939e+01
1.355000000000003091e+01 6.950330536689143912e+01
1.357000000000003048e+01 6.879566099795577827e+01
1.359000000000003006e+01 6.758801935246025039e+01
1.361000000000002963e+01 6.727028208983753643e+01
1.363000000000002920e+01 6.630571573169788735e+01
1.365000000000002878e+01 6.560165609410928766e+01
1.367000000000002835e+01 6.480384651209615754e+01
1.369000000000002792e+01 6.408652870146860892e+01
1.371000000000002750e+01 6.284037380169666420e+01
1.373000000000002707e+01 6.212643335949113776e+01
1.375000000000002665e+01 6.072379249550701985e+01
1.377000000000002622e+01 5.968093716802776783e+01
1.379000000000002579e+01 5.873912309116713004e+01
1.381000000000002537e+01 5.781423077042586556e+01
1.383000000000002494e+01 5.715988359072221670e+01
1.385000000000002451e+01 5.601618086478524106e+01
1.387000000000002409e+01 5.510543080548832506e+01
1.389000000000002366e+01 5.356247277107478766e+01
1.391000000000002323e+01 5.246020557183230437e+01
1.393000000000002281e+01 5.149952131905879327e+01
1.395000000000002238e+01 5.053535543522848172e+01
1.397000000000002196e+01 4.894513895858692365e+01
1.399000000000002153e+01 4.778454735472232073e+01
1.401000000000002110e+01 4.627400105875732095e+01
1.403000000000002068e+01 4.484026848441613566e+01
1.405000000000002025e+01 4.304862259568749039e+01
1.407000000000001982e+01 4.091488382442071270e+01
1.409000000000001940e+01 3.838400457337077398e+01
1.411000000000001897e+01 3.555857756471642261e+01
1.413000000000001855e+01 3.295852432580291946e+01
1.415000000000001812e+01 3.033946966586398020e+01
1.417000000000001769e+01 2.741953744847382879e+01
1.419000000000001727e+01 2.459687701116221703e+01
1.421000000000001684e+01 2.186304530571987215e+01
1.423000000000001641e+01 1.954344817355623576e+01
1.425000000000001599e+01 1.700138191533117293e+01
1.427000000000001556e+01 1.477152409721594317e+01
1.429000000000001513e+01 1.295489009202043640e+01
1.431000000000001471e+01 1.127514100234315109e+01
1.433000000000001428e+01 9.690303250216677711e+00
1.435000000000001386e+01 8.118801383815007711e+00
1.437000000000001343e+01 6.605896923031011170e+00
1.439000000000001300e+01 5.232627863754641950e+00
1.441000000000001258e+01 4.307022572867256649e+00
1.443000000000001215e+01 3.547959352745666095e+00
1.445000000000001172e+01 2.727450845559493242e+00
1.447000000000001130e+01 1.947966603775030947e+00
1.449000000000001087e+01 1.267339927682712419e+00
1.451000000000001044e+01 6.712584726059295237e-01
1.453000000000001002e+01 2.645072190292829251e-01
1.455000000000000959e+01 9.020980648939187774e-02
1.457000000000000917e+01 2.861699908685237832e-03
1.459000000000000874e+01 5.488836812931335504e-03
1.461000000000000831e+01 8.252438567336038935e-06
1.463000000000000789e+01 7.005459086901544639e-11
1.465000000000000746e+01 1.577244926865130221e-17
1.467000000000000703e+01 1.293151385614530692e-17
1.469000000000000661e+01 0.000000000000000000e+00
1.471000000000000618e+01 0.000000000000000000e+00
1.473000000000000576e+01 0.000000000000000000e+00
1.475000000000000533e+01 0.000000000000000000e+00
1.477000000000000490e+01 0.000000000000000000e+00
1.479000000000000448e+01 0.000000000000000000e+00
1.481000000000000405e+01 0.000000000000000000e+00
1.483000000000000362e+01 0.000000000000000000e+00
1.485000000000000320e+01 0.000000000000000000e+00
1.487000000000000277e+01 0.000000000000000000e+00
1.489000000000000234e+01 0.000000000000000000e+00
1.491000000000000192e+01 0.000000000000000000e+00
1.493000000000000149e+01 0.000000000000000000e+00
1.495000000000000107e+01 0.000000000000000000e+00
1.497000000000000064e+01 0.000000000000000000e+00
1.499000000000000021e+01 0.000000000000000000e+00
