# Redshift		Merger Rate Density [Gpc^-3yr^-1]
1.000000000031931770e-02 1.526659877374482832e+01
3.000000000031888964e-02 1.579836673856448925e+01
5.000000000031846331e-02 1.640368693818627222e+01
7.000000000031804392e-02 1.705703601718528262e+01
9.000000000031761760e-02 1.758032292387890294e+01
1.100000000003171913e-01 1.831008134474485516e+01
1.300000000003167511e-01 1.884510391513315142e+01
1.500000000003163247e-01 1.956815707401992555e+01
1.700000000003158984e-01 2.013630422612442317e+01
1.900000000003154721e-01 2.085777380015892035e+01
2.100000000003150458e-01 2.157901909395385687e+01
2.300000000003146194e-01 2.215558879932700265e+01
2.500000000003141931e-01 2.298359326129230240e+01
2.700000000003137668e-01 2.372690129389964397e+01
2.900000000003133405e-01 2.437661843357799185e+01
3.100000000003129141e-01 2.519693773820195659e+01
3.300000000003124878e-01 2.624356498192892673e+01
3.500000000003120615e-01 2.680688331718980777e+01
3.700000000003116352e-01 2.786934280953049026e+01
3.900000000003112088e-01 2.845962422274290660e+01
4.100000000003107825e-01 2.948248967958720002e+01
4.300000000003103562e-01 3.045286935164777731e+01
4.500000000003099299e-01 3.116915592959539083e+01
4.700000000003095035e-01 3.224697945016330891e+01
4.900000000003090772e-01 3.321997315334865419e+01
5.100000000003086509e-01 3.424270439693160029e+01
5.300000000003082246e-01 3.518345316881912765e+01
5.500000000003077982e-01 3.624132187437748343e+01
5.700000000003073719e-01 3.743905760827226459e+01
5.900000000003069456e-01 3.842272502059837080e+01
6.100000000003065193e-01 3.935286556728746632e+01
6.300000000003060929e-01 4.078583141075213803e+01
6.500000000003056666e-01 4.172868997539081448e+01
6.700000000003052403e-01 4.306481954156698322e+01
6.900000000003048140e-01 4.419446539643880101e+01
7.100000000003043876e-01 4.520244052161757509e+01
7.300000000003039613e-01 4.656744005843432888e+01
7.500000000003035350e-01 4.780114036321081272e+01
7.700000000003031086e-01 4.914707094761681105e+01
7.900000000003026823e-01 5.029080155445375055e+01
8.100000000003022560e-01 5.185726971668457708e+01
8.300000000003018297e-01 5.281631706717521269e+01
8.500000000003014033e-01 5.452329568448802632e+01
8.700000000003009770e-01 5.541066947726030634e+01
8.900000000003005507e-01 5.714495106621837550e+01
9.100000000003001244e-01 5.852229934282890866e+01
9.300000000002996980e-01 5.969766718614786072e+01
9.500000000002992717e-01 6.145574328534036113e+01
9.700000000002988454e-01 6.249939144035958805e+01
9.900000000002984191e-01 6.424334369782440035e+01
1.010000000000297993e+00 6.537006222851141501e+01
1.030000000000297566e+00 6.696605630793251862e+01
1.050000000000297140e+00 6.862748263821434591e+01
1.070000000000296714e+00 6.960401971121021347e+01
1.090000000000296287e+00 7.140599516509362843e+01
1.110000000000295861e+00 7.288111921405725013e+01
1.130000000000295435e+00 7.435005132480743839e+01
1.150000000000295008e+00 7.554163601457669586e+01
1.170000000000294582e+00 7.737010471623199237e+01
1.190000000000294156e+00 7.877483223535475076e+01
1.210000000000293729e+00 8.019421853961861757e+01
1.230000000000293303e+00 8.160266624140203362e+01
1.250000000000292877e+00 8.339879163951346186e+01
1.270000000000292451e+00 8.428714900733604054e+01
1.290000000000292024e+00 8.618130632166278815e+01
1.310000000000291598e+00 8.772301788209003348e+01
1.330000000000291172e+00 8.917937494114356412e+01
1.350000000000290745e+00 9.061260297697320709e+01
1.370000000000290319e+00 9.209694232436008576e+01
1.390000000000289893e+00 9.315089334354294692e+01
1.410000000000289466e+00 9.450785169673243047e+01
1.430000000000289040e+00 9.643226824933682906e+01
1.450000000000288614e+00 9.745294351694472823e+01
1.470000000000288187e+00 9.873492736946707282e+01
1.490000000000287761e+00 1.002844538187612073e+02
1.510000000000287335e+00 1.011698182122734551e+02
1.530000000000286908e+00 1.030431502887863502e+02
1.550000000000286482e+00 1.044246205442910735e+02
1.570000000000286056e+00 1.059064001137751205e+02
1.590000000000285629e+00 1.067429704860509077e+02
1.610000000000285203e+00 1.079780895965616168e+02
1.630000000000284777e+00 1.095771718809218100e+02
1.650000000000284350e+00 1.111359171543836624e+02
1.670000000000283924e+00 1.133183421176095891e+02
1.690000000000283498e+00 1.145636306804773028e+02
1.710000000000283071e+00 1.145792644253876631e+02
1.730000000000282645e+00 1.150409321914053749e+02
1.750000000000282219e+00 1.153940028980232171e+02
1.770000000000281792e+00 1.171267436306553975e+02
1.790000000000281366e+00 1.181944781671241316e+02
1.810000000000280940e+00 1.197431751098480106e+02
1.830000000000280513e+00 1.197650741049973533e+02
1.850000000000280087e+00 1.199185477907918340e+02
1.870000000000279661e+00 1.208352380234485395e+02
1.890000000000279234e+00 1.231614413082270971e+02
1.910000000000278808e+00 1.243550061183762949e+02
1.930000000000278382e+00 1.234563882886012749e+02
1.950000000000277955e+00 1.248075931123043887e+02
1.970000000000277529e+00 1.245682444466906844e+02
1.990000000000277103e+00 1.240398803732395123e+02
2.010000000000276899e+00 1.236149630229222254e+02
2.030000000000276472e+00 1.235528811568321856e+02
2.050000000000276046e+00 1.237056789913644508e+02
2.070000000000275620e+00 1.242043039413134125e+02
2.090000000000275193e+00 1.239658858830492818e+02
2.110000000000274767e+00 1.242063502600604181e+02
2.130000000000274341e+00 1.235058765728303314e+02
2.150000000000273914e+00 1.229322897113460442e+02
2.170000000000273488e+00 1.226129790665310395e+02
2.190000000000273062e+00 1.222769980560747882e+02
2.210000000000272635e+00 1.216726193358558135e+02
2.230000000000272209e+00 1.208825477502999348e+02
2.250000000000271783e+00 1.200193154796733950e+02
2.270000000000271356e+00 1.197101417891689579e+02
2.290000000000270930e+00 1.193652250441214164e+02
2.310000000000270504e+00 1.189170175327540022e+02
2.330000000000270077e+00 1.187697963869616586e+02
2.350000000000269651e+00 1.181016527727569070e+02
2.370000000000269225e+00 1.173937531787696713e+02
2.390000000000268798e+00 1.170413670804131385e+02
2.410000000000268372e+00 1.167317133137010217e+02
2.430000000000267946e+00 1.162458034480341382e+02
2.450000000000267519e+00 1.157496716900423621e+02
2.470000000000267093e+00 1.148992074265090650e+02
2.490000000000266667e+00 1.138451406255835252e+02
2.510000000000266240e+00 1.130152256819534244e+02
2.530000000000265814e+00 1.118546100161213985e+02
2.550000000000265388e+00 1.110400115957537963e+02
2.570000000000264961e+00 1.104859015989208757e+02
2.590000000000264535e+00 1.097233073945567412e+02
2.610000000000264109e+00 1.090730855952977407e+02
2.630000000000263682e+00 1.082577121845042427e+02
2.650000000000263256e+00 1.073931759156677970e+02
2.670000000000262830e+00 1.065380832039900838e+02
2.690000000000262403e+00 1.055853326557563747e+02
2.710000000000261977e+00 1.046384610653188503e+02
2.730000000000261551e+00 1.039063786337870710e+02
2.750000000000261124e+00 1.028834982652826397e+02
2.770000000000260698e+00 1.019221914275919971e+02
2.790000000000260272e+00 1.009980686801456358e+02
2.810000000000259845e+00 1.000585454934281273e+02
2.830000000000259419e+00 9.939553420582620902e+01
2.850000000000258993e+00 9.834559679047671921e+01
2.870000000000258567e+00 9.743593328968189837e+01
2.890000000000258140e+00 9.657580305834247270e+01
2.910000000000257714e+00 9.563848054476389393e+01
2.930000000000257288e+00 9.480386399113977802e+01
2.950000000000256861e+00 9.370762746100542984e+01
2.970000000000256435e+00 9.311852624560907543e+01
2.990000000000256009e+00 9.257607407924263043e+01
3.010000000000255582e+00 9.168934035634738677e+01
3.030000000000255156e+00 9.055259783752951819e+01
3.050000000000254730e+00 8.952688672683420634e+01
3.070000000000254303e+00 8.890055218485716182e+01
3.090000000000253877e+00 8.793042547917396234e+01
3.110000000000253451e+00 8.688391381670419378e+01
3.130000000000253024e+00 8.612260162755059412e+01
3.150000000000252598e+00 8.577076995454288522e+01
3.170000000000252172e+00 8.539097537143136663e+01
3.190000000000251745e+00 8.504398756387739411e+01
3.210000000000251319e+00 8.375326171729753355e+01
3.230000000000250893e+00 8.378877033966642784e+01
3.250000000000250466e+00 8.192811710434926908e+01
3.270000000000250040e+00 8.049503378325215408e+01
3.290000000000249614e+00 7.932125326625889272e+01
3.310000000000249187e+00 7.847245685128235948e+01
3.330000000000248761e+00 7.731310110475932618e+01
3.350000000000248335e+00 7.735526487115009786e+01
3.370000000000247908e+00 7.612964714381979547e+01
3.390000000000247482e+00 7.532163591078020204e+01
3.410000000000247056e+00 7.490528553995169148e+01
3.430000000000246629e+00 7.330894836069202825e+01
3.450000000000246203e+00 7.232008477667673674e+01
3.470000000000245777e+00 7.130306644370679692e+01
3.490000000000245350e+00 7.028643972806889906e+01
3.510000000000244924e+00 6.986803221952433773e+01
3.530000000000244498e+00 6.931101068086923078e+01
3.550000000000244071e+00 6.821725803201486826e+01
3.570000000000243645e+00 6.723324542277160276e+01
3.590000000000243219e+00 6.645955556356797445e+01
3.610000000000242792e+00 6.513829067227071334e+01
3.630000000000242366e+00 6.487882633747472028e+01
3.650000000000241940e+00 6.367731493094834860e+01
3.670000000000241513e+00 6.313813839401148442e+01
3.690000000000241087e+00 6.197282714057928388e+01
3.710000000000240661e+00 6.175282210978346598e+01
3.730000000000240234e+00 6.040112527825959177e+01
3.750000000000239808e+00 6.005580344985916241e+01
3.770000000000239382e+00 5.913796858685732616e+01
3.790000000000238956e+00 5.867140319428885675e+01
3.810000000000238529e+00 5.776717279238594216e+01
3.830000000000238103e+00 5.713861035498645435e+01
3.850000000000237677e+00 5.614017416707333297e+01
3.870000000000237250e+00 5.585465965749732220e+01
3.890000000000236824e+00 5.549586282065791920e+01
3.910000000000236398e+00 5.463885668212326863e+01
3.930000000000235971e+00 5.402191895735058580e+01
3.950000000000235545e+00 5.320642535769710690e+01
3.970000000000235119e+00 5.237485344471235038e+01
3.990000000000234692e+00 5.207348524815411395e+01
4.010000000000234266e+00 5.090070198193078710e+01
4.030000000000233840e+00 5.063349632563800640e+01
4.050000000000233413e+00 4.946515550819677998e+01
4.070000000000232987e+00 4.888933941580909703e+01
4.090000000000232561e+00 4.853662883960084429e+01
4.110000000000232134e+00 4.799837815806073849e+01
4.130000000000231708e+00 4.788926667437210227e+01
4.150000000000231282e+00 4.767515065289067167e+01
4.170000000000230855e+00 4.669961999944907660e+01
4.190000000000230429e+00 4.660565034136434548e+01
4.210000000000230003e+00 4.564061837033688107e+01
4.230000000000229576e+00 4.517043095952470821e+01
4.250000000000229150e+00 4.395110330321773517e+01
4.270000000000228724e+00 4.348905263324947867e+01
4.290000000000228297e+00 4.290461186916325431e+01
4.310000000000227871e+00 4.211046539965993674e+01
4.330000000000227445e+00 4.203328194505113657e+01
4.350000000000227018e+00 4.150385033177586536e+01
4.370000000000226592e+00 4.099296205851378971e+01
4.390000000000226166e+00 4.047901967035301141e+01
4.410000000000225739e+00 4.000104718447351360e+01
4.430000000000225313e+00 3.931463164520096143e+01
4.450000000000224887e+00 3.862917789969201010e+01
4.470000000000224460e+00 3.792981580192609670e+01
4.490000000000224034e+00 3.751457951585455675e+01
4.510000000000223608e+00 3.696296602892806504e+01
4.530000000000223181e+00 3.648643299719864785e+01
4.550000000000222755e+00 3.602842627397889430e+01
4.570000000000222329e+00 3.561304151849156341e+01
4.590000000000221902e+00 3.529860781695446548e+01
4.610000000000221476e+00 3.470241223794374719e+01
4.630000000000221050e+00 3.432764212462604547e+01
4.650000000000220624e+00 3.378949463021244526e+01
4.670000000000220197e+00 3.327290403556830967e+01
4.690000000000219771e+00 3.289713177742179084e+01
4.710000000000219345e+00 3.281048845911294620e+01
4.730000000000218918e+00 3.207656958469796393e+01
4.750000000000218492e+00 3.158112949146451243e+01
4.770000000000218066e+00 3.139998936879464253e+01
4.790000000000217639e+00 3.097235923827151893e+01
4.810000000000217213e+00 3.038128158039777560e+01
4.830000000000216787e+00 3.043960015369394156e+01
4.850000000000216360e+00 2.989474749315256119e+01
4.870000000000215934e+00 2.994254201136713434e+01
4.890000000000215508e+00 2.966825873282458303e+01
4.910000000000215081e+00 2.894523378843459582e+01
4.930000000000214655e+00 2.890510894220126303e+01
4.950000000000214229e+00 2.836931878006828711e+01
4.970000000000213802e+00 2.784917459389602001e+01
4.990000000000213376e+00 2.765394667686894437e+01
5.010000000000212950e+00 2.698764708611059149e+01
5.030000000000212523e+00 2.655597370859701556e+01
5.050000000000212097e+00 2.627498361625848489e+01
5.070000000000211671e+00 2.580092777176646024e+01
5.090000000000211244e+00 2.543218170495789465e+01
5.110000000000210818e+00 2.542675009066555347e+01
5.130000000000210392e+00 2.459037527953663371e+01
5.150000000000209965e+00 2.458794818201844734e+01
5.170000000000209539e+00 2.426743620036693372e+01
5.190000000000209113e+00 2.388188497248793141e+01
5.210000000000208686e+00 2.360259776816579347e+01
5.230000000000208260e+00 2.299351532372326901e+01
5.250000000000207834e+00 2.256884961645135945e+01
5.270000000000207407e+00 2.224880896548039644e+01
5.290000000000206981e+00 2.196370652476130658e+01
5.310000000000206555e+00 2.175498184880953545e+01
5.330000000000206128e+00 2.134310222964912640e+01
5.350000000000205702e+00 2.100862918580773098e+01
5.370000000000205276e+00 2.077059368520881222e+01
5.390000000000204849e+00 2.041484549987296404e+01
5.410000000000204423e+00 2.013503117466387948e+01
5.430000000000203997e+00 1.982850220692211352e+01
5.450000000000203570e+00 1.976623772975633031e+01
5.470000000000203144e+00 1.944119967368532187e+01
5.490000000000202718e+00 1.932599659517898161e+01
5.510000000000202292e+00 1.916754941344313679e+01
5.530000000000201865e+00 1.878270893102065386e+01
5.550000000000201439e+00 1.869265089195734575e+01
5.570000000000201013e+00 1.833565921460261094e+01
5.590000000000200586e+00 1.797758449925562374e+01
5.610000000000200160e+00 1.778656116603665538e+01
5.630000000000199734e+00 1.743630275722291501e+01
5.650000000000199307e+00 1.706997518043158379e+01
5.670000000000198881e+00 1.697505837904585491e+01
5.690000000000198455e+00 1.662309269471048623e+01
5.710000000000198028e+00 1.638685186451801101e+01
5.730000000000197602e+00 1.627998744945312026e+01
5.750000000000197176e+00 1.619835202213374359e+01
5.770000000000196749e+00 1.572480001931864102e+01
5.790000000000196323e+00 1.558827243194519774e+01
5.810000000000195897e+00 1.517097508827660235e+01
5.830000000000195470e+00 1.523404858051947741e+01
5.850000000000195044e+00 1.492933845610156851e+01
5.870000000000194618e+00 1.465293217102788859e+01
5.890000000000194191e+00 1.430121967761313861e+01
5.910000000000193765e+00 1.404736486257192141e+01
5.930000000000193339e+00 1.378391137498393171e+01
5.950000000000192912e+00 1.366838566301393953e+01
5.970000000000192486e+00 1.346110200516690014e+01
5.990000000000192060e+00 1.331339349205774170e+01
6.010000000000191633e+00 1.311867636568895890e+01
6.030000000000191207e+00 1.299287053967244354e+01
6.050000000000190781e+00 1.278702026034413386e+01
6.070000000000190354e+00 1.256310261876057943e+01
6.090000000000189928e+00 1.229639315090249418e+01
6.110000000000189502e+00 1.222062381668077435e+01
6.130000000000189075e+00 1.186845969590969041e+01
6.150000000000188649e+00 1.175660046986451945e+01
6.170000000000188223e+00 1.158219134324525434e+01
6.190000000000187796e+00 1.137299261965369901e+01
6.210000000000187370e+00 1.119781273860912485e+01
6.230000000000186944e+00 1.100262383630711227e+01
6.250000000000186517e+00 1.082289689349001449e+01
6.270000000000186091e+00 1.056013741137692641e+01
6.290000000000185665e+00 1.048797709498882647e+01
6.310000000000185238e+00 1.051032809736864593e+01
6.330000000000184812e+00 1.018065496604987352e+01
6.350000000000184386e+00 9.984492707257384581e+00
6.370000000000183960e+00 9.832290807660269749e+00
6.390000000000183533e+00 9.723917156292218422e+00
6.410000000000183107e+00 9.539294704394636781e+00
6.430000000000182681e+00 9.378236438936198738e+00
6.450000000000182254e+00 9.174783770381385040e+00
6.470000000000181828e+00 8.989989152517987137e+00
6.490000000000181402e+00 8.923084198168149683e+00
6.510000000000180975e+00 8.731576950256433989e+00
6.530000000000180549e+00 8.621221326214843828e+00
6.550000000000180123e+00 8.531254728263286680e+00
6.570000000000179696e+00 8.364923039359544177e+00
6.590000000000179270e+00 8.298045282852944737e+00
6.610000000000178844e+00 8.189512653238267603e+00
6.630000000000178417e+00 7.882661419780272460e+00
6.650000000000177991e+00 7.859536365123894974e+00
6.670000000000177565e+00 7.708758243076730743e+00
6.690000000000177138e+00 7.434743953621999246e+00
6.710000000000176712e+00 7.344938260227725557e+00
6.730000000000176286e+00 7.293746700352229162e+00
6.750000000000175859e+00 7.090268514151100376e+00
6.770000000000175433e+00 6.908886477053530761e+00
6.790000000000175007e+00 6.931414216844641096e+00
6.810000000000174580e+00 6.767438325457339587e+00
6.830000000000174154e+00 6.656791187916532238e+00
6.850000000000173728e+00 6.480381602404754915e+00
6.870000000000173301e+00 6.388150401097138165e+00
6.890000000000172875e+00 6.275198588510389364e+00
6.910000000000172449e+00 6.162232148544606325e+00
6.930000000000172022e+00 6.174854049921883359e+00
6.950000000000171596e+00 5.984445717293183975e+00
6.970000000000171170e+00 5.875448034545255993e+00
6.990000000000170743e+00 5.772448583145195045e+00
7.010000000000170317e+00 5.624963986947481231e+00
7.030000000000169891e+00 5.588558317362751993e+00
7.050000000000169464e+00 5.447222429940846489e+00
7.070000000000169038e+00 5.283750240044189361e+00
7.090000000000168612e+00 5.248914386156799061e+00
7.110000000000168185e+00 5.117897592559646824e+00
7.130000000000167759e+00 5.030756051138878249e+00
7.150000000000167333e+00 4.920883333987574382e+00
7.170000000000166906e+00 4.796993911304157088e+00
7.190000000000166480e+00 4.722595855387467623e+00
7.210000000000166054e+00 4.580399395052890732e+00
7.230000000000165628e+00 4.548528306187482606e+00
7.250000000000165201e+00 4.466472147776952895e+00
7.270000000000164775e+00 4.420547486823802608e+00
7.290000000000164349e+00 4.299939903849254286e+00
7.310000000000163922e+00 4.229771539058416074e+00
7.330000000000163496e+00 4.206152754606746313e+00
7.350000000000163070e+00 4.113946348157265120e+00
7.370000000000162643e+00 4.027651268317002042e+00
7.390000000000162217e+00 3.983263954606074631e+00
7.410000000000161791e+00 3.826032466726816406e+00
7.430000000000161364e+00 3.753054356094334576e+00
7.450000000000160938e+00 3.706271589420543133e+00
7.470000000000160512e+00 3.539858948368958202e+00
7.490000000000160085e+00 3.512706635362347285e+00
7.510000000000159659e+00 3.460104803335023238e+00
7.530000000000159233e+00 3.374249058120214251e+00
7.550000000000158806e+00 3.273237595003465561e+00
7.570000000000158380e+00 3.215836443686278745e+00
7.590000000000157954e+00 3.146431927980305687e+00
7.610000000000157527e+00 3.051313169546367110e+00
7.630000000000157101e+00 3.001086155097600017e+00
7.650000000000156675e+00 2.947857804517859392e+00
7.670000000000156248e+00 2.935175517786684285e+00
7.690000000000155822e+00 2.864271888274332323e+00
7.710000000000155396e+00 2.798901899766662371e+00
7.730000000000154969e+00 2.743320156862120385e+00
7.750000000000154543e+00 2.685109860506225576e+00
7.770000000000154117e+00 2.596230073805918082e+00
7.790000000000153690e+00 2.577190168236343837e+00
7.810000000000153264e+00 2.490943240801006375e+00
7.830000000000152838e+00 2.519254292432415276e+00
7.850000000000152411e+00 2.369251716787557527e+00
7.870000000000151985e+00 2.312085983839064607e+00
7.890000000000151559e+00 2.290427109090689139e+00
7.910000000000151132e+00 2.225025303207064820e+00
7.930000000000150706e+00 2.160088163453118160e+00
7.950000000000150280e+00 2.147461276291553478e+00
7.970000000000149853e+00 2.053075051960652431e+00
7.990000000000149427e+00 1.999755338693555595e+00
8.010000000000149001e+00 1.993231939788986828e+00
8.030000000000148574e+00 1.905626834745257181e+00
8.050000000000148148e+00 1.909520703057732360e+00
8.070000000000147722e+00 1.878167253899960532e+00
8.090000000000147296e+00 1.815890662220037477e+00
8.110000000000146869e+00 1.742520660304383018e+00
8.130000000000146443e+00 1.721407062248433872e+00
8.150000000000146017e+00 1.685129197066167928e+00
8.170000000000145590e+00 1.638289224278063783e+00
8.190000000000145164e+00 1.615870065686569657e+00
8.210000000000144738e+00 1.553562348391678505e+00
8.230000000000144311e+00 1.506107465552831925e+00
8.250000000000143885e+00 1.479615050215682848e+00
8.270000000000143459e+00 1.460103923745862176e+00
8.290000000000143032e+00 1.394862903871777915e+00
8.310000000000142606e+00 1.393765522220330011e+00
8.330000000000142180e+00 1.318688652112077975e+00
8.350000000000141753e+00 1.301607360997498075e+00
8.370000000000141327e+00 1.261835171793671106e+00
8.390000000000140901e+00 1.237661453285548996e+00
8.410000000000140474e+00 1.216296437511064754e+00
8.430000000000140048e+00 1.174239457855389857e+00
8.450000000000139622e+00 1.172694256999673668e+00
8.470000000000139195e+00 1.109695523857986199e+00
8.490000000000138769e+00 1.081227640307172999e+00
8.510000000000138343e+00 1.070758299547700743e+00
8.530000000000137916e+00 1.045509484983950355e+00
8.550000000000137490e+00 9.986639521078199966e-01
8.570000000000137064e+00 9.868658415685596097e-01
8.590000000000136637e+00 9.628438111109517417e-01
8.610000000000136211e+00 9.247893155853372793e-01
8.630000000000135785e+00 8.946232937419782427e-01
8.650000000000135358e+00 8.674493867806554181e-01
8.670000000000134932e+00 8.358020162496653249e-01
8.690000000000134506e+00 8.095763637023500880e-01
8.710000000000134079e+00 8.119977051294684500e-01
8.730000000000133653e+00 7.735980841973204569e-01
8.750000000000133227e+00 7.737347519886752512e-01
8.770000000000132800e+00 7.360792073952294734e-01
8.790000000000132374e+00 7.388860704159878612e-01
8.810000000000131948e+00 6.992110071415461592e-01
8.830000000000131521e+00 6.686966658927614438e-01
8.850000000000131095e+00 6.719317908760890079e-01
8.870000000000130669e+00 6.357478527364217591e-01
8.890000000000130242e+00 6.220685204302891513e-01
8.910000000000129816e+00 6.052077125457393514e-01
8.930000000000129390e+00 5.853611594030980747e-01
8.950000000000128964e+00 5.690109779250533961e-01
8.970000000000128537e+00 5.458621559756010599e-01
8.990000000000128111e+00 5.246496094873903671e-01
9.010000000000127685e+00 5.181209226131283652e-01
9.030000000000127258e+00 5.099086906350566162e-01
9.050000000000126832e+00 4.883784647609217822e-01
9.070000000000126406e+00 4.717847676164960702e-01
9.090000000000125979e+00 4.619376839673724477e-01
9.110000000000125553e+00 4.440004810255288037e-01
9.130000000000125127e+00 4.334761974057615985e-01
9.150000000000124700e+00 4.194538221759419594e-01
9.170000000000124274e+00 4.016743224235101439e-01
9.190000000000123848e+00 3.880050151865255259e-01
9.210000000000123421e+00 3.818562263602111040e-01
9.230000000000122995e+00 3.680691728717465638e-01
9.250000000000122569e+00 3.506786006672127920e-01
9.270000000000122142e+00 3.471168077572392985e-01
9.290000000000121716e+00 3.401321051272959139e-01
9.310000000000121290e+00 3.227463218554029734e-01
9.330000000000120863e+00 3.092991691070586802e-01
9.350000000000120437e+00 3.039774904407158140e-01
9.370000000000120011e+00 2.908586704893999508e-01
9.390000000000119584e+00 2.779008795574912094e-01
9.410000000000119158e+00 2.782293117092303203e-01
9.430000000000118732e+00 2.687053006128919952e-01
9.450000000000118305e+00 2.551405697199590761e-01
9.470000000000117879e+00 2.411508626479336448e-01
9.490000000000117453e+00 2.404302363999154812e-01
9.510000000000117026e+00 2.282738905398724039e-01
9.530000000000116600e+00 2.240195923316111448e-01
9.550000000000116174e+00 2.174995753364452333e-01
9.570000000000115747e+00 2.104748661887607952e-01
9.590000000000115321e+00 2.013560925847125149e-01
9.610000000000114895e+00 1.936375199469684838e-01
9.630000000000114468e+00 1.865569980440241193e-01
9.650000000000114042e+00 1.777487877681117601e-01
9.670000000000113616e+00 1.713460157296352038e-01
9.690000000000113189e+00 1.685918428450474960e-01
9.710000000000112763e+00 1.623256894707970077e-01
9.730000000000112337e+00 1.562326994376560807e-01
9.750000000000111910e+00 1.458961862491898187e-01
9.770000000000111484e+00 1.467646897978847897e-01
9.790000000000111058e+00 1.465047303248635246e-01
9.810000000000110632e+00 1.324363222878735813e-01
9.830000000000110205e+00 1.338702978330209015e-01
9.850000000000109779e+00 1.273358798266341074e-01
9.870000000000109353e+00 1.197420653598904039e-01
9.890000000000108926e+00 1.162735334632781364e-01
9.910000000000108500e+00 1.112983229440091398e-01
9.930000000000108074e+00 1.055320072992074615e-01
9.950000000000107647e+00 1.016049203029223136e-01
9.970000000000107221e+00 1.032773253558341431e-01
9.990000000000106795e+00 9.643200271996095474e-02
1.001000000000010637e+01 9.436169596319024522e-02
1.003000000000010594e+01 8.938429236357915697e-02
1.005000000000010552e+01 8.405246992026101094e-02
1.007000000000010509e+01 8.473232003154977654e-02
1.009000000000010466e+01 7.921809875353001684e-02
1.011000000000010424e+01 7.669985169701791505e-02
1.013000000000010381e+01 7.292695554605248265e-02
1.015000000000010338e+01 7.252900175216386858e-02
1.017000000000010296e+01 6.792585798102696026e-02
1.019000000000010253e+01 6.650598693424987495e-02
1.021000000000010210e+01 6.254348878979514026e-02
1.023000000000010168e+01 6.020108842728719156e-02
1.025000000000010125e+01 5.829930377260498370e-02
1.027000000000010083e+01 5.471177278954687112e-02
1.029000000000010040e+01 5.430766981888854317e-02
1.031000000000009997e+01 5.125336685188443264e-02
1.033000000000009955e+01 5.190687846576682446e-02
1.035000000000009912e+01 4.696546677079372484e-02
1.037000000000009869e+01 4.736647480863731552e-02
1.039000000000009827e+01 4.380437571500715721e-02
1.041000000000009784e+01 4.203788723158165958e-02
1.043000000000009742e+01 4.005898412739508641e-02
1.045000000000009699e+01 3.893016290983981886e-02
1.047000000000009656e+01 3.727910744725020792e-02
1.049000000000009614e+01 3.763174768346094767e-02
1.051000000000009571e+01 3.385304604578623366e-02
1.053000000000009528e+01 3.538032984007775938e-02
1.055000000000009486e+01 3.215816495172412609e-02
1.057000000000009443e+01 3.045993498073413380e-02
1.059000000000009400e+01 2.845822648395148965e-02
1.061000000000009358e+01 2.840589867792513157e-02
1.063000000000009315e+01 2.723494887428601699e-02
1.065000000000009273e+01 2.709052699427870470e-02
1.067000000000009230e+01 2.444855997965919917e-02
1.069000000000009187e+01 2.388183695983965571e-02
1.071000000000009145e+01 2.500727926029584422e-02
1.073000000000009102e+01 2.164010138611750789e-02
1.075000000000009059e+01 2.109223179826527975e-02
1.077000000000009017e+01 2.008838242649633316e-02
1.079000000000008974e+01 1.964533696385703868e-02
1.081000000000008932e+01 2.075705516430724484e-02
1.083000000000008889e+01 1.782851964816633758e-02
1.085000000000008846e+01 1.706563527348552156e-02
1.087000000000008804e+01 1.909252551664180828e-02
1.089000000000008761e+01 1.550600053617349518e-02
1.091000000000008718e+01 1.518704116542192971e-02
1.093000000000008676e+01 1.434284381761600190e-02
1.095000000000008633e+01 1.409359609069451777e-02
1.097000000000008590e+01 1.473155599540745125e-02
1.099000000000008548e+01 1.304741848066552981e-02
1.101000000000008505e+01 1.273375284209441773e-02
1.103000000000008463e+01 1.422391455998772876e-02
1.105000000000008420e+01 1.165878508216694302e-02
1.107000000000008377e+01 1.117586267127223913e-02
1.109000000000008335e+01 1.059983138908518821e-02
1.111000000000008292e+01 1.036766137109103141e-02
1.113000000000008249e+01 1.107115177845446191e-02
1.115000000000008207e+01 9.279349905418399214e-03
1.117000000000008164e+01 1.135129717329182164e-02
1.119000000000008122e+01 8.854473181923862984e-03
1.121000000000008079e+01 8.437891036246343915e-03
1.123000000000008036e+01 8.199936063331908845e-03
1.125000000000007994e+01 7.838365522594491902e-03
1.127000000000007951e+01 7.648479269452028093e-03
1.129000000000007908e+01 8.400786720872403801e-03
1.131000000000007866e+01 6.955286821343503387e-03
1.133000000000007823e+01 8.839626354537810302e-03
1.135000000000007780e+01 6.483213899991449244e-03
1.137000000000007738e+01 6.409407417580410132e-03
1.139000000000007695e+01 6.081221784626595836e-03
1.141000000000007653e+01 5.916876535487522980e-03
1.143000000000007610e+01 6.497939412966004594e-03
1.145000000000007567e+01 5.432578616155068346e-03
1.147000000000007525e+01 5.377217704547122140e-03
1.149000000000007482e+01 7.054328784250841686e-03
1.151000000000007439e+01 4.872906205534132014e-03
1.153000000000007397e+01 4.740785665536879044e-03
1.155000000000007354e+01 4.596564085674031269e-03
1.157000000000007311e+01 5.241587379828539957e-03
1.159000000000007269e+01 4.295277439045691419e-03
1.161000000000007226e+01 4.087973573644401899e-03
1.163000000000007184e+01 5.798725255025765496e-03
1.165000000000007141e+01 3.942981207145455219e-03
1.167000000000007098e+01 3.757370023391676944e-03
1.169000000000007056e+01 3.651133680520415176e-03
1.171000000000007013e+01 3.506421866229860428e-03
1.173000000000006970e+01 4.070700871932923445e-03
1.175000000000006928e+01 3.298767109381404300e-03
1.177000000000006885e+01 4.831142409580086068e-03
1.179000000000006843e+01 3.046161700417084062e-03
1.181000000000006800e+01 2.996027584470528030e-03
1.183000000000006757e+01 2.917902276210595190e-03
1.185000000000006715e+01 2.799213268723387774e-03
1.187000000000006672e+01 3.236703338456648621e-03
1.189000000000006629e+01 2.630700850244749311e-03
1.191000000000006587e+01 4.061563423713628225e-03
1.193000000000006544e+01 2.510122414883170401e-03
1.195000000000006501e+01 2.392255639290664058e-03
1.197000000000006459e+01 2.323843234194583347e-03
1.199000000000006416e+01 2.660511346010091191e-03
1.201000000000006374e+01 2.201095311490694050e-03
1.203000000000006331e+01 2.128461323224009518e-03
1.205000000000006288e+01 3.362171286778364247e-03
1.207000000000006246e+01 1.998843560045017453e-03
1.209000000000006203e+01 1.930407864055734600e-03
1.211000000000006160e+01 1.890548822872202160e-03
1.213000000000006118e+01 2.146408686948548649e-03
1.215000000000006075e+01 1.767387998294787585e-03
1.217000000000006033e+01 1.724717681957804423e-03
1.219000000000005990e+01 2.812690004767299471e-03
1.221000000000005947e+01 1.606837348489421414e-03
1.223000000000005905e+01 1.565675377358674786e-03
1.225000000000005862e+01 1.526850121317629505e-03
1.227000000000005819e+01 1.724158404302363230e-03
1.229000000000005777e+01 1.426967579405796034e-03
1.231000000000005734e+01 2.372553682585052618e-03
1.233000000000005691e+01 1.333812731055564584e-03
1.235000000000005649e+01 1.293511317451632482e-03
1.237000000000005606e+01 1.265102380950560964e-03
1.239000000000005564e+01 1.426373755965726093e-03
1.241000000000005521e+01 1.186575625200755576e-03
1.243000000000005478e+01 1.150412525514583851e-03
1.245000000000005436e+01 1.962203592123803585e-03
1.247000000000005393e+01 1.071153830400013328e-03
1.249000000000005350e+01 1.039793157232607587e-03
1.251000000000005308e+01 1.013032338695638674e-03
1.253000000000005265e+01 1.129683995810440000e-03
1.255000000000005222e+01 9.538611645995528129e-04
1.257000000000005180e+01 9.285656685861524897e-04
1.259000000000005137e+01 1.595448364650556240e-03
1.261000000000005095e+01 8.566780520673590365e-04
1.263000000000005052e+01 8.305887252788535192e-04
1.265000000000005009e+01 9.204062957178822798e-04
1.267000000000004967e+01 7.807368206873708995e-04
1.269000000000004924e+01 7.594642375324019016e-04
1.271000000000004881e+01 1.327849422718679158e-03
1.273000000000004839e+01 6.996457879782936587e-04
1.275000000000004796e+01 6.791740280261623908e-04
1.277000000000004754e+01 7.444533650873828064e-04
1.279000000000004711e+01 6.365626273159423780e-04
1.281000000000004668e+01 6.172754541016326271e-04
1.283000000000004626e+01 1.087445208951666117e-03
1.285000000000004583e+01 5.690916725987410019e-04
1.287000000000004540e+01 5.509999801119793567e-04
1.289000000000004498e+01 5.335770014720581838e-04
1.291000000000004455e+01 5.782371366889039023e-04
1.293000000000004412e+01 4.994587622388148599e-04
1.295000000000004370e+01 8.875298992298199120e-04
1.297000000000004327e+01 4.563755684802942719e-04
1.299000000000004285e+01 4.421498837636844920e-04
1.301000000000004242e+01 4.292145419808960629e-04
1.303000000000004199e+01 4.591945219757289243e-04
1.305000000000004157e+01 4.000145840702616336e-04
1.307000000000004114e+01 7.141412218019706215e-04
1.309000000000004071e+01 3.638842458704616054e-04
1.311000000000004029e+01 3.524735878481431131e-04
1.313000000000003986e+01 3.407407656210597355e-04
1.315000000000003944e+01 3.619945931204867295e-04
1.317000000000003901e+01 3.175759596539759759e-04
1.319000000000003858e+01 5.699460774538519202e-04
1.321000000000003816e+01 2.873155304146817498e-04
1.323000000000003773e+01 2.777947932768885580e-04
1.325000000000003730e+01 2.925226549572244438e-04
1.327000000000003688e+01 2.578677068362404201e-04
1.329000000000003645e+01 2.492765930785359246e-04
1.331000000000003602e+01 4.493679114004998248e-04
1.333000000000003560e+01 2.245386844072141811e-04
1.335000000000003517e+01 2.167089704200798233e-04
1.337000000000003475e+01 2.264236680454179314e-04
1.339000000000003432e+01 2.006973968938542956e-04
1.341000000000003389e+01 1.935920178565425783e-04
1.343000000000003347e+01 3.504323682306708038e-04
1.345000000000003304e+01 1.736763468076805506e-04
1.347000000000003261e+01 1.673579042556292817e-04
1.349000000000003219e+01 1.732132455352060145e-04
1.351000000000003176e+01 1.545162823949987384e-04
1.353000000000003133e+01 1.488281100568256241e-04
1.355000000000003091e+01 2.698125009197997509e-04
1.357000000000003048e+01 1.328186797528990845e-04
1.359000000000003006e+01 1.277433008496657769e-04
1.361000000000002963e+01 1.312039048811308923e-04
1.363000000000002920e+01 1.176016124429408451e-04
1.365000000000002878e+01 1.131551611823286704e-04
1.367000000000002835e+01 2.054306156364452682e-04
1.369000000000002792e+01 1.003619056175459034e-04
1.371000000000002750e+01 1.024097790042984609e-04
1.373000000000002707e+01 9.220024756805515883e-05
1.375000000000002665e+01 8.847335735736729470e-05
1.377000000000002622e+01 1.609541741925903829e-04
1.379000000000002579e+01 7.818313775499632738e-05
1.381000000000002537e+01 7.498099730553698576e-05
1.383000000000002494e+01 7.592807014813806677e-05
1.385000000000002451e+01 6.865856581853099110e-05
1.387000000000002409e+01 6.580847438928783910e-05
1.389000000000002366e+01 1.197311268484507795e-04
1.391000000000002323e+01 5.780301424193262714e-05
1.393000000000002281e+01 5.818546580613952277e-05
1.395000000000002238e+01 5.007185802129622017e-05
1.397000000000002196e+01 1.429051800645189621e-07
1.399000000000002153e+01 1.385417829083468308e-07
1.401000000000002110e+01 1.169285336365854420e-07
1.403000000000002068e+01 1.060288845448959298e-07
1.405000000000002025e+01 1.009511914225075580e-07
1.407000000000001982e+01 8.597327172799850919e-08
1.409000000000001940e+01 9.599725673254633113e-08
1.411000000000001897e+01 6.998774641449910268e-08
1.413000000000001855e+01 5.652778764183703527e-08
1.415000000000001812e+01 4.755722861416212323e-08
1.417000000000001769e+01 3.715274814918199796e-08
1.419000000000001727e+01 3.386693067836949584e-08
1.421000000000001684e+01 2.813938344129058756e-08
1.423000000000001641e+01 2.321387793754840251e-08
1.425000000000001599e+01 1.737155362535746813e-08
1.427000000000001556e+01 1.348352135102471196e-08
1.429000000000001513e+01 9.448170012646297087e-09
1.431000000000001471e+01 1.209361615865385755e-08
1.433000000000001428e+01 5.533711307619057134e-09
1.435000000000001386e+01 5.079221491554509753e-09
1.437000000000001343e+01 4.768746184825866862e-09
1.439000000000001300e+01 4.159423469686152005e-09
1.441000000000001258e+01 3.710764756405854146e-09
1.443000000000001215e+01 2.395630051398940718e-10
1.445000000000001172e+01 9.981563702766163303e-12
1.447000000000001130e+01 5.302034743466534624e-12
1.449000000000001087e+01 6.191849879844846370e-13
1.451000000000001044e+01 3.115189516685466043e-13
1.453000000000001002e+01 2.756835352053618684e-13
1.455000000000000959e+01 3.129399728950326275e-15
1.457000000000000917e+01 2.733251808500243739e-15
1.459000000000000874e+01 1.435547119603070586e-15
1.461000000000000831e+01 1.266036665292046728e-15
1.463000000000000789e+01 1.117260637054876181e-15
1.465000000000000746e+01 0.000000000000000000e+00
1.467000000000000703e+01 0.000000000000000000e+00
1.469000000000000661e+01 0.000000000000000000e+00
1.471000000000000618e+01 0.000000000000000000e+00
1.473000000000000576e+01 0.000000000000000000e+00
1.475000000000000533e+01 0.000000000000000000e+00
1.477000000000000490e+01 0.000000000000000000e+00
1.479000000000000448e+01 0.000000000000000000e+00
1.481000000000000405e+01 0.000000000000000000e+00
1.483000000000000362e+01 0.000000000000000000e+00
1.485000000000000320e+01 0.000000000000000000e+00
1.487000000000000277e+01 0.000000000000000000e+00
1.489000000000000234e+01 0.000000000000000000e+00
1.491000000000000192e+01 0.000000000000000000e+00
1.493000000000000149e+01 0.000000000000000000e+00
1.495000000000000107e+01 0.000000000000000000e+00
1.497000000000000064e+01 0.000000000000000000e+00
1.499000000000000021e+01 0.000000000000000000e+00
