# Redshift		Merger Rate Density [Gpc^-3yr^-1]
1.000000000031931770e-02 3.936166317958063843e+01
3.000000000031888964e-02 4.040660364510380731e+01
5.000000000031846331e-02 4.213686605506450888e+01
7.000000000031804392e-02 4.397953141242746256e+01
9.000000000031761760e-02 4.519686848701746129e+01
1.100000000003171913e-01 4.662805947260730477e+01
1.300000000003167511e-01 4.852487564842130041e+01
1.500000000003163247e-01 4.993202560818720315e+01
1.700000000003158984e-01 5.148922555594834449e+01
1.900000000003154721e-01 5.294264849385345428e+01
2.100000000003150458e-01 5.466239459959504643e+01
2.300000000003146194e-01 5.616896336035547677e+01
2.500000000003141931e-01 5.863211566413355769e+01
2.700000000003137668e-01 5.868456013564912155e+01
2.900000000003133405e-01 6.132667851904826506e+01
3.100000000003129141e-01 6.272144203256685557e+01
3.300000000003124878e-01 6.472984691074488239e+01
3.500000000003120615e-01 6.565726089069003990e+01
3.700000000003116352e-01 6.775003166670960297e+01
3.900000000003112088e-01 7.026150552190176768e+01
4.100000000003107825e-01 7.131692019916727077e+01
4.300000000003103562e-01 7.370519439553295626e+01
4.500000000003099299e-01 7.600709048132246437e+01
4.700000000003095035e-01 7.664445392186824790e+01
4.900000000003090772e-01 8.060058659088494437e+01
5.100000000003086509e-01 8.184969585810090109e+01
5.300000000003082246e-01 8.282675518634584932e+01
5.500000000003077982e-01 8.579371356323369469e+01
5.700000000003073719e-01 8.754591222200488687e+01
5.900000000003069456e-01 8.929070775154501405e+01
6.100000000003065193e-01 9.211264021282717351e+01
6.300000000003060929e-01 9.405250119603196879e+01
6.500000000003056666e-01 9.555955855046117620e+01
6.700000000003052403e-01 9.810180818886888687e+01
6.900000000003048140e-01 9.986449503825166119e+01
7.100000000003043876e-01 1.022142249705008936e+02
7.300000000003039613e-01 1.035780028211834320e+02
7.500000000003035350e-01 1.059105894256007474e+02
7.700000000003031086e-01 1.089263662822527579e+02
7.900000000003026823e-01 1.099124118001963240e+02
8.100000000003022560e-01 1.127950497463507986e+02
8.300000000003018297e-01 1.141388496011017395e+02
8.500000000003014033e-01 1.173261817483465705e+02
8.700000000003009770e-01 1.183310534905092624e+02
8.900000000003005507e-01 1.204150165330570985e+02
9.100000000003001244e-01 1.216518884694558409e+02
9.300000000002996980e-01 1.251560744393839286e+02
9.500000000002992717e-01 1.260109374526121684e+02
9.700000000002988454e-01 1.281265247390709590e+02
9.900000000002984191e-01 1.295382490788361167e+02
1.010000000000297993e+00 1.325330591328527419e+02
1.030000000000297566e+00 1.331235197457458810e+02
1.050000000000297140e+00 1.353324313544443100e+02
1.070000000000296714e+00 1.365230715640368260e+02
1.090000000000296287e+00 1.385984868589702614e+02
1.110000000000295861e+00 1.408243579755981898e+02
1.130000000000295435e+00 1.423384315340249202e+02
1.150000000000295008e+00 1.442662488574047472e+02
1.170000000000294582e+00 1.446896766751861207e+02
1.190000000000294156e+00 1.467742018072354711e+02
1.210000000000293729e+00 1.479169025818565331e+02
1.230000000000293303e+00 1.498008911298106796e+02
1.250000000000292877e+00 1.513011343959513511e+02
1.270000000000292451e+00 1.520829903164690791e+02
1.290000000000292024e+00 1.548042430488393109e+02
1.310000000000291598e+00 1.551019021311800543e+02
1.330000000000291172e+00 1.570423661202276833e+02
1.350000000000290745e+00 1.586134942536114352e+02
1.370000000000290319e+00 1.589652879566455397e+02
1.390000000000289893e+00 1.605709971250059880e+02
1.410000000000289466e+00 1.606979787832121360e+02
1.430000000000289040e+00 1.615941619593427561e+02
1.450000000000288614e+00 1.637335009731259845e+02
1.470000000000288187e+00 1.638991882967544598e+02
1.490000000000287761e+00 1.658489149424577818e+02
1.510000000000287335e+00 1.656673344166725883e+02
1.530000000000286908e+00 1.681157539571790664e+02
1.550000000000286482e+00 1.671529618122623617e+02
1.570000000000286056e+00 1.670366520690554637e+02
1.590000000000285629e+00 1.682624372890116433e+02
1.610000000000285203e+00 1.686857469680229826e+02
1.630000000000284777e+00 1.708675358762175449e+02
1.650000000000284350e+00 1.702625904849761582e+02
1.670000000000283924e+00 1.711356288223709896e+02
1.690000000000283498e+00 1.693166689213712175e+02
1.710000000000283071e+00 1.703246436210201864e+02
1.730000000000282645e+00 1.697935609293637356e+02
1.750000000000282219e+00 1.708680747042670873e+02
1.770000000000281792e+00 1.703273754694011188e+02
1.790000000000281366e+00 1.698015980288364517e+02
1.810000000000280940e+00 1.699840331847165373e+02
1.830000000000280513e+00 1.689450249115731992e+02
1.850000000000280087e+00 1.712962776697085019e+02
1.870000000000279661e+00 1.692178604501649488e+02
1.890000000000279234e+00 1.687528415155532286e+02
1.910000000000278808e+00 1.678641094079216600e+02
1.930000000000278382e+00 1.681545288294920795e+02
1.950000000000277955e+00 1.678493824508425405e+02
1.970000000000277529e+00 1.669833531527821435e+02
1.990000000000277103e+00 1.655257404647581438e+02
2.010000000000276899e+00 1.655701452657341974e+02
2.030000000000276472e+00 1.640243182160916433e+02
2.050000000000276046e+00 1.642422647495711203e+02
2.070000000000275620e+00 1.633943710836947218e+02
2.090000000000275193e+00 1.609312621393447671e+02
2.110000000000274767e+00 1.612219055030140851e+02
2.130000000000274341e+00 1.598983020259152568e+02
2.150000000000273914e+00 1.582639613809135142e+02
2.170000000000273488e+00 1.569986450768420525e+02
2.190000000000273062e+00 1.561329124055600346e+02
2.210000000000272635e+00 1.545277010328375411e+02
2.230000000000272209e+00 1.535455376244786407e+02
2.250000000000271783e+00 1.536618345109588972e+02
2.270000000000271356e+00 1.504222444099828522e+02
2.290000000000270930e+00 1.507881442961665073e+02
2.310000000000270504e+00 1.480440246679166592e+02
2.330000000000270077e+00 1.474061110216779866e+02
2.350000000000269651e+00 1.462962732373933932e+02
2.370000000000269225e+00 1.440673697867987357e+02
2.390000000000268798e+00 1.429416283373946897e+02
2.410000000000268372e+00 1.421352383316420287e+02
2.430000000000267946e+00 1.398835442387500336e+02
2.450000000000267519e+00 1.382989817510683110e+02
2.470000000000267093e+00 1.380839644343941188e+02
2.490000000000266667e+00 1.357086010302312218e+02
2.510000000000266240e+00 1.343689487498963331e+02
2.530000000000265814e+00 1.337791389328799028e+02
2.550000000000265388e+00 1.309914654527254925e+02
2.570000000000264961e+00 1.309169497266935593e+02
2.590000000000264535e+00 1.293458621352832267e+02
2.610000000000264109e+00 1.272286517099953045e+02
2.630000000000263682e+00 1.253280634980797146e+02
2.650000000000263256e+00 1.247572235730820864e+02
2.670000000000262830e+00 1.226439012818752303e+02
2.690000000000262403e+00 1.225419912636798045e+02
2.710000000000261977e+00 1.199997535886758158e+02
2.730000000000261551e+00 1.195955865350678664e+02
2.750000000000261124e+00 1.170190271117000123e+02
2.770000000000260698e+00 1.160401299144757132e+02
2.790000000000260272e+00 1.149231472515747896e+02
2.810000000000259845e+00 1.134217487829870237e+02
2.830000000000259419e+00 1.123289811058903638e+02
2.850000000000258993e+00 1.101916597156380675e+02
2.870000000000258567e+00 1.098631883316948006e+02
2.890000000000258140e+00 1.081951622145428331e+02
2.910000000000257714e+00 1.069373013895392148e+02
2.930000000000257288e+00 1.051185737674748708e+02
2.950000000000256861e+00 1.041864009909898954e+02
2.970000000000256435e+00 1.033086038741987949e+02
2.990000000000256009e+00 1.020678877510521687e+02
3.010000000000255582e+00 1.002508684774432766e+02
3.030000000000255156e+00 9.970670592061560455e+01
3.050000000000254730e+00 9.753173433048149832e+01
3.070000000000254303e+00 9.652396354116565647e+01
3.090000000000253877e+00 9.567903161856278871e+01
3.110000000000253451e+00 9.483848222562934893e+01
3.130000000000253024e+00 9.442898017458946924e+01
3.150000000000252598e+00 9.180486384818301815e+01
3.170000000000252172e+00 9.072180480856796692e+01
3.190000000000251745e+00 9.012676349065175430e+01
3.210000000000251319e+00 8.843310935948586859e+01
3.230000000000250893e+00 8.785393785018531787e+01
3.250000000000250466e+00 8.646729822627055739e+01
3.270000000000250040e+00 8.615153850066720054e+01
3.290000000000249614e+00 8.414098258022815457e+01
3.310000000000249187e+00 8.405295255558581857e+01
3.330000000000248761e+00 8.238026929359462258e+01
3.350000000000248335e+00 8.125285666805308438e+01
3.370000000000247908e+00 8.085585921858903191e+01
3.390000000000247482e+00 7.925302825123793582e+01
3.410000000000247056e+00 7.867297613709845905e+01
3.430000000000246629e+00 7.791976099793579635e+01
3.450000000000246203e+00 7.682385866923134188e+01
3.470000000000245777e+00 7.571842900892826833e+01
3.490000000000245350e+00 7.498270531857033916e+01
3.510000000000244924e+00 7.414167139591182831e+01
3.530000000000244498e+00 7.321527234634517356e+01
3.550000000000244071e+00 7.270947897338146504e+01
3.570000000000243645e+00 7.252049833130824652e+01
3.590000000000243219e+00 7.076041073814741367e+01
3.610000000000242792e+00 6.984163163710208266e+01
3.630000000000242366e+00 6.953572534582444575e+01
3.650000000000241940e+00 6.880206398991876426e+01
3.670000000000241513e+00 6.795301959507681033e+01
3.690000000000241087e+00 6.694068397183662000e+01
3.710000000000240661e+00 6.611363367842699290e+01
3.730000000000240234e+00 6.590865857863212796e+01
3.750000000000239808e+00 6.487719732014600993e+01
3.770000000000239382e+00 6.436287717030911892e+01
3.790000000000238956e+00 6.377466856644397808e+01
3.810000000000238529e+00 6.295783264514538047e+01
3.830000000000238103e+00 6.230439465828909817e+01
3.850000000000237677e+00 6.137930193251800404e+01
3.870000000000237250e+00 6.139678935241897051e+01
3.890000000000236824e+00 6.030853200854512863e+01
3.910000000000236398e+00 5.912508150071051460e+01
3.930000000000235971e+00 5.953442809702404048e+01
3.950000000000235545e+00 5.849707997172075835e+01
3.970000000000235119e+00 5.794236875769760076e+01
3.990000000000234692e+00 5.698555325833447682e+01
4.010000000000234266e+00 5.733236154595896750e+01
4.030000000000233840e+00 5.656704222035379814e+01
4.050000000000233413e+00 5.584477465786032013e+01
4.070000000000232987e+00 5.567485808310892281e+01
4.090000000000232561e+00 5.474047417558545447e+01
4.110000000000232134e+00 5.413964473937964783e+01
4.130000000000231708e+00 5.430685752487534756e+01
4.150000000000231282e+00 5.321654780877570090e+01
4.170000000000230855e+00 5.309542406665379843e+01
4.190000000000230429e+00 5.258090945234622637e+01
4.210000000000230003e+00 5.248918828271197867e+01
4.230000000000229576e+00 5.201405521623953376e+01
4.250000000000229150e+00 5.090592056321560932e+01
4.270000000000228724e+00 5.101147858125831647e+01
4.290000000000228297e+00 5.051258009290120299e+01
4.310000000000227871e+00 5.020090101640172264e+01
4.330000000000227445e+00 4.982951906607431880e+01
4.350000000000227018e+00 4.944830568880461641e+01
4.370000000000226592e+00 4.910301906588866672e+01
4.390000000000226166e+00 4.824260413222220478e+01
4.410000000000225739e+00 4.834001494906380003e+01
4.430000000000225313e+00 4.792564588801435832e+01
4.450000000000224887e+00 4.764424778895354962e+01
4.470000000000224460e+00 4.744353087299136718e+01
4.490000000000224034e+00 4.718743152090170412e+01
4.510000000000223608e+00 4.675200072625958825e+01
4.530000000000223181e+00 4.653158096462443893e+01
4.550000000000222755e+00 4.637249898925161773e+01
4.570000000000222329e+00 4.612385023838628939e+01
4.590000000000221902e+00 4.555595554667659997e+01
4.610000000000221476e+00 4.542470379624457166e+01
4.630000000000221050e+00 4.518157583871812477e+01
4.650000000000220624e+00 4.498493784958487396e+01
4.670000000000220197e+00 4.453951584971957800e+01
4.690000000000219771e+00 4.414049444888388507e+01
4.710000000000219345e+00 4.396091225553144710e+01
4.730000000000218918e+00 4.386002365533148151e+01
4.750000000000218492e+00 4.347460610838435713e+01
4.770000000000218066e+00 4.321061397854320774e+01
4.790000000000217639e+00 4.319542323910904713e+01
4.810000000000217213e+00 4.254463271644873146e+01
4.830000000000216787e+00 4.292020332204972277e+01
4.850000000000216360e+00 4.235897186044139318e+01
4.870000000000215934e+00 4.213401417119572301e+01
4.890000000000215508e+00 4.184775355738443636e+01
4.910000000000215081e+00 4.191315878364249414e+01
4.930000000000214655e+00 4.148251207878422520e+01
4.950000000000214229e+00 4.148982220175771829e+01
4.970000000000213802e+00 4.142691582954470420e+01
4.990000000000213376e+00 4.109136075566033242e+01
5.010000000000212950e+00 4.079499587307769559e+01
5.030000000000212523e+00 4.061233219765179570e+01
5.050000000000212097e+00 4.065490818464074607e+01
5.070000000000211671e+00 4.029784060907202559e+01
5.090000000000211244e+00 4.018185233526750721e+01
5.110000000000210818e+00 4.026701750703187344e+01
5.130000000000210392e+00 4.013712566469208554e+01
5.150000000000209965e+00 3.967401034987793906e+01
5.170000000000209539e+00 3.938747678821174247e+01
5.190000000000209113e+00 3.917170515495887884e+01
5.210000000000208686e+00 3.946748401686678420e+01
5.230000000000208260e+00 3.914025384028614951e+01
5.250000000000207834e+00 3.870408728941684018e+01
5.270000000000207407e+00 3.886327675736901455e+01
5.290000000000206981e+00 3.908782502214097576e+01
5.310000000000206555e+00 3.852124056844176181e+01
5.330000000000206128e+00 3.869205982709348035e+01
5.350000000000205702e+00 3.849144783694142546e+01
5.370000000000205276e+00 3.857482711237293671e+01
5.390000000000204849e+00 3.836690299871611387e+01
5.410000000000204423e+00 3.837430699691785918e+01
5.430000000000203997e+00 3.808568736411464783e+01
5.450000000000203570e+00 3.795117605848457742e+01
5.470000000000203144e+00 3.785625888293639463e+01
5.490000000000202718e+00 3.787339114648821692e+01
5.510000000000202292e+00 3.769369969636041873e+01
5.530000000000201865e+00 3.761850993940329602e+01
5.550000000000201439e+00 3.757796881633474584e+01
5.570000000000201013e+00 3.735920254539968255e+01
5.590000000000200586e+00 3.743141762045656407e+01
5.610000000000200160e+00 3.735359268480058859e+01
5.630000000000199734e+00 3.709248109411178262e+01
5.650000000000199307e+00 3.698147439493771316e+01
5.670000000000198881e+00 3.695065050512093308e+01
5.690000000000198455e+00 3.680134280037572125e+01
5.710000000000198028e+00 3.679062117352897587e+01
5.730000000000197602e+00 3.687794745365476246e+01
5.750000000000197176e+00 3.671642169986031945e+01
5.770000000000196749e+00 3.658793571844027781e+01
5.790000000000196323e+00 3.657675987472798340e+01
5.810000000000195897e+00 3.667569282393272800e+01
5.830000000000195470e+00 3.622503227320176933e+01
5.850000000000195044e+00 3.644712306002507063e+01
5.870000000000194618e+00 3.616589832955754247e+01
5.890000000000194191e+00 3.614292068781065126e+01
5.910000000000193765e+00 3.620990336678060117e+01
5.930000000000193339e+00 3.634363576156914633e+01
5.950000000000192912e+00 3.596669048034230087e+01
5.970000000000192486e+00 3.580779177153446113e+01
5.990000000000192060e+00 3.609016642187864221e+01
6.010000000000191633e+00 3.598066663705257895e+01
6.030000000000191207e+00 3.614087177221843916e+01
6.050000000000190781e+00 3.580240062395791512e+01
6.070000000000190354e+00 3.597944346153218476e+01
6.090000000000189928e+00 3.580492443834089755e+01
6.110000000000189502e+00 3.562294738870119204e+01
6.130000000000189075e+00 3.566052655964356433e+01
6.150000000000188649e+00 3.555169484918799583e+01
6.170000000000188223e+00 3.557275359909577617e+01
6.190000000000187796e+00 3.543341960218681663e+01
6.210000000000187370e+00 3.558574270242534254e+01
6.230000000000186944e+00 3.555433319540487247e+01
6.250000000000186517e+00 3.555311704891121138e+01
6.270000000000186091e+00 3.527741164937445717e+01
6.290000000000185665e+00 3.531862014536270777e+01
6.310000000000185238e+00 3.518539094089680219e+01
6.330000000000184812e+00 3.536951703188023544e+01
6.350000000000184386e+00 3.499873110044303814e+01
6.370000000000183960e+00 3.524758837085374807e+01
6.390000000000183533e+00 3.502685075352776067e+01
6.410000000000183107e+00 3.510790571507121172e+01
6.430000000000182681e+00 3.520155818563377181e+01
6.450000000000182254e+00 3.484068755842159248e+01
6.470000000000181828e+00 3.483057310388154804e+01
6.490000000000181402e+00 3.519333143325206237e+01
6.510000000000180975e+00 3.508261083810422321e+01
6.530000000000180549e+00 3.483965878424565688e+01
6.550000000000180123e+00 3.463324465096695803e+01
6.570000000000179696e+00 3.494333985067591897e+01
6.590000000000179270e+00 3.471023188517199287e+01
6.610000000000178844e+00 3.470925077190453578e+01
6.630000000000178417e+00 3.490192905422757974e+01
6.650000000000177991e+00 3.475269288387526956e+01
6.670000000000177565e+00 3.451290893880749167e+01
6.690000000000177138e+00 3.468937525105712183e+01
6.710000000000176712e+00 3.464513894276160499e+01
6.730000000000176286e+00 3.442822949083291206e+01
6.750000000000175859e+00 3.465532712986895092e+01
6.770000000000175433e+00 3.461846021823683373e+01
6.790000000000175007e+00 3.462771156222090241e+01
6.810000000000174580e+00 3.450953553057235723e+01
6.830000000000174154e+00 3.439960802909585169e+01
6.850000000000173728e+00 3.446211053294220505e+01
6.870000000000173301e+00 3.436291097904533842e+01
6.890000000000172875e+00 3.430807861333721576e+01
6.910000000000172449e+00 3.430672765016546322e+01
6.930000000000172022e+00 3.420423402491898202e+01
6.950000000000171596e+00 3.438647895973834068e+01
6.970000000000171170e+00 3.410995618763292470e+01
6.990000000000170743e+00 3.399240234626056889e+01
7.010000000000170317e+00 3.417624500833318280e+01
7.030000000000169891e+00 3.402349053366640419e+01
7.050000000000169464e+00 3.432494456386209691e+01
7.070000000000169038e+00 3.423860977038177111e+01
7.090000000000168612e+00 3.420146402110619732e+01
7.110000000000168185e+00 3.401592598220751285e+01
7.130000000000167759e+00 3.394243668657363600e+01
7.150000000000167333e+00 3.417197507613421692e+01
7.170000000000166906e+00 3.398741131914096769e+01
7.190000000000166480e+00 3.383891799223705021e+01
7.210000000000166054e+00 3.407048679977080496e+01
7.230000000000165628e+00 3.398748264798251739e+01
7.250000000000165201e+00 3.384242560536999633e+01
7.270000000000164775e+00 3.386041789831077864e+01
7.290000000000164349e+00 3.380819193534289724e+01
7.310000000000163922e+00 3.378644097788288292e+01
7.330000000000163496e+00 3.365910115338137842e+01
7.350000000000163070e+00 3.372433024481603070e+01
7.370000000000162643e+00 3.359948293934547081e+01
7.390000000000162217e+00 3.370825408594343031e+01
7.410000000000161791e+00 3.365055546752526539e+01
7.430000000000161364e+00 3.355436435097196579e+01
7.450000000000160938e+00 3.376926024893005263e+01
7.470000000000160512e+00 3.367647023431344877e+01
7.490000000000160085e+00 3.362058767465543951e+01
7.510000000000159659e+00 3.353833266059343288e+01
7.530000000000159233e+00 3.351083144306188188e+01
7.550000000000158806e+00 3.340708367162659442e+01
7.570000000000158380e+00 3.349641942741745737e+01
7.590000000000157954e+00 3.330183652986723786e+01
7.610000000000157527e+00 3.356402251647943302e+01
7.630000000000157101e+00 3.346683502137900490e+01
7.650000000000156675e+00 3.323581273949185544e+01
7.670000000000156248e+00 3.317552016053322461e+01
7.690000000000155822e+00 3.333708302489929309e+01
7.710000000000155396e+00 3.351585522823143748e+01
7.730000000000154969e+00 3.334567006577456283e+01
7.750000000000154543e+00 3.321878796279429480e+01
7.770000000000154117e+00 3.313029043621536118e+01
7.790000000000153690e+00 3.335661059694728436e+01
7.810000000000153264e+00 3.298743356505092805e+01
7.830000000000152838e+00 3.312517706771056680e+01
7.850000000000152411e+00 3.317639172742033793e+01
7.870000000000151985e+00 3.306984937390665635e+01
7.890000000000151559e+00 3.299054443656056890e+01
7.910000000000151132e+00 3.310565118952744967e+01
7.930000000000150706e+00 3.301053170488340527e+01
7.950000000000150280e+00 3.314399622032955506e+01
7.970000000000149853e+00 3.288908310247787625e+01
7.990000000000149427e+00 3.300204933069670687e+01
8.010000000000149001e+00 3.284147907947952660e+01
8.030000000000148574e+00 3.295740034375128857e+01
8.050000000000148148e+00 3.271655931405097562e+01
8.070000000000147722e+00 3.290634803703153466e+01
8.090000000000147296e+00 3.287823907641462284e+01
8.110000000000146869e+00 3.294018894406931253e+01
8.130000000000146443e+00 3.284832009660537011e+01
8.150000000000146017e+00 3.277837092510736738e+01
8.170000000000145590e+00 3.274606634397985516e+01
8.190000000000145164e+00 3.267985101709997764e+01
8.210000000000144738e+00 3.255721326485885214e+01
8.230000000000144311e+00 3.274398685966519906e+01
8.250000000000143885e+00 3.271899145584288959e+01
8.270000000000143459e+00 3.254558065472149053e+01
8.290000000000143032e+00 3.260500091701918990e+01
8.310000000000142606e+00 3.248419639765317157e+01
8.330000000000142180e+00 3.248512201006923306e+01
8.350000000000141753e+00 3.254598765769890178e+01
8.370000000000141327e+00 3.249541151967009256e+01
8.390000000000140901e+00 3.252170976783793321e+01
8.410000000000140474e+00 3.240168627195675555e+01
8.430000000000140048e+00 3.234054549639557763e+01
8.450000000000139622e+00 3.250264949421222838e+01
8.470000000000139195e+00 3.239889736111327778e+01
8.490000000000138769e+00 3.239093633784256099e+01
8.510000000000138343e+00 3.234284395832060710e+01
8.530000000000137916e+00 3.240390849853843491e+01
8.550000000000137490e+00 3.220881468564169836e+01
8.570000000000137064e+00 3.227677220269468705e+01
8.590000000000136637e+00 3.205844435674442394e+01
8.610000000000136211e+00 3.223849816502506371e+01
8.630000000000135785e+00 3.225664106955433397e+01
8.650000000000135358e+00 3.218750665731877803e+01
8.670000000000134932e+00 3.192135357160354303e+01
8.690000000000134506e+00 3.200735097702524712e+01
8.710000000000134079e+00 3.205831132904013003e+01
8.730000000000133653e+00 3.204738610062483417e+01
8.750000000000133227e+00 3.198474131592880809e+01
8.770000000000132800e+00 3.203351458957302356e+01
8.790000000000132374e+00 3.210047919104977154e+01
8.810000000000131948e+00 3.181379489303324704e+01
8.830000000000131521e+00 3.190607569767357887e+01
8.850000000000131095e+00 3.184081501548752513e+01
8.870000000000130669e+00 3.186097964033356078e+01
8.890000000000130242e+00 3.184313807952213438e+01
8.910000000000129816e+00 3.165950804600092638e+01
8.930000000000129390e+00 3.168274193984720455e+01
8.950000000000128964e+00 3.169398785567280186e+01
8.970000000000128537e+00 3.173563137646454635e+01
8.990000000000128111e+00 3.174797466722229800e+01
9.010000000000127685e+00 3.157026065669481696e+01
9.030000000000127258e+00 3.149485832363267335e+01
9.050000000000126832e+00 3.150650601361494907e+01
9.070000000000126406e+00 3.156281432080922400e+01
9.090000000000125979e+00 3.145339262292239724e+01
9.110000000000125553e+00 3.158796196040414017e+01
9.130000000000125127e+00 3.137519762933915501e+01
9.150000000000124700e+00 3.140570581845478770e+01
9.170000000000124274e+00 3.135419062157028591e+01
9.190000000000123848e+00 3.137776293889320911e+01
9.210000000000123421e+00 3.138041493815503102e+01
9.230000000000122995e+00 3.116681894758347937e+01
9.250000000000122569e+00 3.125619792714056544e+01
9.270000000000122142e+00 3.115434158705554779e+01
9.290000000000121716e+00 3.112611735589624473e+01
9.310000000000121290e+00 3.107313522168547237e+01
9.330000000000120863e+00 3.116252036327395913e+01
9.350000000000120437e+00 3.102216264941831625e+01
9.370000000000120011e+00 3.096799681842099616e+01
9.390000000000119584e+00 3.096078414159006797e+01
9.410000000000119158e+00 3.100821294851915866e+01
9.430000000000118732e+00 3.088760594526084446e+01
9.450000000000118305e+00 3.080998297667241559e+01
9.470000000000117879e+00 3.087010018685226242e+01
9.490000000000117453e+00 3.073393769356248129e+01
9.510000000000117026e+00 3.096420482319551937e+01
9.530000000000116600e+00 3.068047350284543384e+01
9.550000000000116174e+00 3.064724791102856116e+01
9.570000000000115747e+00 3.065690868406813507e+01
9.590000000000115321e+00 3.064386251949000695e+01
9.610000000000114895e+00 3.060344064764014860e+01
9.630000000000114468e+00 3.052584194996012101e+01
9.650000000000114042e+00 3.046047804645844437e+01
9.670000000000113616e+00 3.039772420255189900e+01
9.690000000000113189e+00 3.039145309143590268e+01
9.710000000000112763e+00 3.034751697029044237e+01
9.730000000000112337e+00 3.036423294675678264e+01
9.750000000000111910e+00 3.023682815468050578e+01
9.770000000000111484e+00 3.030524914968121308e+01
9.790000000000111058e+00 3.030367782442153413e+01
9.810000000000110632e+00 3.014357537246974417e+01
9.830000000000110205e+00 3.028328227487775237e+01
9.850000000000109779e+00 3.001089441933209301e+01
9.870000000000109353e+00 3.007888958087179887e+01
9.890000000000108926e+00 3.001448103259032507e+01
9.910000000000108500e+00 2.990934684207799421e+01
9.930000000000108074e+00 2.990604558845121375e+01
9.950000000000107647e+00 2.992517659784202877e+01
9.970000000000107221e+00 2.985698312234366369e+01
9.990000000000106795e+00 2.980395615181038593e+01
1.001000000000010637e+01 2.978588300191071880e+01
1.003000000000010594e+01 2.977560221710406907e+01
1.005000000000010552e+01 2.969746695486098176e+01
1.007000000000010509e+01 2.965466132472270289e+01
1.009000000000010466e+01 2.966823820433344849e+01
1.011000000000010424e+01 2.959740896852729364e+01
1.013000000000010381e+01 2.944884513315124508e+01
1.015000000000010338e+01 2.945951960585106733e+01
1.017000000000010296e+01 2.943769435451799055e+01
1.019000000000010253e+01 2.927739074416053100e+01
1.021000000000010210e+01 2.942882152946189933e+01
1.023000000000010168e+01 2.945403309491856447e+01
1.025000000000010125e+01 2.932197109432657456e+01
1.027000000000010083e+01 2.911349302822205232e+01
1.029000000000010040e+01 2.920197909726446284e+01
1.031000000000009997e+01 2.914605407590832442e+01
1.033000000000009955e+01 2.906700540114503539e+01
1.035000000000009912e+01 2.916888676768657618e+01
1.037000000000009869e+01 2.897210135089442673e+01
1.039000000000009827e+01 2.893914265668363583e+01
1.041000000000009784e+01 2.896619618480857739e+01
1.043000000000009742e+01 2.891245412295837625e+01
1.045000000000009699e+01 2.887958653661098651e+01
1.047000000000009656e+01 2.865021415639295554e+01
1.049000000000009614e+01 2.869896003958974262e+01
1.051000000000009571e+01 2.868333420074392492e+01
1.053000000000009528e+01 2.872067585622998465e+01
1.055000000000009486e+01 2.862924646891277192e+01
1.057000000000009443e+01 2.865683045487925895e+01
1.059000000000009400e+01 2.842440654494011554e+01
1.061000000000009358e+01 2.836659883435324758e+01
1.063000000000009315e+01 2.859414678424977652e+01
1.065000000000009273e+01 2.847341655773597324e+01
1.067000000000009230e+01 2.834635825337635495e+01
1.069000000000009187e+01 2.834514760024093150e+01
1.071000000000009145e+01 2.802396214625624893e+01
1.073000000000009102e+01 2.830026392250215039e+01
1.075000000000009059e+01 2.819570630899954367e+01
1.077000000000009017e+01 2.804816701227017006e+01
1.079000000000008974e+01 2.801629807012931295e+01
1.081000000000008932e+01 2.804632525558672640e+01
1.083000000000008889e+01 2.795145671188274505e+01
1.085000000000008846e+01 2.807177050510773952e+01
1.087000000000008804e+01 2.790016919105261195e+01
1.089000000000008761e+01 2.781936261139846422e+01
1.091000000000008718e+01 2.779891147115155547e+01
1.093000000000008676e+01 2.769187378428191693e+01
1.095000000000008633e+01 2.761032101172701303e+01
1.097000000000008590e+01 2.764727117980159221e+01
1.099000000000008548e+01 2.771236715992922228e+01
1.101000000000008505e+01 2.758739180863062046e+01
1.103000000000008463e+01 2.757178877886828161e+01
1.105000000000008420e+01 2.745542783433880629e+01
1.107000000000008377e+01 2.735227999281539368e+01
1.109000000000008335e+01 2.730790064563215580e+01
1.111000000000008292e+01 2.727879096565114025e+01
1.113000000000008249e+01 2.729061272300016228e+01
1.115000000000008207e+01 2.733391456783249041e+01
1.117000000000008164e+01 2.709327924307223512e+01
1.119000000000008122e+01 2.707933429098521216e+01
1.121000000000008079e+01 2.719230199864134079e+01
1.123000000000008036e+01 2.701168231051357438e+01
1.125000000000007994e+01 2.699226142825341412e+01
1.127000000000007951e+01 2.693264374004959194e+01
1.129000000000007908e+01 2.685024162008213366e+01
1.131000000000007866e+01 2.664287020578983700e+01
1.133000000000007823e+01 2.679753880498751073e+01
1.135000000000007780e+01 2.683955305068589325e+01
1.137000000000007738e+01 2.667611217390201617e+01
1.139000000000007695e+01 2.659550899026976012e+01
1.141000000000007653e+01 2.664271950882143614e+01
1.143000000000007610e+01 2.643622358547610318e+01
1.145000000000007567e+01 2.642975791827261034e+01
1.147000000000007525e+01 2.630839996181348184e+01
1.149000000000007482e+01 2.620374401571029566e+01
1.151000000000007439e+01 2.651475266691706878e+01
1.153000000000007397e+01 2.622138954884707118e+01
1.155000000000007354e+01 2.620656488067444911e+01
1.157000000000007311e+01 2.615485818332864909e+01
1.159000000000007269e+01 2.595143751477214522e+01
1.161000000000007226e+01 2.605272975604241381e+01
1.163000000000007184e+01 2.596651181424803667e+01
1.165000000000007141e+01 2.585895642912443293e+01
1.167000000000007098e+01 2.579628714095643360e+01
1.169000000000007056e+01 2.568757120492836066e+01
1.171000000000007013e+01 2.574496835868660582e+01
1.173000000000006970e+01 2.564562905561592387e+01
1.175000000000006928e+01 2.562893319940037173e+01
1.177000000000006885e+01 2.554751448407933268e+01
1.179000000000006843e+01 2.540759152039326807e+01
1.181000000000006800e+01 2.536816002388038882e+01
1.183000000000006757e+01 2.529169244855691545e+01
1.185000000000006715e+01 2.532441748217912192e+01
1.187000000000006672e+01 2.529617290408156549e+01
1.189000000000006629e+01 2.500285402739365281e+01
1.191000000000006587e+01 2.513323617605293947e+01
1.193000000000006544e+01 2.500760413495946466e+01
1.195000000000006501e+01 2.502177852280044590e+01
1.197000000000006459e+01 2.480674818222014721e+01
1.199000000000006416e+01 2.475592615952029618e+01
1.201000000000006374e+01 2.475895308903791303e+01
1.203000000000006331e+01 2.473208754146092048e+01
1.205000000000006288e+01 2.462244913372938626e+01
1.207000000000006246e+01 2.446212622631233202e+01
1.209000000000006203e+01 2.432722858537394472e+01
1.211000000000006160e+01 2.440470911979891611e+01
1.213000000000006118e+01 2.428752516114788662e+01
1.215000000000006075e+01 2.431501428501431761e+01
1.217000000000006033e+01 2.408777639380623725e+01
1.219000000000005990e+01 2.409559634304708808e+01
1.221000000000005947e+01 2.407222627875704291e+01
1.223000000000005905e+01 2.394346552237168524e+01
1.225000000000005862e+01 2.378919236042677454e+01
1.227000000000005819e+01 2.377995384973074522e+01
1.229000000000005777e+01 2.368045875104495934e+01
1.231000000000005734e+01 2.367436480997362125e+01
1.233000000000005691e+01 2.350076515220338180e+01
1.235000000000005649e+01 2.330476703194315036e+01
1.237000000000005606e+01 2.337890871595065434e+01
1.239000000000005564e+01 2.336345781493849572e+01
1.241000000000005521e+01 2.325602817582081983e+01
1.243000000000005478e+01 2.314687418682693121e+01
1.245000000000005436e+01 2.305044050562780455e+01
1.247000000000005393e+01 2.288286386380839588e+01
1.249000000000005350e+01 2.271175376548931979e+01
1.251000000000005308e+01 2.271003755176328553e+01
1.253000000000005265e+01 2.280830550117070388e+01
1.255000000000005222e+01 2.255957801116695904e+01
1.257000000000005180e+01 2.257739724889992416e+01
1.259000000000005137e+01 2.236039744408681429e+01
1.261000000000005095e+01 2.236446615988040421e+01
1.263000000000005052e+01 2.226093122470146568e+01
1.265000000000005009e+01 2.223389443846500058e+01
1.267000000000004967e+01 2.208400783923520549e+01
1.269000000000004924e+01 2.196334368060903586e+01
1.271000000000004881e+01 2.189901467676300229e+01
1.273000000000004839e+01 2.158744854791519785e+01
1.275000000000004796e+01 2.174193528155578292e+01
1.277000000000004754e+01 2.146840214815483350e+01
1.279000000000004711e+01 2.152379863835721707e+01
1.281000000000004668e+01 2.151582125981269300e+01
1.283000000000004626e+01 2.129141796193563962e+01
1.285000000000004583e+01 2.114116188232531357e+01
1.287000000000004540e+01 2.097924217577764239e+01
1.289000000000004498e+01 2.104205776661141414e+01
1.291000000000004455e+01 2.079442631306340061e+01
1.293000000000004412e+01 2.068671696016376771e+01
1.295000000000004370e+01 2.074514611395201413e+01
1.297000000000004327e+01 2.055569335925893171e+01
1.299000000000004285e+01 2.023827030969697915e+01
1.301000000000004242e+01 2.035807382873277760e+01
1.303000000000004199e+01 2.018807766319246255e+01
1.305000000000004157e+01 1.988165760511274271e+01
1.307000000000004114e+01 2.004647739156288466e+01
1.309000000000004071e+01 1.983465665324702343e+01
1.311000000000004029e+01 1.971835856224125649e+01
1.313000000000003986e+01 1.968188615758565163e+01
1.315000000000003944e+01 1.940325625464774717e+01
1.317000000000003901e+01 1.933957860042661991e+01
1.319000000000003858e+01 1.920945516681817722e+01
1.321000000000003816e+01 1.907460409217604180e+01
1.323000000000003773e+01 1.910349521064326694e+01
1.325000000000003730e+01 1.874387698657027457e+01
1.327000000000003688e+01 1.874182042522343039e+01
1.329000000000003645e+01 1.870483859764972223e+01
1.331000000000003602e+01 1.839844880630337798e+01
1.333000000000003560e+01 1.820241207442672859e+01
1.335000000000003517e+01 1.820218634570526461e+01
1.337000000000003475e+01 1.793784527618401015e+01
1.339000000000003432e+01 1.781557207679528787e+01
1.341000000000003389e+01 1.771230483001191303e+01
1.343000000000003347e+01 1.752225012377456181e+01
1.345000000000003304e+01 1.748182101874874661e+01
1.347000000000003261e+01 1.709612581265512787e+01
1.349000000000003219e+01 1.693000558406519218e+01
1.351000000000003176e+01 1.682210038486642034e+01
1.353000000000003133e+01 1.669034201133653639e+01
1.355000000000003091e+01 1.645200173570738045e+01
1.357000000000003048e+01 1.634701337115809849e+01
1.359000000000003006e+01 1.604883355196308159e+01
1.361000000000002963e+01 1.586746172725085202e+01
1.363000000000002920e+01 1.569861864772951776e+01
1.365000000000002878e+01 1.541367257631201504e+01
1.367000000000002835e+01 1.504589581796275155e+01
1.369000000000002792e+01 1.503818409885010610e+01
1.371000000000002750e+01 1.470104881216692583e+01
1.373000000000002707e+01 1.449509401191295588e+01
1.375000000000002665e+01 1.411890144325580465e+01
1.377000000000002622e+01 1.385847141068519406e+01
1.379000000000002579e+01 1.357465526571876602e+01
1.381000000000002537e+01 1.338480990050201314e+01
1.383000000000002494e+01 1.311470751462009154e+01
1.385000000000002451e+01 1.273620407805117694e+01
1.387000000000002409e+01 1.241427427393321992e+01
1.389000000000002366e+01 1.210376011750052072e+01
1.391000000000002323e+01 1.175347323645629416e+01
1.393000000000002281e+01 1.143990398428965705e+01
1.395000000000002238e+01 1.098617533900339893e+01
1.397000000000002196e+01 1.058398794459830938e+01
1.399000000000002153e+01 1.014735971460367558e+01
1.401000000000002110e+01 9.699422046658092711e+00
1.403000000000002068e+01 9.244227944548544684e+00
1.405000000000002025e+01 8.752834077148881065e+00
1.407000000000001982e+01 8.231100945733297536e+00
1.409000000000001940e+01 7.832006492817134458e+00
1.411000000000001897e+01 7.257946282628779500e+00
1.413000000000001855e+01 6.801797223488549982e+00
1.415000000000001812e+01 6.145751108282642150e+00
1.417000000000001769e+01 5.682218692102173563e+00
1.419000000000001727e+01 5.105369274021202664e+00
1.421000000000001684e+01 4.548002211861388311e+00
1.423000000000001641e+01 4.040877747912522189e+00
1.425000000000001599e+01 3.459952115981313359e+00
1.427000000000001556e+01 2.876936406849547989e+00
1.429000000000001513e+01 2.447337106032660969e+00
1.431000000000001471e+01 2.048265712825160012e+00
1.433000000000001428e+01 1.720867230496913924e+00
1.435000000000001386e+01 1.349722138339902511e+00
1.437000000000001343e+01 1.017228476055276332e+00
1.439000000000001300e+01 7.511275187585582103e-01
1.441000000000001258e+01 5.611043044604032692e-01
1.443000000000001215e+01 4.105555093393047916e-01
1.445000000000001172e+01 2.509413711166671446e-01
1.447000000000001130e+01 1.808458316689813550e-01
1.449000000000001087e+01 1.112303614773963861e-01
1.451000000000001044e+01 7.295470033598880355e-02
1.453000000000001002e+01 4.057405165909985789e-02
1.455000000000000959e+01 2.184956929297309294e-02
1.457000000000000917e+01 1.096586720865635675e-02
1.459000000000000874e+01 5.490190800022013741e-03
1.461000000000000831e+01 2.743585547300848079e-03
1.463000000000000789e+01 1.782228509817635222e-07
1.465000000000000746e+01 1.163465852005706874e-10
1.467000000000000703e+01 0.000000000000000000e+00
1.469000000000000661e+01 0.000000000000000000e+00
1.471000000000000618e+01 0.000000000000000000e+00
1.473000000000000576e+01 0.000000000000000000e+00
1.475000000000000533e+01 0.000000000000000000e+00
1.477000000000000490e+01 0.000000000000000000e+00
1.479000000000000448e+01 0.000000000000000000e+00
1.481000000000000405e+01 0.000000000000000000e+00
1.483000000000000362e+01 0.000000000000000000e+00
1.485000000000000320e+01 0.000000000000000000e+00
1.487000000000000277e+01 0.000000000000000000e+00
1.489000000000000234e+01 0.000000000000000000e+00
1.491000000000000192e+01 0.000000000000000000e+00
1.493000000000000149e+01 0.000000000000000000e+00
1.495000000000000107e+01 0.000000000000000000e+00
1.497000000000000064e+01 0.000000000000000000e+00
1.499000000000000021e+01 0.000000000000000000e+00
