# Redshift		Merger Rate Density [Gpc^-3yr^-1]
1.000000000031931770e-02 8.327073301456722731e+01
3.000000000031888964e-02 8.747600168776618546e+01
5.000000000031846331e-02 9.192427943941865465e+01
7.000000000031804392e-02 9.622171965687176964e+01
9.000000000031761760e-02 1.008592224723201696e+02
1.100000000003171913e-01 1.054059971972499454e+02
1.300000000003167511e-01 1.100192819617289359e+02
1.500000000003163247e-01 1.150504079785170291e+02
1.700000000003158984e-01 1.197355999177561046e+02
1.900000000003154721e-01 1.248174919051337213e+02
2.100000000003150458e-01 1.300493806908518479e+02
2.300000000003146194e-01 1.353705391099900055e+02
2.500000000003141931e-01 1.406485719135006036e+02
2.700000000003137668e-01 1.461198336863217264e+02
2.900000000003133405e-01 1.520950548510481326e+02
3.100000000003129141e-01 1.578204826227248532e+02
3.300000000003124878e-01 1.640111043747947974e+02
3.500000000003120615e-01 1.697162081958415172e+02
3.700000000003116352e-01 1.761728745788600463e+02
3.900000000003112088e-01 1.824144122084514379e+02
4.100000000003107825e-01 1.888548558231195216e+02
4.300000000003103562e-01 1.955704350746424609e+02
4.500000000003099299e-01 2.022794513191573458e+02
4.700000000003095035e-01 2.089465535770999907e+02
4.900000000003090772e-01 2.157148785641782069e+02
5.100000000003086509e-01 2.229823563089247216e+02
5.300000000003082246e-01 2.303854419292563875e+02
5.500000000003077982e-01 2.375729161400564635e+02
5.700000000003073719e-01 2.450982440476252577e+02
5.900000000003069456e-01 2.525696101499847259e+02
6.100000000003065193e-01 2.599476947565322007e+02
6.300000000003060929e-01 2.673197599640128601e+02
6.500000000003056666e-01 2.751571232136057006e+02
6.700000000003052403e-01 2.828947189660721051e+02
6.900000000003048140e-01 2.913142408339708140e+02
7.100000000003043876e-01 2.989693808412137059e+02
7.300000000003039613e-01 3.069794557544196323e+02
7.500000000003035350e-01 3.155422167974309104e+02
7.700000000003031086e-01 3.243272853488871874e+02
7.900000000003026823e-01 3.313346662931097626e+02
8.100000000003022560e-01 3.408830726738644330e+02
8.300000000003018297e-01 3.493966459501734789e+02
8.500000000003014033e-01 3.575317856694144325e+02
8.700000000003009770e-01 3.662478554667516164e+02
8.900000000003005507e-01 3.747535274054078513e+02
9.100000000003001244e-01 3.846924950142735611e+02
9.300000000002996980e-01 3.922536414517640537e+02
9.500000000002992717e-01 4.007087079869302215e+02
9.700000000002988454e-01 4.105639758726908326e+02
9.900000000002984191e-01 4.193582054753686066e+02
1.010000000000297993e+00 4.268229877835328807e+02
1.030000000000297566e+00 4.366418509315434449e+02
1.050000000000297140e+00 4.456239225295036590e+02
1.070000000000296714e+00 4.539291837336169806e+02
1.090000000000296287e+00 4.639467912296715326e+02
1.110000000000295861e+00 4.714481204743785838e+02
1.130000000000295435e+00 4.805055782550388699e+02
1.150000000000295008e+00 4.895879831153430928e+02
1.170000000000294582e+00 4.976420282455526376e+02
1.190000000000294156e+00 5.058611466364255875e+02
1.210000000000293729e+00 5.150282986122958846e+02
1.230000000000293303e+00 5.228022245412070106e+02
1.250000000000292877e+00 5.313376967870166254e+02
1.270000000000292451e+00 5.389308512977864893e+02
1.290000000000292024e+00 5.469994386076730279e+02
1.310000000000291598e+00 5.551616593955283179e+02
1.330000000000291172e+00 5.630723390472145411e+02
1.350000000000290745e+00 5.697948008328557989e+02
1.370000000000290319e+00 5.777372649379138920e+02
1.390000000000289893e+00 5.859228656872535339e+02
1.410000000000289466e+00 5.913876248194678737e+02
1.430000000000289040e+00 5.991585490979056203e+02
1.450000000000288614e+00 6.070282758494546442e+02
1.470000000000288187e+00 6.144384138089045564e+02
1.490000000000287761e+00 6.198338420670521600e+02
1.510000000000287335e+00 6.283980165365600214e+02
1.530000000000286908e+00 6.330064945731782018e+02
1.550000000000286482e+00 6.385266396826742721e+02
1.570000000000286056e+00 6.451245810097325375e+02
1.590000000000285629e+00 6.513555792589215798e+02
1.610000000000285203e+00 6.585877435289858113e+02
1.630000000000284777e+00 6.633598744854167535e+02
1.650000000000284350e+00 6.719308286907888714e+02
1.670000000000283924e+00 6.745969053145388443e+02
1.690000000000283498e+00 6.824577186609432147e+02
1.710000000000283071e+00 6.898138866548138139e+02
1.730000000000282645e+00 6.904251734636795845e+02
1.750000000000282219e+00 6.915914118468390370e+02
1.770000000000281792e+00 6.885522341942789808e+02
1.790000000000281366e+00 6.878843299228212800e+02
1.810000000000280940e+00 6.877513533235190835e+02
1.830000000000280513e+00 6.865720582576848301e+02
1.850000000000280087e+00 6.876277628230096752e+02
1.870000000000279661e+00 6.885114760576291246e+02
1.890000000000279234e+00 6.892147520818880366e+02
1.910000000000278808e+00 6.899401946138531230e+02
1.930000000000278382e+00 6.935284947656103895e+02
1.950000000000277955e+00 6.957344280231948233e+02
1.970000000000277529e+00 6.937276509646877685e+02
1.990000000000277103e+00 6.918348210051285605e+02
2.010000000000276899e+00 6.886709897280941277e+02
2.030000000000276472e+00 6.870852716659380803e+02
2.050000000000276046e+00 6.854742952551495137e+02
2.070000000000275620e+00 6.847247135702165224e+02
2.090000000000275193e+00 6.835540562318788034e+02
2.110000000000274767e+00 6.829155828029797703e+02
2.130000000000274341e+00 6.783873877994359418e+02
2.150000000000273914e+00 6.759127765752895129e+02
2.170000000000273488e+00 6.727960931514669483e+02
2.190000000000273062e+00 6.687446284006621227e+02
2.210000000000272635e+00 6.643346516509019466e+02
2.230000000000272209e+00 6.564744153731265897e+02
2.250000000000271783e+00 6.520285320633660149e+02
2.270000000000271356e+00 6.425861945295375790e+02
2.290000000000270930e+00 6.372579689598287587e+02
2.310000000000270504e+00 6.313923770662446486e+02
2.330000000000270077e+00 6.282619418760716599e+02
2.350000000000269651e+00 6.221854655900586977e+02
2.370000000000269225e+00 6.180129539099649492e+02
2.390000000000268798e+00 6.145355782286268322e+02
2.410000000000268372e+00 6.080420411347746494e+02
2.430000000000267946e+00 6.009595900861195332e+02
2.450000000000267519e+00 5.949570664733108742e+02
2.470000000000267093e+00 5.885896573504991238e+02
2.490000000000266667e+00 5.821158828796411626e+02
2.510000000000266240e+00 5.773670716696625504e+02
2.530000000000265814e+00 5.692520639531053348e+02
2.550000000000265388e+00 5.611105178442852548e+02
2.570000000000264961e+00 5.555712216126089515e+02
2.590000000000264535e+00 5.485927692940126690e+02
2.610000000000264109e+00 5.421065606876336460e+02
2.630000000000263682e+00 5.357942950127231825e+02
2.650000000000263256e+00 5.307067077502418897e+02
2.670000000000262830e+00 5.238446432324828947e+02
2.690000000000262403e+00 5.184561540489304434e+02
2.710000000000261977e+00 5.114797468677614347e+02
2.730000000000261551e+00 5.055038958200785828e+02
2.750000000000261124e+00 4.991057426205092042e+02
2.770000000000260698e+00 4.930210435562169664e+02
2.790000000000260272e+00 4.878551246366662326e+02
2.810000000000259845e+00 4.808469080503268174e+02
2.830000000000259419e+00 4.754603777328373440e+02
2.850000000000258993e+00 4.690198905176021071e+02
2.870000000000258567e+00 4.633550357859904238e+02
2.890000000000258140e+00 4.591328902211440095e+02
2.910000000000257714e+00 4.518930161811298944e+02
2.930000000000257288e+00 4.464869876554200232e+02
2.950000000000256861e+00 4.406005702433699298e+02
2.970000000000256435e+00 4.345713072028685247e+02
2.990000000000256009e+00 4.276221259132296950e+02
3.010000000000255582e+00 4.222563489088329902e+02
3.030000000000255156e+00 4.161366773578190532e+02
3.050000000000254730e+00 4.111294923229085043e+02
3.070000000000254303e+00 4.051727643353361259e+02
3.090000000000253877e+00 3.997508734142931530e+02
3.110000000000253451e+00 3.958715017191951233e+02
3.130000000000253024e+00 3.902193449203994078e+02
3.150000000000252598e+00 3.851065767733442726e+02
3.170000000000252172e+00 3.804785853058194220e+02
3.190000000000251745e+00 3.749469858369490112e+02
3.210000000000251319e+00 3.702442731335482904e+02
3.230000000000250893e+00 3.667681890445130080e+02
3.250000000000250466e+00 3.618053776398411401e+02
3.270000000000250040e+00 3.561725229105977633e+02
3.290000000000249614e+00 3.494777105056213031e+02
3.310000000000249187e+00 3.427438900708986012e+02
3.330000000000248761e+00 3.370701874008814798e+02
3.350000000000248335e+00 3.303500113544478722e+02
3.370000000000247908e+00 3.246635332300515984e+02
3.390000000000247482e+00 3.193477760393823814e+02
3.410000000000247056e+00 3.141334982533854259e+02
3.430000000000246629e+00 3.091356208873127116e+02
3.450000000000246203e+00 3.046285268850962780e+02
3.470000000000245777e+00 2.997701247823271729e+02
3.490000000000245350e+00 2.952942018792231238e+02
3.510000000000244924e+00 2.913479424234903945e+02
3.530000000000244498e+00 2.871469752355544074e+02
3.550000000000244071e+00 2.829553877147933463e+02
3.570000000000243645e+00 2.798090229883663369e+02
3.590000000000243219e+00 2.771708538079657842e+02
3.610000000000242792e+00 2.725491480495957717e+02
3.630000000000242366e+00 2.680943463181679363e+02
3.650000000000241940e+00 2.635934514387104741e+02
3.670000000000241513e+00 2.594790102681253074e+02
3.690000000000241087e+00 2.552837570008551609e+02
3.710000000000240661e+00 2.516200504979972266e+02
3.730000000000240234e+00 2.484104476593056461e+02
3.750000000000239808e+00 2.441010411905057822e+02
3.770000000000239382e+00 2.413306358282952431e+02
3.790000000000238956e+00 2.381445134698195147e+02
3.810000000000238529e+00 2.346264828191693539e+02
3.830000000000238103e+00 2.315909975729437065e+02
3.850000000000237677e+00 2.278030245901303203e+02
3.870000000000237250e+00 2.243179252247480235e+02
3.890000000000236824e+00 2.205191705428582054e+02
3.910000000000236398e+00 2.174172002862448494e+02
3.930000000000235971e+00 2.140497024559132626e+02
3.950000000000235545e+00 2.109607364967027934e+02
3.970000000000235119e+00 2.086607558585551772e+02
3.990000000000234692e+00 2.046642843056637560e+02
4.010000000000234266e+00 2.014328878336116304e+02
4.030000000000233840e+00 1.987924370853459095e+02
4.050000000000233413e+00 1.955086254524975118e+02
4.070000000000232987e+00 1.930173761709760072e+02
4.090000000000232561e+00 1.895512355934959601e+02
4.110000000000232134e+00 1.873682141928001101e+02
4.130000000000231708e+00 1.846408440013375412e+02
4.150000000000231282e+00 1.821367365062320971e+02
4.170000000000230855e+00 1.799030765530590088e+02
4.190000000000230429e+00 1.780257374236805958e+02
4.210000000000230003e+00 1.749639225299247585e+02
4.230000000000229576e+00 1.731848416093856429e+02
4.250000000000229150e+00 1.705418911347617836e+02
4.270000000000228724e+00 1.669078283798670839e+02
4.290000000000228297e+00 1.644365248843978407e+02
4.310000000000227871e+00 1.618081600075633162e+02
4.330000000000227445e+00 1.592203109370813081e+02
4.350000000000227018e+00 1.564446607739412229e+02
4.370000000000226592e+00 1.539915988358320362e+02
4.390000000000226166e+00 1.519121652189340921e+02
4.410000000000225739e+00 1.496631561648348736e+02
4.430000000000225313e+00 1.474567285130003711e+02
4.450000000000224887e+00 1.461402027174488012e+02
4.470000000000224460e+00 1.442650920242092241e+02
4.490000000000224034e+00 1.421081423395942238e+02
4.510000000000223608e+00 1.400570095096892089e+02
4.530000000000223181e+00 1.385494318470779547e+02
4.550000000000222755e+00 1.362008955209756209e+02
4.570000000000222329e+00 1.344144990848610917e+02
4.590000000000221902e+00 1.328764992108633862e+02
4.610000000000221476e+00 1.309321166476096892e+02
4.630000000000221050e+00 1.299081582885974626e+02
4.650000000000220624e+00 1.279052301548545501e+02
4.670000000000220197e+00 1.255805430555434441e+02
4.690000000000219771e+00 1.241725543782899166e+02
4.710000000000219345e+00 1.220937653959770586e+02
4.730000000000218918e+00 1.205821828794791628e+02
4.750000000000218492e+00 1.189279408660238602e+02
4.770000000000218066e+00 1.172032412094415434e+02
4.790000000000217639e+00 1.159338836370993135e+02
4.810000000000217213e+00 1.143585598765980365e+02
4.830000000000216787e+00 1.131800058861586251e+02
4.850000000000216360e+00 1.122611084942400197e+02
4.870000000000215934e+00 1.104159613203145227e+02
4.890000000000215508e+00 1.096608760771425324e+02
4.910000000000215081e+00 1.081084645649996929e+02
4.930000000000214655e+00 1.067492182376213918e+02
4.950000000000214229e+00 1.058803911718037654e+02
4.970000000000213802e+00 1.046911527128464741e+02
4.990000000000213376e+00 1.031789282861070802e+02
5.010000000000212950e+00 1.015012200825334929e+02
5.030000000000212523e+00 1.005920036005670113e+02
5.050000000000212097e+00 9.888901690605199235e+01
5.070000000000211671e+00 9.739531353503524258e+01
5.090000000000211244e+00 9.583306301508829961e+01
5.110000000000210818e+00 9.501106346580789364e+01
5.130000000000210392e+00 9.274164464676145769e+01
5.150000000000209965e+00 9.143374991213924829e+01
5.170000000000209539e+00 9.012035618331763942e+01
5.190000000000209113e+00 8.903258519002748983e+01
5.210000000000208686e+00 8.786727340404192432e+01
5.230000000000208260e+00 8.672339310755261010e+01
5.250000000000207834e+00 8.539020549327801746e+01
5.270000000000207407e+00 8.421152644447360558e+01
5.290000000000206981e+00 8.350544647865442016e+01
5.310000000000206555e+00 8.242566559903445977e+01
5.330000000000206128e+00 8.133329574328446654e+01
5.350000000000205702e+00 8.040192981024330265e+01
5.370000000000205276e+00 7.969192503893987123e+01
5.390000000000204849e+00 7.924083411803999866e+01
5.410000000000204423e+00 7.779281686943768648e+01
5.430000000000203997e+00 7.741739332450831057e+01
5.450000000000203570e+00 7.674346046609758787e+01
5.470000000000203144e+00 7.586910942852914275e+01
5.490000000000202718e+00 7.444770905596691080e+01
5.510000000000202292e+00 7.397370045070287858e+01
5.530000000000201865e+00 7.339821407116079399e+01
5.550000000000201439e+00 7.245277286410494355e+01
5.570000000000201013e+00 7.145773906775072248e+01
5.590000000000200586e+00 7.074490526208970209e+01
5.610000000000200160e+00 7.015487617633539230e+01
5.630000000000199734e+00 6.954143891760362806e+01
5.650000000000199307e+00 6.782808146712562802e+01
5.670000000000198881e+00 6.715610192343996232e+01
5.690000000000198455e+00 6.593871156702823555e+01
5.710000000000198028e+00 6.523846959859878325e+01
5.730000000000197602e+00 6.423704233059599744e+01
5.750000000000197176e+00 6.361642260643751712e+01
5.770000000000196749e+00 6.266850148608628501e+01
5.790000000000196323e+00 6.166015539000242995e+01
5.810000000000195897e+00 6.138567547914449563e+01
5.830000000000195470e+00 6.068106028739028801e+01
5.850000000000195044e+00 5.988554284444632714e+01
5.870000000000194618e+00 5.915676563524623077e+01
5.890000000000194191e+00 5.868254632698945983e+01
5.910000000000193765e+00 5.813151285077112362e+01
5.930000000000193339e+00 5.739572454935793644e+01
5.950000000000192912e+00 5.691588436897613690e+01
5.970000000000192486e+00 5.637976920728065977e+01
5.990000000000192060e+00 5.590699902260394083e+01
6.010000000000191633e+00 5.543346632224308479e+01
6.030000000000191207e+00 5.435132327970562471e+01
6.050000000000190781e+00 5.407049493516642258e+01
6.070000000000190354e+00 5.377297855665163695e+01
6.090000000000189928e+00 5.305234854369759745e+01
6.110000000000189502e+00 5.239487610082828439e+01
6.130000000000189075e+00 5.180543657280817627e+01
6.150000000000188649e+00 5.145079592745403829e+01
6.170000000000188223e+00 5.060572581367329548e+01
6.190000000000187796e+00 5.002693169861412770e+01
6.210000000000187370e+00 4.914580642926073040e+01
6.230000000000186944e+00 4.884149212657403183e+01
6.250000000000186517e+00 4.798520455722006517e+01
6.270000000000186091e+00 4.735219312292738181e+01
6.290000000000185665e+00 4.710351664488760548e+01
6.310000000000185238e+00 4.623460600042356816e+01
6.330000000000184812e+00 4.598304884591728836e+01
6.350000000000184386e+00 4.540624600515222653e+01
6.370000000000183960e+00 4.517634793889958900e+01
6.390000000000183533e+00 4.477202623096376755e+01
6.410000000000183107e+00 4.416836589244169176e+01
6.430000000000182681e+00 4.377813755873182799e+01
6.450000000000182254e+00 4.338030576364955238e+01
6.470000000000181828e+00 4.299196688309591252e+01
6.490000000000181402e+00 4.266092935053318058e+01
6.510000000000180975e+00 4.204813760380070420e+01
6.530000000000180549e+00 4.162338089591793278e+01
6.550000000000180123e+00 4.126812554219940665e+01
6.570000000000179696e+00 4.075652457921282945e+01
6.590000000000179270e+00 4.038004273175169345e+01
6.610000000000178844e+00 3.994970131357601417e+01
6.630000000000178417e+00 3.972764980186576622e+01
6.650000000000177991e+00 3.955203201775426436e+01
6.670000000000177565e+00 3.917043717504115818e+01
6.690000000000177138e+00 3.856652640776183461e+01
6.710000000000176712e+00 3.830115231097376238e+01
6.730000000000176286e+00 3.783411884024850735e+01
6.750000000000175859e+00 3.730056651741210771e+01
6.770000000000175433e+00 3.694579701972681107e+01
6.790000000000175007e+00 3.634450211346342741e+01
6.810000000000174580e+00 3.608869857236056333e+01
6.830000000000174154e+00 3.550613966685838108e+01
6.850000000000173728e+00 3.528034047314987021e+01
6.870000000000173301e+00 3.493781917668270864e+01
6.890000000000172875e+00 3.465151100987181110e+01
6.910000000000172449e+00 3.434625545064444196e+01
6.930000000000172022e+00 3.415637566959489391e+01
6.950000000000171596e+00 3.359415883027605076e+01
6.970000000000171170e+00 3.344882626391724045e+01
6.990000000000170743e+00 3.335738872660193266e+01
7.010000000000170317e+00 3.278346705468234745e+01
7.030000000000169891e+00 3.264782513470090919e+01
7.050000000000169464e+00 3.226699231676033008e+01
7.070000000000169038e+00 3.211658956043834934e+01
7.090000000000168612e+00 3.168274901421616718e+01
7.110000000000168185e+00 3.162291855123635642e+01
7.130000000000167759e+00 3.116403348975319432e+01
7.150000000000167333e+00 3.088185171165930853e+01
7.170000000000166906e+00 3.071519420940564515e+01
7.190000000000166480e+00 3.014910962265997441e+01
7.210000000000166054e+00 3.005568506823869157e+01
7.230000000000165628e+00 2.982762582424697584e+01
7.250000000000165201e+00 2.933495007729761994e+01
7.270000000000164775e+00 2.898279673283892421e+01
7.290000000000164349e+00 2.863523304100453259e+01
7.310000000000163922e+00 2.852239223284515290e+01
7.330000000000163496e+00 2.845647361269235276e+01
7.350000000000163070e+00 2.815842251697727860e+01
7.370000000000162643e+00 2.791359604658907045e+01
7.390000000000162217e+00 2.777137201399272826e+01
7.410000000000161791e+00 2.747160868013569868e+01
7.430000000000161364e+00 2.716283420601084941e+01
7.450000000000160938e+00 2.709330673453036908e+01
7.470000000000160512e+00 2.683585266640865896e+01
7.490000000000160085e+00 2.657180241386519981e+01
7.510000000000159659e+00 2.635718680073020082e+01
7.530000000000159233e+00 2.629037951762429870e+01
7.550000000000158806e+00 2.598704590567980333e+01
7.570000000000158380e+00 2.557785161974609522e+01
7.590000000000157954e+00 2.541781846223771879e+01
7.610000000000157527e+00 2.517979197877498976e+01
7.630000000000157101e+00 2.501182928269476236e+01
7.650000000000156675e+00 2.472755664522792074e+01
7.670000000000156248e+00 2.456688612548747841e+01
7.690000000000155822e+00 2.436990934834322431e+01
7.710000000000155396e+00 2.419346175838807511e+01
7.730000000000154969e+00 2.410755367137539551e+01
7.750000000000154543e+00 2.393434620163202098e+01
7.770000000000154117e+00 2.364378019140443854e+01
7.790000000000153690e+00 2.353432656849868110e+01
7.810000000000153264e+00 2.332789330505410774e+01
7.830000000000152838e+00 2.317734252755111513e+01
7.850000000000152411e+00 2.308771309303872243e+01
7.870000000000151985e+00 2.284359864122777495e+01
7.890000000000151559e+00 2.273102711649783458e+01
7.910000000000151132e+00 2.254138706174569506e+01
7.930000000000150706e+00 2.240401025129762047e+01
7.950000000000150280e+00 2.205000360891883560e+01
7.970000000000149853e+00 2.190137713932957908e+01
7.990000000000149427e+00 2.179253659395565634e+01
8.010000000000149001e+00 2.164199233804921008e+01
8.030000000000148574e+00 2.155029590854143962e+01
8.050000000000148148e+00 2.133714664670850780e+01
8.070000000000147722e+00 2.122340768074248274e+01
8.090000000000147296e+00 2.100646691771559915e+01
8.110000000000146869e+00 2.090775372860126780e+01
8.130000000000146443e+00 2.089455069024063505e+01
8.150000000000146017e+00 2.071748968087523579e+01
8.170000000000145590e+00 2.066315875571932281e+01
8.190000000000145164e+00 2.038160627898924560e+01
8.210000000000144738e+00 2.026920940196088594e+01
8.230000000000144311e+00 2.028305700626605201e+01
8.250000000000143885e+00 1.992650298528973352e+01
8.270000000000143459e+00 1.994790224808008361e+01
8.290000000000143032e+00 1.967350616027504628e+01
8.310000000000142606e+00 1.963991704585589559e+01
8.330000000000142180e+00 1.951664659360401544e+01
8.350000000000141753e+00 1.940963737512674570e+01
8.370000000000141327e+00 1.932116494985640642e+01
8.390000000000140901e+00 1.925421348769335594e+01
8.410000000000140474e+00 1.892171865842175293e+01
8.430000000000140048e+00 1.903510781283502240e+01
8.450000000000139622e+00 1.883235980797775611e+01
8.470000000000139195e+00 1.868109499603517420e+01
8.490000000000138769e+00 1.874323221600302602e+01
8.510000000000138343e+00 1.864630528456763514e+01
8.530000000000137916e+00 1.846064462097243108e+01
8.550000000000137490e+00 1.839401175683855882e+01
8.570000000000137064e+00 1.831169542931655769e+01
8.590000000000136637e+00 1.819808139414061543e+01
8.610000000000136211e+00 1.808678182232362275e+01
8.630000000000135785e+00 1.802010629826609289e+01
8.650000000000135358e+00 1.798911547867212946e+01
8.670000000000134932e+00 1.778901755357337322e+01
8.690000000000134506e+00 1.776095689585407555e+01
8.710000000000134079e+00 1.762067411117535087e+01
8.730000000000133653e+00 1.768050051856363680e+01
8.750000000000133227e+00 1.754302972359039714e+01
8.770000000000132800e+00 1.744401895996835350e+01
8.790000000000132374e+00 1.735351796038436589e+01
8.810000000000131948e+00 1.724494889321675117e+01
8.830000000000131521e+00 1.720940536840743462e+01
8.850000000000131095e+00 1.715070189416870150e+01
8.870000000000130669e+00 1.709505225482971724e+01
8.890000000000130242e+00 1.701685516176106105e+01
8.910000000000129816e+00 1.699757843573490135e+01
8.930000000000129390e+00 1.696992277170690855e+01
8.950000000000128964e+00 1.689719562727099600e+01
8.970000000000128537e+00 1.681958064578379108e+01
8.990000000000128111e+00 1.680579234239813857e+01
9.010000000000127685e+00 1.668108836840775666e+01
9.030000000000127258e+00 1.660579310099846140e+01
9.050000000000126832e+00 1.659966507719170536e+01
9.070000000000126406e+00 1.652937709018176449e+01
9.090000000000125979e+00 1.651290680814794953e+01
9.110000000000125553e+00 1.635073213561890526e+01
9.130000000000125127e+00 1.629799072801709769e+01
9.150000000000124700e+00 1.633161037360098078e+01
9.170000000000124274e+00 1.631949460289526144e+01
9.190000000000123848e+00 1.632629821513154056e+01
9.210000000000123421e+00 1.615166214361325103e+01
9.230000000000122995e+00 1.618028997366276656e+01
9.250000000000122569e+00 1.616520600905034044e+01
9.270000000000122142e+00 1.608559737073221285e+01
9.290000000000121716e+00 1.610175182367522595e+01
9.310000000000121290e+00 1.609781414171937186e+01
9.330000000000120863e+00 1.599846564108199587e+01
9.350000000000120437e+00 1.591626746555509087e+01
9.370000000000120011e+00 1.599393900440405325e+01
9.390000000000119584e+00 1.582415155071173984e+01
9.410000000000119158e+00 1.581080900104335640e+01
9.430000000000118732e+00 1.581960310147845306e+01
9.450000000000118305e+00 1.585637037424815254e+01
9.470000000000117879e+00 1.575972555726808721e+01
9.490000000000117453e+00 1.571941836667158121e+01
9.510000000000117026e+00 1.570817257948974444e+01
9.530000000000116600e+00 1.579166507756361426e+01
9.550000000000116174e+00 1.561864030457381070e+01
9.570000000000115747e+00 1.562514111336546563e+01
9.590000000000115321e+00 1.572220782704931175e+01
9.610000000000114895e+00 1.560461167175603059e+01
9.630000000000114468e+00 1.548861485727156406e+01
9.650000000000114042e+00 1.558297009508060071e+01
9.670000000000113616e+00 1.554382513819757428e+01
9.690000000000113189e+00 1.549884437543071591e+01
9.710000000000112763e+00 1.543889102961602156e+01
9.730000000000112337e+00 1.547159521586098130e+01
9.750000000000111910e+00 1.549256380819873513e+01
9.770000000000111484e+00 1.533074451074603495e+01
9.790000000000111058e+00 1.536309147725002866e+01
9.810000000000110632e+00 1.538474430943325899e+01
9.830000000000110205e+00 1.536748921047355054e+01
9.850000000000109779e+00 1.538671758880150975e+01
9.870000000000109353e+00 1.537734914229829997e+01
9.890000000000108926e+00 1.529148461465584141e+01
9.910000000000108500e+00 1.530889918965100982e+01
9.930000000000108074e+00 1.517729478996538184e+01
9.950000000000107647e+00 1.521666398707217560e+01
9.970000000000107221e+00 1.509016023017443331e+01
9.990000000000106795e+00 1.518366253556342116e+01
1.001000000000010637e+01 1.512692080062146616e+01
1.003000000000010594e+01 1.505820294923320368e+01
1.005000000000010552e+01 1.510474295517797039e+01
1.007000000000010509e+01 1.512121957860708221e+01
1.009000000000010466e+01 1.506894365671124092e+01
1.011000000000010424e+01 1.508733529657768280e+01
1.013000000000010381e+01 1.496390781808636739e+01
1.015000000000010338e+01 1.493347112121424658e+01
1.017000000000010296e+01 1.498989624297303891e+01
1.019000000000010253e+01 1.488216975999086777e+01
1.021000000000010210e+01 1.481689445116793991e+01
1.023000000000010168e+01 1.485726309186831884e+01
1.025000000000010125e+01 1.476437699120396019e+01
1.027000000000010083e+01 1.469757560782871941e+01
1.029000000000010040e+01 1.478846003908054030e+01
1.031000000000009997e+01 1.464614640390560574e+01
1.033000000000009955e+01 1.466314033747127432e+01
1.035000000000009912e+01 1.465634971771584460e+01
1.037000000000009869e+01 1.462675718373829170e+01
1.039000000000009827e+01 1.445617248001683031e+01
1.041000000000009784e+01 1.455631440592786241e+01
1.043000000000009742e+01 1.445098574036673966e+01
1.045000000000009699e+01 1.437408581612717740e+01
1.047000000000009656e+01 1.430957097949801593e+01
1.049000000000009614e+01 1.422555507563074073e+01
1.051000000000009571e+01 1.434217910910320626e+01
1.053000000000009528e+01 1.427487371739168687e+01
1.055000000000009486e+01 1.414324848306090665e+01
1.057000000000009443e+01 1.409449978694183692e+01
1.059000000000009400e+01 1.385859986350856587e+01
1.061000000000009358e+01 1.398347881885646871e+01
1.063000000000009315e+01 1.399122160692133221e+01
1.065000000000009273e+01 1.383229558127026060e+01
1.067000000000009230e+01 1.384440133768196546e+01
1.069000000000009187e+01 1.369352635238839966e+01
1.071000000000009145e+01 1.372024220087649127e+01
1.073000000000009102e+01 1.361567256306175722e+01
1.075000000000009059e+01 1.352351841380593633e+01
1.077000000000009017e+01 1.341142052551236574e+01
1.079000000000008974e+01 1.331010192327097030e+01
1.081000000000008932e+01 1.329872917844247837e+01
1.083000000000008889e+01 1.329440000893435325e+01
1.085000000000008846e+01 1.319921268987578955e+01
1.087000000000008804e+01 1.307719203467434532e+01
1.089000000000008761e+01 1.294649276829922968e+01
1.091000000000008718e+01 1.287682087372805562e+01
1.093000000000008676e+01 1.279297833950936258e+01
1.095000000000008633e+01 1.277775582593999459e+01
1.097000000000008590e+01 1.272911226604770007e+01
1.099000000000008548e+01 1.258758424240281570e+01
1.101000000000008505e+01 1.241089974453391598e+01
1.103000000000008463e+01 1.234267263138181825e+01
1.105000000000008420e+01 1.227503207442414812e+01
1.107000000000008377e+01 1.217025734524256109e+01
1.109000000000008335e+01 1.213105075070465411e+01
1.111000000000008292e+01 1.203496925220435010e+01
1.113000000000008249e+01 1.188259105325568399e+01
1.115000000000008207e+01 1.184110720967899155e+01
1.117000000000008164e+01 1.161521400785897917e+01
1.119000000000008122e+01 1.160851720570209800e+01
1.121000000000008079e+01 1.149570095627826483e+01
1.123000000000008036e+01 1.135063055968757695e+01
1.125000000000007994e+01 1.135031380499322751e+01
1.127000000000007951e+01 1.113060530958393102e+01
1.129000000000007908e+01 1.097067616631555964e+01
1.131000000000007866e+01 1.092747852322962032e+01
1.133000000000007823e+01 1.083998825199276084e+01
1.135000000000007780e+01 1.077692582791567766e+01
1.137000000000007738e+01 1.066110368863421520e+01
1.139000000000007695e+01 1.039738748270009694e+01
1.141000000000007653e+01 1.035110657920604993e+01
1.143000000000007610e+01 1.027592096754564110e+01
1.145000000000007567e+01 1.014724718337488873e+01
1.147000000000007525e+01 9.923945988318676470e+00
1.149000000000007482e+01 9.855893635230790650e+00
1.151000000000007439e+01 9.838737625472568027e+00
1.153000000000007397e+01 9.714630460952681901e+00
1.155000000000007354e+01 9.495593121788555635e+00
1.157000000000007311e+01 9.407958679909436128e+00
1.159000000000007269e+01 9.311649141901092719e+00
1.161000000000007226e+01 9.157713918242656348e+00
1.163000000000007184e+01 8.977282679296244794e+00
1.165000000000007141e+01 8.929723731460748937e+00
1.167000000000007098e+01 8.776153461499887953e+00
1.169000000000007056e+01 8.665834532103984245e+00
1.171000000000007013e+01 8.580522674096311420e+00
1.173000000000006970e+01 8.454588866351642196e+00
1.175000000000006928e+01 8.257726828876483793e+00
1.177000000000006885e+01 8.129378564560154175e+00
1.179000000000006843e+01 8.024109407566214713e+00
1.181000000000006800e+01 7.948047533946650312e+00
1.183000000000006757e+01 7.778270211969398495e+00
1.185000000000006715e+01 7.673515218790408987e+00
1.187000000000006672e+01 7.584015618198660214e+00
1.189000000000006629e+01 7.440343453254697259e+00
1.191000000000006587e+01 7.289117472014978283e+00
1.193000000000006544e+01 7.191117332789853656e+00
1.195000000000006501e+01 7.011953891224823820e+00
1.197000000000006459e+01 6.956233596889990878e+00
1.199000000000006416e+01 6.789596419626279911e+00
1.201000000000006374e+01 6.713892625190218233e+00
1.203000000000006331e+01 6.584951882237785270e+00
1.205000000000006288e+01 6.401514277467393654e+00
1.207000000000006246e+01 6.362104718619742805e+00
1.209000000000006203e+01 6.246065790733744905e+00
1.211000000000006160e+01 6.115426560488193886e+00
1.213000000000006118e+01 5.965294857880013346e+00
1.215000000000006075e+01 5.854511920737428099e+00
1.217000000000006033e+01 5.760320267604459588e+00
1.219000000000005990e+01 5.684179240075634354e+00
1.221000000000005947e+01 5.524294713671412005e+00
1.223000000000005905e+01 5.405806620047029831e+00
1.225000000000005862e+01 5.332853651627870839e+00
1.227000000000005819e+01 5.186233465770024864e+00
1.229000000000005777e+01 5.072823254554283956e+00
1.231000000000005734e+01 5.007896429548565287e+00
1.233000000000005691e+01 4.883561935741663085e+00
1.235000000000005649e+01 4.780863975665575083e+00
1.237000000000005606e+01 4.712200034865193565e+00
1.239000000000005564e+01 4.533242470538827895e+00
1.241000000000005521e+01 4.511358943601675442e+00
1.243000000000005478e+01 4.386309361906727489e+00
1.245000000000005436e+01 4.247768008583938659e+00
1.247000000000005393e+01 4.211719339480635149e+00
1.249000000000005350e+01 4.090690343791014705e+00
1.251000000000005308e+01 3.976700128063656692e+00
1.253000000000005265e+01 3.905494406465115809e+00
1.255000000000005222e+01 3.847645411456611431e+00
1.257000000000005180e+01 3.715669586307718486e+00
1.259000000000005137e+01 3.595575558700171204e+00
1.261000000000005095e+01 3.565204871172755308e+00
1.263000000000005052e+01 3.473033445936962060e+00
1.265000000000005009e+01 3.390045007582813241e+00
1.267000000000004967e+01 3.323501528745027134e+00
1.269000000000004924e+01 3.209815389825061427e+00
1.271000000000004881e+01 3.144023539559990699e+00
1.273000000000004839e+01 3.069540448311742775e+00
1.275000000000004796e+01 3.005747565971264912e+00
1.277000000000004754e+01 2.905081957142260585e+00
1.279000000000004711e+01 2.829280824216373169e+00
1.281000000000004668e+01 2.785674582188372828e+00
1.283000000000004626e+01 2.700709993094598804e+00
1.285000000000004583e+01 2.630015663337234244e+00
1.287000000000004540e+01 2.586369857377803783e+00
1.289000000000004498e+01 2.486495009059096262e+00
1.291000000000004455e+01 2.451843123677062586e+00
1.293000000000004412e+01 2.383948449163750816e+00
1.295000000000004370e+01 2.308948494808891194e+00
1.297000000000004327e+01 2.252499563261717963e+00
1.299000000000004285e+01 2.202776162023205142e+00
1.301000000000004242e+01 2.138967229724443975e+00
1.303000000000004199e+01 2.096730971947300848e+00
1.305000000000004157e+01 2.036142536881841991e+00
1.307000000000004114e+01 1.961787393430704629e+00
1.309000000000004071e+01 1.919369454790167406e+00
1.311000000000004029e+01 1.886905079817775999e+00
1.313000000000003986e+01 1.809535956165319481e+00
1.315000000000003944e+01 1.800585040016825067e+00
1.317000000000003901e+01 1.732441120871436313e+00
1.319000000000003858e+01 1.689146588151348105e+00
1.321000000000003816e+01 1.602377021717800609e+00
1.323000000000003773e+01 1.609291669253950952e+00
1.325000000000003730e+01 1.556212793140797856e+00
1.327000000000003688e+01 1.524706841556416004e+00
1.329000000000003645e+01 1.463338032618002105e+00
1.331000000000003602e+01 1.418957992351633557e+00
1.333000000000003560e+01 1.390170461097837595e+00
1.335000000000003517e+01 1.363082139306068363e+00
1.337000000000003475e+01 1.332399835544550770e+00
1.339000000000003432e+01 1.298038701541608608e+00
1.341000000000003389e+01 1.261573342924509955e+00
1.343000000000003347e+01 1.215480150284562244e+00
1.345000000000003304e+01 1.201846626965871190e+00
1.347000000000003261e+01 1.150491665108956729e+00
1.349000000000003219e+01 1.131807378601527914e+00
1.351000000000003176e+01 1.107561843954253389e+00
1.353000000000003133e+01 1.055213249196700120e+00
1.355000000000003091e+01 1.035527458426832803e+00
1.357000000000003048e+01 1.010491379401485146e+00
1.359000000000003006e+01 9.862156282218567105e-01
1.361000000000002963e+01 9.471836470822717624e-01
1.363000000000002920e+01 9.340278466498437293e-01
1.365000000000002878e+01 8.955206973236981005e-01
1.367000000000002835e+01 8.703677914966223561e-01
1.369000000000002792e+01 8.404159370392670914e-01
1.371000000000002750e+01 8.150219395118388777e-01
1.373000000000002707e+01 8.035654818265826060e-01
1.375000000000002665e+01 7.592407940242481557e-01
1.377000000000002622e+01 7.455643776197476980e-01
1.379000000000002579e+01 6.855785829343018500e-01
1.381000000000002537e+01 6.529513049876658481e-01
1.383000000000002494e+01 6.304802526948150021e-01
1.385000000000002451e+01 5.968225545765067919e-01
1.387000000000002409e+01 5.401062947961570160e-01
1.389000000000002366e+01 5.111592093722787666e-01
1.391000000000002323e+01 4.514807356718187337e-01
1.393000000000002281e+01 4.268359232109433243e-01
1.395000000000002238e+01 4.011655068795442203e-01
1.397000000000002196e+01 3.692420319367542558e-01
1.399000000000002153e+01 3.376635590340925641e-01
1.401000000000002110e+01 2.724278104256580013e-01
1.403000000000002068e+01 2.435145185960788661e-01
1.405000000000002025e+01 2.137292621492643818e-01
1.407000000000001982e+01 2.017013921577869295e-01
1.409000000000001940e+01 1.829636405440968894e-01
1.411000000000001897e+01 1.848117916362159441e-01
1.413000000000001855e+01 1.609575161515623132e-01
1.415000000000001812e+01 1.531236335269044457e-01
1.417000000000001769e+01 1.365596114364017177e-01
1.419000000000001727e+01 1.190377322846568608e-01
1.421000000000001684e+01 9.914161760224465825e-02
1.423000000000001641e+01 7.698562936145540714e-02
1.425000000000001599e+01 7.755049243481353105e-02
1.427000000000001556e+01 6.917494059466462730e-02
1.429000000000001513e+01 6.171781668238676688e-02
1.431000000000001471e+01 5.176846630306855546e-02
1.433000000000001428e+01 3.015750677302822882e-02
1.435000000000001386e+01 2.155459303666649312e-02
1.437000000000001343e+01 1.743298150865611046e-02
1.439000000000001300e+01 1.548792225728298604e-02
1.441000000000001258e+01 1.450855714807637933e-02
1.443000000000001215e+01 1.383978244156625244e-02
1.445000000000001172e+01 3.124660794003203922e-03
1.447000000000001130e+01 2.239212058235308259e-04
1.449000000000001087e+01 1.096010476928826392e-04
1.451000000000001044e+01 5.539776634639333200e-09
1.453000000000001002e+01 1.138317030883882663e-09
1.455000000000000959e+01 7.231449311047338156e-10
1.457000000000000917e+01 2.300103998504803195e-10
1.459000000000000874e+01 4.440491454542729908e-15
1.461000000000000831e+01 0.000000000000000000e+00
1.463000000000000789e+01 0.000000000000000000e+00
1.465000000000000746e+01 0.000000000000000000e+00
1.467000000000000703e+01 0.000000000000000000e+00
1.469000000000000661e+01 0.000000000000000000e+00
1.471000000000000618e+01 0.000000000000000000e+00
1.473000000000000576e+01 0.000000000000000000e+00
1.475000000000000533e+01 0.000000000000000000e+00
1.477000000000000490e+01 0.000000000000000000e+00
1.479000000000000448e+01 0.000000000000000000e+00
1.481000000000000405e+01 0.000000000000000000e+00
1.483000000000000362e+01 0.000000000000000000e+00
1.485000000000000320e+01 0.000000000000000000e+00
1.487000000000000277e+01 0.000000000000000000e+00
1.489000000000000234e+01 0.000000000000000000e+00
1.491000000000000192e+01 0.000000000000000000e+00
1.493000000000000149e+01 0.000000000000000000e+00
1.495000000000000107e+01 0.000000000000000000e+00
1.497000000000000064e+01 0.000000000000000000e+00
1.499000000000000021e+01 0.000000000000000000e+00
