# Redshift		Merger Rate Density [Gpc^-3yr^-1]
1.000000000031931770e-02 1.147255345931676374e+02
3.000000000031888964e-02 1.201311657697953450e+02
5.000000000031846331e-02 1.262257481105776833e+02
7.000000000031804392e-02 1.323629366644569814e+02
9.000000000031761760e-02 1.386597616606663337e+02
1.100000000003171913e-01 1.454082095899499052e+02
1.300000000003167511e-01 1.520953606947243770e+02
1.500000000003163247e-01 1.589837827048640406e+02
1.700000000003158984e-01 1.657584826233026263e+02
1.900000000003154721e-01 1.727104762313569211e+02
2.100000000003150458e-01 1.800914527482749463e+02
2.300000000003146194e-01 1.875903972959390558e+02
2.500000000003141931e-01 1.948084191827846325e+02
2.700000000003137668e-01 2.032054900706098977e+02
2.900000000003133405e-01 2.110289163067062930e+02
3.100000000003129141e-01 2.192088598763111236e+02
3.300000000003124878e-01 2.268726499133103687e+02
3.500000000003120615e-01 2.359752451930802692e+02
3.700000000003116352e-01 2.441152098238894439e+02
3.900000000003112088e-01 2.524937529024718970e+02
4.100000000003107825e-01 2.620243232246542107e+02
4.300000000003103562e-01 2.704498923390851246e+02
4.500000000003099299e-01 2.792719688241960512e+02
4.700000000003095035e-01 2.884167201989421869e+02
4.900000000003090772e-01 2.978296705589141311e+02
5.100000000003086509e-01 3.080637089548732206e+02
5.300000000003082246e-01 3.171982771886496266e+02
5.500000000003077982e-01 3.278365031417414457e+02
5.700000000003073719e-01 3.372143382830300880e+02
5.900000000003069456e-01 3.472170188393164949e+02
6.100000000003065193e-01 3.581503845792095717e+02
6.300000000003060929e-01 3.677511142598141873e+02
6.500000000003056666e-01 3.791891510947178858e+02
6.700000000003052403e-01 3.897204287554731650e+02
6.900000000003048140e-01 3.995242533012172998e+02
7.100000000003043876e-01 4.103623823639932766e+02
7.300000000003039613e-01 4.223553718736559404e+02
7.500000000003035350e-01 4.330210118576426908e+02
7.700000000003031086e-01 4.435163021654668114e+02
7.900000000003026823e-01 4.556465885222176553e+02
8.100000000003022560e-01 4.666332853119997708e+02
8.300000000003018297e-01 4.777114777467091358e+02
8.500000000003014033e-01 4.907654340842332772e+02
8.700000000003009770e-01 5.008600930072111055e+02
8.900000000003005507e-01 5.131964926996904524e+02
9.100000000003001244e-01 5.256095840911294772e+02
9.300000000002996980e-01 5.369814222253224898e+02
9.500000000002992717e-01 5.473757527452280556e+02
9.700000000002988454e-01 5.611474127508816991e+02
9.900000000002984191e-01 5.719612540638850078e+02
1.010000000000297993e+00 5.833180970842772695e+02
1.030000000000297566e+00 5.947758952004292041e+02
1.050000000000297140e+00 6.069863801027318004e+02
1.070000000000296714e+00 6.189341732013763249e+02
1.090000000000296287e+00 6.305681618445742060e+02
1.110000000000295861e+00 6.411603151928069337e+02
1.130000000000295435e+00 6.532233932142924004e+02
1.150000000000295008e+00 6.638712380755556524e+02
1.170000000000294582e+00 6.754780752710914840e+02
1.190000000000294156e+00 6.878336403725659238e+02
1.210000000000293729e+00 6.965402605753118905e+02
1.230000000000293303e+00 7.073577001212694313e+02
1.250000000000292877e+00 7.192523058882711666e+02
1.270000000000292451e+00 7.290086274323929274e+02
1.290000000000292024e+00 7.392382035130764280e+02
1.310000000000291598e+00 7.503462477280066878e+02
1.330000000000291172e+00 7.597028984105957079e+02
1.350000000000290745e+00 7.677313221324374126e+02
1.370000000000290319e+00 7.774791363733908156e+02
1.390000000000289893e+00 7.864898616220170879e+02
1.410000000000289466e+00 7.947678051510974910e+02
1.430000000000289040e+00 8.039634615605573345e+02
1.450000000000288614e+00 8.116899269520056350e+02
1.470000000000288187e+00 8.200665299805945097e+02
1.490000000000287761e+00 8.288152866877195493e+02
1.510000000000287335e+00 8.364498887868644488e+02
1.530000000000286908e+00 8.424377641738565217e+02
1.550000000000286482e+00 8.511488059027631152e+02
1.570000000000286056e+00 8.597774173591246836e+02
1.590000000000285629e+00 8.652415114492481507e+02
1.610000000000285203e+00 8.727325707192485424e+02
1.630000000000284777e+00 8.803533818107023308e+02
1.650000000000284350e+00 8.881337332742127728e+02
1.670000000000283924e+00 8.885482540467033914e+02
1.690000000000283498e+00 9.044591438326411890e+02
1.710000000000283071e+00 9.073376670757595548e+02
1.730000000000282645e+00 9.173518194504050598e+02
1.750000000000282219e+00 9.114280253205453164e+02
1.770000000000281792e+00 9.022662341644073649e+02
1.790000000000281366e+00 9.005550673947622045e+02
1.810000000000280940e+00 8.980119126007097066e+02
1.830000000000280513e+00 8.961385928525169220e+02
1.850000000000280087e+00 8.954669723539637971e+02
1.870000000000279661e+00 8.947757215029226927e+02
1.890000000000279234e+00 8.956505011910767280e+02
1.910000000000278808e+00 8.917328136942644505e+02
1.930000000000278382e+00 8.924667649457809375e+02
1.950000000000277955e+00 9.001828790377118139e+02
1.970000000000277529e+00 8.976951176213166264e+02
1.990000000000277103e+00 8.958824527674838691e+02
2.010000000000276899e+00 8.925949411713645532e+02
2.030000000000276472e+00 8.843340311020569970e+02
2.050000000000276046e+00 8.829613184100131775e+02
2.070000000000275620e+00 8.751930860678681938e+02
2.090000000000275193e+00 8.725097965425167104e+02
2.110000000000274767e+00 8.678975104232536069e+02
2.130000000000274341e+00 8.665838435529645949e+02
2.150000000000273914e+00 8.617057408288561646e+02
2.170000000000273488e+00 8.524417881117966544e+02
2.190000000000273062e+00 8.455078739191042132e+02
2.210000000000272635e+00 8.380575308444119855e+02
2.230000000000272209e+00 8.269581496093906026e+02
2.250000000000271783e+00 8.160863568469228539e+02
2.270000000000271356e+00 8.010742546143441132e+02
2.290000000000270930e+00 7.919818244898439161e+02
2.310000000000270504e+00 7.857226543598375201e+02
2.330000000000270077e+00 7.764052279027192753e+02
2.350000000000269651e+00 7.687865646475456742e+02
2.370000000000269225e+00 7.588257474977252741e+02
2.390000000000268798e+00 7.516982985888101894e+02
2.410000000000268372e+00 7.430849185504852130e+02
2.430000000000267946e+00 7.323353708886886579e+02
2.450000000000267519e+00 7.214888353325978869e+02
2.470000000000267093e+00 7.113376537564649880e+02
2.490000000000266667e+00 7.034953328745871204e+02
2.510000000000266240e+00 6.944389650152950253e+02
2.530000000000265814e+00 6.840990102385519549e+02
2.550000000000265388e+00 6.759973438378091259e+02
2.570000000000264961e+00 6.666497869698291652e+02
2.590000000000264535e+00 6.589925869557919214e+02
2.610000000000264109e+00 6.488791443007090720e+02
2.630000000000263682e+00 6.416652432515693363e+02
2.650000000000263256e+00 6.325174874006623895e+02
2.670000000000262830e+00 6.232079635394572961e+02
2.690000000000262403e+00 6.145444400499301310e+02
2.710000000000261977e+00 6.064348637339541028e+02
2.730000000000261551e+00 5.978529073597788965e+02
2.750000000000261124e+00 5.900457943151166091e+02
2.770000000000260698e+00 5.809438427532500100e+02
2.790000000000260272e+00 5.717607349963478782e+02
2.810000000000259845e+00 5.630754941089995782e+02
2.830000000000259419e+00 5.563766517577247441e+02
2.850000000000258993e+00 5.482703765350756839e+02
2.870000000000258567e+00 5.400336880816868188e+02
2.890000000000258140e+00 5.324462859491153495e+02
2.910000000000257714e+00 5.246248523077493928e+02
2.930000000000257288e+00 5.175826423403600529e+02
2.950000000000256861e+00 5.102211625491389668e+02
2.970000000000256435e+00 5.025125461463804868e+02
2.990000000000256009e+00 4.937469731059356377e+02
3.010000000000255582e+00 4.863173231365279889e+02
3.030000000000255156e+00 4.802165551517280733e+02
3.050000000000254730e+00 4.714376616137429892e+02
3.070000000000254303e+00 4.660431221395388093e+02
3.090000000000253877e+00 4.595587046964046749e+02
3.110000000000253451e+00 4.524597290560587339e+02
3.130000000000253024e+00 4.487029939212945919e+02
3.150000000000252598e+00 4.392469137327487374e+02
3.170000000000252172e+00 4.365231780964400059e+02
3.190000000000251745e+00 4.288983220937437864e+02
3.210000000000251319e+00 4.237583198954695263e+02
3.230000000000250893e+00 4.178569789603312756e+02
3.250000000000250466e+00 4.124772829392079529e+02
3.270000000000250040e+00 4.075714890101471610e+02
3.290000000000249614e+00 4.009793188710755203e+02
3.310000000000249187e+00 3.916503547950136976e+02
3.330000000000248761e+00 3.837349462354577554e+02
3.350000000000248335e+00 3.746997377800674940e+02
3.370000000000247908e+00 3.692450946231346620e+02
3.390000000000247482e+00 3.624088110915334369e+02
3.410000000000247056e+00 3.570403450560859255e+02
3.430000000000246629e+00 3.504882436866274134e+02
3.450000000000246203e+00 3.457632845636356365e+02
3.470000000000245777e+00 3.406348431802254026e+02
3.490000000000245350e+00 3.360392221078214448e+02
3.510000000000244924e+00 3.309706727330906801e+02
3.530000000000244498e+00 3.258985210798734897e+02
3.550000000000244071e+00 3.225570643665807324e+02
3.570000000000243645e+00 3.197904882803283044e+02
3.590000000000243219e+00 3.166825093098717616e+02
3.610000000000242792e+00 3.129098741758184588e+02
3.630000000000242366e+00 3.088717722288462255e+02
3.650000000000241940e+00 3.029325317345075064e+02
3.670000000000241513e+00 2.970022534732331678e+02
3.690000000000241087e+00 2.914387014220319543e+02
3.710000000000240661e+00 2.866706985459968564e+02
3.730000000000240234e+00 2.821447636976049012e+02
3.750000000000239808e+00 2.782551305035711948e+02
3.770000000000239382e+00 2.738373535400901346e+02
3.790000000000238956e+00 2.711191167026806284e+02
3.810000000000238529e+00 2.671427216552916661e+02
3.830000000000238103e+00 2.637869859416918530e+02
3.850000000000237677e+00 2.621948492950191394e+02
3.870000000000237250e+00 2.563386926166247690e+02
3.890000000000236824e+00 2.530001018982641483e+02
3.910000000000236398e+00 2.480575520709783746e+02
3.930000000000235971e+00 2.451278976849341404e+02
3.950000000000235545e+00 2.416014173675241636e+02
3.970000000000235119e+00 2.386932856566808994e+02
3.990000000000234692e+00 2.345480111627412612e+02
4.010000000000234266e+00 2.306988428372910960e+02
4.030000000000233840e+00 2.267779838672958590e+02
4.050000000000233413e+00 2.240980655134528092e+02
4.070000000000232987e+00 2.212365222811602621e+02
4.090000000000232561e+00 2.174370128597016958e+02
4.110000000000232134e+00 2.155429807109220803e+02
4.130000000000231708e+00 2.123245622319670360e+02
4.150000000000231282e+00 2.102325096834577778e+02
4.170000000000230855e+00 2.073715775373230201e+02
4.190000000000230429e+00 2.044560771703363002e+02
4.210000000000230003e+00 2.021494500247158612e+02
4.230000000000229576e+00 1.996889872159064225e+02
4.250000000000229150e+00 1.953473501024691075e+02
4.270000000000228724e+00 1.916282661674958092e+02
4.290000000000228297e+00 1.888439728419778874e+02
4.310000000000227871e+00 1.847692829471308187e+02
4.330000000000227445e+00 1.819041003288567424e+02
4.350000000000227018e+00 1.777895996983010889e+02
4.370000000000226592e+00 1.761281927673033465e+02
4.390000000000226166e+00 1.737869627724697068e+02
4.410000000000225739e+00 1.706985261421419295e+02
4.430000000000225313e+00 1.681410700174175759e+02
4.450000000000224887e+00 1.657185292937868155e+02
4.470000000000224460e+00 1.639720735499484761e+02
4.490000000000224034e+00 1.615024076956998726e+02
4.510000000000223608e+00 1.599560009474130311e+02
4.530000000000223181e+00 1.576507471326948462e+02
4.550000000000222755e+00 1.547793765432924999e+02
4.570000000000222329e+00 1.515427913653177541e+02
4.590000000000221902e+00 1.500127492966813065e+02
4.610000000000221476e+00 1.479514045290930540e+02
4.630000000000221050e+00 1.466462678483558477e+02
4.650000000000220624e+00 1.435931961027889088e+02
4.670000000000220197e+00 1.417673705578862382e+02
4.690000000000219771e+00 1.383065266849062596e+02
4.710000000000219345e+00 1.354888868654685723e+02
4.730000000000218918e+00 1.331293515417968649e+02
4.750000000000218492e+00 1.302482570325478832e+02
4.770000000000218066e+00 1.288631905497445871e+02
4.790000000000217639e+00 1.259516048875870098e+02
4.810000000000217213e+00 1.238892245773975276e+02
4.830000000000216787e+00 1.216210588403411492e+02
4.850000000000216360e+00 1.200469802941901065e+02
4.870000000000215934e+00 1.177126751128557487e+02
4.890000000000215508e+00 1.154324259540184414e+02
4.910000000000215081e+00 1.142138920213172923e+02
4.930000000000214655e+00 1.118440570966906051e+02
4.950000000000214229e+00 1.095985669120851895e+02
4.970000000000213802e+00 1.074094095262123858e+02
4.990000000000213376e+00 1.052151500995550606e+02
5.010000000000212950e+00 1.021774281462383271e+02
5.030000000000212523e+00 9.979725177426065841e+01
5.050000000000212097e+00 9.798491743532167675e+01
5.070000000000211671e+00 9.543343434957364479e+01
5.090000000000211244e+00 9.339564055933585962e+01
5.110000000000210818e+00 9.115534708801884278e+01
5.130000000000210392e+00 8.866993765573688790e+01
5.150000000000209965e+00 8.601172957073107739e+01
5.170000000000209539e+00 8.411346747872765661e+01
5.190000000000209113e+00 8.191372218381459902e+01
5.210000000000208686e+00 7.993364371390053691e+01
5.230000000000208260e+00 7.830324585011358351e+01
5.250000000000207834e+00 7.637662599183740042e+01
5.270000000000207407e+00 7.453261599062351195e+01
5.290000000000206981e+00 7.330677888691003830e+01
5.310000000000206555e+00 7.116920925367017503e+01
5.330000000000206128e+00 6.957293737761267494e+01
5.350000000000205702e+00 6.735219815684557432e+01
5.370000000000205276e+00 6.582290017136318738e+01
5.390000000000204849e+00 6.484931881819322541e+01
5.410000000000204423e+00 6.254862786321386636e+01
5.430000000000203997e+00 6.167521259288251656e+01
5.450000000000203570e+00 5.970807619008287048e+01
5.470000000000203144e+00 5.851585392834255117e+01
5.490000000000202718e+00 5.656206283967974002e+01
5.510000000000202292e+00 5.452180037685628378e+01
5.530000000000201865e+00 5.318240639660582048e+01
5.550000000000201439e+00 5.144319231928022162e+01
5.570000000000201013e+00 5.000848211448578695e+01
5.590000000000200586e+00 4.852513293180343368e+01
5.610000000000200160e+00 4.748646732632829526e+01
5.630000000000199734e+00 4.577592766441959782e+01
5.650000000000199307e+00 4.404302858456369307e+01
5.670000000000198881e+00 4.242603931817541252e+01
5.690000000000198455e+00 4.185780559209739948e+01
5.710000000000198028e+00 4.019990153473595740e+01
5.730000000000197602e+00 3.893202586155180001e+01
5.750000000000197176e+00 3.800597692543861683e+01
5.770000000000196749e+00 3.676897038702633580e+01
5.790000000000196323e+00 3.585813156799238044e+01
5.810000000000195897e+00 3.456052099934430544e+01
5.830000000000195470e+00 3.388397914175170200e+01
5.850000000000195044e+00 3.290827940574714461e+01
5.870000000000194618e+00 3.192246308878588579e+01
5.890000000000194191e+00 3.113272605531980375e+01
5.910000000000193765e+00 3.051797534849360005e+01
5.930000000000193339e+00 2.961641909540008655e+01
5.950000000000192912e+00 2.888936791812366778e+01
5.970000000000192486e+00 2.819982852534421269e+01
5.990000000000192060e+00 2.726382735202129126e+01
6.010000000000191633e+00 2.624329022001285239e+01
6.030000000000191207e+00 2.543584504398333124e+01
6.050000000000190781e+00 2.499578271629747306e+01
6.070000000000190354e+00 2.431932213536484966e+01
6.090000000000189928e+00 2.382412872318949226e+01
6.110000000000189502e+00 2.324582623939410198e+01
6.130000000000189075e+00 2.228334259805691175e+01
6.150000000000188649e+00 2.205872630465612616e+01
6.170000000000188223e+00 2.082928213145172691e+01
6.190000000000187796e+00 2.057844793434292541e+01
6.210000000000187370e+00 1.979580848425693773e+01
6.230000000000186944e+00 1.935083844066123149e+01
6.250000000000186517e+00 1.881688287139609272e+01
6.270000000000186091e+00 1.843050273909696912e+01
6.290000000000185665e+00 1.814157015730767597e+01
6.310000000000185238e+00 1.758573359106323153e+01
6.330000000000184812e+00 1.710591283849746347e+01
6.350000000000184386e+00 1.670411777501626815e+01
6.370000000000183960e+00 1.651190874086724136e+01
6.390000000000183533e+00 1.628241192582126118e+01
6.410000000000183107e+00 1.583799213263410266e+01
6.430000000000182681e+00 1.540868990056839039e+01
6.450000000000182254e+00 1.540591670415395953e+01
6.470000000000181828e+00 1.512695083384594597e+01
6.490000000000181402e+00 1.482737386323060491e+01
6.510000000000180975e+00 1.462412301333557352e+01
6.530000000000180549e+00 1.398039436259636936e+01
6.550000000000180123e+00 1.388041145118715747e+01
6.570000000000179696e+00 1.356792312282987822e+01
6.590000000000179270e+00 1.310162538553499978e+01
6.610000000000178844e+00 1.288793954776232020e+01
6.630000000000178417e+00 1.300680314809033966e+01
6.650000000000177991e+00 1.254745055808627718e+01
6.670000000000177565e+00 1.251596176718345177e+01
6.690000000000177138e+00 1.227755005250319797e+01
6.710000000000176712e+00 1.210381463752778863e+01
6.730000000000176286e+00 1.172514486288291025e+01
6.750000000000175859e+00 1.151172536597342244e+01
6.770000000000175433e+00 1.101973041298675682e+01
6.790000000000175007e+00 1.101920283281421575e+01
6.810000000000174580e+00 1.059138611770843674e+01
6.830000000000174154e+00 1.037873834267085194e+01
6.850000000000173728e+00 1.028317697595530866e+01
6.870000000000173301e+00 1.018034332536509012e+01
6.890000000000172875e+00 1.008611800950598258e+01
6.910000000000172449e+00 9.817420687559442527e+00
6.930000000000172022e+00 9.693514910087989378e+00
6.950000000000171596e+00 9.546013334864678512e+00
6.970000000000171170e+00 9.420417866198496526e+00
6.990000000000170743e+00 9.260013755295357640e+00
7.010000000000170317e+00 9.273988653338632204e+00
7.030000000000169891e+00 8.995656838721306059e+00
7.050000000000169464e+00 8.784988022343435787e+00
7.070000000000169038e+00 8.764705788310482859e+00
7.090000000000168612e+00 8.488280136121904462e+00
7.110000000000168185e+00 8.435442014439963998e+00
7.130000000000167759e+00 8.205872763680281068e+00
7.150000000000167333e+00 8.156897669283129204e+00
7.170000000000166906e+00 8.048292726368183381e+00
7.190000000000166480e+00 7.926792729242006175e+00
7.210000000000166054e+00 7.883213302063301064e+00
7.230000000000165628e+00 7.924402842620614784e+00
7.250000000000165201e+00 7.617992664135970315e+00
7.270000000000164775e+00 7.544488324573376481e+00
7.290000000000164349e+00 7.301188166801201973e+00
7.310000000000163922e+00 7.298273511270662262e+00
7.330000000000163496e+00 7.264043757054076345e+00
7.350000000000163070e+00 6.982181119214312837e+00
7.370000000000162643e+00 6.918257367061105612e+00
7.390000000000162217e+00 6.882600321690179435e+00
7.410000000000161791e+00 6.862243109429511101e+00
7.430000000000161364e+00 6.708080306986119901e+00
7.450000000000160938e+00 6.593521259015610703e+00
7.470000000000160512e+00 6.559780471823405179e+00
7.490000000000160085e+00 6.578913102325416595e+00
7.510000000000159659e+00 6.338195880657914394e+00
7.530000000000159233e+00 6.331983305298210851e+00
7.550000000000158806e+00 6.106131542516904709e+00
7.570000000000158380e+00 6.101152465065774244e+00
7.590000000000157954e+00 6.097782431812500015e+00
7.610000000000157527e+00 5.982941145742142197e+00
7.630000000000157101e+00 5.944826905535218309e+00
7.650000000000156675e+00 5.794554387702220311e+00
7.670000000000156248e+00 5.897888860621618434e+00
7.690000000000155822e+00 5.625908370932720004e+00
7.710000000000155396e+00 5.707821738345854712e+00
7.730000000000154969e+00 5.501636666968177991e+00
7.750000000000154543e+00 5.552876398416078274e+00
7.770000000000154117e+00 5.397282144693105188e+00
7.790000000000153690e+00 5.401780278668428359e+00
7.810000000000153264e+00 5.320990450526136506e+00
7.830000000000152838e+00 5.151907484298350326e+00
7.850000000000152411e+00 5.117504134877441047e+00
7.870000000000151985e+00 5.036648753691547853e+00
7.890000000000151559e+00 5.049482732475032876e+00
7.910000000000151132e+00 4.983217903654617587e+00
7.930000000000150706e+00 4.895998236846863527e+00
7.950000000000150280e+00 4.847414714738941477e+00
7.970000000000149853e+00 4.796841508368094864e+00
7.990000000000149427e+00 4.716328492757493329e+00
8.010000000000149001e+00 4.697116538932149865e+00
8.030000000000148574e+00 4.642444040721008136e+00
8.050000000000148148e+00 4.584590869001010205e+00
8.070000000000147722e+00 4.469649795836154738e+00
8.090000000000147296e+00 4.472414050927509876e+00
8.110000000000146869e+00 4.467237507941904440e+00
8.130000000000146443e+00 4.355175438742481475e+00
8.150000000000146017e+00 4.394159253659590370e+00
8.170000000000145590e+00 4.289991395502020133e+00
8.190000000000145164e+00 4.292061499120042534e+00
8.210000000000144738e+00 4.176885892998349448e+00
8.230000000000144311e+00 4.128389360539284070e+00
8.250000000000143885e+00 4.099669382503374315e+00
8.270000000000143459e+00 4.020752805176151412e+00
8.290000000000143032e+00 3.928259542376114410e+00
8.310000000000142606e+00 4.014824184223930281e+00
8.330000000000142180e+00 3.916452766080691816e+00
8.350000000000141753e+00 3.900918764451093868e+00
8.370000000000141327e+00 3.900997094598875670e+00
8.390000000000140901e+00 3.801957380617702942e+00
8.410000000000140474e+00 3.780350168254576371e+00
8.430000000000140048e+00 3.755438334430010183e+00
8.450000000000139622e+00 3.685651558454180243e+00
8.470000000000139195e+00 3.683064937246410153e+00
8.490000000000138769e+00 3.616909990965476052e+00
8.510000000000138343e+00 3.642236230826661370e+00
8.530000000000137916e+00 3.656132071273233475e+00
8.550000000000137490e+00 3.701521302264498381e+00
8.570000000000137064e+00 3.635221042444652717e+00
8.590000000000136637e+00 3.560767819075140839e+00
8.610000000000136211e+00 3.503669442712243232e+00
8.630000000000135785e+00 3.493436271066772569e+00
8.650000000000135358e+00 3.587448056827881704e+00
8.670000000000134932e+00 3.466151323787947991e+00
8.690000000000134506e+00 3.520711443862107881e+00
8.710000000000134079e+00 3.495304882764826537e+00
8.730000000000133653e+00 3.399076234695570964e+00
8.750000000000133227e+00 3.431298659648760907e+00
8.770000000000132800e+00 3.440476806902986073e+00
8.790000000000132374e+00 3.404186019549840125e+00
8.810000000000131948e+00 3.396888487568161530e+00
8.830000000000131521e+00 3.365619618746418684e+00
8.850000000000131095e+00 3.350267238339221798e+00
8.870000000000130669e+00 3.372496593074201687e+00
8.890000000000130242e+00 3.404880424172934461e+00
8.910000000000129816e+00 3.370986078656838192e+00
8.930000000000129390e+00 3.358953214428679779e+00
8.950000000000128964e+00 3.341956820839063536e+00
8.970000000000128537e+00 3.347791649744652709e+00
8.990000000000128111e+00 3.354670531618840990e+00
9.010000000000127685e+00 3.299030471540065346e+00
9.030000000000127258e+00 3.320485417428914676e+00
9.050000000000126832e+00 3.294955791804165646e+00
9.070000000000126406e+00 3.269532090972912641e+00
9.090000000000125979e+00 3.277839372479101954e+00
9.110000000000125553e+00 3.258630946622093294e+00
9.130000000000125127e+00 3.201620416216978349e+00
9.150000000000124700e+00 3.207101042842561256e+00
9.170000000000124274e+00 3.214779103703286456e+00
9.190000000000123848e+00 3.211482028965344959e+00
9.210000000000123421e+00 3.131628848755235506e+00
9.230000000000122995e+00 3.137451912577907454e+00
9.250000000000122569e+00 3.089391344962331143e+00
9.270000000000122142e+00 3.161341617731647347e+00
9.290000000000121716e+00 3.075359068503165094e+00
9.310000000000121290e+00 3.008550253312430645e+00
9.330000000000120863e+00 3.029208557477538477e+00
9.350000000000120437e+00 2.960911141014980430e+00
9.370000000000120011e+00 2.992655083922000525e+00
9.390000000000119584e+00 2.964868500912063443e+00
9.410000000000119158e+00 2.893053231969359818e+00
9.430000000000118732e+00 2.851024610267804071e+00
9.450000000000118305e+00 2.842864330133203055e+00
9.470000000000117879e+00 2.741677162100888410e+00
9.490000000000117453e+00 2.746290064448867696e+00
9.510000000000117026e+00 2.702569593741444454e+00
9.530000000000116600e+00 2.666367113308974801e+00
9.550000000000116174e+00 2.603944328030524336e+00
9.570000000000115747e+00 2.580154990545445948e+00
9.590000000000115321e+00 2.547961382461661373e+00
9.610000000000114895e+00 2.498822515860685822e+00
9.630000000000114468e+00 2.421610051084055470e+00
9.650000000000114042e+00 2.387147311177182818e+00
9.670000000000113616e+00 2.336666658258635287e+00
9.690000000000113189e+00 2.342209609468787868e+00
9.710000000000112763e+00 2.262955362852026919e+00
9.730000000000112337e+00 2.215020970555372948e+00
9.750000000000111910e+00 2.171473874310240859e+00
9.770000000000111484e+00 2.135996729774749969e+00
9.790000000000111058e+00 2.067180656145723994e+00
9.810000000000110632e+00 2.024757706540922353e+00
9.830000000000110205e+00 1.979585522378871865e+00
9.850000000000109779e+00 1.941488424189499407e+00
9.870000000000109353e+00 1.874103867320745520e+00
9.890000000000108926e+00 1.856478745300854438e+00
9.910000000000108500e+00 1.782567798452615149e+00
9.930000000000108074e+00 1.747711610491627043e+00
9.950000000000107647e+00 1.700877689291653061e+00
9.970000000000107221e+00 1.660516582260730178e+00
9.990000000000106795e+00 1.637079268750543326e+00
1.001000000000010637e+01 1.582570973870204289e+00
1.003000000000010594e+01 1.557801409313227747e+00
1.005000000000010552e+01 1.499487768450258995e+00
1.007000000000010509e+01 1.496657397537050294e+00
1.009000000000010466e+01 1.463084878778077025e+00
1.011000000000010424e+01 1.461735225736564336e+00
1.013000000000010381e+01 1.404618908294157364e+00
1.015000000000010338e+01 1.392336167359600196e+00
1.017000000000010296e+01 1.384087936114769990e+00
1.019000000000010253e+01 1.318992203590902079e+00
1.021000000000010210e+01 1.299795164836325734e+00
1.023000000000010168e+01 1.308176887605221994e+00
1.025000000000010125e+01 1.298153609368479566e+00
1.027000000000010083e+01 1.286738849942284491e+00
1.029000000000010040e+01 1.280795637193503200e+00
1.031000000000009997e+01 1.292188033531232350e+00
1.033000000000009955e+01 1.268630253681130471e+00
1.035000000000009912e+01 1.264700811012660298e+00
1.037000000000009869e+01 1.295601207744190964e+00
1.039000000000009827e+01 1.305984975856717023e+00
1.041000000000009784e+01 1.354933898070885379e+00
1.043000000000009742e+01 1.355322028041342275e+00
1.045000000000009699e+01 1.391962255322762632e+00
1.047000000000009656e+01 1.394474388016153199e+00
1.049000000000009614e+01 1.422541099000272924e+00
1.051000000000009571e+01 1.431355249040090483e+00
1.053000000000009528e+01 1.492305876812510812e+00
1.055000000000009486e+01 1.530576595129857553e+00
1.057000000000009443e+01 1.567806660199950741e+00
1.059000000000009400e+01 1.599295171695161777e+00
1.061000000000009358e+01 1.647343742400934063e+00
1.063000000000009315e+01 1.714362477459324907e+00
1.065000000000009273e+01 1.754915903600370974e+00
1.067000000000009230e+01 1.830521947728380727e+00
1.069000000000009187e+01 1.851730686502026435e+00
1.071000000000009145e+01 1.964878353884739859e+00
1.073000000000009102e+01 1.993763009114624563e+00
1.075000000000009059e+01 2.067211837252887374e+00
1.077000000000009017e+01 2.124959200742753573e+00
1.079000000000008974e+01 2.183583809721891367e+00
1.081000000000008932e+01 2.250761733778201101e+00
1.083000000000008889e+01 2.333505205829308871e+00
1.085000000000008846e+01 2.366872671476759837e+00
1.087000000000008804e+01 2.439499405477335348e+00
1.089000000000008761e+01 2.518404644761396582e+00
1.091000000000008718e+01 2.520746140375143884e+00
1.093000000000008676e+01 2.651691452132963533e+00
1.095000000000008633e+01 2.733235431211622490e+00
1.097000000000008590e+01 2.775500070059742530e+00
1.099000000000008548e+01 2.820672203278645984e+00
1.101000000000008505e+01 2.888028908197781242e+00
1.103000000000008463e+01 2.961932299167094218e+00
1.105000000000008420e+01 3.003679853728492777e+00
1.107000000000008377e+01 3.059117096902284061e+00
1.109000000000008335e+01 3.080345241717473925e+00
1.111000000000008292e+01 3.122834164862432704e+00
1.113000000000008249e+01 3.125105813596010584e+00
1.115000000000008207e+01 3.248576927764998512e+00
1.117000000000008164e+01 3.341151585146302061e+00
1.119000000000008122e+01 3.296215607025122729e+00
1.121000000000008079e+01 3.342938275033668916e+00
1.123000000000008036e+01 3.321628383873078683e+00
1.125000000000007994e+01 3.342372135275819556e+00
1.127000000000007951e+01 3.446159312476778425e+00
1.129000000000007908e+01 3.442007206588938661e+00
1.131000000000007866e+01 3.392138090984421872e+00
1.133000000000007823e+01 3.442915832650816466e+00
1.135000000000007780e+01 3.421197680584338929e+00
1.137000000000007738e+01 3.446798610174374833e+00
1.139000000000007695e+01 3.536683814009980775e+00
1.141000000000007653e+01 3.412218215312699421e+00
1.143000000000007610e+01 3.387910585969901689e+00
1.145000000000007567e+01 3.382404064005467337e+00
1.147000000000007525e+01 3.382428609029545452e+00
1.149000000000007482e+01 3.426000980912489613e+00
1.151000000000007439e+01 3.367705280050533823e+00
1.153000000000007397e+01 3.337225242364416644e+00
1.155000000000007354e+01 3.236144704561113361e+00
1.157000000000007311e+01 3.205945699983810737e+00
1.159000000000007269e+01 3.157003834877610160e+00
1.161000000000007226e+01 3.263317820606644659e+00
1.163000000000007184e+01 3.077582500974414437e+00
1.165000000000007141e+01 3.103519087755813199e+00
1.167000000000007098e+01 3.000494092120873368e+00
1.169000000000007056e+01 2.963399646338803706e+00
1.171000000000007013e+01 2.947739154961181995e+00
1.173000000000006970e+01 2.792531861040820296e+00
1.175000000000006928e+01 2.789321878435779833e+00
1.177000000000006885e+01 2.730067952671083820e+00
1.179000000000006843e+01 2.677822252656358870e+00
1.181000000000006800e+01 2.579510342893386543e+00
1.183000000000006757e+01 2.583523723629254754e+00
1.185000000000006715e+01 2.454953627181831521e+00
1.187000000000006672e+01 2.363068289391150323e+00
1.189000000000006629e+01 2.329987345507847696e+00
1.191000000000006587e+01 2.203213153746303110e+00
1.193000000000006544e+01 2.229868514343608332e+00
1.195000000000006501e+01 2.114213007849848669e+00
1.197000000000006459e+01 2.040912061840546965e+00
1.199000000000006416e+01 1.960464202269374345e+00
1.201000000000006374e+01 1.891523685609352468e+00
1.203000000000006331e+01 1.827077101624135835e+00
1.205000000000006288e+01 1.749901476921247312e+00
1.207000000000006246e+01 1.700079847922866483e+00
1.209000000000006203e+01 1.652571815989707149e+00
1.211000000000006160e+01 1.507148413344488125e+00
1.213000000000006118e+01 1.515050658587385080e+00
1.215000000000006075e+01 1.425099449767903703e+00
1.217000000000006033e+01 1.339232866526237631e+00
1.219000000000005990e+01 1.332352050601078197e+00
1.221000000000005947e+01 1.231009177333432625e+00
1.223000000000005905e+01 1.199803337357776112e+00
1.225000000000005862e+01 1.145974307475821297e+00
1.227000000000005819e+01 1.053731679197904336e+00
1.229000000000005777e+01 1.036057038775091366e+00
1.231000000000005734e+01 9.820312869659076904e-01
1.233000000000005691e+01 9.453766409720766317e-01
1.235000000000005649e+01 8.764571529841329589e-01
1.237000000000005606e+01 8.330119765627570505e-01
1.239000000000005564e+01 7.846683379649326273e-01
1.241000000000005521e+01 7.519631560549422389e-01
1.243000000000005478e+01 7.310654602864842255e-01
1.245000000000005436e+01 6.894476984875834713e-01
1.247000000000005393e+01 6.501086483075395606e-01
1.249000000000005350e+01 6.184984349537899773e-01
1.251000000000005308e+01 5.712689122429761568e-01
1.253000000000005265e+01 5.477062442039738466e-01
1.255000000000005222e+01 5.367744546125341465e-01
1.257000000000005180e+01 4.886363108553775092e-01
1.259000000000005137e+01 4.832467900613010570e-01
1.261000000000005095e+01 4.640604155798625508e-01
1.263000000000005052e+01 4.316297743728866321e-01
1.265000000000005009e+01 4.252809491931416330e-01
1.267000000000004967e+01 3.914748869857590519e-01
1.269000000000004924e+01 3.545872741959487651e-01
1.271000000000004881e+01 3.556689889646642566e-01
1.273000000000004839e+01 3.598022132556376040e-01
1.275000000000004796e+01 3.173152362908425728e-01
1.277000000000004754e+01 3.332143626043956308e-01
1.279000000000004711e+01 3.094694458250286662e-01
1.281000000000004668e+01 2.812256045120158365e-01
1.283000000000004626e+01 2.829434501857859829e-01
1.285000000000004583e+01 2.702505465495734227e-01
1.287000000000004540e+01 2.676807118120094198e-01
1.289000000000004498e+01 2.608728251512745788e-01
1.291000000000004455e+01 2.649439268861503716e-01
1.293000000000004412e+01 2.432073312595938452e-01
1.295000000000004370e+01 2.375055621525340166e-01
1.297000000000004327e+01 2.257026941415397892e-01
1.299000000000004285e+01 2.223841720304648162e-01
1.301000000000004242e+01 2.236856051282092028e-01
1.303000000000004199e+01 2.207909482929273082e-01
1.305000000000004157e+01 1.999462778031625421e-01
1.307000000000004114e+01 2.131881228867099909e-01
1.309000000000004071e+01 2.023244187721113252e-01
1.311000000000004029e+01 2.166554384123352550e-01
1.313000000000003986e+01 2.229880769303013432e-01
1.315000000000003944e+01 1.864394779352552267e-01
1.317000000000003901e+01 1.910681599018992927e-01
1.319000000000003858e+01 1.910016758713453944e-01
1.321000000000003816e+01 1.837340626827210777e-01
1.323000000000003773e+01 1.720759020462636069e-01
1.325000000000003730e+01 1.889780234296072614e-01
1.327000000000003688e+01 1.906804785628924692e-01
1.329000000000003645e+01 2.146537144520685725e-01
1.331000000000003602e+01 1.781030619470488630e-01
1.333000000000003560e+01 1.703833425385533062e-01
1.335000000000003517e+01 1.689559748928608218e-01
1.337000000000003475e+01 1.892216197092912999e-01
1.339000000000003432e+01 1.718193349955664251e-01
1.341000000000003389e+01 1.803871034051877098e-01
1.343000000000003347e+01 1.636608855144292551e-01
1.345000000000003304e+01 1.741506379593286691e-01
1.347000000000003261e+01 1.846821041173549727e-01
1.349000000000003219e+01 1.633568774459848438e-01
1.351000000000003176e+01 1.709775759301935261e-01
1.353000000000003133e+01 1.673486170789690863e-01
1.355000000000003091e+01 1.666844190619428401e-01
1.357000000000003048e+01 1.626395003587621235e-01
1.359000000000003006e+01 1.718847435354041164e-01
1.361000000000002963e+01 1.661338449524360217e-01
1.363000000000002920e+01 1.738104623258218961e-01
1.365000000000002878e+01 1.586992149600365831e-01
1.367000000000002835e+01 1.609044614788143202e-01
1.369000000000002792e+01 1.521551304637281943e-01
1.371000000000002750e+01 1.595474949074173476e-01
1.373000000000002707e+01 1.532203347402699978e-01
1.375000000000002665e+01 1.605068331184707486e-01
1.377000000000002622e+01 1.535493697820952685e-01
1.379000000000002579e+01 1.618611620840047227e-01
1.381000000000002537e+01 1.534404420640398670e-01
1.383000000000002494e+01 1.570661612020733400e-01
1.385000000000002451e+01 1.401508726556897622e-01
1.387000000000002409e+01 1.447421731773552989e-01
1.389000000000002366e+01 1.585784094518230547e-01
1.391000000000002323e+01 1.329515780831526939e-01
1.393000000000002281e+01 1.356053485379973556e-01
1.395000000000002238e+01 1.394826294798261757e-01
1.397000000000002196e+01 1.322871335808092352e-01
1.399000000000002153e+01 1.232602923903987763e-01
1.401000000000002110e+01 1.119858267692488002e-01
1.403000000000002068e+01 1.078304979212911935e-01
1.405000000000002025e+01 1.185936902626132800e-01
1.407000000000001982e+01 1.039842874439660808e-01
1.409000000000001940e+01 9.283186964064546465e-02
1.411000000000001897e+01 1.029908631435462879e-01
1.413000000000001855e+01 9.975393352703426642e-02
1.415000000000001812e+01 8.616823558446660980e-02
1.417000000000001769e+01 8.323192331769965757e-02
1.419000000000001727e+01 7.510891789976442690e-02
1.421000000000001684e+01 8.262219052348759862e-02
1.423000000000001641e+01 7.473201726869435624e-02
1.425000000000001599e+01 6.708195905381751645e-02
1.427000000000001556e+01 5.350038776921273165e-02
1.429000000000001513e+01 3.738938665771749520e-02
1.431000000000001471e+01 3.728587813002601226e-02
1.433000000000001428e+01 2.143089949840979933e-02
1.435000000000001386e+01 1.610946900776190696e-02
1.437000000000001343e+01 1.079425832798688693e-02
1.439000000000001300e+01 1.074686038682807869e-02
1.441000000000001258e+01 1.069972979807934550e-02
1.443000000000001215e+01 5.356931618452764367e-03
1.445000000000001172e+01 2.676898442207321146e-03
1.447000000000001130e+01 1.233989345896290595e-09
1.449000000000001087e+01 9.462360013200406695e-10
1.451000000000001044e+01 4.583517916063102889e-10
1.453000000000001002e+01 3.503552768247761076e-10
1.455000000000000959e+01 0.000000000000000000e+00
1.457000000000000917e+01 0.000000000000000000e+00
1.459000000000000874e+01 0.000000000000000000e+00
1.461000000000000831e+01 0.000000000000000000e+00
1.463000000000000789e+01 0.000000000000000000e+00
1.465000000000000746e+01 0.000000000000000000e+00
1.467000000000000703e+01 0.000000000000000000e+00
1.469000000000000661e+01 0.000000000000000000e+00
1.471000000000000618e+01 0.000000000000000000e+00
1.473000000000000576e+01 0.000000000000000000e+00
1.475000000000000533e+01 0.000000000000000000e+00
1.477000000000000490e+01 0.000000000000000000e+00
1.479000000000000448e+01 0.000000000000000000e+00
1.481000000000000405e+01 0.000000000000000000e+00
1.483000000000000362e+01 0.000000000000000000e+00
1.485000000000000320e+01 0.000000000000000000e+00
1.487000000000000277e+01 0.000000000000000000e+00
1.489000000000000234e+01 0.000000000000000000e+00
1.491000000000000192e+01 0.000000000000000000e+00
1.493000000000000149e+01 0.000000000000000000e+00
1.495000000000000107e+01 0.000000000000000000e+00
1.497000000000000064e+01 0.000000000000000000e+00
1.499000000000000021e+01 0.000000000000000000e+00
