# Redshift		Merger Rate Density [Gpc^-3yr^-1]
1.000000000031931770e-02 3.019024641446645774e+01
3.000000000031888964e-02 3.161873295772883097e+01
5.000000000031846331e-02 3.275827575044569784e+01
7.000000000031804392e-02 3.440257790407043359e+01
9.000000000031761760e-02 3.504826263957171761e+01
1.100000000003171913e-01 3.620812136937507120e+01
1.300000000003167511e-01 3.821424121057327028e+01
1.500000000003163247e-01 3.889264431835893276e+01
1.700000000003158984e-01 4.017952308972850517e+01
1.900000000003154721e-01 4.140614458299333478e+01
2.100000000003150458e-01 4.310614324949346354e+01
2.300000000003146194e-01 4.282019120113349686e+01
2.500000000003141931e-01 4.594868227377657632e+01
2.700000000003137668e-01 4.602325757803232875e+01
2.900000000003133405e-01 4.766207990938652017e+01
3.100000000003129141e-01 4.870780395989786626e+01
3.300000000003124878e-01 4.907574462233547052e+01
3.500000000003120615e-01 5.129922961411254079e+01
3.700000000003116352e-01 5.167314189000666858e+01
3.900000000003112088e-01 5.305528980986831300e+01
4.100000000003107825e-01 5.384424937960846336e+01
4.300000000003103562e-01 5.522245667687405302e+01
4.500000000003099299e-01 5.565469248289948467e+01
4.700000000003095035e-01 5.749066398314069204e+01
4.900000000003090772e-01 5.791355347741848902e+01
5.100000000003086509e-01 5.999765680616528840e+01
5.300000000003082246e-01 6.010369498539155586e+01
5.500000000003077982e-01 6.137811929551003942e+01
5.700000000003073719e-01 6.175599590930336547e+01
5.900000000003069456e-01 6.288775836856164858e+01
6.100000000003065193e-01 6.371703158057197669e+01
6.300000000003060929e-01 6.456909619262839328e+01
6.500000000003056666e-01 6.488636166675182437e+01
6.700000000003052403e-01 6.709206448880624407e+01
6.900000000003048140e-01 6.700364943112212757e+01
7.100000000003043876e-01 6.881305782344642807e+01
7.300000000003039613e-01 6.938774987097744429e+01
7.500000000003035350e-01 6.952725442872922201e+01
7.700000000003031086e-01 7.112063224899351610e+01
7.900000000003026823e-01 7.149045160567874291e+01
8.100000000003022560e-01 7.163800664635168403e+01
8.300000000003018297e-01 7.317739851762497949e+01
8.500000000003014033e-01 7.340362541889031434e+01
8.700000000003009770e-01 7.402025949863337928e+01
8.900000000003005507e-01 7.566367342801531493e+01
9.100000000003001244e-01 7.499992176653265119e+01
9.300000000002996980e-01 7.600123491356977468e+01
9.500000000002992717e-01 7.527920567133296004e+01
9.700000000002988454e-01 7.738937847059312958e+01
9.900000000002984191e-01 7.888472895785812966e+01
1.010000000000297993e+00 7.597414743162521233e+01
1.030000000000297566e+00 7.869820121670416313e+01
1.050000000000297140e+00 7.849661028153164466e+01
1.070000000000296714e+00 7.703248718763309455e+01
1.090000000000296287e+00 7.815113960171947838e+01
1.110000000000295861e+00 7.972431967634130956e+01
1.130000000000295435e+00 7.754358303963940102e+01
1.150000000000295008e+00 7.812259355113414472e+01
1.170000000000294582e+00 7.937485436590971233e+01
1.190000000000294156e+00 7.835016197777639491e+01
1.210000000000293729e+00 7.872737294750075421e+01
1.230000000000293303e+00 7.795213547701411017e+01
1.250000000000292877e+00 7.727530027302090332e+01
1.270000000000292451e+00 7.860655487249482576e+01
1.290000000000292024e+00 7.642529250421702613e+01
1.310000000000291598e+00 7.709714938603305256e+01
1.330000000000291172e+00 7.724072132598928420e+01
1.350000000000290745e+00 7.619447336259364079e+01
1.370000000000290319e+00 7.660387746340121851e+01
1.390000000000289893e+00 7.482005950718281895e+01
1.410000000000289466e+00 7.467628509789777524e+01
1.430000000000289040e+00 7.422496562700587219e+01
1.450000000000288614e+00 7.422575944783703505e+01
1.470000000000288187e+00 7.477292465454746662e+01
1.490000000000287761e+00 7.295015661020717346e+01
1.510000000000287335e+00 7.202779712545672908e+01
1.530000000000286908e+00 7.156614773826338194e+01
1.550000000000286482e+00 7.104198907982991784e+01
1.570000000000286056e+00 7.000193897172948709e+01
1.590000000000285629e+00 7.102219581687926109e+01
1.610000000000285203e+00 6.747900937780642039e+01
1.630000000000284777e+00 6.789306682998368103e+01
1.650000000000284350e+00 6.749156614755410999e+01
1.670000000000283924e+00 6.610956075531403542e+01
1.690000000000283498e+00 6.519913133029722019e+01
1.710000000000283071e+00 6.543669631873284231e+01
1.730000000000282645e+00 6.350989436277458111e+01
1.750000000000282219e+00 6.473817410755313517e+01
1.770000000000281792e+00 6.161793734198117534e+01
1.790000000000281366e+00 6.101238943977249107e+01
1.810000000000280940e+00 6.024132360845179335e+01
1.830000000000280513e+00 6.017009327120608475e+01
1.850000000000280087e+00 5.874022682842009146e+01
1.870000000000279661e+00 5.855593019508708608e+01
1.890000000000279234e+00 5.707372609895971038e+01
1.910000000000278808e+00 5.595596265750992870e+01
1.930000000000278382e+00 5.575532831651980814e+01
1.950000000000277955e+00 5.414737646560355699e+01
1.970000000000277529e+00 5.386238544195529698e+01
1.990000000000277103e+00 5.311360040910174263e+01
2.010000000000276899e+00 5.131100581437495833e+01
2.030000000000276472e+00 5.139483304200478386e+01
2.050000000000276046e+00 5.000658023439968503e+01
2.070000000000275620e+00 4.903320764571683554e+01
2.090000000000275193e+00 4.815465601954311126e+01
2.110000000000274767e+00 4.797258548964040159e+01
2.130000000000274341e+00 4.620737479450213669e+01
2.150000000000273914e+00 4.556637474263936127e+01
2.170000000000273488e+00 4.585784656388477032e+01
2.190000000000273062e+00 4.384950648018346442e+01
2.210000000000272635e+00 4.352607969362063045e+01
2.230000000000272209e+00 4.270535633077537341e+01
2.250000000000271783e+00 4.108123046475633089e+01
2.270000000000271356e+00 4.082461410980339167e+01
2.290000000000270930e+00 4.063627586829517213e+01
2.310000000000270504e+00 3.938440697094321763e+01
2.330000000000270077e+00 3.854116955143442880e+01
2.350000000000269651e+00 3.781644287308887442e+01
2.370000000000269225e+00 3.758787694257324574e+01
2.390000000000268798e+00 3.611644846182898050e+01
2.410000000000268372e+00 3.543084875328251826e+01
2.430000000000267946e+00 3.471557471908276682e+01
2.450000000000267519e+00 3.416108049001327629e+01
2.470000000000267093e+00 3.340013100062768103e+01
2.490000000000266667e+00 3.277413177432341485e+01
2.510000000000266240e+00 3.230693142723069400e+01
2.530000000000265814e+00 3.158270570071801941e+01
2.550000000000265388e+00 3.073724924502452538e+01
2.570000000000264961e+00 3.003777443869442010e+01
2.590000000000264535e+00 2.948743719138644437e+01
2.610000000000264109e+00 2.911664653701221894e+01
2.630000000000263682e+00 2.815549053551707459e+01
2.650000000000263256e+00 2.761919178001995334e+01
2.670000000000262830e+00 2.706979715552905930e+01
2.690000000000262403e+00 2.672740290580220091e+01
2.710000000000261977e+00 2.624704669672746959e+01
2.730000000000261551e+00 2.546471339964979208e+01
2.750000000000261124e+00 2.493999150368258810e+01
2.770000000000260698e+00 2.421376992988305688e+01
2.790000000000260272e+00 2.415575442735455525e+01
2.810000000000259845e+00 2.330572732009618520e+01
2.830000000000259419e+00 2.282354110418226156e+01
2.850000000000258993e+00 2.279630620094229698e+01
2.870000000000258567e+00 2.232398948876436506e+01
2.890000000000258140e+00 2.171481788784755551e+01
2.910000000000257714e+00 2.105252311699700840e+01
2.930000000000257288e+00 2.081582037980945543e+01
2.950000000000256861e+00 2.027487443198480932e+01
2.970000000000256435e+00 2.015455829981950586e+01
2.990000000000256009e+00 1.959699527836157529e+01
3.010000000000255582e+00 1.929336544636764472e+01
3.030000000000255156e+00 1.874269714272205434e+01
3.050000000000254730e+00 1.852535826767164906e+01
3.070000000000254303e+00 1.816011349060497437e+01
3.090000000000253877e+00 1.784841402591932535e+01
3.110000000000253451e+00 1.758725323518499195e+01
3.130000000000253024e+00 1.689339536654964391e+01
3.150000000000252598e+00 1.710939075082878347e+01
3.170000000000252172e+00 1.654297657266963384e+01
3.190000000000251745e+00 1.596952088616047583e+01
3.210000000000251319e+00 1.588595884509313727e+01
3.230000000000250893e+00 1.556579776326651121e+01
3.250000000000250466e+00 1.545557251935831289e+01
3.270000000000250040e+00 1.487893468063356650e+01
3.290000000000249614e+00 1.500244303299361093e+01
3.310000000000249187e+00 1.432174998734032734e+01
3.330000000000248761e+00 1.417296657310650154e+01
3.350000000000248335e+00 1.414930820225986352e+01
3.370000000000247908e+00 1.370770744345356462e+01
3.390000000000247482e+00 1.350328768025894988e+01
3.410000000000247056e+00 1.333794873036160666e+01
3.430000000000246629e+00 1.283110107502656483e+01
3.450000000000246203e+00 1.298998232069155279e+01
3.470000000000245777e+00 1.248301312486420933e+01
3.490000000000245350e+00 1.245376656351282030e+01
3.510000000000244924e+00 1.232284136301426258e+01
3.530000000000244498e+00 1.182289896202050805e+01
3.550000000000244071e+00 1.176956787212885658e+01
3.570000000000243645e+00 1.166336645376141412e+01
3.590000000000243219e+00 1.165755317593993468e+01
3.610000000000242792e+00 1.131988359893722418e+01
3.630000000000242366e+00 1.082337582337459914e+01
3.650000000000241940e+00 1.095436208197672912e+01
3.670000000000241513e+00 1.063906992806471585e+01
3.690000000000241087e+00 1.069270818096349451e+01
3.710000000000240661e+00 1.040016760252708039e+01
3.730000000000240234e+00 1.026742261824782432e+01
3.750000000000239808e+00 1.000689928117119187e+01
3.770000000000239382e+00 1.011715236408732288e+01
3.790000000000238956e+00 9.799776049153219759e+00
3.810000000000238529e+00 9.839563771682366067e+00
3.830000000000238103e+00 9.495272905269539265e+00
3.850000000000237677e+00 9.238295151626061852e+00
3.870000000000237250e+00 9.201280692207937761e+00
3.890000000000236824e+00 9.092275218463928610e+00
3.910000000000236398e+00 9.055291961660604017e+00
3.930000000000235971e+00 8.820145704806595433e+00
3.950000000000235545e+00 8.725774256835313381e+00
3.970000000000235119e+00 8.646501575058703537e+00
3.990000000000234692e+00 8.564152697136293568e+00
4.010000000000234266e+00 8.431602364830283136e+00
4.030000000000233840e+00 8.199380276660981792e+00
4.050000000000233413e+00 8.084439669860003619e+00
4.070000000000232987e+00 8.052459318656794096e+00
4.090000000000232561e+00 8.197913305999406930e+00
4.110000000000232134e+00 8.001998411127869915e+00
4.130000000000231708e+00 7.786124233551244167e+00
4.150000000000231282e+00 7.612688246410690418e+00
4.170000000000230855e+00 7.666846876730870619e+00
4.190000000000230429e+00 7.554647854334403334e+00
4.210000000000230003e+00 7.591564931779557490e+00
4.230000000000229576e+00 7.285272891406993523e+00
4.250000000000229150e+00 7.288265189326450511e+00
4.270000000000228724e+00 7.211905478288864302e+00
4.290000000000228297e+00 7.048003380647755556e+00
4.310000000000227871e+00 7.098714569374815930e+00
4.330000000000227445e+00 7.037488987340876356e+00
4.350000000000227018e+00 7.007607918825772941e+00
4.370000000000226592e+00 6.840784598629150892e+00
4.390000000000226166e+00 6.861452688063484295e+00
4.410000000000225739e+00 6.888049302031333809e+00
4.430000000000225313e+00 6.712398876703733919e+00
4.450000000000224887e+00 6.713068035724912619e+00
4.470000000000224460e+00 6.607828683736577169e+00
4.490000000000224034e+00 6.515846472697127467e+00
4.510000000000223608e+00 6.586584417672207259e+00
4.530000000000223181e+00 6.547277722599267769e+00
4.550000000000222755e+00 6.411079422813395823e+00
4.570000000000222329e+00 6.411624687975601589e+00
4.590000000000221902e+00 6.429417117745884092e+00
4.610000000000221476e+00 6.450122815810702015e+00
4.630000000000221050e+00 6.356250404597831860e+00
4.650000000000220624e+00 6.181238498014041127e+00
4.670000000000220197e+00 6.290736377149924508e+00
4.690000000000219771e+00 6.209019287671097231e+00
4.710000000000219345e+00 6.143211377074266011e+00
4.730000000000218918e+00 6.118946423650806210e+00
4.750000000000218492e+00 6.089295958080200855e+00
4.770000000000218066e+00 6.034501677868632008e+00
4.790000000000217639e+00 6.002927503329811287e+00
4.810000000000217213e+00 6.135918838163604505e+00
4.830000000000216787e+00 6.101194696198286138e+00
4.850000000000216360e+00 6.119857874596807079e+00
4.870000000000215934e+00 6.059862420117107185e+00
4.890000000000215508e+00 5.962163801491289661e+00
4.910000000000215081e+00 6.057916857717736470e+00
4.930000000000214655e+00 5.935162086560446859e+00
4.950000000000214229e+00 5.891069976554043741e+00
4.970000000000213802e+00 5.899156250251159861e+00
4.990000000000213376e+00 5.931323497178874860e+00
5.010000000000212950e+00 5.789052110208882773e+00
5.030000000000212523e+00 5.933890150664612229e+00
5.050000000000212097e+00 5.970843850501452721e+00
5.070000000000211671e+00 5.770797603872654946e+00
5.090000000000211244e+00 5.801119356896769830e+00
5.110000000000210818e+00 5.890555548822375975e+00
5.130000000000210392e+00 5.868598811061811915e+00
5.150000000000209965e+00 5.957966573215193407e+00
5.170000000000209539e+00 5.811620643370145167e+00
5.190000000000209113e+00 5.885037597053617731e+00
5.210000000000208686e+00 5.777455654281039799e+00
5.230000000000208260e+00 5.962340744949913507e+00
5.250000000000207834e+00 5.846774221241042291e+00
5.270000000000207407e+00 5.761108048442872942e+00
5.290000000000206981e+00 5.809829537118798015e+00
5.310000000000206555e+00 5.869218694876080278e+00
5.330000000000206128e+00 5.928414666695666746e+00
5.350000000000205702e+00 5.898067645524284863e+00
5.370000000000205276e+00 5.910523250525955952e+00
5.390000000000204849e+00 5.857293032754556705e+00
5.410000000000204423e+00 6.005429644231593755e+00
5.430000000000203997e+00 5.950507981154356862e+00
5.450000000000203570e+00 5.965360695105954569e+00
5.470000000000203144e+00 5.971732730221164687e+00
5.490000000000202718e+00 5.821280505010112627e+00
5.510000000000202292e+00 6.140433375980542507e+00
5.530000000000201865e+00 6.019370013837771261e+00
5.550000000000201439e+00 5.900792634339843801e+00
5.570000000000201013e+00 6.012225985820907503e+00
5.590000000000200586e+00 6.045286157676471817e+00
5.610000000000200160e+00 6.019440545106063745e+00
5.630000000000199734e+00 5.956533036281554061e+00
5.650000000000199307e+00 5.978725098067464216e+00
5.670000000000198881e+00 6.272568150581577129e+00
5.690000000000198455e+00 6.113358536219763550e+00
5.710000000000198028e+00 6.113000305343165408e+00
5.730000000000197602e+00 6.184666264429850457e+00
5.750000000000197176e+00 6.176738236871325505e+00
5.770000000000196749e+00 6.075908842737906213e+00
5.790000000000196323e+00 6.268118039540020447e+00
5.810000000000195897e+00 6.318429003936385513e+00
5.830000000000195470e+00 6.177249578174608402e+00
5.850000000000195044e+00 6.244259070636734243e+00
5.870000000000194618e+00 6.231648645225128291e+00
5.890000000000194191e+00 6.315149974357032292e+00
5.910000000000193765e+00 6.310387506838780247e+00
5.930000000000193339e+00 6.339952297028667694e+00
5.950000000000192912e+00 6.460245605007671088e+00
5.970000000000192486e+00 6.512748880429475307e+00
5.990000000000192060e+00 6.397944144030257796e+00
6.010000000000191633e+00 6.397862558861872273e+00
6.030000000000191207e+00 6.550385296315528016e+00
6.050000000000190781e+00 6.518495017002658543e+00
6.070000000000190354e+00 6.574257431016172326e+00
6.090000000000189928e+00 6.574828263437029641e+00
6.110000000000189502e+00 6.653422735181147907e+00
6.130000000000189075e+00 6.662885296398906476e+00
6.150000000000188649e+00 6.723675092632964478e+00
6.170000000000188223e+00 6.629792204970978986e+00
6.190000000000187796e+00 6.693423746726966606e+00
6.210000000000187370e+00 6.799919510223999097e+00
6.230000000000186944e+00 6.776609992953423145e+00
6.250000000000186517e+00 6.921747049222011228e+00
6.270000000000186091e+00 6.834751639578567683e+00
6.290000000000185665e+00 6.884032995047773440e+00
6.310000000000185238e+00 6.910792740175766724e+00
6.330000000000184812e+00 6.865025738234009189e+00
6.350000000000184386e+00 6.986534960856711329e+00
6.370000000000183960e+00 7.022847707612038803e+00
6.390000000000183533e+00 7.043790777915064361e+00
6.410000000000183107e+00 7.174873112220821803e+00
6.430000000000182681e+00 7.218955359212829492e+00
6.450000000000182254e+00 7.238082159729851028e+00
6.470000000000181828e+00 7.122672732450193500e+00
6.490000000000181402e+00 7.184061882870465432e+00
6.510000000000180975e+00 7.352942666693709661e+00
6.530000000000180549e+00 7.447308369187000565e+00
6.550000000000180123e+00 7.386342540748163543e+00
6.570000000000179696e+00 7.606811579608876883e+00
6.590000000000179270e+00 7.461228301832544041e+00
6.610000000000178844e+00 7.563558632114025571e+00
6.630000000000178417e+00 7.631866101190432516e+00
6.650000000000177991e+00 7.650675042135972603e+00
6.670000000000177565e+00 7.700332582036766738e+00
6.690000000000177138e+00 7.740652611868448219e+00
6.710000000000176712e+00 7.842046759959596436e+00
6.730000000000176286e+00 7.859303246572309831e+00
6.750000000000175859e+00 8.051333305724815759e+00
6.770000000000175433e+00 7.936860445548050258e+00
6.790000000000175007e+00 8.055848916251736824e+00
6.810000000000174580e+00 8.133856960331240060e+00
6.830000000000174154e+00 8.096481030723632344e+00
6.850000000000173728e+00 8.290412838049338262e+00
6.870000000000173301e+00 8.339139759115866468e+00
6.890000000000172875e+00 8.374994982169024382e+00
6.910000000000172449e+00 8.361043902152351492e+00
6.930000000000172022e+00 8.489945774986203730e+00
6.950000000000171596e+00 8.569311568102065735e+00
6.970000000000171170e+00 8.569260350195024856e+00
6.990000000000170743e+00 8.729249754064676736e+00
7.010000000000170317e+00 8.720996388877662042e+00
7.030000000000169891e+00 8.774049683156395218e+00
7.050000000000169464e+00 8.819372512346649984e+00
7.070000000000169038e+00 8.994771418208935998e+00
7.090000000000168612e+00 8.965748816070910010e+00
7.110000000000168185e+00 9.053708583344663552e+00
7.130000000000167759e+00 9.173962660000567482e+00
7.150000000000167333e+00 9.147864462813346975e+00
7.170000000000166906e+00 9.263593701580955297e+00
7.190000000000166480e+00 9.279764811776219702e+00
7.210000000000166054e+00 9.541057060304330761e+00
7.230000000000165628e+00 9.503455499517624361e+00
7.250000000000165201e+00 9.586478023644170676e+00
7.270000000000164775e+00 9.726269300281888519e+00
7.290000000000164349e+00 9.656140274561821002e+00
7.310000000000163922e+00 9.807553923682874597e+00
7.330000000000163496e+00 9.900406585656678971e+00
7.350000000000163070e+00 9.944315480590752543e+00
7.370000000000162643e+00 1.008389590594978280e+01
7.390000000000162217e+00 1.018803953322805000e+01
7.410000000000161791e+00 1.028561426647469546e+01
7.430000000000161364e+00 1.033915812892304054e+01
7.450000000000160938e+00 1.045395726182707641e+01
7.470000000000160512e+00 1.052484983031680343e+01
7.490000000000160085e+00 1.057318807096552149e+01
7.510000000000159659e+00 1.063647635974902705e+01
7.530000000000159233e+00 1.076985309080273723e+01
7.550000000000158806e+00 1.082548400455134541e+01
7.570000000000158380e+00 1.096348854922351101e+01
7.590000000000157954e+00 1.090747170070975436e+01
7.610000000000157527e+00 1.116024074624820628e+01
7.630000000000157101e+00 1.121793515825843812e+01
7.650000000000156675e+00 1.137549140649619339e+01
7.670000000000156248e+00 1.141738727601408065e+01
7.690000000000155822e+00 1.161142545219596300e+01
7.710000000000155396e+00 1.159735351705084128e+01
7.730000000000154969e+00 1.179478523553446223e+01
7.750000000000154543e+00 1.190413140304662853e+01
7.770000000000154117e+00 1.196111890500414354e+01
7.790000000000153690e+00 1.199067982002534549e+01
7.810000000000153264e+00 1.220098782680120841e+01
7.830000000000152838e+00 1.235822022854464031e+01
7.850000000000152411e+00 1.244410088151939675e+01
7.870000000000151985e+00 1.239922408959318467e+01
7.890000000000151559e+00 1.261862966689734833e+01
7.910000000000151132e+00 1.271930378263689398e+01
7.930000000000150706e+00 1.284353993459934173e+01
7.950000000000150280e+00 1.292293212444377382e+01
7.970000000000149853e+00 1.300454752624196431e+01
7.990000000000149427e+00 1.317240012216998934e+01
8.010000000000149001e+00 1.335157699099925388e+01
8.030000000000148574e+00 1.345458576319314581e+01
8.050000000000148148e+00 1.363127911484320087e+01
8.070000000000147722e+00 1.355860844446223723e+01
8.090000000000147296e+00 1.386209177294119144e+01
8.110000000000146869e+00 1.385081399125134816e+01
8.130000000000146443e+00 1.403710044101910803e+01
8.150000000000146017e+00 1.405255332667790924e+01
8.170000000000145590e+00 1.433128965889661188e+01
8.190000000000145164e+00 1.438050909368141461e+01
8.210000000000144738e+00 1.451001479729252530e+01
8.230000000000144311e+00 1.472118591187329883e+01
8.250000000000143885e+00 1.466001197966912351e+01
8.270000000000143459e+00 1.486242642754346299e+01
8.290000000000143032e+00 1.486861338766148499e+01
8.310000000000142606e+00 1.506474620699397882e+01
8.330000000000142180e+00 1.517108163192520820e+01
8.350000000000141753e+00 1.528613593527625980e+01
8.370000000000141327e+00 1.547798492113192559e+01
8.390000000000140901e+00 1.557078522398612463e+01
8.410000000000140474e+00 1.562328581255619397e+01
8.430000000000140048e+00 1.586658583982204895e+01
8.450000000000139622e+00 1.593976068535808643e+01
8.470000000000139195e+00 1.596397861892955738e+01
8.490000000000138769e+00 1.608564536807970669e+01
8.510000000000138343e+00 1.640038041437180283e+01
8.530000000000137916e+00 1.646555615457934962e+01
8.550000000000137490e+00 1.635608796184875757e+01
8.570000000000137064e+00 1.660541403108256375e+01
8.590000000000136637e+00 1.678369344307815325e+01
8.610000000000136211e+00 1.690793235698578201e+01
8.630000000000135785e+00 1.688152865430502914e+01
8.650000000000135358e+00 1.702272786169049112e+01
8.670000000000134932e+00 1.721293005454155178e+01
8.690000000000134506e+00 1.728166653560620247e+01
8.710000000000134079e+00 1.741956850331483864e+01
8.730000000000133653e+00 1.750020480347880891e+01
8.750000000000133227e+00 1.765190866710938877e+01
8.770000000000132800e+00 1.774846651628005390e+01
8.790000000000132374e+00 1.788783357422045128e+01
8.810000000000131948e+00 1.791185777245662791e+01
8.830000000000131521e+00 1.814103610215127205e+01
8.850000000000131095e+00 1.820274699293028320e+01
8.870000000000130669e+00 1.819167194563132739e+01
8.890000000000130242e+00 1.830143727786514063e+01
8.910000000000129816e+00 1.847184274007666360e+01
8.930000000000129390e+00 1.863885486027193750e+01
8.950000000000128964e+00 1.857048079301641152e+01
8.970000000000128537e+00 1.876492120311978340e+01
8.990000000000128111e+00 1.881167450826043108e+01
9.010000000000127685e+00 1.893552234952038660e+01
9.030000000000127258e+00 1.908842700947384685e+01
9.050000000000126832e+00 1.916208106847832582e+01
9.070000000000126406e+00 1.921927872951374638e+01
9.090000000000125979e+00 1.929017983847070994e+01
9.110000000000125553e+00 1.933329836759735088e+01
9.130000000000125127e+00 1.952529281584817866e+01
9.150000000000124700e+00 1.954411605069467583e+01
9.170000000000124274e+00 1.967132066535775436e+01
9.190000000000123848e+00 1.965050568610559623e+01
9.210000000000123421e+00 1.983506896397444308e+01
9.230000000000122995e+00 1.982368669749865120e+01
9.250000000000122569e+00 1.988168194889877327e+01
9.270000000000122142e+00 2.002219153493298975e+01
9.290000000000121716e+00 2.001180128528505264e+01
9.310000000000121290e+00 2.008563931344841436e+01
9.330000000000120863e+00 2.018981004375275745e+01
9.350000000000120437e+00 2.021709290470967701e+01
9.370000000000120011e+00 2.041344173309327914e+01
9.390000000000119584e+00 2.037801487402194667e+01
9.410000000000119158e+00 2.037866344423894205e+01
9.430000000000118732e+00 2.049595011667118172e+01
9.450000000000118305e+00 2.048046529510598646e+01
9.470000000000117879e+00 2.060076698305277176e+01
9.490000000000117453e+00 2.058568838870342788e+01
9.510000000000117026e+00 2.080758649901297019e+01
9.530000000000116600e+00 2.073643551871925084e+01
9.550000000000116174e+00 2.066028343454575733e+01
9.570000000000115747e+00 2.077777797022521611e+01
9.590000000000115321e+00 2.083971328521514721e+01
9.610000000000114895e+00 2.084709982005853490e+01
9.630000000000114468e+00 2.096524333452088484e+01
9.650000000000114042e+00 2.091626699162653580e+01
9.670000000000113616e+00 2.106772518826263862e+01
9.690000000000113189e+00 2.089318114585278607e+01
9.710000000000112763e+00 2.101895301361548007e+01
9.730000000000112337e+00 2.109166238601902776e+01
9.750000000000111910e+00 2.107488274236045811e+01
9.770000000000111484e+00 2.106526545038195408e+01
9.790000000000111058e+00 2.120903621023053631e+01
9.810000000000110632e+00 2.117678482787585637e+01
9.830000000000110205e+00 2.101502528026354710e+01
9.850000000000109779e+00 2.113498034592468855e+01
9.870000000000109353e+00 2.130786892699979518e+01
9.890000000000108926e+00 2.118762516016038688e+01
9.910000000000108500e+00 2.120518321588565769e+01
9.930000000000108074e+00 2.116391608814145542e+01
9.950000000000107647e+00 2.115653753019356387e+01
9.970000000000107221e+00 2.126528214001843153e+01
9.990000000000106795e+00 2.124715272390993448e+01
1.001000000000010637e+01 2.122240377847717596e+01
1.003000000000010594e+01 2.120728571235617821e+01
1.005000000000010552e+01 2.129573074677410460e+01
1.007000000000010509e+01 2.125466105516017379e+01
1.009000000000010466e+01 2.128795181343180332e+01
1.011000000000010424e+01 2.123560666060134494e+01
1.013000000000010381e+01 2.126559030382254178e+01
1.015000000000010338e+01 2.120773456601293461e+01
1.017000000000010296e+01 2.121773992430001954e+01
1.019000000000010253e+01 2.120866774916366282e+01
1.021000000000010210e+01 2.129083840902883651e+01
1.023000000000010168e+01 2.111965055723025841e+01
1.025000000000010125e+01 2.110066403399023471e+01
1.027000000000010083e+01 2.126397824168803652e+01
1.029000000000010040e+01 2.121704813913242305e+01
1.031000000000009997e+01 2.114448206694843435e+01
1.033000000000009955e+01 2.133943306735998036e+01
1.035000000000009912e+01 2.112608235125172840e+01
1.037000000000009869e+01 2.128945424213174675e+01
1.039000000000009827e+01 2.118830876408565089e+01
1.041000000000009784e+01 2.106201919291709856e+01
1.043000000000009742e+01 2.108969492986819461e+01
1.045000000000009699e+01 2.128075471933258811e+01
1.047000000000009656e+01 2.108596243051556129e+01
1.049000000000009614e+01 2.115576022877122142e+01
1.051000000000009571e+01 2.105793542740300239e+01
1.053000000000009528e+01 2.106469989012679633e+01
1.055000000000009486e+01 2.117357635651423919e+01
1.057000000000009443e+01 2.119602225055566436e+01
1.059000000000009400e+01 2.108398632112777804e+01
1.061000000000009358e+01 2.123587632872021658e+01
1.063000000000009315e+01 2.113388847853433461e+01
1.065000000000009273e+01 2.102314080183154843e+01
1.067000000000009230e+01 2.111405952799993457e+01
1.069000000000009187e+01 2.103356704057843629e+01
1.071000000000009145e+01 2.118672204715873875e+01
1.073000000000009102e+01 2.122274119150111460e+01
1.075000000000009059e+01 2.111433426137691427e+01
1.077000000000009017e+01 2.112706295297134318e+01
1.079000000000008974e+01 2.113345013216714108e+01
1.081000000000008932e+01 2.118214706178827456e+01
1.083000000000008889e+01 2.120001843656021023e+01
1.085000000000008846e+01 2.126707251838993429e+01
1.087000000000008804e+01 2.118650736709536275e+01
1.089000000000008761e+01 2.120795527579494788e+01
1.091000000000008718e+01 2.122462162287968823e+01
1.093000000000008676e+01 2.121364774189962432e+01
1.095000000000008633e+01 2.139361905346763848e+01
1.097000000000008590e+01 2.132609922357272225e+01
1.099000000000008548e+01 2.129503201212103392e+01
1.101000000000008505e+01 2.120638928377628574e+01
1.103000000000008463e+01 2.155073019915075605e+01
1.105000000000008420e+01 2.144411078529777370e+01
1.107000000000008377e+01 2.139651560484645643e+01
1.109000000000008335e+01 2.142076951861722733e+01
1.111000000000008292e+01 2.152911528983256773e+01
1.113000000000008249e+01 2.150323256279078521e+01
1.115000000000008207e+01 2.169309566778149900e+01
1.117000000000008164e+01 2.156096679374530467e+01
1.119000000000008122e+01 2.168448966121877675e+01
1.121000000000008079e+01 2.171826239978646456e+01
1.123000000000008036e+01 2.190516458297936353e+01
1.125000000000007994e+01 2.189148409898108838e+01
1.127000000000007951e+01 2.178101013282568132e+01
1.129000000000007908e+01 2.184313837239481160e+01
1.131000000000007866e+01 2.192632223700908156e+01
1.133000000000007823e+01 2.200160210271013383e+01
1.135000000000007780e+01 2.206194954849645384e+01
1.137000000000007738e+01 2.232140459320298476e+01
1.139000000000007695e+01 2.215123243800065111e+01
1.141000000000007653e+01 2.223313418366943139e+01
1.143000000000007610e+01 2.232446547923188973e+01
1.145000000000007567e+01 2.240499332818491496e+01
1.147000000000007525e+01 2.241880374547972821e+01
1.149000000000007482e+01 2.243780504839320145e+01
1.151000000000007439e+01 2.267581495151296878e+01
1.153000000000007397e+01 2.263084135624970727e+01
1.155000000000007354e+01 2.262610650499007647e+01
1.157000000000007311e+01 2.283033310242692338e+01
1.159000000000007269e+01 2.294448037926641959e+01
1.161000000000007226e+01 2.286886660324681131e+01
1.163000000000007184e+01 2.300629163293071500e+01
1.165000000000007141e+01 2.299763521326767801e+01
1.167000000000007098e+01 2.306801800805595093e+01
1.169000000000007056e+01 2.315600950523300128e+01
1.171000000000007013e+01 2.323197913720793650e+01
1.173000000000006970e+01 2.340733056010841651e+01
1.175000000000006928e+01 2.352831721578110091e+01
1.177000000000006885e+01 2.344144705102656800e+01
1.179000000000006843e+01 2.350807178465961655e+01
1.181000000000006800e+01 2.350770036972519605e+01
1.183000000000006757e+01 2.371497773918903462e+01
1.185000000000006715e+01 2.386280725976970274e+01
1.187000000000006672e+01 2.380396167129764606e+01
1.189000000000006629e+01 2.397245463318873249e+01
1.191000000000006587e+01 2.385352385806487874e+01
1.193000000000006544e+01 2.401360104141241436e+01
1.195000000000006501e+01 2.402971687833300507e+01
1.197000000000006459e+01 2.411897023068818058e+01
1.199000000000006416e+01 2.413245943698903417e+01
1.201000000000006374e+01 2.417006327797289700e+01
1.203000000000006331e+01 2.434809918840788967e+01
1.205000000000006288e+01 2.446384936581765146e+01
1.207000000000006246e+01 2.448474826563900208e+01
1.209000000000006203e+01 2.441841793143692030e+01
1.211000000000006160e+01 2.437272304662646505e+01
1.213000000000006118e+01 2.458174421746573302e+01
1.215000000000006075e+01 2.453879737272233541e+01
1.217000000000006033e+01 2.457154774967953159e+01
1.219000000000005990e+01 2.473056927161844243e+01
1.221000000000005947e+01 2.473537645558394971e+01
1.223000000000005905e+01 2.481766119016765160e+01
1.225000000000005862e+01 2.458838540607172618e+01
1.227000000000005819e+01 2.482961001809519175e+01
1.229000000000005777e+01 2.482686098843443645e+01
1.231000000000005734e+01 2.471277606163205576e+01
1.233000000000005691e+01 2.499135263011580932e+01
1.235000000000005649e+01 2.478955863639677304e+01
1.237000000000005606e+01 2.490940396560000636e+01
1.239000000000005564e+01 2.485426382881567875e+01
1.241000000000005521e+01 2.497181255272110079e+01
1.243000000000005478e+01 2.488630154310629905e+01
1.245000000000005436e+01 2.477169034408575143e+01
1.247000000000005393e+01 2.492793568851549679e+01
1.249000000000005350e+01 2.491183198185840908e+01
1.251000000000005308e+01 2.481734941250536153e+01
1.253000000000005265e+01 2.481154250078371248e+01
1.255000000000005222e+01 2.497470226841322472e+01
1.257000000000005180e+01 2.485672748433648493e+01
1.259000000000005137e+01 2.473543741190473710e+01
1.261000000000005095e+01 2.472489020169936325e+01
1.263000000000005052e+01 2.472699040295059092e+01
1.265000000000005009e+01 2.471656767676577005e+01
1.267000000000004967e+01 2.475002691266992372e+01
1.269000000000004924e+01 2.470869508180119567e+01
1.271000000000004881e+01 2.459672451406681404e+01
1.273000000000004839e+01 2.449544944311232442e+01
1.275000000000004796e+01 2.442882716209546246e+01
1.277000000000004754e+01 2.444226298882960435e+01
1.279000000000004711e+01 2.448846375293088329e+01
1.281000000000004668e+01 2.433680053134398946e+01
1.283000000000004626e+01 2.442272359302711138e+01
1.285000000000004583e+01 2.417459296443979611e+01
1.287000000000004540e+01 2.422294046173655957e+01
1.289000000000004498e+01 2.414217861238005725e+01
1.291000000000004455e+01 2.393664369033133710e+01
1.293000000000004412e+01 2.388216432657316801e+01
1.295000000000004370e+01 2.389248569535563149e+01
1.297000000000004327e+01 2.392597116985227856e+01
1.299000000000004285e+01 2.384413284425357915e+01
1.301000000000004242e+01 2.368935227836307789e+01
1.303000000000004199e+01 2.352109074814496026e+01
1.305000000000004157e+01 2.340357919271527720e+01
1.307000000000004114e+01 2.344185871904912943e+01
1.309000000000004071e+01 2.333340012905067340e+01
1.311000000000004029e+01 2.340883755525147336e+01
1.313000000000003986e+01 2.319464107922245333e+01
1.315000000000003944e+01 2.305769806410868483e+01
1.317000000000003901e+01 2.296718628926549499e+01
1.319000000000003858e+01 2.288976327574251357e+01
1.321000000000003816e+01 2.279976525382549468e+01
1.323000000000003773e+01 2.278611153392003885e+01
1.325000000000003730e+01 2.254185400713326715e+01
1.327000000000003688e+01 2.255133935787141297e+01
1.329000000000003645e+01 2.233680500948401715e+01
1.331000000000003602e+01 2.222180962431639273e+01
1.333000000000003560e+01 2.236354372194020357e+01
1.335000000000003517e+01 2.218719638487069190e+01
1.337000000000003475e+01 2.186252302310048279e+01
1.339000000000003432e+01 2.172819648783555024e+01
1.341000000000003389e+01 2.189569636587283341e+01
1.343000000000003347e+01 2.177581167069693535e+01
1.345000000000003304e+01 2.135697866342566442e+01
1.347000000000003261e+01 2.144360608883859598e+01
1.349000000000003219e+01 2.138298036779946543e+01
1.351000000000003176e+01 2.124002592308494641e+01
1.353000000000003133e+01 2.102041166774554526e+01
1.355000000000003091e+01 2.084008777958838721e+01
1.357000000000003048e+01 2.065196849021742409e+01
1.359000000000003006e+01 2.043926106503316475e+01
1.361000000000002963e+01 2.015017988144975547e+01
1.363000000000002920e+01 1.962095972062921945e+01
1.365000000000002878e+01 1.926779499182231703e+01
1.367000000000002835e+01 1.872685621979568538e+01
1.369000000000002792e+01 1.831115413644304724e+01
1.371000000000002750e+01 1.800760738313672249e+01
1.373000000000002707e+01 1.725328341201738525e+01
1.375000000000002665e+01 1.664451598787182007e+01
1.377000000000002622e+01 1.619224779874387821e+01
1.379000000000002579e+01 1.553957059145725950e+01
1.381000000000002537e+01 1.514235507896669297e+01
1.383000000000002494e+01 1.462052359775440813e+01
1.385000000000002451e+01 1.411087199826383554e+01
1.387000000000002409e+01 1.371394531122720117e+01
1.389000000000002366e+01 1.327999503460569741e+01
1.391000000000002323e+01 1.295279991574140865e+01
1.393000000000002281e+01 1.230970495003878895e+01
1.395000000000002238e+01 1.192399795777777527e+01
1.397000000000002196e+01 1.146671152370473123e+01
1.399000000000002153e+01 1.100102839523514398e+01
1.401000000000002110e+01 1.025642439875409906e+01
1.403000000000002068e+01 9.554323233726435660e+00
1.405000000000002025e+01 8.713115098104308842e+00
1.407000000000001982e+01 7.954676430773949924e+00
1.409000000000001940e+01 7.120017737403023794e+00
1.411000000000001897e+01 6.447706935598756850e+00
1.413000000000001855e+01 5.702980928653182069e+00
1.415000000000001812e+01 4.985311959911206792e+00
1.417000000000001769e+01 4.425592935618201551e+00
1.419000000000001727e+01 3.886385167793128481e+00
1.421000000000001684e+01 3.484509513662888303e+00
1.423000000000001641e+01 3.038374571645582112e+00
1.425000000000001599e+01 2.709300179775028017e+00
1.427000000000001556e+01 2.249487722743729989e+00
1.429000000000001513e+01 1.881795427552742206e+00
1.431000000000001471e+01 1.636664033676415553e+00
1.433000000000001428e+01 1.446509044337555006e+00
1.435000000000001386e+01 1.243019787476197457e+00
1.437000000000001343e+01 9.463663790290081090e-01
1.439000000000001300e+01 6.911656924118632084e-01
1.441000000000001258e+01 5.193007063958455793e-01
1.443000000000001215e+01 3.822090854638575119e-01
1.445000000000001172e+01 2.636107590853372096e-01
1.447000000000001130e+01 1.453873896824623146e-01
1.449000000000001087e+01 5.391780575663016745e-02
1.451000000000001044e+01 1.080776638481709823e-02
1.453000000000001002e+01 9.616376513198691838e-08
1.455000000000000959e+01 8.563341730167480805e-08
1.457000000000000917e+01 1.969998171081033604e-14
1.459000000000000874e+01 1.562164010081183753e-17
1.461000000000000831e+01 1.280802551683124626e-17
1.463000000000000789e+01 0.000000000000000000e+00
1.465000000000000746e+01 0.000000000000000000e+00
1.467000000000000703e+01 0.000000000000000000e+00
1.469000000000000661e+01 0.000000000000000000e+00
1.471000000000000618e+01 0.000000000000000000e+00
1.473000000000000576e+01 0.000000000000000000e+00
1.475000000000000533e+01 0.000000000000000000e+00
1.477000000000000490e+01 0.000000000000000000e+00
1.479000000000000448e+01 0.000000000000000000e+00
1.481000000000000405e+01 0.000000000000000000e+00
1.483000000000000362e+01 0.000000000000000000e+00
1.485000000000000320e+01 0.000000000000000000e+00
1.487000000000000277e+01 0.000000000000000000e+00
1.489000000000000234e+01 0.000000000000000000e+00
1.491000000000000192e+01 0.000000000000000000e+00
1.493000000000000149e+01 0.000000000000000000e+00
1.495000000000000107e+01 0.000000000000000000e+00
1.497000000000000064e+01 0.000000000000000000e+00
1.499000000000000021e+01 0.000000000000000000e+00
