# Redshift		Merger Rate Density [Gpc^-3yr^-1]
1.000000000031931770e-02 1.837715587134441364e+02
3.000000000031888964e-02 1.921212947599463519e+02
5.000000000031846331e-02 2.006263429929314839e+02
7.000000000031804392e-02 2.094766531927930373e+02
9.000000000031761760e-02 2.187519461476616698e+02
1.100000000003171913e-01 2.276845567208765146e+02
1.300000000003167511e-01 2.373149400188372624e+02
1.500000000003163247e-01 2.471043836973326790e+02
1.700000000003158984e-01 2.561546136386112948e+02
1.900000000003154721e-01 2.667225089462246501e+02
2.100000000003150458e-01 2.769237097309589899e+02
2.300000000003146194e-01 2.882884365387242838e+02
2.500000000003141931e-01 2.979786569118631974e+02
2.700000000003137668e-01 3.097288910869824008e+02
2.900000000003133405e-01 3.198670188758428594e+02
3.100000000003129141e-01 3.307618380652886572e+02
3.300000000003124878e-01 3.430378439965542725e+02
3.500000000003120615e-01 3.541677474076877843e+02
3.700000000003116352e-01 3.659136710050250372e+02
3.900000000003112088e-01 3.785004074876252389e+02
4.100000000003107825e-01 3.889479819127644760e+02
4.300000000003103562e-01 4.014923572126176623e+02
4.500000000003099299e-01 4.139708364634315103e+02
4.700000000003095035e-01 4.265792276158103959e+02
4.900000000003090772e-01 4.384213569909369994e+02
5.100000000003086509e-01 4.512878490860912848e+02
5.300000000003082246e-01 4.627422313360775661e+02
5.500000000003077982e-01 4.759732531827293656e+02
5.700000000003073719e-01 4.889367181959960931e+02
5.900000000003069456e-01 5.013339159795348223e+02
6.100000000003065193e-01 5.138531619222983409e+02
6.300000000003060929e-01 5.266367924696996852e+02
6.500000000003056666e-01 5.392822883983329803e+02
6.700000000003052403e-01 5.513549052481924946e+02
6.900000000003048140e-01 5.640955724438063044e+02
7.100000000003043876e-01 5.771056779154973810e+02
7.300000000003039613e-01 5.902117242461554270e+02
7.500000000003035350e-01 6.007286855102591971e+02
7.700000000003031086e-01 6.145986294468507367e+02
7.900000000003026823e-01 6.253839726226607354e+02
8.100000000003022560e-01 6.379227438177845215e+02
8.300000000003018297e-01 6.495291645143257711e+02
8.500000000003014033e-01 6.625566755614869408e+02
8.700000000003009770e-01 6.725558452601543422e+02
8.900000000003005507e-01 6.843477905878918364e+02
9.100000000003001244e-01 6.942446294625551673e+02
9.300000000002996980e-01 7.054702163867175386e+02
9.500000000002992717e-01 7.171539568521420733e+02
9.700000000002988454e-01 7.269135331544540577e+02
9.900000000002984191e-01 7.356435907293374612e+02
1.010000000000297993e+00 7.461481431694843423e+02
1.030000000000297566e+00 7.555285663566054382e+02
1.050000000000297140e+00 7.648138623534832732e+02
1.070000000000296714e+00 7.736635261389776588e+02
1.090000000000296287e+00 7.834590939533637766e+02
1.110000000000295861e+00 7.908766493711962084e+02
1.130000000000295435e+00 7.986253868777769185e+02
1.150000000000295008e+00 8.069478929899313471e+02
1.170000000000294582e+00 8.145634814226339131e+02
1.190000000000294156e+00 8.210034098692316320e+02
1.210000000000293729e+00 8.276698144723369523e+02
1.230000000000293303e+00 8.338322265298983211e+02
1.250000000000292877e+00 8.390551920160954751e+02
1.270000000000292451e+00 8.446778616964895718e+02
1.290000000000292024e+00 8.511510348188089665e+02
1.310000000000291598e+00 8.558683121628703248e+02
1.330000000000291172e+00 8.603417477557485427e+02
1.350000000000290745e+00 8.643653985252786924e+02
1.370000000000290319e+00 8.653168650195835880e+02
1.390000000000289893e+00 8.727258769096162041e+02
1.410000000000289466e+00 8.733001650322661362e+02
1.430000000000289040e+00 8.763925560568130777e+02
1.450000000000288614e+00 8.796017281259347556e+02
1.470000000000288187e+00 8.797949759384081290e+02
1.490000000000287761e+00 8.824005208934710254e+02
1.510000000000287335e+00 8.815195403751138201e+02
1.530000000000286908e+00 8.826556670085781207e+02
1.550000000000286482e+00 8.835338425468636387e+02
1.570000000000286056e+00 8.829863160116165091e+02
1.590000000000285629e+00 8.838223009273273192e+02
1.610000000000285203e+00 8.821450757538342486e+02
1.630000000000284777e+00 8.823703530934826631e+02
1.650000000000284350e+00 8.793845146050383619e+02
1.670000000000283924e+00 8.795950299728252730e+02
1.690000000000283498e+00 8.744800693297472662e+02
1.710000000000283071e+00 8.711397296745266203e+02
1.730000000000282645e+00 8.720817942467595003e+02
1.750000000000282219e+00 8.660489953672899901e+02
1.770000000000281792e+00 8.636573659050217202e+02
1.790000000000281366e+00 8.582055945289391730e+02
1.810000000000280940e+00 8.568618141798878014e+02
1.830000000000280513e+00 8.511591747236246874e+02
1.850000000000280087e+00 8.444147121819912627e+02
1.870000000000279661e+00 8.410058896356994182e+02
1.890000000000279234e+00 8.352362912004130067e+02
1.910000000000278808e+00 8.289323493626717436e+02
1.930000000000278382e+00 8.218205719560938860e+02
1.950000000000277955e+00 8.164438130924950201e+02
1.970000000000277529e+00 8.122969716259369761e+02
1.990000000000277103e+00 8.029237543130956283e+02
2.010000000000276899e+00 7.967243195573456660e+02
2.030000000000276472e+00 7.896856587103584388e+02
2.050000000000276046e+00 7.847164205426623766e+02
2.070000000000275620e+00 7.747942789426840591e+02
2.090000000000275193e+00 7.685647158536729648e+02
2.110000000000274767e+00 7.613192548243742976e+02
2.130000000000274341e+00 7.516858980056124437e+02
2.150000000000273914e+00 7.449326334866570960e+02
2.170000000000273488e+00 7.368508834654942348e+02
2.190000000000273062e+00 7.280410316058273565e+02
2.210000000000272635e+00 7.194371586713155011e+02
2.230000000000272209e+00 7.119743289158560628e+02
2.250000000000271783e+00 7.038075703384491817e+02
2.270000000000271356e+00 6.949177071653172106e+02
2.290000000000270930e+00 6.846612819345349408e+02
2.310000000000270504e+00 6.770800167493998742e+02
2.330000000000270077e+00 6.691561517680712541e+02
2.350000000000269651e+00 6.603775564012975110e+02
2.370000000000269225e+00 6.509615760356233523e+02
2.390000000000268798e+00 6.426282672529722504e+02
2.410000000000268372e+00 6.347143994243474481e+02
2.430000000000267946e+00 6.250082208936688630e+02
2.450000000000267519e+00 6.161277572447040711e+02
2.470000000000267093e+00 6.085830807789583332e+02
2.490000000000266667e+00 5.989837889975741518e+02
2.510000000000266240e+00 5.906218734596729973e+02
2.530000000000265814e+00 5.822842557173066780e+02
2.550000000000265388e+00 5.732173836721999578e+02
2.570000000000264961e+00 5.645001040561114678e+02
2.590000000000264535e+00 5.563250596637362833e+02
2.610000000000264109e+00 5.479407503549481362e+02
2.630000000000263682e+00 5.400753295867708630e+02
2.650000000000263256e+00 5.320718459285177460e+02
2.670000000000262830e+00 5.225751042946354801e+02
2.690000000000262403e+00 5.150880596062370387e+02
2.710000000000261977e+00 5.084450230701799001e+02
2.730000000000261551e+00 4.987338440156215711e+02
2.750000000000261124e+00 4.905038662677857246e+02
2.770000000000260698e+00 4.836138960766347168e+02
2.790000000000260272e+00 4.758681369246275494e+02
2.810000000000259845e+00 4.673914533502903055e+02
2.830000000000259419e+00 4.599704792309044024e+02
2.850000000000258993e+00 4.522681621526161848e+02
2.870000000000258567e+00 4.451751668044223607e+02
2.890000000000258140e+00 4.380576901329282009e+02
2.910000000000257714e+00 4.314606865518968561e+02
2.930000000000257288e+00 4.234554127430885728e+02
2.950000000000256861e+00 4.169088075436001759e+02
2.970000000000256435e+00 4.095128101921184225e+02
2.990000000000256009e+00 4.038399139711840462e+02
3.010000000000255582e+00 3.966329527287571182e+02
3.030000000000255156e+00 3.895897664252984782e+02
3.050000000000254730e+00 3.834784958395578087e+02
3.070000000000254303e+00 3.763984463619468102e+02
3.090000000000253877e+00 3.703426656413378737e+02
3.110000000000253451e+00 3.643562197152768363e+02
3.130000000000253024e+00 3.584774747465078804e+02
3.150000000000252598e+00 3.519335521107918225e+02
3.170000000000252172e+00 3.462664585847654735e+02
3.190000000000251745e+00 3.396559923613582441e+02
3.210000000000251319e+00 3.342749020130522126e+02
3.230000000000250893e+00 3.290551923312696090e+02
3.250000000000250466e+00 3.228925381572109927e+02
3.270000000000250040e+00 3.173379736999991110e+02
3.290000000000249614e+00 3.121439518844462668e+02
3.310000000000249187e+00 3.072191052347075697e+02
3.330000000000248761e+00 3.020659933253421627e+02
3.350000000000248335e+00 2.965064227274176005e+02
3.370000000000247908e+00 2.912788605906521866e+02
3.390000000000247482e+00 2.870917221155414154e+02
3.410000000000247056e+00 2.819734808518777527e+02
3.430000000000246629e+00 2.770219935895735830e+02
3.450000000000246203e+00 2.717349490155786498e+02
3.470000000000245777e+00 2.682593699985823150e+02
3.490000000000245350e+00 2.628535384850961236e+02
3.510000000000244924e+00 2.583628623014103027e+02
3.530000000000244498e+00 2.541285742682632076e+02
3.550000000000244071e+00 2.497946272543058797e+02
3.570000000000243645e+00 2.464336248915084013e+02
3.590000000000243219e+00 2.417259815322210841e+02
3.610000000000242792e+00 2.377952108173318209e+02
3.630000000000242366e+00 2.338595062639501236e+02
3.650000000000241940e+00 2.299570520236918298e+02
3.670000000000241513e+00 2.264500004004691220e+02
3.690000000000241087e+00 2.226412916580497381e+02
3.710000000000240661e+00 2.194284351320915221e+02
3.730000000000240234e+00 2.153068682916780574e+02
3.750000000000239808e+00 2.123020867806464480e+02
3.770000000000239382e+00 2.089964338585466237e+02
3.790000000000238956e+00 2.059387493368573416e+02
3.810000000000238529e+00 2.022396296931769939e+02
3.830000000000238103e+00 1.992168583061179561e+02
3.850000000000237677e+00 1.958625304449996349e+02
3.870000000000237250e+00 1.926733380738709513e+02
3.890000000000236824e+00 1.905875781931576967e+02
3.910000000000236398e+00 1.875306330211160741e+02
3.930000000000235971e+00 1.841304243895646096e+02
3.950000000000235545e+00 1.814557044158333383e+02
3.970000000000235119e+00 1.785788216243146564e+02
3.990000000000234692e+00 1.759442829005488420e+02
4.010000000000234266e+00 1.733769461006594383e+02
4.030000000000233840e+00 1.709381500887822085e+02
4.050000000000233413e+00 1.687026496871108634e+02
4.070000000000232987e+00 1.658481850704932015e+02
4.090000000000232561e+00 1.639793474329092362e+02
4.110000000000232134e+00 1.614222435964940985e+02
4.130000000000231708e+00 1.589766399409660096e+02
4.150000000000231282e+00 1.568102871134374254e+02
4.170000000000230855e+00 1.544668946265345824e+02
4.190000000000230429e+00 1.524235070583938239e+02
4.210000000000230003e+00 1.504486892532131321e+02
4.230000000000229576e+00 1.481688401413909446e+02
4.250000000000229150e+00 1.460872991215508989e+02
4.270000000000228724e+00 1.441501260106180382e+02
4.290000000000228297e+00 1.427144667825819226e+02
4.310000000000227871e+00 1.402618178083450005e+02
4.330000000000227445e+00 1.385231659509521762e+02
4.350000000000227018e+00 1.365130955653395404e+02
4.370000000000226592e+00 1.350089017659889805e+02
4.390000000000226166e+00 1.331254306595693322e+02
4.410000000000225739e+00 1.316002630037925485e+02
4.430000000000225313e+00 1.298234421578187607e+02
4.450000000000224887e+00 1.282127643891026594e+02
4.470000000000224460e+00 1.265518360375593971e+02
4.490000000000224034e+00 1.247978427248295361e+02
4.510000000000223608e+00 1.235579884485368609e+02
4.530000000000223181e+00 1.218353469819983701e+02
4.550000000000222755e+00 1.208296492601183161e+02
4.570000000000222329e+00 1.193427340806364469e+02
4.590000000000221902e+00 1.177568741465678954e+02
4.610000000000221476e+00 1.164201739828321962e+02
4.630000000000221050e+00 1.146423138271920266e+02
4.650000000000220624e+00 1.137687751928589250e+02
4.670000000000220197e+00 1.124335477506919148e+02
4.690000000000219771e+00 1.112344337874030344e+02
4.710000000000219345e+00 1.096309993600089285e+02
4.730000000000218918e+00 1.085222983891526525e+02
4.750000000000218492e+00 1.071764011990518526e+02
4.770000000000218066e+00 1.060829983410088460e+02
4.790000000000217639e+00 1.051002614119782521e+02
4.810000000000217213e+00 1.036968591959803518e+02
4.830000000000216787e+00 1.027644467068559209e+02
4.850000000000216360e+00 1.016719965830163517e+02
4.870000000000215934e+00 1.006566970534466492e+02
4.890000000000215508e+00 9.942029471958176146e+01
4.910000000000215081e+00 9.826093656529059217e+01
4.930000000000214655e+00 9.731345273104243176e+01
4.950000000000214229e+00 9.631989526661774903e+01
4.970000000000213802e+00 9.518271221344026856e+01
4.990000000000213376e+00 9.453351362637839372e+01
5.010000000000212950e+00 9.359340722346246366e+01
5.030000000000212523e+00 9.243529329530051086e+01
5.050000000000212097e+00 9.165605718774490640e+01
5.070000000000211671e+00 9.054150559155714006e+01
5.090000000000211244e+00 8.999810284924359394e+01
5.110000000000210818e+00 8.886628742492830213e+01
5.130000000000210392e+00 8.805684446477353333e+01
5.150000000000209965e+00 8.737743561925552171e+01
5.170000000000209539e+00 8.632088420407642104e+01
5.190000000000209113e+00 8.558153732463289032e+01
5.210000000000208686e+00 8.455075379952485548e+01
5.230000000000208260e+00 8.382656096696867110e+01
5.250000000000207834e+00 8.291123732446433792e+01
5.270000000000207407e+00 8.244854172949948179e+01
5.290000000000206981e+00 8.174815921600234958e+01
5.310000000000206555e+00 8.054507048207261732e+01
5.330000000000206128e+00 7.995684105380075835e+01
5.350000000000205702e+00 7.936176311193267452e+01
5.370000000000205276e+00 7.857436779481093936e+01
5.390000000000204849e+00 7.809190067250442269e+01
5.410000000000204423e+00 7.737616552678596804e+01
5.430000000000203997e+00 7.654805334371575043e+01
5.450000000000203570e+00 7.585232598236582646e+01
5.470000000000203144e+00 7.528709421347294040e+01
5.490000000000202718e+00 7.454314794248072928e+01
5.510000000000202292e+00 7.399050627808053093e+01
5.530000000000201865e+00 7.304205593670754126e+01
5.550000000000201439e+00 7.270130814780218032e+01
5.570000000000201013e+00 7.180068316888350921e+01
5.590000000000200586e+00 7.116920214153758195e+01
5.610000000000200160e+00 7.048314832716560829e+01
5.630000000000199734e+00 6.981659496473133686e+01
5.650000000000199307e+00 6.956120422756035282e+01
5.670000000000198881e+00 6.876287572983576979e+01
5.690000000000198455e+00 6.812740057497954638e+01
5.710000000000198028e+00 6.757879670598006783e+01
5.730000000000197602e+00 6.678196115580827552e+01
5.750000000000197176e+00 6.642967356979460192e+01
5.770000000000196749e+00 6.561340856522302545e+01
5.790000000000196323e+00 6.527735367849375336e+01
5.810000000000195897e+00 6.487052858974072933e+01
5.830000000000195470e+00 6.422567786950244795e+01
5.850000000000195044e+00 6.374896067064064908e+01
5.870000000000194618e+00 6.320264385462735390e+01
5.890000000000194191e+00 6.267089808959354258e+01
5.910000000000193765e+00 6.217044139708350770e+01
5.930000000000193339e+00 6.186266058680082836e+01
5.950000000000192912e+00 6.144626615613297815e+01
5.970000000000192486e+00 6.088164995608435248e+01
5.990000000000192060e+00 6.062132651420256479e+01
6.010000000000191633e+00 6.021253306643819059e+01
6.030000000000191207e+00 5.954966792011973808e+01
6.050000000000190781e+00 5.915364271974205224e+01
6.070000000000190354e+00 5.863259507766714052e+01
6.090000000000189928e+00 5.846092732637855960e+01
6.110000000000189502e+00 5.779301398646966703e+01
6.130000000000189075e+00 5.756285948729205160e+01
6.150000000000188649e+00 5.706074436365491920e+01
6.170000000000188223e+00 5.659071232196922807e+01
6.190000000000187796e+00 5.620400254689070607e+01
6.210000000000187370e+00 5.560721496790689855e+01
6.230000000000186944e+00 5.539697855241256974e+01
6.250000000000186517e+00 5.487181311784071625e+01
6.270000000000186091e+00 5.457303163359962639e+01
6.290000000000185665e+00 5.407293071729228728e+01
6.310000000000185238e+00 5.382001418369503654e+01
6.330000000000184812e+00 5.336901790150563585e+01
6.350000000000184386e+00 5.288574835603556323e+01
6.370000000000183960e+00 5.262984602273006374e+01
6.390000000000183533e+00 5.241654567064504278e+01
6.410000000000183107e+00 5.192201551605845111e+01
6.430000000000182681e+00 5.176070394027500754e+01
6.450000000000182254e+00 5.136800053366164320e+01
6.470000000000181828e+00 5.116914684062221852e+01
6.490000000000181402e+00 5.082866034356511875e+01
6.510000000000180975e+00 5.079186857375336928e+01
6.530000000000180549e+00 5.033822251224469824e+01
6.550000000000180123e+00 5.007237244485396133e+01
6.570000000000179696e+00 4.990284060961776902e+01
6.590000000000179270e+00 4.965492645902928359e+01
6.610000000000178844e+00 4.935410121491398172e+01
6.630000000000178417e+00 4.922381296816922713e+01
6.650000000000177991e+00 4.896745854350560734e+01
6.670000000000177565e+00 4.872919633868195888e+01
6.690000000000177138e+00 4.853166008434615719e+01
6.710000000000176712e+00 4.846945115138629490e+01
6.730000000000176286e+00 4.812602468224753238e+01
6.750000000000175859e+00 4.805234364078754083e+01
6.770000000000175433e+00 4.775585634721855399e+01
6.790000000000175007e+00 4.741219821700262571e+01
6.810000000000174580e+00 4.732223447040477993e+01
6.830000000000174154e+00 4.714839458442015996e+01
6.850000000000173728e+00 4.681588720055082575e+01
6.870000000000173301e+00 4.662746156951573795e+01
6.890000000000172875e+00 4.646425674555045759e+01
6.910000000000172449e+00 4.638958296763011191e+01
6.930000000000172022e+00 4.622166190950942877e+01
6.950000000000171596e+00 4.623984184074801362e+01
6.970000000000171170e+00 4.604766902332882950e+01
6.990000000000170743e+00 4.588757162793510957e+01
7.010000000000170317e+00 4.581454923963882919e+01
7.030000000000169891e+00 4.582467584087706314e+01
7.050000000000169464e+00 4.574137170191595203e+01
7.070000000000169038e+00 4.565296897906011253e+01
7.090000000000168612e+00 4.560175291678780951e+01
7.110000000000168185e+00 4.564211900421324231e+01
7.130000000000167759e+00 4.543471337654384712e+01
7.150000000000167333e+00 4.549995845875820777e+01
7.170000000000166906e+00 4.557512631688213389e+01
7.190000000000166480e+00 4.529828620347889512e+01
7.210000000000166054e+00 4.539204308023424517e+01
7.230000000000165628e+00 4.531250908078239803e+01
7.250000000000165201e+00 4.536336381944563101e+01
7.270000000000164775e+00 4.528575689352626199e+01
7.290000000000164349e+00 4.523938752349609871e+01
7.310000000000163922e+00 4.525921145894482578e+01
7.330000000000163496e+00 4.522943427868313648e+01
7.350000000000163070e+00 4.512191093277856879e+01
7.370000000000162643e+00 4.523686721987795067e+01
7.390000000000162217e+00 4.519066336375536963e+01
7.410000000000161791e+00 4.530078194242972245e+01
7.430000000000161364e+00 4.531065617641542786e+01
7.450000000000160938e+00 4.527334718935927782e+01
7.470000000000160512e+00 4.543727444220503031e+01
7.490000000000160085e+00 4.539337912495565774e+01
7.510000000000159659e+00 4.543322955555979803e+01
7.530000000000159233e+00 4.541677237466328876e+01
7.550000000000158806e+00 4.553742390070609503e+01
7.570000000000158380e+00 4.570573331580162346e+01
7.590000000000157954e+00 4.578748791230471227e+01
7.610000000000157527e+00 4.577202532613109298e+01
7.630000000000157101e+00 4.586938892489278174e+01
7.650000000000156675e+00 4.602647509982263330e+01
7.670000000000156248e+00 4.613701673727997843e+01
7.690000000000155822e+00 4.623086322034455264e+01
7.710000000000155396e+00 4.631306566925765367e+01
7.730000000000154969e+00 4.639693903608291237e+01
7.750000000000154543e+00 4.641063182217345684e+01
7.770000000000154117e+00 4.647277186712209129e+01
7.790000000000153690e+00 4.657017697524801036e+01
7.810000000000153264e+00 4.673881757844884532e+01
7.830000000000152838e+00 4.674307026710804536e+01
7.850000000000152411e+00 4.695831579433829006e+01
7.870000000000151985e+00 4.700463675109446626e+01
7.890000000000151559e+00 4.709729886828306178e+01
7.910000000000151132e+00 4.714358419698108094e+01
7.930000000000150706e+00 4.733453317225420420e+01
7.950000000000150280e+00 4.748509844698860149e+01
7.970000000000149853e+00 4.763311402044702447e+01
7.990000000000149427e+00 4.758204523770448446e+01
8.010000000000149001e+00 4.775057813049090782e+01
8.030000000000148574e+00 4.790363301345468727e+01
8.050000000000148148e+00 4.799121629720792015e+01
8.070000000000147722e+00 4.829980341102670138e+01
8.090000000000147296e+00 4.831220473538931515e+01
8.110000000000146869e+00 4.838333242791770772e+01
8.130000000000146443e+00 4.850898895029573765e+01
8.150000000000146017e+00 4.866955873968797874e+01
8.170000000000145590e+00 4.865641528243678948e+01
8.190000000000145164e+00 4.882717023406384271e+01
8.210000000000144738e+00 4.897751198651955917e+01
8.230000000000144311e+00 4.893184819943655839e+01
8.250000000000143885e+00 4.923686396215345695e+01
8.270000000000143459e+00 4.923101622554796819e+01
8.290000000000143032e+00 4.926397103240718423e+01
8.310000000000142606e+00 4.939158928559464101e+01
8.330000000000142180e+00 4.957904373002398302e+01
8.350000000000141753e+00 4.957948352061385577e+01
8.370000000000141327e+00 4.967322235073075376e+01
8.390000000000140901e+00 4.968930660235599106e+01
8.410000000000140474e+00 4.998266029023677959e+01
8.430000000000140048e+00 4.986481301399736310e+01
8.450000000000139622e+00 4.998350496822975941e+01
8.470000000000139195e+00 5.001677547729289586e+01
8.490000000000138769e+00 5.019509198029212627e+01
8.510000000000138343e+00 5.019065381025606598e+01
8.530000000000137916e+00 5.022196186268426032e+01
8.550000000000137490e+00 5.034544115165470402e+01
8.570000000000137064e+00 5.034511396344420575e+01
8.590000000000136637e+00 5.038257644643264399e+01
8.610000000000136211e+00 5.028061716797979130e+01
8.630000000000135785e+00 5.041210090493295581e+01
8.650000000000135358e+00 5.048155482249442372e+01
8.670000000000134932e+00 5.047913186371812344e+01
8.690000000000134506e+00 5.042348435190618261e+01
8.710000000000134079e+00 5.044321938062120125e+01
8.730000000000133653e+00 5.049104834013252940e+01
8.750000000000133227e+00 5.036058611446779310e+01
8.770000000000132800e+00 5.047996203668468951e+01
8.790000000000132374e+00 5.036799326711375357e+01
8.810000000000131948e+00 5.039597179839033458e+01
8.830000000000131521e+00 5.036555281080177338e+01
8.850000000000131095e+00 5.018413361755223434e+01
8.870000000000130669e+00 5.029135685654379273e+01
8.890000000000130242e+00 5.020540198145084787e+01
8.910000000000129816e+00 5.001170295668964627e+01
8.930000000000129390e+00 5.003155259225838591e+01
8.950000000000128964e+00 4.991095963191141749e+01
8.970000000000128537e+00 4.991172446784647576e+01
8.990000000000128111e+00 4.988319132355803021e+01
9.010000000000127685e+00 4.968327592692313743e+01
9.030000000000127258e+00 4.951277135550856912e+01
9.050000000000126832e+00 4.947307732971133731e+01
9.070000000000126406e+00 4.924588154480483837e+01
9.090000000000125979e+00 4.927057299045564065e+01
9.110000000000125553e+00 4.903952685695064417e+01
9.130000000000125127e+00 4.892100347822714212e+01
9.150000000000124700e+00 4.871575681409358083e+01
9.170000000000124274e+00 4.853597631074045182e+01
9.190000000000123848e+00 4.851902731836175064e+01
9.210000000000123421e+00 4.826189150662320770e+01
9.230000000000122995e+00 4.812226136714537006e+01
9.250000000000122569e+00 4.786540153346535931e+01
9.270000000000122142e+00 4.771333498349768121e+01
9.290000000000121716e+00 4.742112533071046698e+01
9.310000000000121290e+00 4.737218690853883629e+01
9.330000000000120863e+00 4.707003283068009836e+01
9.350000000000120437e+00 4.680115728034083133e+01
9.370000000000120011e+00 4.667645141062906333e+01
9.390000000000119584e+00 4.647637084595120172e+01
9.410000000000119158e+00 4.607582363396277714e+01
9.430000000000118732e+00 4.601885773837881999e+01
9.450000000000118305e+00 4.565058314670653772e+01
9.470000000000117879e+00 4.547530879533585590e+01
9.490000000000117453e+00 4.514293821161960096e+01
9.510000000000117026e+00 4.488027537699207414e+01
9.530000000000116600e+00 4.458454191985310899e+01
9.550000000000116174e+00 4.442096574824474686e+01
9.570000000000115747e+00 4.412914983909761446e+01
9.590000000000115321e+00 4.374882785850864053e+01
9.610000000000114895e+00 4.343757109339451716e+01
9.630000000000114468e+00 4.320888265391934624e+01
9.650000000000114042e+00 4.292752473900421961e+01
9.670000000000113616e+00 4.265841490043823114e+01
9.690000000000113189e+00 4.238253670253494221e+01
9.710000000000112763e+00 4.205710661775137282e+01
9.730000000000112337e+00 4.176462499006885309e+01
9.750000000000111910e+00 4.136289406390433498e+01
9.770000000000111484e+00 4.107513190135534131e+01
9.790000000000111058e+00 4.086169451658456353e+01
9.810000000000110632e+00 4.038293677129065173e+01
9.830000000000110205e+00 4.012008906265629093e+01
9.850000000000109779e+00 3.986157947358575626e+01
9.870000000000109353e+00 3.944072377179040956e+01
9.890000000000108926e+00 3.919116252026243785e+01
9.910000000000108500e+00 3.887479116071965990e+01
9.930000000000108074e+00 3.855915772667212593e+01
9.950000000000107647e+00 3.821153217003192992e+01
9.970000000000107221e+00 3.794325931585636624e+01
9.990000000000106795e+00 3.755404461739664157e+01
1.001000000000010637e+01 3.719716474863777478e+01
1.003000000000010594e+01 3.690478052669750042e+01
1.005000000000010552e+01 3.661013099556512884e+01
1.007000000000010509e+01 3.626146912011886059e+01
1.009000000000010466e+01 3.588888764536573461e+01
1.011000000000010424e+01 3.557825333532672119e+01
1.013000000000010381e+01 3.534942138363916797e+01
1.015000000000010338e+01 3.499138043798127740e+01
1.017000000000010296e+01 3.467460541232843951e+01
1.019000000000010253e+01 3.431529845400390144e+01
1.021000000000010210e+01 3.409391772711399682e+01
1.023000000000010168e+01 3.371572745498313139e+01
1.025000000000010125e+01 3.341873948264503724e+01
1.027000000000010083e+01 3.309749275226108267e+01
1.029000000000010040e+01 3.288605599003288660e+01
1.031000000000009997e+01 3.254489837297992949e+01
1.033000000000009955e+01 3.218659778451118569e+01
1.035000000000009912e+01 3.195814374747456910e+01
1.037000000000009869e+01 3.171078482619144623e+01
1.039000000000009827e+01 3.135679210212722623e+01
1.041000000000009784e+01 3.114177622339681051e+01
1.043000000000009742e+01 3.078737037372138730e+01
1.045000000000009699e+01 3.051413620314509245e+01
1.047000000000009656e+01 3.028504335338033826e+01
1.049000000000009614e+01 3.006704592909127527e+01
1.051000000000009571e+01 2.979188312474241940e+01
1.053000000000009528e+01 2.950920635648543566e+01
1.055000000000009486e+01 2.930122856044913959e+01
1.057000000000009443e+01 2.906061691776805844e+01
1.059000000000009400e+01 2.883398394192580838e+01
1.061000000000009358e+01 2.854991857798044563e+01
1.063000000000009315e+01 2.834618932097186672e+01
1.065000000000009273e+01 2.808764014605585402e+01
1.067000000000009230e+01 2.789218948057840919e+01
1.069000000000009187e+01 2.775119836548910612e+01
1.071000000000009145e+01 2.750997788737983285e+01
1.073000000000009102e+01 2.724558165790909570e+01
1.075000000000009059e+01 2.716022425182710265e+01
1.077000000000009017e+01 2.686886210534954245e+01
1.079000000000008974e+01 2.674877905618866336e+01
1.081000000000008932e+01 2.658564380904158497e+01
1.083000000000008889e+01 2.638911348089799702e+01
1.085000000000008846e+01 2.621088940305289583e+01
1.087000000000008804e+01 2.607702898137742054e+01
1.089000000000008761e+01 2.591918075643614117e+01
1.091000000000008718e+01 2.579368912927444768e+01
1.093000000000008676e+01 2.565509840538650366e+01
1.095000000000008633e+01 2.545068300429875308e+01
1.097000000000008590e+01 2.540076860149608606e+01
1.099000000000008548e+01 2.525099657400074449e+01
1.101000000000008505e+01 2.514979562593534723e+01
1.103000000000008463e+01 2.501379498394337730e+01
1.105000000000008420e+01 2.490434315918307107e+01
1.107000000000008377e+01 2.477505614074569351e+01
1.109000000000008335e+01 2.474209890269319700e+01
1.111000000000008292e+01 2.461677339419735233e+01
1.113000000000008249e+01 2.459158508596393489e+01
1.115000000000008207e+01 2.444085330856552929e+01
1.117000000000008164e+01 2.436602527117030803e+01
1.119000000000008122e+01 2.429551715168148363e+01
1.121000000000008079e+01 2.432984556407303955e+01
1.123000000000008036e+01 2.419398893170470544e+01
1.125000000000007994e+01 2.413535318140302977e+01
1.127000000000007951e+01 2.412579488330041855e+01
1.129000000000007908e+01 2.405722699000352094e+01
1.131000000000007866e+01 2.402436635978755319e+01
1.133000000000007823e+01 2.398508900567642854e+01
1.135000000000007780e+01 2.392535069681749604e+01
1.137000000000007738e+01 2.392456570499370727e+01
1.139000000000007695e+01 2.386562225690796879e+01
1.141000000000007653e+01 2.389954529935269179e+01
1.143000000000007610e+01 2.389423179837640987e+01
1.145000000000007567e+01 2.388374117487755299e+01
1.147000000000007525e+01 2.387960087299540746e+01
1.149000000000007482e+01 2.389638930724176902e+01
1.151000000000007439e+01 2.382873196670039562e+01
1.153000000000007397e+01 2.385355750499941863e+01
1.155000000000007354e+01 2.382388460685360698e+01
1.157000000000007311e+01 2.387712420339301644e+01
1.159000000000007269e+01 2.392842557527348291e+01
1.161000000000007226e+01 2.392906308155564687e+01
1.163000000000007184e+01 2.394247178534227771e+01
1.165000000000007141e+01 2.391220220900481053e+01
1.167000000000007098e+01 2.399185821011558772e+01
1.169000000000007056e+01 2.396444104549469145e+01
1.171000000000007013e+01 2.398928490901621657e+01
1.173000000000006970e+01 2.405195247864493169e+01
1.175000000000006928e+01 2.407359280255162659e+01
1.177000000000006885e+01 2.410564487355656027e+01
1.179000000000006843e+01 2.409572610805562576e+01
1.181000000000006800e+01 2.414027946959197379e+01
1.183000000000006757e+01 2.422604303858998165e+01
1.185000000000006715e+01 2.420917051463448288e+01
1.187000000000006672e+01 2.426525771120203956e+01
1.189000000000006629e+01 2.432718493407258364e+01
1.191000000000006587e+01 2.422844508597477997e+01
1.193000000000006544e+01 2.433104373386965591e+01
1.195000000000006501e+01 2.440569327339147421e+01
1.197000000000006459e+01 2.438500852140149178e+01
1.199000000000006416e+01 2.449066500690500803e+01
1.201000000000006374e+01 2.450003353670136619e+01
1.203000000000006331e+01 2.446239069158025714e+01
1.205000000000006288e+01 2.456375659002776501e+01
1.207000000000006246e+01 2.458873151065615303e+01
1.209000000000006203e+01 2.454559735384606611e+01
1.211000000000006160e+01 2.460781800107411144e+01
1.213000000000006118e+01 2.464523303240698482e+01
1.215000000000006075e+01 2.468162189967939213e+01
1.217000000000006033e+01 2.470616945447058299e+01
1.219000000000005990e+01 2.473365688471197998e+01
1.221000000000005947e+01 2.469675842894993067e+01
1.223000000000005905e+01 2.470955942956185325e+01
1.225000000000005862e+01 2.472777769253922386e+01
1.227000000000005819e+01 2.481455444225347762e+01
1.229000000000005777e+01 2.479114711353709666e+01
1.231000000000005734e+01 2.480048965164402119e+01
1.233000000000005691e+01 2.480721064516406571e+01
1.235000000000005649e+01 2.473612610721881921e+01
1.237000000000005606e+01 2.475442231864223785e+01
1.239000000000005564e+01 2.473158458621049149e+01
1.241000000000005521e+01 2.479860281852167603e+01
1.243000000000005478e+01 2.480052067307234509e+01
1.245000000000005436e+01 2.481155162888506638e+01
1.247000000000005393e+01 2.476022991584233424e+01
1.249000000000005350e+01 2.468019238841132434e+01
1.251000000000005308e+01 2.474888888096320017e+01
1.253000000000005265e+01 2.465216133103568552e+01
1.255000000000005222e+01 2.471474766072957507e+01
1.257000000000005180e+01 2.460243471067335008e+01
1.259000000000005137e+01 2.459736742488843575e+01
1.261000000000005095e+01 2.459078884046500590e+01
1.263000000000005052e+01 2.458268118438563477e+01
1.265000000000005009e+01 2.448795531432228501e+01
1.267000000000004967e+01 2.447939745251849075e+01
1.269000000000004924e+01 2.441215583428348168e+01
1.271000000000004881e+01 2.437816599629520553e+01
1.273000000000004839e+01 2.433554204069773519e+01
1.275000000000004796e+01 2.429568677438119551e+01
1.277000000000004754e+01 2.421291536452371673e+01
1.279000000000004711e+01 2.409378479723086741e+01
1.281000000000004668e+01 2.418362848399036125e+01
1.283000000000004626e+01 2.408088898151014234e+01
1.285000000000004583e+01 2.397573514166802866e+01
1.287000000000004540e+01 2.390224066837734895e+01
1.289000000000004498e+01 2.385506974578185080e+01
1.291000000000004455e+01 2.383969794799818587e+01
1.293000000000004412e+01 2.369436580672093129e+01
1.295000000000004370e+01 2.358115045252985453e+01
1.297000000000004327e+01 2.354522715082683249e+01
1.299000000000004285e+01 2.351649699665084725e+01
1.301000000000004242e+01 2.342738122917252852e+01
1.303000000000004199e+01 2.330014421433803307e+01
1.305000000000004157e+01 2.327894840638116492e+01
1.307000000000004114e+01 2.313788463713041921e+01
1.309000000000004071e+01 2.310830824970813069e+01
1.311000000000004029e+01 2.295447155895467972e+01
1.313000000000003986e+01 2.287844712355638777e+01
1.315000000000003944e+01 2.284382338097359622e+01
1.317000000000003901e+01 2.268834374190630498e+01
1.319000000000003858e+01 2.262682352605368408e+01
1.321000000000003816e+01 2.249492627898094455e+01
1.323000000000003773e+01 2.244562214882474294e+01
1.325000000000003730e+01 2.237731771217038457e+01
1.327000000000003688e+01 2.220225388098177888e+01
1.329000000000003645e+01 2.212296600703074034e+01
1.331000000000003602e+01 2.199093433992852908e+01
1.333000000000003560e+01 2.187559490582409794e+01
1.335000000000003517e+01 2.185499406753989149e+01
1.337000000000003475e+01 2.181257690351132794e+01
1.339000000000003432e+01 2.158731966476814179e+01
1.341000000000003389e+01 2.153829365198643231e+01
1.343000000000003347e+01 2.136195635809928106e+01
1.345000000000003304e+01 2.122478550606194148e+01
1.347000000000003261e+01 2.114767108217400349e+01
1.349000000000003219e+01 2.107278237285576949e+01
1.351000000000003176e+01 2.101466212568917058e+01
1.353000000000003133e+01 2.086312631055136535e+01
1.355000000000003091e+01 2.061120241304346834e+01
1.357000000000003048e+01 2.039073014854208665e+01
1.359000000000003006e+01 2.005519906566721744e+01
1.361000000000002963e+01 1.978995853176955322e+01
1.363000000000002920e+01 1.935566517334240544e+01
1.365000000000002878e+01 1.901072488394264326e+01
1.367000000000002835e+01 1.854096481647137296e+01
1.369000000000002792e+01 1.809236257393956393e+01
1.371000000000002750e+01 1.756056007492282234e+01
1.373000000000002707e+01 1.706747695218471250e+01
1.375000000000002665e+01 1.658519761381841562e+01
1.377000000000002622e+01 1.603030243386067255e+01
1.379000000000002579e+01 1.549639906234130748e+01
1.381000000000002537e+01 1.493818446240811681e+01
1.383000000000002494e+01 1.445607404779473271e+01
1.385000000000002451e+01 1.387364245667615137e+01
1.387000000000002409e+01 1.348597292633867539e+01
1.389000000000002366e+01 1.304889444804840437e+01
1.391000000000002323e+01 1.266042722086424277e+01
1.393000000000002281e+01 1.214481443704970332e+01
1.395000000000002238e+01 1.177073490198955952e+01
1.397000000000002196e+01 1.122303999200105373e+01
1.399000000000002153e+01 1.073560653128432740e+01
1.401000000000002110e+01 1.013631669817616299e+01
1.403000000000002068e+01 9.435001619002012063e+00
1.405000000000002025e+01 8.593074224949798889e+00
1.407000000000001982e+01 7.751033322223897848e+00
1.409000000000001940e+01 6.964372894279894588e+00
1.411000000000001897e+01 6.238689534160635652e+00
1.413000000000001855e+01 5.496312728514499923e+00
1.415000000000001812e+01 4.907718341390112649e+00
1.417000000000001769e+01 4.319847376625213009e+00
1.419000000000001727e+01 3.822936615533702565e+00
1.421000000000001684e+01 3.407552926444002761e+00
1.423000000000001641e+01 2.984264587678833180e+00
1.425000000000001599e+01 2.641703467210778200e+00
1.427000000000001556e+01 2.206897489221443465e+00
1.429000000000001513e+01 1.900880121763977471e+00
1.431000000000001471e+01 1.616573596948647884e+00
1.433000000000001428e+01 1.410307253509407444e+00
1.435000000000001386e+01 1.155154547908058271e+00
1.437000000000001343e+01 8.771896557658053206e-01
1.439000000000001300e+01 6.715449531205653910e-01
1.441000000000001258e+01 5.239446015309840998e-01
1.443000000000001215e+01 3.691881638644368135e-01
1.445000000000001172e+01 2.622007700267212083e-01
1.447000000000001130e+01 1.537830923530315863e-01
1.449000000000001087e+01 8.001451936049613911e-02
1.451000000000001044e+01 3.280395858241839241e-02
1.453000000000001002e+01 1.132075298462491796e-02
1.455000000000000959e+01 2.175043560876964866e-03
1.457000000000000917e+01 5.541459747200003791e-04
1.459000000000000874e+01 5.517001019186688372e-04
1.461000000000000831e+01 5.492673442449281206e-04
1.463000000000000789e+01 5.453468971049765064e-04
1.465000000000000746e+01 1.519721188750436108e-13
1.467000000000000703e+01 0.000000000000000000e+00
1.469000000000000661e+01 0.000000000000000000e+00
1.471000000000000618e+01 0.000000000000000000e+00
1.473000000000000576e+01 0.000000000000000000e+00
1.475000000000000533e+01 0.000000000000000000e+00
1.477000000000000490e+01 0.000000000000000000e+00
1.479000000000000448e+01 0.000000000000000000e+00
1.481000000000000405e+01 0.000000000000000000e+00
1.483000000000000362e+01 0.000000000000000000e+00
1.485000000000000320e+01 0.000000000000000000e+00
1.487000000000000277e+01 0.000000000000000000e+00
1.489000000000000234e+01 0.000000000000000000e+00
1.491000000000000192e+01 0.000000000000000000e+00
1.493000000000000149e+01 0.000000000000000000e+00
1.495000000000000107e+01 0.000000000000000000e+00
1.497000000000000064e+01 0.000000000000000000e+00
1.499000000000000021e+01 0.000000000000000000e+00
