# Redshift		Merger Rate Density [Gpc^-3yr^-1]
1.000000000031931770e-02 3.301730663126047460e+01
3.000000000031888964e-02 3.455304165470928268e+01
5.000000000031846331e-02 3.595067365304759477e+01
7.000000000031804392e-02 3.651855848848672537e+01
9.000000000031761760e-02 3.797286352890652239e+01
1.100000000003171913e-01 3.907662828293495494e+01
1.300000000003167511e-01 4.033361860095791940e+01
1.500000000003163247e-01 4.118482856656829227e+01
1.700000000003158984e-01 4.240955507397640645e+01
1.900000000003154721e-01 4.343039140359361028e+01
2.100000000003150458e-01 4.463088921720621016e+01
2.300000000003146194e-01 4.516364810240919070e+01
2.500000000003141931e-01 4.716763357136279211e+01
2.700000000003137668e-01 4.784664144191465596e+01
2.900000000003133405e-01 4.955785784341088629e+01
3.100000000003129141e-01 5.137173332302749884e+01
3.300000000003124878e-01 5.205953645736053659e+01
3.500000000003120615e-01 5.315221964425027323e+01
3.700000000003116352e-01 5.528299960178352990e+01
3.900000000003112088e-01 5.656064132473851913e+01
4.100000000003107825e-01 5.736583023276361359e+01
4.300000000003103562e-01 5.873568043240814518e+01
4.500000000003099299e-01 6.056826204628884369e+01
4.700000000003095035e-01 6.165485895392031779e+01
4.900000000003090772e-01 6.288353121262553458e+01
5.100000000003086509e-01 6.504311107136493320e+01
5.300000000003082246e-01 6.559377181451651495e+01
5.500000000003077982e-01 6.702937740531258726e+01
5.700000000003073719e-01 6.801550187310310491e+01
5.900000000003069456e-01 6.999590208875319775e+01
6.100000000003065193e-01 7.109867543352410735e+01
6.300000000003060929e-01 7.261408569513324096e+01
6.500000000003056666e-01 7.317762243142941259e+01
6.700000000003052403e-01 7.532684728262699991e+01
6.900000000003048140e-01 7.567735995502503954e+01
7.100000000003043876e-01 7.744346036101221387e+01
7.300000000003039613e-01 7.864329617007221884e+01
7.500000000003035350e-01 8.014686305230534913e+01
7.700000000003031086e-01 8.142527045583980794e+01
7.900000000003026823e-01 8.248730861916899926e+01
8.100000000003022560e-01 8.462945725148013310e+01
8.300000000003018297e-01 8.491947096290161312e+01
8.500000000003014033e-01 8.652678701788347837e+01
8.700000000003009770e-01 8.852388102353802424e+01
8.900000000003005507e-01 8.868145306147297902e+01
9.100000000003001244e-01 9.013401593330577555e+01
9.300000000002996980e-01 9.162702042395174828e+01
9.500000000002992717e-01 9.297404345634916467e+01
9.700000000002988454e-01 9.284498457854549258e+01
9.900000000002984191e-01 9.469762459927008535e+01
1.010000000000297993e+00 9.605899425879076148e+01
1.030000000000297566e+00 9.749418318225752955e+01
1.050000000000297140e+00 9.804053906656754691e+01
1.070000000000296714e+00 9.755524512815883043e+01
1.090000000000296287e+00 9.806440362142929246e+01
1.110000000000295861e+00 1.003630798905053894e+02
1.130000000000295435e+00 1.009541325244589984e+02
1.150000000000295008e+00 1.014663236208978816e+02
1.170000000000294582e+00 1.021749663471904768e+02
1.190000000000294156e+00 1.026588236649531893e+02
1.210000000000293729e+00 1.035338443450247183e+02
1.230000000000293303e+00 1.050459683030195635e+02
1.250000000000292877e+00 1.038261431386150377e+02
1.270000000000292451e+00 1.059358882240461526e+02
1.290000000000292024e+00 1.056243158723429048e+02
1.310000000000291598e+00 1.069964798486677182e+02
1.330000000000291172e+00 1.074479464619334692e+02
1.350000000000290745e+00 1.080097385700039041e+02
1.370000000000290319e+00 1.077070272519939351e+02
1.390000000000289893e+00 1.085453485608749986e+02
1.410000000000289466e+00 1.083134222713131720e+02
1.430000000000289040e+00 1.093510595773622640e+02
1.450000000000288614e+00 1.091818605120090382e+02
1.470000000000288187e+00 1.097738765034290935e+02
1.490000000000287761e+00 1.096193184229858417e+02
1.510000000000287335e+00 1.105159741136576486e+02
1.530000000000286908e+00 1.094719592654225977e+02
1.550000000000286482e+00 1.097323576173927364e+02
1.570000000000286056e+00 1.100811627422439329e+02
1.590000000000285629e+00 1.108737653468267439e+02
1.610000000000285203e+00 1.101277939995254656e+02
1.630000000000284777e+00 1.093794526593039365e+02
1.650000000000284350e+00 1.114104304681782764e+02
1.670000000000283924e+00 1.089110096758144408e+02
1.690000000000283498e+00 1.100399497002201343e+02
1.710000000000283071e+00 1.093222546620747977e+02
1.730000000000282645e+00 1.076275109687185960e+02
1.750000000000282219e+00 1.095361813617192013e+02
1.770000000000281792e+00 1.093103205447527557e+02
1.790000000000281366e+00 1.090650875570249667e+02
1.810000000000280940e+00 1.078808116547760250e+02
1.830000000000280513e+00 1.070680287369642514e+02
1.850000000000280087e+00 1.076417070073098472e+02
1.870000000000279661e+00 1.067311747190387905e+02
1.890000000000279234e+00 1.072544485930866216e+02
1.910000000000278808e+00 1.071190418185333897e+02
1.930000000000278382e+00 1.051672956471189622e+02
1.950000000000277955e+00 1.046500927468756714e+02
1.970000000000277529e+00 1.037740130162797101e+02
1.990000000000277103e+00 1.026804008563415067e+02
2.010000000000276899e+00 1.026033862934904164e+02
2.030000000000276472e+00 1.026264660782070308e+02
2.050000000000276046e+00 1.007432964568736367e+02
2.070000000000275620e+00 1.001337890614209982e+02
2.090000000000275193e+00 1.002200105371117758e+02
2.110000000000274767e+00 9.815995924178626808e+01
2.130000000000274341e+00 9.699730097802951434e+01
2.150000000000273914e+00 9.833541524191484484e+01
2.170000000000273488e+00 9.553446124533340367e+01
2.190000000000273062e+00 9.588311956148933746e+01
2.210000000000272635e+00 9.490462500854853545e+01
2.230000000000272209e+00 9.331604441694912566e+01
2.250000000000271783e+00 9.316475937249310846e+01
2.270000000000271356e+00 9.203634924312321175e+01
2.290000000000270930e+00 9.064610468938336396e+01
2.310000000000270504e+00 8.953247078921035040e+01
2.330000000000270077e+00 8.920045681540071314e+01
2.350000000000269651e+00 8.727783104869523356e+01
2.370000000000269225e+00 8.694904020694282565e+01
2.390000000000268798e+00 8.501531606413060160e+01
2.410000000000268372e+00 8.447113908341609090e+01
2.430000000000267946e+00 8.379846135063874613e+01
2.450000000000267519e+00 8.350301605084194989e+01
2.470000000000267093e+00 8.126113793194947732e+01
2.490000000000266667e+00 8.056583168508717563e+01
2.510000000000266240e+00 7.997895444472422355e+01
2.530000000000265814e+00 7.814157897580409440e+01
2.550000000000265388e+00 7.725046040072548692e+01
2.570000000000264961e+00 7.629796830042440092e+01
2.590000000000264535e+00 7.561465765663729144e+01
2.610000000000264109e+00 7.514573366933620946e+01
2.630000000000263682e+00 7.330709704387875547e+01
2.650000000000263256e+00 7.187668053119097067e+01
2.670000000000262830e+00 7.228551393704327666e+01
2.690000000000262403e+00 7.069319792418478698e+01
2.710000000000261977e+00 6.945540053065957409e+01
2.730000000000261551e+00 6.844739906803323493e+01
2.750000000000261124e+00 6.791142222252467775e+01
2.770000000000260698e+00 6.688299878086868944e+01
2.790000000000260272e+00 6.605484157474307949e+01
2.810000000000259845e+00 6.463868175366729929e+01
2.830000000000259419e+00 6.380498005298441200e+01
2.850000000000258993e+00 6.301994658602568222e+01
2.870000000000258567e+00 6.299633119779917223e+01
2.890000000000258140e+00 6.064987212206296618e+01
2.910000000000257714e+00 6.051918256508925253e+01
2.930000000000257288e+00 6.036090116580379572e+01
2.950000000000256861e+00 5.791674062991492633e+01
2.970000000000256435e+00 5.777525879329804326e+01
2.990000000000256009e+00 5.680352577785532731e+01
3.010000000000255582e+00 5.648624767006543834e+01
3.030000000000255156e+00 5.481488054517780029e+01
3.050000000000254730e+00 5.493526755713197218e+01
3.070000000000254303e+00 5.370375897642900043e+01
3.090000000000253877e+00 5.296527221900118576e+01
3.110000000000253451e+00 5.162436434993166046e+01
3.130000000000253024e+00 5.163641368409511756e+01
3.150000000000252598e+00 5.019312718961050024e+01
3.170000000000252172e+00 4.984243784738405481e+01
3.190000000000251745e+00 4.927791212813349375e+01
3.210000000000251319e+00 4.798537729905083182e+01
3.230000000000250893e+00 4.819687143300740217e+01
3.250000000000250466e+00 4.694290605098385072e+01
3.270000000000250040e+00 4.594095914529034985e+01
3.290000000000249614e+00 4.539161415980899505e+01
3.310000000000249187e+00 4.547597780378008281e+01
3.330000000000248761e+00 4.385824243309601655e+01
3.350000000000248335e+00 4.384277679844693409e+01
3.370000000000247908e+00 4.339821915431257793e+01
3.390000000000247482e+00 4.253893757942798715e+01
3.410000000000247056e+00 4.161343304311768776e+01
3.430000000000246629e+00 4.114562917490160743e+01
3.450000000000246203e+00 4.053776826262583199e+01
3.470000000000245777e+00 4.001954517084507756e+01
3.490000000000245350e+00 4.021731565147894827e+01
3.510000000000244924e+00 3.909183384751717227e+01
3.530000000000244498e+00 3.838799387270159258e+01
3.550000000000244071e+00 3.800525134268424665e+01
3.570000000000243645e+00 3.761446588242242228e+01
3.590000000000243219e+00 3.690852804849431124e+01
3.610000000000242792e+00 3.640775621371148674e+01
3.630000000000242366e+00 3.552830709138996212e+01
3.650000000000241940e+00 3.504340503081471070e+01
3.670000000000241513e+00 3.544505617332747960e+01
3.690000000000241087e+00 3.411545587456872397e+01
3.710000000000240661e+00 3.401052849763033237e+01
3.730000000000240234e+00 3.362256665841948688e+01
3.750000000000239808e+00 3.314314124211669821e+01
3.770000000000239382e+00 3.279246401672041600e+01
3.790000000000238956e+00 3.182027799384728439e+01
3.810000000000238529e+00 3.199784230209828806e+01
3.830000000000238103e+00 3.122944790409377447e+01
3.850000000000237677e+00 3.089175293536679234e+01
3.870000000000237250e+00 3.057507423730765339e+01
3.890000000000236824e+00 3.029879106928897770e+01
3.910000000000236398e+00 2.973670678974642101e+01
3.930000000000235971e+00 2.940759433238224574e+01
3.950000000000235545e+00 2.899494407895331349e+01
3.970000000000235119e+00 2.897221870724706250e+01
3.990000000000234692e+00 2.827018766257514315e+01
4.010000000000234266e+00 2.804617773887233412e+01
4.030000000000233840e+00 2.766770307754278591e+01
4.050000000000233413e+00 2.734773199922446096e+01
4.070000000000232987e+00 2.717222727521201975e+01
4.090000000000232561e+00 2.702970169469215378e+01
4.110000000000232134e+00 2.609197193469173470e+01
4.130000000000231708e+00 2.607084973858870214e+01
4.150000000000231282e+00 2.559478192097273563e+01
4.170000000000230855e+00 2.556332554292683668e+01
4.190000000000230429e+00 2.535776349269568897e+01
4.210000000000230003e+00 2.515929259851808197e+01
4.230000000000229576e+00 2.435922800031677227e+01
4.250000000000229150e+00 2.463838403075775929e+01
4.270000000000228724e+00 2.415419705406961626e+01
4.290000000000228297e+00 2.407761761670642997e+01
4.310000000000227871e+00 2.347109910822732459e+01
4.330000000000227445e+00 2.383674515966031748e+01
4.350000000000227018e+00 2.305358635536348899e+01
4.370000000000226592e+00 2.278261952947204350e+01
4.390000000000226166e+00 2.306274984249300175e+01
4.410000000000225739e+00 2.281464395589945937e+01
4.430000000000225313e+00 2.264816621352078130e+01
4.450000000000224887e+00 2.241603496954663299e+01
4.470000000000224460e+00 2.198826001706327915e+01
4.490000000000224034e+00 2.215732279071154665e+01
4.510000000000223608e+00 2.179261417414197410e+01
4.530000000000223181e+00 2.139211971031555848e+01
4.550000000000222755e+00 2.140730669011085041e+01
4.570000000000222329e+00 2.117234629905922105e+01
4.590000000000221902e+00 2.127806810459616926e+01
4.610000000000221476e+00 2.062473852852430767e+01
4.630000000000221050e+00 2.099994744372937916e+01
4.650000000000220624e+00 2.032708802445513996e+01
4.670000000000220197e+00 2.033202323092820052e+01
4.690000000000219771e+00 2.033946257339993480e+01
4.710000000000219345e+00 2.002489112942940963e+01
4.730000000000218918e+00 1.986687033228541210e+01
4.750000000000218492e+00 1.988470661355108504e+01
4.770000000000218066e+00 1.953584106570944812e+01
4.790000000000217639e+00 1.938018309278913875e+01
4.810000000000217213e+00 1.948375057254146370e+01
4.830000000000216787e+00 1.925659164367879228e+01
4.850000000000216360e+00 1.913590665995088358e+01
4.870000000000215934e+00 1.901154439951525887e+01
4.890000000000215508e+00 1.878369566986632933e+01
4.910000000000215081e+00 1.868789107722647458e+01
4.930000000000214655e+00 1.857571305848221854e+01
4.950000000000214229e+00 1.872790837062987634e+01
4.970000000000213802e+00 1.836892647195540462e+01
4.990000000000213376e+00 1.831506021514725191e+01
5.010000000000212950e+00 1.818961045942382526e+01
5.030000000000212523e+00 1.857172926395043433e+01
5.050000000000212097e+00 1.814567064440903366e+01
5.070000000000211671e+00 1.793720672790063375e+01
5.090000000000211244e+00 1.785253971214712720e+01
5.110000000000210818e+00 1.769412494955084014e+01
5.130000000000210392e+00 1.791337020859065632e+01
5.150000000000209965e+00 1.761147141497481527e+01
5.170000000000209539e+00 1.739102988514720138e+01
5.190000000000209113e+00 1.769851420915992080e+01
5.210000000000208686e+00 1.748093339924117373e+01
5.230000000000208260e+00 1.733538800896089782e+01
5.250000000000207834e+00 1.705775724881721800e+01
5.270000000000207407e+00 1.726119129416402487e+01
5.290000000000206981e+00 1.722601577807656881e+01
5.310000000000206555e+00 1.702331519617575495e+01
5.330000000000206128e+00 1.735115806267841521e+01
5.350000000000205702e+00 1.711202835525818600e+01
5.370000000000205276e+00 1.695955728277509067e+01
5.390000000000204849e+00 1.660178410403525007e+01
5.410000000000204423e+00 1.661285267493757090e+01
5.430000000000203997e+00 1.680638315163886176e+01
5.450000000000203570e+00 1.703749763792506045e+01
5.470000000000203144e+00 1.659271691564144646e+01
5.490000000000202718e+00 1.656559239772566983e+01
5.510000000000202292e+00 1.664260563317548502e+01
5.530000000000201865e+00 1.647184281842671538e+01
5.550000000000201439e+00 1.650728854896997788e+01
5.570000000000201013e+00 1.661076719085934528e+01
5.590000000000200586e+00 1.646216672755185684e+01
5.610000000000200160e+00 1.609558935409166125e+01
5.630000000000199734e+00 1.601890113229399404e+01
5.650000000000199307e+00 1.648225024374005443e+01
5.670000000000198881e+00 1.640289980196331499e+01
5.690000000000198455e+00 1.604584104759161178e+01
5.710000000000198028e+00 1.627542515319450445e+01
5.730000000000197602e+00 1.608554349967619501e+01
5.750000000000197176e+00 1.594960265598469462e+01
5.770000000000196749e+00 1.578980655465759142e+01
5.790000000000196323e+00 1.597767658715399364e+01
5.810000000000195897e+00 1.603560309642852388e+01
5.830000000000195470e+00 1.577203266690231587e+01
5.850000000000195044e+00 1.577322995508624892e+01
5.870000000000194618e+00 1.573480615127124338e+01
5.890000000000194191e+00 1.572718475774598801e+01
5.910000000000193765e+00 1.588097611458569780e+01
5.930000000000193339e+00 1.555566794018478127e+01
5.950000000000192912e+00 1.571009751368156060e+01
5.970000000000192486e+00 1.548485688338540989e+01
5.990000000000192060e+00 1.561544874873072253e+01
6.010000000000191633e+00 1.561632134647980585e+01
6.030000000000191207e+00 1.570726092115272365e+01
6.050000000000190781e+00 1.544781646132871700e+01
6.070000000000190354e+00 1.525840708757939268e+01
6.090000000000189928e+00 1.540319354325227863e+01
6.110000000000189502e+00 1.553240719384281476e+01
6.130000000000189075e+00 1.538283605593151115e+01
6.150000000000188649e+00 1.543323193085990752e+01
6.170000000000188223e+00 1.543644224272429177e+01
6.190000000000187796e+00 1.527434901650044097e+01
6.210000000000187370e+00 1.516947592572531711e+01
6.230000000000186944e+00 1.538606524430573330e+01
6.250000000000186517e+00 1.545238770527480376e+01
6.270000000000186091e+00 1.530496667175946968e+01
6.290000000000185665e+00 1.515149569591893020e+01
6.310000000000185238e+00 1.520764311734830976e+01
6.330000000000184812e+00 1.503156126000680004e+01
6.350000000000184386e+00 1.524638150759489541e+01
6.370000000000183960e+00 1.527370389589920485e+01
6.390000000000183533e+00 1.503501613755954480e+01
6.410000000000183107e+00 1.504560952943480601e+01
6.430000000000182681e+00 1.531176117045650109e+01
6.450000000000182254e+00 1.509381666321015203e+01
6.470000000000181828e+00 1.511545020862037525e+01
6.490000000000181402e+00 1.506777420445234306e+01
6.510000000000180975e+00 1.496751214945432373e+01
6.530000000000180549e+00 1.518244926328650735e+01
6.550000000000180123e+00 1.495570550164788237e+01
6.570000000000179696e+00 1.505530762148327639e+01
6.590000000000179270e+00 1.500111603869196841e+01
6.610000000000178844e+00 1.489723891090370955e+01
6.630000000000178417e+00 1.495797409187921723e+01
6.650000000000177991e+00 1.483774248972679466e+01
6.670000000000177565e+00 1.494089854129760475e+01
6.690000000000177138e+00 1.495069628162591080e+01
6.710000000000176712e+00 1.493637849365829595e+01
6.730000000000176286e+00 1.488427201132258482e+01
6.750000000000175859e+00 1.509741307266180677e+01
6.770000000000175433e+00 1.508874876007779164e+01
6.790000000000175007e+00 1.481601978637102590e+01
6.810000000000174580e+00 1.495751290601775096e+01
6.830000000000174154e+00 1.502726896722364280e+01
6.850000000000173728e+00 1.491760759169569184e+01
6.870000000000173301e+00 1.491751687566971718e+01
6.890000000000172875e+00 1.507966795854088460e+01
6.910000000000172449e+00 1.496642467760809048e+01
6.930000000000172022e+00 1.496040469127646233e+01
6.950000000000171596e+00 1.494016714483687736e+01
6.970000000000171170e+00 1.524697855943490765e+01
6.990000000000170743e+00 1.494755118732211585e+01
7.010000000000170317e+00 1.492722021839397861e+01
7.030000000000169891e+00 1.502466276262273048e+01
7.050000000000169464e+00 1.492091677685556128e+01
7.070000000000169038e+00 1.506409743805328283e+01
7.090000000000168612e+00 1.499591195735888149e+01
7.110000000000168185e+00 1.486630385757635509e+01
7.130000000000167759e+00 1.512557734669286447e+01
7.150000000000167333e+00 1.503501603318900415e+01
7.170000000000166906e+00 1.508713033168320017e+01
7.190000000000166480e+00 1.512969743291613689e+01
7.210000000000166054e+00 1.505820900498252435e+01
7.230000000000165628e+00 1.503730754314647911e+01
7.250000000000165201e+00 1.510066313774972535e+01
7.270000000000164775e+00 1.521123991891509064e+01
7.290000000000164349e+00 1.514693217898284061e+01
7.310000000000163922e+00 1.514298134988402822e+01
7.330000000000163496e+00 1.530699391122865549e+01
7.350000000000163070e+00 1.502649349423455227e+01
7.370000000000162643e+00 1.541256851693321828e+01
7.390000000000162217e+00 1.534963252549332147e+01
7.410000000000161791e+00 1.528329160876860726e+01
7.430000000000161364e+00 1.539786438854375383e+01
7.450000000000160938e+00 1.548145777159025549e+01
7.470000000000160512e+00 1.532172485902301062e+01
7.490000000000160085e+00 1.550945537973690058e+01
7.510000000000159659e+00 1.543973491249958307e+01
7.530000000000159233e+00 1.554196699643600965e+01
7.550000000000158806e+00 1.557880976653086158e+01
7.570000000000158380e+00 1.552740645167647138e+01
7.590000000000157954e+00 1.570032243698272723e+01
7.610000000000157527e+00 1.557471514447304983e+01
7.630000000000157101e+00 1.572997290758467237e+01
7.650000000000156675e+00 1.584220106807997297e+01
7.670000000000156248e+00 1.581109172210332758e+01
7.690000000000155822e+00 1.577522464763519672e+01
7.710000000000155396e+00 1.600158047627882496e+01
7.730000000000154969e+00 1.601144949902673531e+01
7.750000000000154543e+00 1.598156609970870967e+01
7.770000000000154117e+00 1.615102879225988630e+01
7.790000000000153690e+00 1.623904184526437078e+01
7.810000000000153264e+00 1.623348387266652892e+01
7.830000000000152838e+00 1.635885582731576093e+01
7.850000000000152411e+00 1.638764304379418135e+01
7.870000000000151985e+00 1.643364254217748766e+01
7.890000000000151559e+00 1.666622148865798891e+01
7.910000000000151132e+00 1.658390379262061032e+01
7.930000000000150706e+00 1.674116161703920369e+01
7.950000000000150280e+00 1.670888531963834467e+01
7.970000000000149853e+00 1.700247080383895693e+01
7.990000000000149427e+00 1.686827931770851308e+01
8.010000000000149001e+00 1.713074421039234707e+01
8.030000000000148574e+00 1.714896943862585843e+01
8.050000000000148148e+00 1.729682074504816569e+01
8.070000000000147722e+00 1.741850915048421555e+01
8.090000000000147296e+00 1.754311870181059874e+01
8.110000000000146869e+00 1.761767625273872895e+01
8.130000000000146443e+00 1.769079414392658123e+01
8.150000000000146017e+00 1.781735269939488830e+01
8.170000000000145590e+00 1.788649186731988294e+01
8.190000000000145164e+00 1.809000973848509020e+01
8.210000000000144738e+00 1.814486355781171412e+01
8.230000000000144311e+00 1.833831089989655538e+01
8.250000000000143885e+00 1.841378061458867776e+01
8.270000000000143459e+00 1.849046820903024724e+01
8.290000000000143032e+00 1.859637659286515898e+01
8.310000000000142606e+00 1.879546973835142509e+01
8.330000000000142180e+00 1.903106595320559791e+01
8.350000000000141753e+00 1.904412970562261265e+01
8.370000000000141327e+00 1.916503158386558781e+01
8.390000000000140901e+00 1.925180812392353502e+01
8.410000000000140474e+00 1.949695289016591104e+01
8.430000000000140048e+00 1.962503287837223453e+01
8.450000000000139622e+00 1.971998936236233035e+01
8.470000000000139195e+00 1.984311417689370671e+01
8.490000000000138769e+00 1.997472070988840187e+01
8.510000000000138343e+00 2.018311066060499215e+01
8.530000000000137916e+00 2.037873418340678811e+01
8.550000000000137490e+00 2.047414603100748920e+01
8.570000000000137064e+00 2.050483336223487996e+01
8.590000000000136637e+00 2.071552147608527150e+01
8.610000000000136211e+00 2.091009795792585280e+01
8.630000000000135785e+00 2.120429326194173569e+01
8.650000000000135358e+00 2.123588327279542298e+01
8.670000000000134932e+00 2.139467635926930456e+01
8.690000000000134506e+00 2.156563892086134970e+01
8.710000000000134079e+00 2.179300198026661661e+01
8.730000000000133653e+00 2.179801402228568818e+01
8.750000000000133227e+00 2.210220447777544095e+01
8.770000000000132800e+00 2.222096097882896970e+01
8.790000000000132374e+00 2.232961327455959477e+01
8.810000000000131948e+00 2.251231929257765785e+01
8.830000000000131521e+00 2.268612772249690934e+01
8.850000000000131095e+00 2.294052260451016423e+01
8.870000000000130669e+00 2.295814219431431624e+01
8.890000000000130242e+00 2.317574182992548160e+01
8.910000000000129816e+00 2.337682587300381343e+01
8.930000000000129390e+00 2.346993524738405767e+01
8.950000000000128964e+00 2.372807815443154311e+01
8.970000000000128537e+00 2.376710477173948277e+01
8.990000000000128111e+00 2.394432900455616320e+01
9.010000000000127685e+00 2.415874936128115635e+01
9.030000000000127258e+00 2.451285614369052368e+01
9.050000000000126832e+00 2.450244562729941578e+01
9.070000000000126406e+00 2.470000975691718992e+01
9.090000000000125979e+00 2.478951101234053311e+01
9.110000000000125553e+00 2.496572891015174989e+01
9.130000000000125127e+00 2.506617057245401625e+01
9.150000000000124700e+00 2.532820298847251195e+01
9.170000000000124274e+00 2.531001615905643476e+01
9.190000000000123848e+00 2.555382593786484691e+01
9.210000000000123421e+00 2.571102498844467732e+01
9.230000000000122995e+00 2.590503066544112087e+01
9.250000000000122569e+00 2.614781517039795133e+01
9.270000000000122142e+00 2.611924199806657754e+01
9.290000000000121716e+00 2.628879185282622899e+01
9.310000000000121290e+00 2.640142870699976640e+01
9.330000000000120863e+00 2.645298571397615461e+01
9.350000000000120437e+00 2.675469233358468202e+01
9.370000000000120011e+00 2.689314903655439437e+01
9.390000000000119584e+00 2.681746916192483354e+01
9.410000000000119158e+00 2.715551714502992553e+01
9.430000000000118732e+00 2.709852203231217160e+01
9.450000000000118305e+00 2.734133163131841471e+01
9.470000000000117879e+00 2.747451951427641959e+01
9.490000000000117453e+00 2.756366992751429024e+01
9.510000000000117026e+00 2.759060729665005240e+01
9.530000000000116600e+00 2.782840545330410009e+01
9.550000000000116174e+00 2.794670427983624350e+01
9.570000000000115747e+00 2.796534594105553850e+01
9.590000000000115321e+00 2.800981347573953784e+01
9.610000000000114895e+00 2.822818223692481610e+01
9.630000000000114468e+00 2.818607317715505189e+01
9.650000000000114042e+00 2.837536078382255411e+01
9.670000000000113616e+00 2.852303028261397344e+01
9.690000000000113189e+00 2.842377294519737063e+01
9.710000000000112763e+00 2.872300823374055057e+01
9.730000000000112337e+00 2.856133804933690001e+01
9.750000000000111910e+00 2.878104234432515796e+01
9.770000000000111484e+00 2.879345356131636180e+01
9.790000000000111058e+00 2.906455184949886217e+01
9.810000000000110632e+00 2.882268601330415336e+01
9.830000000000110205e+00 2.891922013768668975e+01
9.850000000000109779e+00 2.903535120065381392e+01
9.870000000000109353e+00 2.902751396232820724e+01
9.890000000000108926e+00 2.904346728735915306e+01
9.910000000000108500e+00 2.920742449634546034e+01
9.930000000000108074e+00 2.916016759779706291e+01
9.950000000000107647e+00 2.921899393361185204e+01
9.970000000000107221e+00 2.916116327849458401e+01
9.990000000000106795e+00 2.918779922959032902e+01
1.001000000000010637e+01 2.919289972250039611e+01
1.003000000000010594e+01 2.938996665894228499e+01
1.005000000000010552e+01 2.916137136995394030e+01
1.007000000000010509e+01 2.920398068348896103e+01
1.009000000000010466e+01 2.925035300607515154e+01
1.011000000000010424e+01 2.922864719149294999e+01
1.013000000000010381e+01 2.926948194432483774e+01
1.015000000000010338e+01 2.926474705369416185e+01
1.017000000000010296e+01 2.935225401196942485e+01
1.019000000000010253e+01 2.914305701676533999e+01
1.021000000000010210e+01 2.903662884611263451e+01
1.023000000000010168e+01 2.917760382964665666e+01
1.025000000000010125e+01 2.919534685940777052e+01
1.027000000000010083e+01 2.921203203680963512e+01
1.029000000000010040e+01 2.912827390825106377e+01
1.031000000000009997e+01 2.908315142315842650e+01
1.033000000000009955e+01 2.912542915729801152e+01
1.035000000000009912e+01 2.900013169415137781e+01
1.037000000000009869e+01 2.901448911127202024e+01
1.039000000000009827e+01 2.880325982534672491e+01
1.041000000000009784e+01 2.897136725393728440e+01
1.043000000000009742e+01 2.891968957455864597e+01
1.045000000000009699e+01 2.891646010513845866e+01
1.047000000000009656e+01 2.894382253743752997e+01
1.049000000000009614e+01 2.881660583798404929e+01
1.051000000000009571e+01 2.868693286125555275e+01
1.053000000000009528e+01 2.868611033127993082e+01
1.055000000000009486e+01 2.864733529522884226e+01
1.057000000000009443e+01 2.863037609683986418e+01
1.059000000000009400e+01 2.873615574566941433e+01
1.061000000000009358e+01 2.871695689685794406e+01
1.063000000000009315e+01 2.850519067592659184e+01
1.065000000000009273e+01 2.842217160895762973e+01
1.067000000000009230e+01 2.848780061503378036e+01
1.069000000000009187e+01 2.837257454193574802e+01
1.071000000000009145e+01 2.838442400907842256e+01
1.073000000000009102e+01 2.832742863236077469e+01
1.075000000000009059e+01 2.826527030911780969e+01
1.077000000000009017e+01 2.813403112792500238e+01
1.079000000000008974e+01 2.820759190529679472e+01
1.081000000000008932e+01 2.810021961445600169e+01
1.083000000000008889e+01 2.814812132499584152e+01
1.085000000000008846e+01 2.794902687513681983e+01
1.087000000000008804e+01 2.784466089717736992e+01
1.089000000000008761e+01 2.779668479130435799e+01
1.091000000000008718e+01 2.786244167983665676e+01
1.093000000000008676e+01 2.781789742313099723e+01
1.095000000000008633e+01 2.778319286347856476e+01
1.097000000000008590e+01 2.764455633972595194e+01
1.099000000000008548e+01 2.764922626880183998e+01
1.101000000000008505e+01 2.758227322714531837e+01
1.103000000000008463e+01 2.741097374487776861e+01
1.105000000000008420e+01 2.749623760999291022e+01
1.107000000000008377e+01 2.746354827041965052e+01
1.109000000000008335e+01 2.735281252118741691e+01
1.111000000000008292e+01 2.724098550439303779e+01
1.113000000000008249e+01 2.716831781577242921e+01
1.115000000000008207e+01 2.708253342313232181e+01
1.117000000000008164e+01 2.706570269482807234e+01
1.119000000000008122e+01 2.699855874140573064e+01
1.121000000000008079e+01 2.702783120816541640e+01
1.123000000000008036e+01 2.694598823025153678e+01
1.125000000000007994e+01 2.686351695586424881e+01
1.127000000000007951e+01 2.686066446784900208e+01
1.129000000000007908e+01 2.668717059380958290e+01
1.131000000000007866e+01 2.689225938007907502e+01
1.133000000000007823e+01 2.666766373781095822e+01
1.135000000000007780e+01 2.641877886492280680e+01
1.137000000000007738e+01 2.644897233425185945e+01
1.139000000000007695e+01 2.645356590114123208e+01
1.141000000000007653e+01 2.645127967679589887e+01
1.143000000000007610e+01 2.648953180998929824e+01
1.145000000000007567e+01 2.619107814820997504e+01
1.147000000000007525e+01 2.613826443461094229e+01
1.149000000000007482e+01 2.609946499223697103e+01
1.151000000000007439e+01 2.615474624554635952e+01
1.153000000000007397e+01 2.594458706634272716e+01
1.155000000000007354e+01 2.597831635648958226e+01
1.157000000000007311e+01 2.592493262317408309e+01
1.159000000000007269e+01 2.597743750670366225e+01
1.161000000000007226e+01 2.575207864336772801e+01
1.163000000000007184e+01 2.573348862125561709e+01
1.165000000000007141e+01 2.561084785907518935e+01
1.167000000000007098e+01 2.560302229588728906e+01
1.169000000000007056e+01 2.554728713327996203e+01
1.171000000000007013e+01 2.518991428666479493e+01
1.173000000000006970e+01 2.534916201106620548e+01
1.175000000000006928e+01 2.518433412246464798e+01
1.177000000000006885e+01 2.526969227809870588e+01
1.179000000000006843e+01 2.496713271924661015e+01
1.181000000000006800e+01 2.510045882488534019e+01
1.183000000000006757e+01 2.486940686239963938e+01
1.185000000000006715e+01 2.480607260240877565e+01
1.187000000000006672e+01 2.471987426719602254e+01
1.189000000000006629e+01 2.462615377354963897e+01
1.191000000000006587e+01 2.465810403493167158e+01
1.193000000000006544e+01 2.441943861758845813e+01
1.195000000000006501e+01 2.423267214202729392e+01
1.197000000000006459e+01 2.433956954539207729e+01
1.199000000000006416e+01 2.424027616935119767e+01
1.201000000000006374e+01 2.419703463224359652e+01
1.203000000000006331e+01 2.407447076211635206e+01
1.205000000000006288e+01 2.364525455720821867e+01
1.207000000000006246e+01 2.375864299892230491e+01
1.209000000000006203e+01 2.370564735875390738e+01
1.211000000000006160e+01 2.349609042272222936e+01
1.213000000000006118e+01 2.344443660824557085e+01
1.215000000000006075e+01 2.334367038936565208e+01
1.217000000000006033e+01 2.307930372825727261e+01
1.219000000000005990e+01 2.312421820591853816e+01
1.221000000000005947e+01 2.286377670769458348e+01
1.223000000000005905e+01 2.284619489112590429e+01
1.225000000000005862e+01 2.270043396084656706e+01
1.227000000000005819e+01 2.265748752021646695e+01
1.229000000000005777e+01 2.217255743973183968e+01
1.231000000000005734e+01 2.244580525343873134e+01
1.233000000000005691e+01 2.212634848947805821e+01
1.235000000000005649e+01 2.212407597310905416e+01
1.237000000000005606e+01 2.186543303024013341e+01
1.239000000000005564e+01 2.176298911432799699e+01
1.241000000000005521e+01 2.143371930863192887e+01
1.243000000000005478e+01 2.151243944036334810e+01
1.245000000000005436e+01 2.112167700509747092e+01
1.247000000000005393e+01 2.105908975856368315e+01
1.249000000000005350e+01 2.085620126120166162e+01
1.251000000000005308e+01 2.077172185046287467e+01
1.253000000000005265e+01 2.062218387241937734e+01
1.255000000000005222e+01 2.043921113563636993e+01
1.257000000000005180e+01 2.024236458535514416e+01
1.259000000000005137e+01 2.026704212232584368e+01
1.261000000000005095e+01 1.989519082125504923e+01
1.263000000000005052e+01 1.961303365528692666e+01
1.265000000000005009e+01 1.977507162108071981e+01
1.267000000000004967e+01 1.923752588523620233e+01
1.269000000000004924e+01 1.919616104323971939e+01
1.271000000000004881e+01 1.924453000622771981e+01
1.273000000000004839e+01 1.876466416287786032e+01
1.275000000000004796e+01 1.871435421080175843e+01
1.277000000000004754e+01 1.847963269629682870e+01
1.279000000000004711e+01 1.830590727749149593e+01
1.281000000000004668e+01 1.827365118870210381e+01
1.283000000000004626e+01 1.797921160236013449e+01
1.285000000000004583e+01 1.763951171669886619e+01
1.287000000000004540e+01 1.758217346527425562e+01
1.289000000000004498e+01 1.748694873619786705e+01
1.291000000000004455e+01 1.717158627119754044e+01
1.293000000000004412e+01 1.704298359160199539e+01
1.295000000000004370e+01 1.680985564606522331e+01
1.297000000000004327e+01 1.659674311027006155e+01
1.299000000000004285e+01 1.637487530616478892e+01
1.301000000000004242e+01 1.606451760325916567e+01
1.303000000000004199e+01 1.607573245766572967e+01
1.305000000000004157e+01 1.573811821239800857e+01
1.307000000000004114e+01 1.555300752650808960e+01
1.309000000000004071e+01 1.537686424608619795e+01
1.311000000000004029e+01 1.502682338032960097e+01
1.313000000000003986e+01 1.483923873967835405e+01
1.315000000000003944e+01 1.465675190977685816e+01
1.317000000000003901e+01 1.445692819978625643e+01
1.319000000000003858e+01 1.409833319536664575e+01
1.321000000000003816e+01 1.395553785051589557e+01
1.323000000000003773e+01 1.385583808225349856e+01
1.325000000000003730e+01 1.370112040700319866e+01
1.327000000000003688e+01 1.333674965446499705e+01
1.329000000000003645e+01 1.311125359636711174e+01
1.331000000000003602e+01 1.307193967054124251e+01
1.333000000000003560e+01 1.279959528804769775e+01
1.335000000000003517e+01 1.261937595034837400e+01
1.337000000000003475e+01 1.244882299873441056e+01
1.339000000000003432e+01 1.222245470790870669e+01
1.341000000000003389e+01 1.203579032611881949e+01
1.343000000000003347e+01 1.189078336651204815e+01
1.345000000000003304e+01 1.160583590909116225e+01
1.347000000000003261e+01 1.151022614002117450e+01
1.349000000000003219e+01 1.119666102166718602e+01
1.351000000000003176e+01 1.110523539145179406e+01
1.353000000000003133e+01 1.090067151294041281e+01
1.355000000000003091e+01 1.071928159097586786e+01
1.357000000000003048e+01 1.060144739587317808e+01
1.359000000000003006e+01 1.047773898694605776e+01
1.361000000000002963e+01 1.006284199204552543e+01
1.363000000000002920e+01 9.969101112357645178e+00
1.365000000000002878e+01 9.716529182252338970e+00
1.367000000000002835e+01 9.854445302227432535e+00
1.369000000000002792e+01 9.395524945779049730e+00
1.371000000000002750e+01 9.391660268873907924e+00
1.373000000000002707e+01 9.008390847221363629e+00
1.375000000000002665e+01 8.939708638728854240e+00
1.377000000000002622e+01 8.608897431485903695e+00
1.379000000000002579e+01 8.487003126078564108e+00
1.381000000000002537e+01 8.283143778504383548e+00
1.383000000000002494e+01 7.957529057731782984e+00
1.385000000000002451e+01 7.714891913520710354e+00
1.387000000000002409e+01 7.566857330729544806e+00
1.389000000000002366e+01 7.165796374121635282e+00
1.391000000000002323e+01 6.850164395836052300e+00
1.393000000000002281e+01 6.594806614947789747e+00
1.395000000000002238e+01 6.407803142987946288e+00
1.397000000000002196e+01 6.186666589913977887e+00
1.399000000000002153e+01 5.852503812978355313e+00
1.401000000000002110e+01 5.696691202818153776e+00
1.403000000000002068e+01 5.362483260907745297e+00
1.405000000000002025e+01 5.078291935385630396e+00
1.407000000000001982e+01 4.698999636218165854e+00
1.409000000000001940e+01 4.356467933088497446e+00
1.411000000000001897e+01 4.000608803035808236e+00
1.413000000000001855e+01 3.575790149075068314e+00
1.415000000000001812e+01 3.122004851765341371e+00
1.417000000000001769e+01 2.605110174134927181e+00
1.419000000000001727e+01 2.229981752273673123e+00
1.421000000000001684e+01 1.790444954700029179e+00
1.423000000000001641e+01 1.382096929503021654e+00
1.425000000000001599e+01 1.083279552045473881e+00
1.427000000000001556e+01 8.367719006355750500e-01
1.429000000000001513e+01 7.096410052560939707e-01
1.431000000000001471e+01 5.686662076961850332e-01
1.433000000000001428e+01 4.488416430231547127e-01
1.435000000000001386e+01 3.499057126517856053e-01
1.437000000000001343e+01 2.594823907704705834e-01
1.439000000000001300e+01 1.927347756855952166e-01
1.441000000000001258e+01 1.418498459017387969e-01
1.443000000000001215e+01 8.565814396847420964e-02
1.445000000000001172e+01 2.692701510221317748e-02
1.447000000000001130e+01 1.350503630051629912e-02
1.449000000000001087e+01 5.400448487864932881e-03
1.451000000000001044e+01 2.694912570083709668e-03
1.453000000000001002e+01 2.854494144059920537e-08
1.455000000000000959e+01 8.013263263206936574e-11
1.457000000000000917e+01 6.938390689213043668e-11
1.459000000000000874e+01 1.562164010081184370e-17
1.461000000000000831e+01 1.280802551683125243e-17
1.463000000000000789e+01 0.000000000000000000e+00
1.465000000000000746e+01 0.000000000000000000e+00
1.467000000000000703e+01 0.000000000000000000e+00
1.469000000000000661e+01 0.000000000000000000e+00
1.471000000000000618e+01 0.000000000000000000e+00
1.473000000000000576e+01 0.000000000000000000e+00
1.475000000000000533e+01 0.000000000000000000e+00
1.477000000000000490e+01 0.000000000000000000e+00
1.479000000000000448e+01 0.000000000000000000e+00
1.481000000000000405e+01 0.000000000000000000e+00
1.483000000000000362e+01 0.000000000000000000e+00
1.485000000000000320e+01 0.000000000000000000e+00
1.487000000000000277e+01 0.000000000000000000e+00
1.489000000000000234e+01 0.000000000000000000e+00
1.491000000000000192e+01 0.000000000000000000e+00
1.493000000000000149e+01 0.000000000000000000e+00
1.495000000000000107e+01 0.000000000000000000e+00
1.497000000000000064e+01 0.000000000000000000e+00
1.499000000000000021e+01 0.000000000000000000e+00
