# Redshift		Merger Rate Density [Gpc^-3yr^-1]
1.000000000031931770e-02 2.283035601141844140e+01
3.000000000031888964e-02 2.408413451566627472e+01
5.000000000031846331e-02 2.503973761485716665e+01
7.000000000031804392e-02 2.618733244836993279e+01
9.000000000031761760e-02 2.716514620941598324e+01
1.100000000003171913e-01 2.835260513199020949e+01
1.300000000003167511e-01 2.951484318507681337e+01
1.500000000003163247e-01 3.066288730115574879e+01
1.700000000003158984e-01 3.159123532991488759e+01
1.900000000003154721e-01 3.401240440526996167e+01
2.100000000003150458e-01 3.445699682716137602e+01
2.300000000003146194e-01 3.609549445882137775e+01
2.500000000003141931e-01 3.729231528132172713e+01
2.700000000003137668e-01 3.842727905423505064e+01
2.900000000003133405e-01 4.009795776121692512e+01
3.100000000003129141e-01 4.120818062508010371e+01
3.300000000003124878e-01 4.293491336038069761e+01
3.500000000003120615e-01 4.412666915351041297e+01
3.700000000003116352e-01 4.596821387105079282e+01
3.900000000003112088e-01 4.744675201080143978e+01
4.100000000003107825e-01 4.881967530173685077e+01
4.300000000003103562e-01 5.061271817128174888e+01
4.500000000003099299e-01 5.189331353379633072e+01
4.700000000003095035e-01 5.371391869585595913e+01
4.900000000003090772e-01 5.529814233093377140e+01
5.100000000003086509e-01 5.702752617274516922e+01
5.300000000003082246e-01 5.780481621835897954e+01
5.500000000003077982e-01 6.008643669871587178e+01
5.700000000003073719e-01 6.148923394067760029e+01
5.900000000003069456e-01 6.310909283772842571e+01
6.100000000003065193e-01 6.471513444541820093e+01
6.300000000003060929e-01 6.600078524226445609e+01
6.500000000003056666e-01 6.818480016687834677e+01
6.700000000003052403e-01 6.954336756892566029e+01
6.900000000003048140e-01 7.168137398850402064e+01
7.100000000003043876e-01 7.298141397848073098e+01
7.300000000003039613e-01 7.530221657130076096e+01
7.500000000003035350e-01 7.711774336174998723e+01
7.700000000003031086e-01 7.885311963121986878e+01
7.900000000003026823e-01 7.957671662861054074e+01
8.100000000003022560e-01 8.224102506024897252e+01
8.300000000003018297e-01 8.392624383931043042e+01
8.500000000003014033e-01 8.623907032031726771e+01
8.700000000003009770e-01 8.793047520009596951e+01
8.900000000003005507e-01 8.928461883083376449e+01
9.100000000003001244e-01 9.069640900959869612e+01
9.300000000002996980e-01 9.320557940206296621e+01
9.500000000002992717e-01 9.471730758319463916e+01
9.700000000002988454e-01 9.729127960662724206e+01
9.900000000002984191e-01 9.787500376583057005e+01
1.010000000000297993e+00 1.005524292971188913e+02
1.030000000000297566e+00 1.023932683723031829e+02
1.050000000000297140e+00 1.045717407163991339e+02
1.070000000000296714e+00 1.052498688042984014e+02
1.090000000000296287e+00 1.077391749400496366e+02
1.110000000000295861e+00 1.093312343987432627e+02
1.130000000000295435e+00 1.104366291273438065e+02
1.150000000000295008e+00 1.129797396098362299e+02
1.170000000000294582e+00 1.148715191048106590e+02
1.190000000000294156e+00 1.149818659763342055e+02
1.210000000000293729e+00 1.185824232988188385e+02
1.230000000000293303e+00 1.188737472682973930e+02
1.250000000000292877e+00 1.202948410755425073e+02
1.270000000000292451e+00 1.225517875922294451e+02
1.290000000000292024e+00 1.230989935352157829e+02
1.310000000000291598e+00 1.244887785347513613e+02
1.330000000000291172e+00 1.267624097958432401e+02
1.350000000000290745e+00 1.283599111178451437e+02
1.370000000000290319e+00 1.298408612607935311e+02
1.390000000000289893e+00 1.312928776244543201e+02
1.410000000000289466e+00 1.310072588346064038e+02
1.430000000000289040e+00 1.332421585653862621e+02
1.450000000000288614e+00 1.339072982737946802e+02
1.470000000000288187e+00 1.354270880780623543e+02
1.490000000000287761e+00 1.368081532703180585e+02
1.510000000000287335e+00 1.376027003790992467e+02
1.530000000000286908e+00 1.389825126761860759e+02
1.550000000000286482e+00 1.389476316138937761e+02
1.570000000000286056e+00 1.408512200423315051e+02
1.590000000000285629e+00 1.410770729545819222e+02
1.610000000000285203e+00 1.410615460636097396e+02
1.630000000000284777e+00 1.416015983026383083e+02
1.650000000000284350e+00 1.427899946359462717e+02
1.670000000000283924e+00 1.426956364871861069e+02
1.690000000000283498e+00 1.436788866200485302e+02
1.710000000000283071e+00 1.435636395698752494e+02
1.730000000000282645e+00 1.448922617253811893e+02
1.750000000000282219e+00 1.437238761020708750e+02
1.770000000000281792e+00 1.444046177547079708e+02
1.790000000000281366e+00 1.456173798669831569e+02
1.810000000000280940e+00 1.440387531531337970e+02
1.830000000000280513e+00 1.461575319947662877e+02
1.850000000000280087e+00 1.451665071564647747e+02
1.870000000000279661e+00 1.451637121695460735e+02
1.890000000000279234e+00 1.451080823112977214e+02
1.910000000000278808e+00 1.470214324945001749e+02
1.930000000000278382e+00 1.442393897018849316e+02
1.950000000000277955e+00 1.447987521276656935e+02
1.970000000000277529e+00 1.423719348397057729e+02
1.990000000000277103e+00 1.428108856117721928e+02
2.010000000000276899e+00 1.426744797332715677e+02
2.030000000000276472e+00 1.416372489632823033e+02
2.050000000000276046e+00 1.429078968545562986e+02
2.070000000000275620e+00 1.403732339213521527e+02
2.090000000000275193e+00 1.396927003874010325e+02
2.110000000000274767e+00 1.386322006613154656e+02
2.130000000000274341e+00 1.369540389045712914e+02
2.150000000000273914e+00 1.367429702155770315e+02
2.170000000000273488e+00 1.349291100236384295e+02
2.190000000000273062e+00 1.343661866011438804e+02
2.210000000000272635e+00 1.334423105338283619e+02
2.230000000000272209e+00 1.335226540432041702e+02
2.250000000000271783e+00 1.313171397714971533e+02
2.270000000000271356e+00 1.296343149960937069e+02
2.290000000000270930e+00 1.287293274865333785e+02
2.310000000000270504e+00 1.267596539210677236e+02
2.330000000000270077e+00 1.260255725738867341e+02
2.350000000000269651e+00 1.258549741285427217e+02
2.370000000000269225e+00 1.236646612472151503e+02
2.390000000000268798e+00 1.223886552115299509e+02
2.410000000000268372e+00 1.206962013698434930e+02
2.430000000000267946e+00 1.204070738925834689e+02
2.450000000000267519e+00 1.193731457078808802e+02
2.470000000000267093e+00 1.167868345571060900e+02
2.490000000000266667e+00 1.160873077165402663e+02
2.510000000000266240e+00 1.152317635123219333e+02
2.530000000000265814e+00 1.132009479954166409e+02
2.550000000000265388e+00 1.129154193164112598e+02
2.570000000000264961e+00 1.105764384000806331e+02
2.590000000000264535e+00 1.099209593954972632e+02
2.610000000000264109e+00 1.087941287261225227e+02
2.630000000000263682e+00 1.066651443571879128e+02
2.650000000000263256e+00 1.057223828525150395e+02
2.670000000000262830e+00 1.046931007034405638e+02
2.690000000000262403e+00 1.028816327786709621e+02
2.710000000000261977e+00 1.021433840407718918e+02
2.730000000000261551e+00 1.005122117127877459e+02
2.750000000000261124e+00 9.964824238762031428e+01
2.770000000000260698e+00 9.805086058264618032e+01
2.790000000000260272e+00 9.636867989234065135e+01
2.810000000000259845e+00 9.524153731243279708e+01
2.830000000000259419e+00 9.368919587633088497e+01
2.850000000000258993e+00 9.293358065264864365e+01
2.870000000000258567e+00 9.246561187305258045e+01
2.890000000000258140e+00 9.029819351132694294e+01
2.910000000000257714e+00 8.900447742821911845e+01
2.930000000000257288e+00 8.711299909682529119e+01
2.950000000000256861e+00 8.707598009547231754e+01
2.970000000000256435e+00 8.546793419297353012e+01
2.990000000000256009e+00 8.437149866685419397e+01
3.010000000000255582e+00 8.326097782156986682e+01
3.030000000000255156e+00 8.204973571242366859e+01
3.050000000000254730e+00 8.038710641873564100e+01
3.070000000000254303e+00 7.964826030221989583e+01
3.090000000000253877e+00 7.884964951854722415e+01
3.110000000000253451e+00 7.720579857480537100e+01
3.130000000000253024e+00 7.647102511695138105e+01
3.150000000000252598e+00 7.563719712486135904e+01
3.170000000000252172e+00 7.347755829002780104e+01
3.190000000000251745e+00 7.293244229697721437e+01
3.210000000000251319e+00 7.222540744201127438e+01
3.230000000000250893e+00 7.128874696773490882e+01
3.250000000000250466e+00 7.042394225924213913e+01
3.270000000000250040e+00 6.904282901448286225e+01
3.290000000000249614e+00 6.811956195347222831e+01
3.310000000000249187e+00 6.733536495786844966e+01
3.330000000000248761e+00 6.674460691821042246e+01
3.350000000000248335e+00 6.483904518442230369e+01
3.370000000000247908e+00 6.390345323531443711e+01
3.390000000000247482e+00 6.357330804252874401e+01
3.410000000000247056e+00 6.225866648291726335e+01
3.430000000000246629e+00 6.222152499740799669e+01
3.450000000000246203e+00 6.133770830272936792e+01
3.470000000000245777e+00 5.961797788287818634e+01
3.490000000000245350e+00 5.945294290168283169e+01
3.510000000000244924e+00 5.812543660557883385e+01
3.530000000000244498e+00 5.780146790265455081e+01
3.550000000000244071e+00 5.707178966291496636e+01
3.570000000000243645e+00 5.649992015298731474e+01
3.590000000000243219e+00 5.534288921700282060e+01
3.610000000000242792e+00 5.466184562484123433e+01
3.630000000000242366e+00 5.328575507669197719e+01
3.650000000000241940e+00 5.279242130771272201e+01
3.670000000000241513e+00 5.160241804591130688e+01
3.690000000000241087e+00 5.071532697474876272e+01
3.710000000000240661e+00 5.064682190788208516e+01
3.730000000000240234e+00 4.971594068940387956e+01
3.750000000000239808e+00 4.949713870768832891e+01
3.770000000000239382e+00 4.865995000909704515e+01
3.790000000000238956e+00 4.759593229095933964e+01
3.810000000000238529e+00 4.703397652105921622e+01
3.830000000000238103e+00 4.660088095999708457e+01
3.850000000000237677e+00 4.595281348318900427e+01
3.870000000000237250e+00 4.544970891057499784e+01
3.890000000000236824e+00 4.442133163650879624e+01
3.910000000000236398e+00 4.386516313631184261e+01
3.930000000000235971e+00 4.371926042692075498e+01
3.950000000000235545e+00 4.297423939819017846e+01
3.970000000000235119e+00 4.203974226912730927e+01
3.990000000000234692e+00 4.176494417557374561e+01
4.010000000000234266e+00 4.147704607572911328e+01
4.030000000000233840e+00 4.112352158764329602e+01
4.050000000000233413e+00 4.012458290422058127e+01
4.070000000000232987e+00 3.954728172028536193e+01
4.090000000000232561e+00 3.926846090959998747e+01
4.110000000000232134e+00 3.863144707221503893e+01
4.130000000000231708e+00 3.783778964879974183e+01
4.150000000000231282e+00 3.796013620653518927e+01
4.170000000000230855e+00 3.735216703918725045e+01
4.190000000000230429e+00 3.664208973735514263e+01
4.210000000000230003e+00 3.653219980357819452e+01
4.230000000000229576e+00 3.611664953318685178e+01
4.250000000000229150e+00 3.561282978501029106e+01
4.270000000000228724e+00 3.507319743854060334e+01
4.290000000000228297e+00 3.459132450544269233e+01
4.310000000000227871e+00 3.446485511928440815e+01
4.330000000000227445e+00 3.380753148725310808e+01
4.350000000000227018e+00 3.352175676843039298e+01
4.370000000000226592e+00 3.341060051845271772e+01
4.390000000000226166e+00 3.259643888355458330e+01
4.410000000000225739e+00 3.226795022794973988e+01
4.430000000000225313e+00 3.179049294410767956e+01
4.450000000000224887e+00 3.197130190407963113e+01
4.470000000000224460e+00 3.161727124709132397e+01
4.490000000000224034e+00 3.090132617951774563e+01
4.510000000000223608e+00 3.096793957260422658e+01
4.530000000000223181e+00 3.017350345170504156e+01
4.550000000000222755e+00 2.973567406091190080e+01
4.570000000000222329e+00 2.958977083387578944e+01
4.590000000000221902e+00 2.954261266085782367e+01
4.610000000000221476e+00 2.909877352676392448e+01
4.630000000000221050e+00 2.905592879819273833e+01
4.650000000000220624e+00 2.803853705118345374e+01
4.670000000000220197e+00 2.805328908005890653e+01
4.690000000000219771e+00 2.772088334173481528e+01
4.710000000000219345e+00 2.736550012955201439e+01
4.730000000000218918e+00 2.715713625132956466e+01
4.750000000000218492e+00 2.716697478418104694e+01
4.770000000000218066e+00 2.623354067020390090e+01
4.790000000000217639e+00 2.640820156592434387e+01
4.810000000000217213e+00 2.604676408944827060e+01
4.830000000000216787e+00 2.578986389323990736e+01
4.850000000000216360e+00 2.551414542821121145e+01
4.870000000000215934e+00 2.504444533508177528e+01
4.890000000000215508e+00 2.509771120566575320e+01
4.910000000000215081e+00 2.487063145735773873e+01
4.930000000000214655e+00 2.439181066552018962e+01
4.950000000000214229e+00 2.435704785743777734e+01
4.970000000000213802e+00 2.434152742006998338e+01
4.990000000000213376e+00 2.382778462023138744e+01
5.010000000000212950e+00 2.357677473212490682e+01
5.030000000000212523e+00 2.336583334373614562e+01
5.050000000000212097e+00 2.312214526522659597e+01
5.070000000000211671e+00 2.305254541322167583e+01
5.090000000000211244e+00 2.261708277303573666e+01
5.110000000000210818e+00 2.240104099395725257e+01
5.130000000000210392e+00 2.263694792239249054e+01
5.150000000000209965e+00 2.209176180897773634e+01
5.170000000000209539e+00 2.189698186383707679e+01
5.190000000000209113e+00 2.181445538229367997e+01
5.210000000000208686e+00 2.150641266847794952e+01
5.230000000000208260e+00 2.123646030581006272e+01
5.250000000000207834e+00 2.152901255138099046e+01
5.270000000000207407e+00 2.081990486602323287e+01
5.290000000000206981e+00 2.075751011208548391e+01
5.310000000000206555e+00 2.047769511107025764e+01
5.330000000000206128e+00 2.026800020561623228e+01
5.350000000000205702e+00 2.037511115784621296e+01
5.370000000000205276e+00 2.011719237546443395e+01
5.390000000000204849e+00 1.969017790242623178e+01
5.410000000000204423e+00 1.983583375217814648e+01
5.430000000000203997e+00 1.925195148243239984e+01
5.450000000000203570e+00 1.960751949329125310e+01
5.470000000000203144e+00 1.912827691964461962e+01
5.490000000000202718e+00 1.898061358107875662e+01
5.510000000000202292e+00 1.891742724493054695e+01
5.530000000000201865e+00 1.861006964992101587e+01
5.550000000000201439e+00 1.870142359703671531e+01
5.570000000000201013e+00 1.838228557689243203e+01
5.590000000000200586e+00 1.818670604443336458e+01
5.610000000000200160e+00 1.802129007385930848e+01
5.630000000000199734e+00 1.814069622364058176e+01
5.650000000000199307e+00 1.775210352340840458e+01
5.670000000000198881e+00 1.788560518185995463e+01
5.690000000000198455e+00 1.754840000916013665e+01
5.710000000000198028e+00 1.749008407824442912e+01
5.730000000000197602e+00 1.718268236878548905e+01
5.750000000000197176e+00 1.741159612577829208e+01
5.770000000000196749e+00 1.677551347699671069e+01
5.790000000000196323e+00 1.694596092376222529e+01
5.810000000000195897e+00 1.699753400513662527e+01
5.830000000000195470e+00 1.666566540216114944e+01
5.850000000000195044e+00 1.638123777754164934e+01
5.870000000000194618e+00 1.655317414222932371e+01
5.890000000000194191e+00 1.635982611140019927e+01
5.910000000000193765e+00 1.641793338907403310e+01
5.930000000000193339e+00 1.606328041559902431e+01
5.950000000000192912e+00 1.606758829266835065e+01
5.970000000000192486e+00 1.572132112225123102e+01
5.990000000000192060e+00 1.568500787236652805e+01
6.010000000000191633e+00 1.568741269612738698e+01
6.030000000000191207e+00 1.553817263571046503e+01
6.050000000000190781e+00 1.553728452930795711e+01
6.070000000000190354e+00 1.545703437202443986e+01
6.090000000000189928e+00 1.537065059679649792e+01
6.110000000000189502e+00 1.494740704681473531e+01
6.130000000000189075e+00 1.526198893040469429e+01
6.150000000000188649e+00 1.481304928982263469e+01
6.170000000000188223e+00 1.484824388628137193e+01
6.190000000000187796e+00 1.490942497467503536e+01
6.210000000000187370e+00 1.479849752120336781e+01
6.230000000000186944e+00 1.442065493226488471e+01
6.250000000000186517e+00 1.436139079055941004e+01
6.270000000000186091e+00 1.441668960849348657e+01
6.290000000000185665e+00 1.413859334306995308e+01
6.310000000000185238e+00 1.399275251815706334e+01
6.330000000000184812e+00 1.420470214332403636e+01
6.350000000000184386e+00 1.392509317086238063e+01
6.370000000000183960e+00 1.389654113914626343e+01
6.390000000000183533e+00 1.392560468635460325e+01
6.410000000000183107e+00 1.362166782616764138e+01
6.430000000000182681e+00 1.364237712711285511e+01
6.450000000000182254e+00 1.342378497125740822e+01
6.470000000000181828e+00 1.357063580498849120e+01
6.490000000000181402e+00 1.336046372441281527e+01
6.510000000000180975e+00 1.323461652469475425e+01
6.530000000000180549e+00 1.340766749912530997e+01
6.550000000000180123e+00 1.311355291837919879e+01
6.570000000000179696e+00 1.305228336979085491e+01
6.590000000000179270e+00 1.300046437215652340e+01
6.610000000000178844e+00 1.303858074238133291e+01
6.630000000000178417e+00 1.287759259924759725e+01
6.650000000000177991e+00 1.296752808202688634e+01
6.670000000000177565e+00 1.278078860799097960e+01
6.690000000000177138e+00 1.255094877072498072e+01
6.710000000000176712e+00 1.279574178108919646e+01
6.730000000000176286e+00 1.246356185281257112e+01
6.750000000000175859e+00 1.255201881958712384e+01
6.770000000000175433e+00 1.254882174400390049e+01
6.790000000000175007e+00 1.227288318358933417e+01
6.810000000000174580e+00 1.230046083128498857e+01
6.830000000000174154e+00 1.229793720416934910e+01
6.850000000000173728e+00 1.213028008636054089e+01
6.870000000000173301e+00 1.199918088005763117e+01
6.890000000000172875e+00 1.195357488118913558e+01
6.910000000000172449e+00 1.205759179467756681e+01
6.930000000000172022e+00 1.197434575096767340e+01
6.950000000000171596e+00 1.174293894382588199e+01
6.970000000000171170e+00 1.192352769837890847e+01
6.990000000000170743e+00 1.186730714463407388e+01
7.010000000000170317e+00 1.177491338365244467e+01
7.030000000000169891e+00 1.173322800785193465e+01
7.050000000000169464e+00 1.168652909201901657e+01
7.070000000000169038e+00 1.139556429201094900e+01
7.090000000000168612e+00 1.142491869696791440e+01
7.110000000000168185e+00 1.154506175428723225e+01
7.130000000000167759e+00 1.138233148484733803e+01
7.150000000000167333e+00 1.138628348347553221e+01
7.170000000000166906e+00 1.147338931989610344e+01
7.190000000000166480e+00 1.129979255335340227e+01
7.210000000000166054e+00 1.124242485038748640e+01
7.230000000000165628e+00 1.130690944000693676e+01
7.250000000000165201e+00 1.112087543824341651e+01
7.270000000000164775e+00 1.112986414957691572e+01
7.290000000000164349e+00 1.089630782755866889e+01
7.310000000000163922e+00 1.104959668682315410e+01
7.330000000000163496e+00 1.101701716163292488e+01
7.350000000000163070e+00 1.096374152521336676e+01
7.370000000000162643e+00 1.103135393363215933e+01
7.390000000000162217e+00 1.087328339720826520e+01
7.410000000000161791e+00 1.084191353493648258e+01
7.430000000000161364e+00 1.063303190829706324e+01
7.450000000000160938e+00 1.074287575255251426e+01
7.470000000000160512e+00 1.060943200861111535e+01
7.490000000000160085e+00 1.069730662770307639e+01
7.510000000000159659e+00 1.063048412317691316e+01
7.530000000000159233e+00 1.058272243107374422e+01
7.550000000000158806e+00 1.051173876395691664e+01
7.570000000000158380e+00 1.047531892895170635e+01
7.590000000000157954e+00 1.052438471545233334e+01
7.610000000000157527e+00 1.045800377399464587e+01
7.630000000000157101e+00 1.045565614724508663e+01
7.650000000000156675e+00 1.048780461133619823e+01
7.670000000000156248e+00 1.028699094813962667e+01
7.690000000000155822e+00 1.029598192643351240e+01
7.710000000000155396e+00 1.026095355549199795e+01
7.730000000000154969e+00 1.030628559481263018e+01
7.750000000000154543e+00 1.020531683617411822e+01
7.770000000000154117e+00 1.009613487144678245e+01
7.790000000000153690e+00 1.025157100066987859e+01
7.810000000000153264e+00 1.023466571677533921e+01
7.830000000000152838e+00 1.010947111247875618e+01
7.850000000000152411e+00 9.990676415511922315e+00
7.870000000000151985e+00 9.907875291081362334e+00
7.890000000000151559e+00 1.003734959547572636e+01
7.910000000000151132e+00 9.900626467168677891e+00
7.930000000000150706e+00 9.831608278098132203e+00
7.950000000000150280e+00 9.848550208790374683e+00
7.970000000000149853e+00 9.905875971924416490e+00
7.990000000000149427e+00 9.813323323568260648e+00
8.010000000000149001e+00 9.767355153071513030e+00
8.030000000000148574e+00 9.655401503101817440e+00
8.050000000000148148e+00 9.701063872041181924e+00
8.070000000000147722e+00 9.729652863126275975e+00
8.090000000000147296e+00 9.613865413011248862e+00
8.110000000000146869e+00 9.654463005043993462e+00
8.130000000000146443e+00 9.486601947026809256e+00
8.150000000000146017e+00 9.590421591539520563e+00
8.170000000000145590e+00 9.530543273747012378e+00
8.190000000000145164e+00 9.508622094838321104e+00
8.210000000000144738e+00 9.439686279298262761e+00
8.230000000000144311e+00 9.476858028357646901e+00
8.250000000000143885e+00 9.340683656450099903e+00
8.270000000000143459e+00 9.303751287311524010e+00
8.290000000000143032e+00 9.297368620491486269e+00
8.310000000000142606e+00 9.353916777266821470e+00
8.330000000000142180e+00 9.204573094466050875e+00
8.350000000000141753e+00 9.201787508594948761e+00
8.370000000000141327e+00 9.193963790567170946e+00
8.390000000000140901e+00 9.086478109459667607e+00
8.410000000000140474e+00 9.099962960737467910e+00
8.430000000000140048e+00 9.031726036544997172e+00
8.450000000000139622e+00 9.022751735884575908e+00
8.470000000000139195e+00 8.926106159404987750e+00
8.490000000000138769e+00 8.948957162841624680e+00
8.510000000000138343e+00 8.981974431264323044e+00
8.530000000000137916e+00 8.875627641967556158e+00
8.550000000000137490e+00 8.839208173802527213e+00
8.570000000000137064e+00 8.866789233908411560e+00
8.590000000000136637e+00 8.825697791429391259e+00
8.610000000000136211e+00 8.668000473162461361e+00
8.630000000000135785e+00 8.686686951126013412e+00
8.650000000000135358e+00 8.643176383510180472e+00
8.670000000000134932e+00 8.595261908691872677e+00
8.690000000000134506e+00 8.684105756407550558e+00
8.710000000000134079e+00 8.539325351534193587e+00
8.730000000000133653e+00 8.476058804691509962e+00
8.750000000000133227e+00 8.432428750365648540e+00
8.770000000000132800e+00 8.341528106729715120e+00
8.790000000000132374e+00 8.382631364756216286e+00
8.810000000000131948e+00 8.297228234539806735e+00
8.830000000000131521e+00 8.200526622150468015e+00
8.850000000000131095e+00 8.312143232245366775e+00
8.870000000000130669e+00 8.268168498691830237e+00
8.890000000000130242e+00 8.164527496607149715e+00
8.910000000000129816e+00 8.186888894520073734e+00
8.930000000000129390e+00 7.996285634409034948e+00
8.950000000000128964e+00 7.988836698338169562e+00
8.970000000000128537e+00 7.966860305365656814e+00
8.990000000000128111e+00 7.978362723687977720e+00
9.010000000000127685e+00 7.885137802665245665e+00
9.030000000000127258e+00 7.809450195005225304e+00
9.050000000000126832e+00 7.777088475947241619e+00
9.070000000000126406e+00 7.690855397420208739e+00
9.090000000000125979e+00 7.663682070826937753e+00
9.110000000000125553e+00 7.679082785751284668e+00
9.130000000000125127e+00 7.645696234599711261e+00
9.150000000000124700e+00 7.519933028691024646e+00
9.170000000000124274e+00 7.455032904147831374e+00
9.190000000000123848e+00 7.405036240489684118e+00
9.210000000000123421e+00 7.424956164978431694e+00
9.230000000000122995e+00 7.399452598304269380e+00
9.250000000000122569e+00 7.323174557184362499e+00
9.270000000000122142e+00 7.280552332749755884e+00
9.290000000000121716e+00 7.125820543721202327e+00
9.310000000000121290e+00 7.102734971276484011e+00
9.330000000000120863e+00 7.115646995901429683e+00
9.350000000000120437e+00 6.999303837852464127e+00
9.370000000000120011e+00 6.942901578736684343e+00
9.390000000000119584e+00 6.898948155469058818e+00
9.410000000000119158e+00 6.897967142569350507e+00
9.430000000000118732e+00 6.769750563591247605e+00
9.450000000000118305e+00 6.742149490149773605e+00
9.470000000000117879e+00 6.701262266249667476e+00
9.490000000000117453e+00 6.589903012380114333e+00
9.510000000000117026e+00 6.599630437515791037e+00
9.530000000000116600e+00 6.549677640423164249e+00
9.550000000000116174e+00 6.541164647300237611e+00
9.570000000000115747e+00 6.369765028002596807e+00
9.590000000000115321e+00 6.326845263665696883e+00
9.610000000000114895e+00 6.305506456012079930e+00
9.630000000000114468e+00 6.252723707607553472e+00
9.650000000000114042e+00 6.168504545740385758e+00
9.670000000000113616e+00 6.107233434811167427e+00
9.690000000000113189e+00 6.058124743278228586e+00
9.710000000000112763e+00 6.023932008985533493e+00
9.730000000000112337e+00 5.958241538327490261e+00
9.750000000000111910e+00 5.917380274857066524e+00
9.770000000000111484e+00 5.836945776015446619e+00
9.790000000000111058e+00 5.746997377529610596e+00
9.810000000000110632e+00 5.749299837175881223e+00
9.830000000000110205e+00 5.715793245298318226e+00
9.850000000000109779e+00 5.597881342200694554e+00
9.870000000000109353e+00 5.524012867194125320e+00
9.890000000000108926e+00 5.500104909392359076e+00
9.910000000000108500e+00 5.409622763697464976e+00
9.930000000000108074e+00 5.348519435004171818e+00
9.950000000000107647e+00 5.304686644691713582e+00
9.970000000000107221e+00 5.215855683035245605e+00
9.990000000000106795e+00 5.238661872205327974e+00
1.001000000000010637e+01 5.143567406434756073e+00
1.003000000000010594e+01 5.092939064311501340e+00
1.005000000000010552e+01 5.052045041307533069e+00
1.007000000000010509e+01 5.007519740169604106e+00
1.009000000000010466e+01 4.872036557638587340e+00
1.011000000000010424e+01 4.899237787427344060e+00
1.013000000000010381e+01 4.834862862806823536e+00
1.015000000000010338e+01 4.782186125762247997e+00
1.017000000000010296e+01 4.685189952405276692e+00
1.019000000000010253e+01 4.616211233953044335e+00
1.021000000000010210e+01 4.581253940670465319e+00
1.023000000000010168e+01 4.540776632375103539e+00
1.025000000000010125e+01 4.566424544222145165e+00
1.027000000000010083e+01 4.415044605514124143e+00
1.029000000000010040e+01 4.405681479125546751e+00
1.031000000000009997e+01 4.302602716926701376e+00
1.033000000000009955e+01 4.278867025680757052e+00
1.035000000000009912e+01 4.277934194355362152e+00
1.037000000000009869e+01 4.192339000165903329e+00
1.039000000000009827e+01 4.122620459447515096e+00
1.041000000000009784e+01 4.108377988383591806e+00
1.043000000000009742e+01 4.050547804615418634e+00
1.045000000000009699e+01 3.997869484468497436e+00
1.047000000000009656e+01 3.946500964381621124e+00
1.049000000000009614e+01 3.912436846745838359e+00
1.051000000000009571e+01 3.914098263054358817e+00
1.053000000000009528e+01 3.818096267940184418e+00
1.055000000000009486e+01 3.784547730480176231e+00
1.057000000000009443e+01 3.699233609127492439e+00
1.059000000000009400e+01 3.735683980160291906e+00
1.061000000000009358e+01 3.616768814986330405e+00
1.063000000000009315e+01 3.592952658244652486e+00
1.065000000000009273e+01 3.597281749433571374e+00
1.067000000000009230e+01 3.514079220105007284e+00
1.069000000000009187e+01 3.511997911666183025e+00
1.071000000000009145e+01 3.450052702570364449e+00
1.073000000000009102e+01 3.400651072023117560e+00
1.075000000000009059e+01 3.403157203874902503e+00
1.077000000000009017e+01 3.378737092015137389e+00
1.079000000000008974e+01 3.313928172645392412e+00
1.081000000000008932e+01 3.242136946832390620e+00
1.083000000000008889e+01 3.260685991477738632e+00
1.085000000000008846e+01 3.248838290512501281e+00
1.087000000000008804e+01 3.148760651608019323e+00
1.089000000000008761e+01 3.125143677361265748e+00
1.091000000000008718e+01 3.118893202317278401e+00
1.093000000000008676e+01 3.115554553341564947e+00
1.095000000000008633e+01 3.089247997962760728e+00
1.097000000000008590e+01 3.005344794035304190e+00
1.099000000000008548e+01 2.964592045783879470e+00
1.101000000000008505e+01 3.005054980975629064e+00
1.103000000000008463e+01 2.933982777045842205e+00
1.105000000000008420e+01 2.952313095240619134e+00
1.107000000000008377e+01 2.894136124895440254e+00
1.109000000000008335e+01 2.895518389387797598e+00
1.111000000000008292e+01 2.812370606048028243e+00
1.113000000000008249e+01 2.821456390032214934e+00
1.115000000000008207e+01 2.776404687727350495e+00
1.117000000000008164e+01 2.809903636656353676e+00
1.119000000000008122e+01 2.764861972494714326e+00
1.121000000000008079e+01 2.768351679144213318e+00
1.123000000000008036e+01 2.699798330267278335e+00
1.125000000000007994e+01 2.736359501297913610e+00
1.127000000000007951e+01 2.665599475986629940e+00
1.129000000000007908e+01 2.661841390534630758e+00
1.131000000000007866e+01 2.643091956685118760e+00
1.133000000000007823e+01 2.640716582365230103e+00
1.135000000000007780e+01 2.603617714034483832e+00
1.137000000000007738e+01 2.584297540335819043e+00
1.139000000000007695e+01 2.575446311652799469e+00
1.141000000000007653e+01 2.561782389072254418e+00
1.143000000000007610e+01 2.549982744185813832e+00
1.145000000000007567e+01 2.544731135851450166e+00
1.147000000000007525e+01 2.526446019548519661e+00
1.149000000000007482e+01 2.556423261524177981e+00
1.151000000000007439e+01 2.501333972188984678e+00
1.153000000000007397e+01 2.480965205911457527e+00
1.155000000000007354e+01 2.497189529782906536e+00
1.157000000000007311e+01 2.466920502786041691e+00
1.159000000000007269e+01 2.458253151058765962e+00
1.161000000000007226e+01 2.418971124852319132e+00
1.163000000000007184e+01 2.406551907695595460e+00
1.165000000000007141e+01 2.447393091024504752e+00
1.167000000000007098e+01 2.411409153479645351e+00
1.169000000000007056e+01 2.437306505289692726e+00
1.171000000000007013e+01 2.362207294310434413e+00
1.173000000000006970e+01 2.412603078971341741e+00
1.175000000000006928e+01 2.419240052827872578e+00
1.177000000000006885e+01 2.391432414836536680e+00
1.179000000000006843e+01 2.352375800258128535e+00
1.181000000000006800e+01 2.333667397548786049e+00
1.183000000000006757e+01 2.325876648887049924e+00
1.185000000000006715e+01 2.360400814788440549e+00
1.187000000000006672e+01 2.339259325635601794e+00
1.189000000000006629e+01 2.345444150571290631e+00
1.191000000000006587e+01 2.311957172432129948e+00
1.193000000000006544e+01 2.319034860743301341e+00
1.195000000000006501e+01 2.319690488888029645e+00
1.197000000000006459e+01 2.284928118840922284e+00
1.199000000000006416e+01 2.352043337999687900e+00
1.201000000000006374e+01 2.300308177855421743e+00
1.203000000000006331e+01 2.300426263104295987e+00
1.205000000000006288e+01 2.255803347286669869e+00
1.207000000000006246e+01 2.295604420302016280e+00
1.209000000000006203e+01 2.237792866168093475e+00
1.211000000000006160e+01 2.282097715329997278e+00
1.213000000000006118e+01 2.281688145133559775e+00
1.215000000000006075e+01 2.282935021309000945e+00
1.217000000000006033e+01 2.232453768502176583e+00
1.219000000000005990e+01 2.275972996700443396e+00
1.221000000000005947e+01 2.244815287300287565e+00
1.223000000000005905e+01 2.260708885926175249e+00
1.225000000000005862e+01 2.223669552753550160e+00
1.227000000000005819e+01 2.215148217054714763e+00
1.229000000000005777e+01 2.218570117979924650e+00
1.231000000000005734e+01 2.199721981697900564e+00
1.233000000000005691e+01 2.209690775864592727e+00
1.235000000000005649e+01 2.244992812597804033e+00
1.237000000000005606e+01 2.234901366243034371e+00
1.239000000000005564e+01 2.202450946617781735e+00
1.241000000000005521e+01 2.208622962069944684e+00
1.243000000000005478e+01 2.151728618912967850e+00
1.245000000000005436e+01 2.200828369285565245e+00
1.247000000000005393e+01 2.154854881316198512e+00
1.249000000000005350e+01 2.175821841546033308e+00
1.251000000000005308e+01 2.144136648332824802e+00
1.253000000000005265e+01 2.181402045114462229e+00
1.255000000000005222e+01 2.204466822963802031e+00
1.257000000000005180e+01 2.139487445253572151e+00
1.259000000000005137e+01 2.129152674819037916e+00
1.261000000000005095e+01 2.096891425485749583e+00
1.263000000000005052e+01 2.130714181191145862e+00
1.265000000000005009e+01 2.105306490527686147e+00
1.267000000000004967e+01 2.156314587894992751e+00
1.269000000000004924e+01 2.128610790707750500e+00
1.271000000000004881e+01 2.091864831904040933e+00
1.273000000000004839e+01 2.135484904028673636e+00
1.275000000000004796e+01 2.049701513220735460e+00
1.277000000000004754e+01 2.028696043809111504e+00
1.279000000000004711e+01 2.032235021645859341e+00
1.281000000000004668e+01 2.097716082841175389e+00
1.283000000000004626e+01 2.055513942689734197e+00
1.285000000000004583e+01 2.030493305930223702e+00
1.287000000000004540e+01 2.053777456427896109e+00
1.289000000000004498e+01 2.072919418859552998e+00
1.291000000000004455e+01 2.035481168122245332e+00
1.293000000000004412e+01 2.014425593858498509e+00
1.295000000000004370e+01 1.990790272961831864e+00
1.297000000000004327e+01 1.978272130238310611e+00
1.299000000000004285e+01 1.993931509273531466e+00
1.301000000000004242e+01 1.979802442740806079e+00
1.303000000000004199e+01 1.972519361978147590e+00
1.305000000000004157e+01 1.959022863450308849e+00
1.307000000000004114e+01 1.960811626985938805e+00
1.309000000000004071e+01 1.959395112235483349e+00
1.311000000000004029e+01 1.938268027262379789e+00
1.313000000000003986e+01 1.926345019384699375e+00
1.315000000000003944e+01 1.894026552577712019e+00
1.317000000000003901e+01 1.932524145267458193e+00
1.319000000000003858e+01 1.910149981690667298e+00
1.321000000000003816e+01 1.896389444179838124e+00
1.323000000000003773e+01 1.910126462685723281e+00
1.325000000000003730e+01 1.870768322742121237e+00
1.327000000000003688e+01 1.868516154001298446e+00
1.329000000000003645e+01 1.860776909279297842e+00
1.331000000000003602e+01 1.849536609465996628e+00
1.333000000000003560e+01 1.811763585822177669e+00
1.335000000000003517e+01 1.834780178601871370e+00
1.337000000000003475e+01 1.819091194011167811e+00
1.339000000000003432e+01 1.825708188631582907e+00
1.341000000000003389e+01 1.824150543348838527e+00
1.343000000000003347e+01 1.825678453398498435e+00
1.345000000000003304e+01 1.759217157167483059e+00
1.347000000000003261e+01 1.745182940398326110e+00
1.349000000000003219e+01 1.791284730273386305e+00
1.351000000000003176e+01 1.709482646323945199e+00
1.353000000000003133e+01 1.748111182534306973e+00
1.355000000000003091e+01 1.712591436982378479e+00
1.357000000000003048e+01 1.766871648217828827e+00
1.359000000000003006e+01 1.692923836174726082e+00
1.361000000000002963e+01 1.719914776323850480e+00
1.363000000000002920e+01 1.633096150080006304e+00
1.365000000000002878e+01 1.594576715448204673e+00
1.367000000000002835e+01 1.612664751657377771e+00
1.369000000000002792e+01 1.572906763790470563e+00
1.371000000000002750e+01 1.568611516568533260e+00
1.373000000000002707e+01 1.544675808721696519e+00
1.375000000000002665e+01 1.479109101580164953e+00
1.377000000000002622e+01 1.415607891314546007e+00
1.379000000000002579e+01 1.403537048735185255e+00
1.381000000000002537e+01 1.361612569279620599e+00
1.383000000000002494e+01 1.327344955144998950e+00
1.385000000000002451e+01 1.293724663787414242e+00
1.387000000000002409e+01 1.236721472528295118e+00
1.389000000000002366e+01 1.235842587810904059e+00
1.391000000000002323e+01 1.223151775486355008e+00
1.393000000000002281e+01 1.186105959798156473e+00
1.395000000000002238e+01 1.135859913088743234e+00
1.397000000000002196e+01 1.116778584157914533e+00
1.399000000000002153e+01 1.083148005675107939e+00
1.401000000000002110e+01 1.027314373208080500e+00
1.403000000000002068e+01 9.493125013900916009e-01
1.405000000000002025e+01 9.152781467476710509e-01
1.407000000000001982e+01 8.300475256400707824e-01
1.409000000000001940e+01 7.825229578285034515e-01
1.411000000000001897e+01 7.344531473899882368e-01
1.413000000000001855e+01 6.562198215106834764e-01
1.415000000000001812e+01 5.786104969284806554e-01
1.417000000000001769e+01 5.443360366488007029e-01
1.419000000000001727e+01 4.685871174649087756e-01
1.421000000000001684e+01 4.727373922600860423e-01
1.423000000000001641e+01 4.136709426998477213e-01
1.425000000000001599e+01 3.884890313849532206e-01
1.427000000000001556e+01 3.197918106719337961e-01
1.429000000000001513e+01 2.551881944599794227e-01
1.431000000000001471e+01 2.174881240609892741e-01
1.433000000000001428e+01 2.064729726317955372e-01
1.435000000000001386e+01 1.767057951267402838e-01
1.437000000000001343e+01 1.388108862276269950e-01
1.439000000000001300e+01 1.250623094669768842e-01
1.441000000000001258e+01 1.058951911594006451e-01
1.443000000000001215e+01 9.485087710823879303e-02
1.445000000000001172e+01 8.112908068915988813e-02
1.447000000000001130e+01 4.092145949676739836e-02
1.449000000000001087e+01 2.461242322001225627e-02
1.451000000000001044e+01 1.377891313876665469e-02
1.453000000000001002e+01 1.102755598288508547e-02
1.455000000000000959e+01 1.374163417697708486e-02
1.457000000000000917e+01 8.201846216961232450e-03
1.459000000000000874e+01 2.746826626052586897e-03
1.461000000000000831e+01 8.194715167890738298e-06
1.463000000000000789e+01 1.284910918847337550e-17
1.465000000000000746e+01 0.000000000000000000e+00
1.467000000000000703e+01 0.000000000000000000e+00
1.469000000000000661e+01 0.000000000000000000e+00
1.471000000000000618e+01 0.000000000000000000e+00
1.473000000000000576e+01 0.000000000000000000e+00
1.475000000000000533e+01 0.000000000000000000e+00
1.477000000000000490e+01 0.000000000000000000e+00
1.479000000000000448e+01 0.000000000000000000e+00
1.481000000000000405e+01 0.000000000000000000e+00
1.483000000000000362e+01 0.000000000000000000e+00
1.485000000000000320e+01 0.000000000000000000e+00
1.487000000000000277e+01 0.000000000000000000e+00
1.489000000000000234e+01 0.000000000000000000e+00
1.491000000000000192e+01 0.000000000000000000e+00
1.493000000000000149e+01 0.000000000000000000e+00
1.495000000000000107e+01 0.000000000000000000e+00
1.497000000000000064e+01 0.000000000000000000e+00
1.499000000000000021e+01 0.000000000000000000e+00
