# Redshift		Merger Rate Density [Gpc^-3yr^-1]
1.000000000031931770e-02 1.239695007127060933e+02
3.000000000031888964e-02 1.302497682788452380e+02
5.000000000031846331e-02 1.358199948269251820e+02
7.000000000031804392e-02 1.419829664559435116e+02
9.000000000031761760e-02 1.483114104572473195e+02
1.100000000003171913e-01 1.547201985780244229e+02
1.300000000003167511e-01 1.615944668014533079e+02
1.500000000003163247e-01 1.681896915202870275e+02
1.700000000003158984e-01 1.748024654907891602e+02
1.900000000003154721e-01 1.821884611611432661e+02
2.100000000003150458e-01 1.898857799989238799e+02
2.300000000003146194e-01 1.960371976858369294e+02
2.500000000003141931e-01 2.051182746140361530e+02
2.700000000003137668e-01 2.123353612932922658e+02
2.900000000003133405e-01 2.201315847017479825e+02
3.100000000003129141e-01 2.288475019037944946e+02
3.300000000003124878e-01 2.354387327935303915e+02
3.500000000003120615e-01 2.448345629787274902e+02
3.700000000003116352e-01 2.519758970741598034e+02
3.900000000003112088e-01 2.606319927355511936e+02
4.100000000003107825e-01 2.693274755212592595e+02
4.300000000003103562e-01 2.777014748890110241e+02
4.500000000003099299e-01 2.859807198351816737e+02
4.700000000003095035e-01 2.954659182420530215e+02
4.900000000003090772e-01 3.038190582199110281e+02
5.100000000003086509e-01 3.145241379208148373e+02
5.300000000003082246e-01 3.218011094492941311e+02
5.500000000003077982e-01 3.332276886900008321e+02
5.700000000003073719e-01 3.410561585732924641e+02
5.900000000003069456e-01 3.500725018754840221e+02
6.100000000003065193e-01 3.609419386273995087e+02
6.300000000003060929e-01 3.689098849799630102e+02
6.500000000003056666e-01 3.784121079687267297e+02
6.700000000003052403e-01 3.904164310223027314e+02
6.900000000003048140e-01 3.995012235978545618e+02
7.100000000003043876e-01 4.095968884979274662e+02
7.300000000003039613e-01 4.210827340753443764e+02
7.500000000003035350e-01 4.289555277027002944e+02
7.700000000003031086e-01 4.408294636716100854e+02
7.900000000003026823e-01 4.512968763937798258e+02
8.100000000003022560e-01 4.611221942308318944e+02
8.300000000003018297e-01 4.721645442712995759e+02
8.500000000003014033e-01 4.810855593322394270e+02
8.700000000003009770e-01 4.921346123574778630e+02
8.900000000003005507e-01 5.058674727979772001e+02
9.100000000003001244e-01 5.137684003447125178e+02
9.300000000002996980e-01 5.240521573422164465e+02
9.500000000002992717e-01 5.356758665811055380e+02
9.700000000002988454e-01 5.483937241447589486e+02
9.900000000002984191e-01 5.559528569690132827e+02
1.010000000000297993e+00 5.660480526033346678e+02
1.030000000000297566e+00 5.783371033435063282e+02
1.050000000000297140e+00 5.881649521400743197e+02
1.070000000000296714e+00 5.959243822564709490e+02
1.090000000000296287e+00 6.089489044503982313e+02
1.110000000000295861e+00 6.181199036508996869e+02
1.130000000000295435e+00 6.294501872348798770e+02
1.150000000000295008e+00 6.386058009178284465e+02
1.170000000000294582e+00 6.507405367428917771e+02
1.190000000000294156e+00 6.584766196902970705e+02
1.210000000000293729e+00 6.689020033007263919e+02
1.230000000000293303e+00 6.793400342912857468e+02
1.250000000000292877e+00 6.870790000424718755e+02
1.270000000000292451e+00 6.959306774224103265e+02
1.290000000000292024e+00 7.061785807642843338e+02
1.310000000000291598e+00 7.137349678398672950e+02
1.330000000000291172e+00 7.217763056763814120e+02
1.350000000000290745e+00 7.309668996122121598e+02
1.370000000000290319e+00 7.390978734932878069e+02
1.390000000000289893e+00 7.448614333265232972e+02
1.410000000000289466e+00 7.539792554819496218e+02
1.430000000000289040e+00 7.583123102450449551e+02
1.450000000000288614e+00 7.712406367419575872e+02
1.470000000000288187e+00 7.764209428409673137e+02
1.490000000000287761e+00 7.815530262615470747e+02
1.510000000000287335e+00 7.867223261291154586e+02
1.530000000000286908e+00 7.933572474250527193e+02
1.550000000000286482e+00 7.991956923272898621e+02
1.570000000000286056e+00 8.033711955229106252e+02
1.590000000000285629e+00 8.083539699870920003e+02
1.610000000000285203e+00 8.132189359361269680e+02
1.630000000000284777e+00 8.178703666659517921e+02
1.650000000000284350e+00 8.210386538473292148e+02
1.670000000000283924e+00 8.249222162899066007e+02
1.690000000000283498e+00 8.289711280996434652e+02
1.710000000000283071e+00 8.330184997227999020e+02
1.730000000000282645e+00 8.371183396661706411e+02
1.750000000000282219e+00 8.387787236114700136e+02
1.770000000000281792e+00 8.396905705520279071e+02
1.790000000000281366e+00 8.410286067695708425e+02
1.810000000000280940e+00 8.436770008199014228e+02
1.830000000000280513e+00 8.416425991390383388e+02
1.850000000000280087e+00 8.425135483520987236e+02
1.870000000000279661e+00 8.418652153033971217e+02
1.890000000000279234e+00 8.446445405600893537e+02
1.910000000000278808e+00 8.409560680460591584e+02
1.930000000000278382e+00 8.423878380410001228e+02
1.950000000000277955e+00 8.409868818133260220e+02
1.970000000000277529e+00 8.398392640755527054e+02
1.990000000000277103e+00 8.369316539710193865e+02
2.010000000000276899e+00 8.354954420020516181e+02
2.030000000000276472e+00 8.339630990727338258e+02
2.050000000000276046e+00 8.273347388754893927e+02
2.070000000000275620e+00 8.270334107597785760e+02
2.090000000000275193e+00 8.226097156444246821e+02
2.110000000000274767e+00 8.196346744987772581e+02
2.130000000000274341e+00 8.153777888901057622e+02
2.150000000000273914e+00 8.124894584729482858e+02
2.170000000000273488e+00 8.085207852076187010e+02
2.190000000000273062e+00 8.003050376705268718e+02
2.210000000000272635e+00 7.960923849017897282e+02
2.230000000000272209e+00 7.881858853802509657e+02
2.250000000000271783e+00 7.803924777557062953e+02
2.270000000000271356e+00 7.754624394931803408e+02
2.290000000000270930e+00 7.699357592901773160e+02
2.310000000000270504e+00 7.610376756832480396e+02
2.330000000000270077e+00 7.533300407721194460e+02
2.350000000000269651e+00 7.472822528994357754e+02
2.370000000000269225e+00 7.402607035868178400e+02
2.390000000000268798e+00 7.325085296287268193e+02
2.410000000000268372e+00 7.247336359211634544e+02
2.430000000000267946e+00 7.176192904564302353e+02
2.450000000000267519e+00 7.092587832695410270e+02
2.470000000000267093e+00 7.010104311773826566e+02
2.490000000000266667e+00 6.935521656530119117e+02
2.510000000000266240e+00 6.876183106170909696e+02
2.530000000000265814e+00 6.788849155874718235e+02
2.550000000000265388e+00 6.725999580927523311e+02
2.570000000000264961e+00 6.623062519692056185e+02
2.590000000000264535e+00 6.558244306526506762e+02
2.610000000000264109e+00 6.485568726535425412e+02
2.630000000000263682e+00 6.402373536164346888e+02
2.650000000000263256e+00 6.328984319201052813e+02
2.670000000000262830e+00 6.236276266286884038e+02
2.690000000000262403e+00 6.174434413453267325e+02
2.710000000000261977e+00 6.106484496995404925e+02
2.730000000000261551e+00 6.009993813198007047e+02
2.750000000000261124e+00 5.948355872192393008e+02
2.770000000000260698e+00 5.865459114144125579e+02
2.790000000000260272e+00 5.795468702168869868e+02
2.810000000000259845e+00 5.721535703738585426e+02
2.830000000000259419e+00 5.651037409784055399e+02
2.850000000000258993e+00 5.563856192879892433e+02
2.870000000000258567e+00 5.510798074707702199e+02
2.890000000000258140e+00 5.421008175494390571e+02
2.910000000000257714e+00 5.336134254407137405e+02
2.930000000000257288e+00 5.263756982721411077e+02
2.950000000000256861e+00 5.212566506776823871e+02
2.970000000000256435e+00 5.140404901903225436e+02
2.990000000000256009e+00 5.042938008470567297e+02
3.010000000000255582e+00 5.002028750882964800e+02
3.030000000000255156e+00 4.914782859955946606e+02
3.050000000000254730e+00 4.853074826338759067e+02
3.070000000000254303e+00 4.777977860612908785e+02
3.090000000000253877e+00 4.715086474263809464e+02
3.110000000000253451e+00 4.650244964798860678e+02
3.130000000000253024e+00 4.583844714937990830e+02
3.150000000000252598e+00 4.509443189366194815e+02
3.170000000000252172e+00 4.446432051431880836e+02
3.190000000000251745e+00 4.391469790802535158e+02
3.210000000000251319e+00 4.314935234161732183e+02
3.230000000000250893e+00 4.254154813853948554e+02
3.250000000000250466e+00 4.204020984251677646e+02
3.270000000000250040e+00 4.133144546212170667e+02
3.290000000000249614e+00 4.077111471582448985e+02
3.310000000000249187e+00 4.018965512518972218e+02
3.330000000000248761e+00 3.960378087431012091e+02
3.350000000000248335e+00 3.900216841850625542e+02
3.370000000000247908e+00 3.849637557703608763e+02
3.390000000000247482e+00 3.787384550678592632e+02
3.410000000000247056e+00 3.728007689384946843e+02
3.430000000000246629e+00 3.676966353484170895e+02
3.450000000000246203e+00 3.613513331874130472e+02
3.470000000000245777e+00 3.565827564804288841e+02
3.490000000000245350e+00 3.508880054544428617e+02
3.510000000000244924e+00 3.464376252675180581e+02
3.530000000000244498e+00 3.408294265579474995e+02
3.550000000000244071e+00 3.362678340060588766e+02
3.570000000000243645e+00 3.318030299794299367e+02
3.590000000000243219e+00 3.274160259808414821e+02
3.610000000000242792e+00 3.219439560645806750e+02
3.630000000000242366e+00 3.179010411170206112e+02
3.650000000000241940e+00 3.117516624160996344e+02
3.670000000000241513e+00 3.084037445638513191e+02
3.690000000000241087e+00 3.035878895168992813e+02
3.710000000000240661e+00 2.993770468930517268e+02
3.730000000000240234e+00 2.946625669826939315e+02
3.750000000000239808e+00 2.900005378888600944e+02
3.770000000000239382e+00 2.863668946760571998e+02
3.790000000000238956e+00 2.814755944239512928e+02
3.810000000000238529e+00 2.775986117178338191e+02
3.830000000000238103e+00 2.737998028564468882e+02
3.850000000000237677e+00 2.695026216775149237e+02
3.870000000000237250e+00 2.658402260441506542e+02
3.890000000000236824e+00 2.617458249208596612e+02
3.910000000000236398e+00 2.577697163105089544e+02
3.930000000000235971e+00 2.543644518667392731e+02
3.950000000000235545e+00 2.504933795801831025e+02
3.970000000000235119e+00 2.466223714342685014e+02
3.990000000000234692e+00 2.421656633630177282e+02
4.010000000000234266e+00 2.394348222052192909e+02
4.030000000000233840e+00 2.355282378795569969e+02
4.050000000000233413e+00 2.316783955544229343e+02
4.070000000000232987e+00 2.286465100630870495e+02
4.090000000000232561e+00 2.254633794940586426e+02
4.110000000000232134e+00 2.222071477359912421e+02
4.130000000000231708e+00 2.190369349462732487e+02
4.150000000000231282e+00 2.150497454419291898e+02
4.170000000000230855e+00 2.117050965492163357e+02
4.190000000000230429e+00 2.095278186783135936e+02
4.210000000000230003e+00 2.058419774968767797e+02
4.230000000000229576e+00 2.031516944207644713e+02
4.250000000000229150e+00 2.004743408079638129e+02
4.270000000000228724e+00 1.976665547303382482e+02
4.290000000000228297e+00 1.947201586573741849e+02
4.310000000000227871e+00 1.923467849378657206e+02
4.330000000000227445e+00 1.892916633609922030e+02
4.350000000000227018e+00 1.875516296169113843e+02
4.370000000000226592e+00 1.839154219104116237e+02
4.390000000000226166e+00 1.811438525178226939e+02
4.410000000000225739e+00 1.801291120937699759e+02
4.430000000000225313e+00 1.763179946568140792e+02
4.450000000000224887e+00 1.745682726108311442e+02
4.470000000000224460e+00 1.719216066757950045e+02
4.490000000000224034e+00 1.695709341333289331e+02
4.510000000000223608e+00 1.674658438846780371e+02
4.530000000000223181e+00 1.651737332313004174e+02
4.550000000000222755e+00 1.629143849771885755e+02
4.570000000000222329e+00 1.611080043301915055e+02
4.590000000000221902e+00 1.586807570723900653e+02
4.610000000000221476e+00 1.571014194936290380e+02
4.630000000000221050e+00 1.550005322654177462e+02
4.650000000000220624e+00 1.529473412349481407e+02
4.670000000000220197e+00 1.504137494639746535e+02
4.690000000000219771e+00 1.488699502699438426e+02
4.710000000000219345e+00 1.464220097837024639e+02
4.730000000000218918e+00 1.448236409211453974e+02
4.750000000000218492e+00 1.425176021216895208e+02
4.770000000000218066e+00 1.412438664537978070e+02
4.790000000000217639e+00 1.396306168678183042e+02
4.810000000000217213e+00 1.373278852455959225e+02
4.830000000000216787e+00 1.361442540066153128e+02
4.850000000000216360e+00 1.342862446514417911e+02
4.870000000000215934e+00 1.324357536391838721e+02
4.890000000000215508e+00 1.302460399012652204e+02
4.910000000000215081e+00 1.287920158201806373e+02
4.930000000000214655e+00 1.276980124055536265e+02
4.950000000000214229e+00 1.257328008072516923e+02
4.970000000000213802e+00 1.241237686444548132e+02
4.990000000000213376e+00 1.227866144637251296e+02
5.010000000000212950e+00 1.212085836795246934e+02
5.030000000000212523e+00 1.198201493170429615e+02
5.050000000000212097e+00 1.182004310755601466e+02
5.070000000000211671e+00 1.160109785100873552e+02
5.090000000000211244e+00 1.151481552417945977e+02
5.110000000000210818e+00 1.139417647225822634e+02
5.130000000000210392e+00 1.126496271356545691e+02
5.150000000000209965e+00 1.113446464947345333e+02
5.170000000000209539e+00 1.099623830882674724e+02
5.190000000000209113e+00 1.084284372866565178e+02
5.210000000000208686e+00 1.070093356649153264e+02
5.230000000000208260e+00 1.059273032478156722e+02
5.250000000000207834e+00 1.046130884446002369e+02
5.270000000000207407e+00 1.030940966259211251e+02
5.290000000000206981e+00 1.019148499786352602e+02
5.310000000000206555e+00 1.008633957167038631e+02
5.330000000000206128e+00 9.946250083394457420e+01
5.350000000000205702e+00 9.867344616179782690e+01
5.370000000000205276e+00 9.729326143087139656e+01
5.390000000000204849e+00 9.631841540383625500e+01
5.410000000000204423e+00 9.569589704828409538e+01
5.430000000000203997e+00 9.471029597800965405e+01
5.450000000000203570e+00 9.324801992627942582e+01
5.470000000000203144e+00 9.236935356166037536e+01
5.490000000000202718e+00 9.132300581024368569e+01
5.510000000000202292e+00 9.049869328566364857e+01
5.530000000000201865e+00 8.940757846951076715e+01
5.550000000000201439e+00 8.808730484864915411e+01
5.570000000000201013e+00 8.724711291990328732e+01
5.590000000000200586e+00 8.641411126570658041e+01
5.610000000000200160e+00 8.556893814724260494e+01
5.630000000000199734e+00 8.460124964270472958e+01
5.650000000000199307e+00 8.367907888809502026e+01
5.670000000000198881e+00 8.272868586277576242e+01
5.690000000000198455e+00 8.184324837547492848e+01
5.710000000000198028e+00 8.111577010083188100e+01
5.730000000000197602e+00 8.049136588258582492e+01
5.750000000000197176e+00 7.943302413087738501e+01
5.770000000000196749e+00 7.936342701971672398e+01
5.790000000000196323e+00 7.773838033188518182e+01
5.810000000000195897e+00 7.722339271802546534e+01
5.830000000000195470e+00 7.617091799097670446e+01
5.850000000000195044e+00 7.552064534245195659e+01
5.870000000000194618e+00 7.436894167950002554e+01
5.890000000000194191e+00 7.438157762279348617e+01
5.910000000000193765e+00 7.334858576100401706e+01
5.930000000000193339e+00 7.279167414076395914e+01
5.950000000000192912e+00 7.196361992740287405e+01
5.970000000000192486e+00 7.132979838028794006e+01
5.990000000000192060e+00 7.117471750442328471e+01
6.010000000000191633e+00 6.967867420416978064e+01
6.030000000000191207e+00 6.937640902762339579e+01
6.050000000000190781e+00 6.877401906611513027e+01
6.070000000000190354e+00 6.813823166421926203e+01
6.090000000000189928e+00 6.760076682782280955e+01
6.110000000000189502e+00 6.712528678764277856e+01
6.130000000000189075e+00 6.657639163525782067e+01
6.150000000000188649e+00 6.583831341039795859e+01
6.170000000000188223e+00 6.523906158681657530e+01
6.190000000000187796e+00 6.464838040365351901e+01
6.210000000000187370e+00 6.429499705470178128e+01
6.230000000000186944e+00 6.361358903774878826e+01
6.250000000000186517e+00 6.303686998204450731e+01
6.270000000000186091e+00 6.248636683203613273e+01
6.290000000000185665e+00 6.196466607360164858e+01
6.310000000000185238e+00 6.161217359434303376e+01
6.330000000000184812e+00 6.102963793828249806e+01
6.350000000000184386e+00 6.044124994654767846e+01
6.370000000000183960e+00 5.996174113819736107e+01
6.390000000000183533e+00 5.960332271108413948e+01
6.410000000000183107e+00 5.929319713565509886e+01
6.430000000000182681e+00 5.865974402072624372e+01
6.450000000000182254e+00 5.825964064105133389e+01
6.470000000000181828e+00 5.796177629809157139e+01
6.490000000000181402e+00 5.720238254258079280e+01
6.510000000000180975e+00 5.708559245482361177e+01
6.530000000000180549e+00 5.691719080234188510e+01
6.550000000000180123e+00 5.588734128289768677e+01
6.570000000000179696e+00 5.586116835863974472e+01
6.590000000000179270e+00 5.548427006288887497e+01
6.610000000000178844e+00 5.492625088838468628e+01
6.630000000000178417e+00 5.496300322232816882e+01
6.650000000000177991e+00 5.430520686008151188e+01
6.670000000000177565e+00 5.399617478062152287e+01
6.690000000000177138e+00 5.368268644415501711e+01
6.710000000000176712e+00 5.339811872064103682e+01
6.730000000000176286e+00 5.327339441335914927e+01
6.750000000000175859e+00 5.241050757633963997e+01
6.770000000000175433e+00 5.256266785751769532e+01
6.790000000000175007e+00 5.197937191502533949e+01
6.810000000000174580e+00 5.154584681589562933e+01
6.830000000000174154e+00 5.148716535882343948e+01
6.850000000000173728e+00 5.103347702554120957e+01
6.870000000000173301e+00 5.067654137591692631e+01
6.890000000000172875e+00 5.051979834071347142e+01
6.910000000000172449e+00 5.023697897704911952e+01
6.930000000000172022e+00 5.000555856994447623e+01
6.950000000000171596e+00 4.974005614107144879e+01
6.970000000000171170e+00 4.947311562427572795e+01
6.990000000000170743e+00 4.911348668391681827e+01
7.010000000000170317e+00 4.880896609156194188e+01
7.030000000000169891e+00 4.873450864752920353e+01
7.050000000000169464e+00 4.841812737997311444e+01
7.070000000000169038e+00 4.813716395633965561e+01
7.090000000000168612e+00 4.769996288437064180e+01
7.110000000000168185e+00 4.776322442443289162e+01
7.130000000000167759e+00 4.749010762959817100e+01
7.150000000000167333e+00 4.724977099420653559e+01
7.170000000000166906e+00 4.688184193124687482e+01
7.190000000000166480e+00 4.669137480320991074e+01
7.210000000000166054e+00 4.664134934484371087e+01
7.230000000000165628e+00 4.642240354972145155e+01
7.250000000000165201e+00 4.635437130128234173e+01
7.270000000000164775e+00 4.608817926471636639e+01
7.290000000000164349e+00 4.577912882576828224e+01
7.310000000000163922e+00 4.560894758974087182e+01
7.330000000000163496e+00 4.534051955064499850e+01
7.350000000000163070e+00 4.521122480640568142e+01
7.370000000000162643e+00 4.500175898102332894e+01
7.390000000000162217e+00 4.484343089924453807e+01
7.410000000000161791e+00 4.450302436251408267e+01
7.430000000000161364e+00 4.458716898346057889e+01
7.450000000000160938e+00 4.433735098246259554e+01
7.470000000000160512e+00 4.445983621371578209e+01
7.490000000000160085e+00 4.388351280182347836e+01
7.510000000000159659e+00 4.385113518271772648e+01
7.530000000000159233e+00 4.361415169354245336e+01
7.550000000000158806e+00 4.342752414326107413e+01
7.570000000000158380e+00 4.343446016288809375e+01
7.590000000000157954e+00 4.300555124042383426e+01
7.610000000000157527e+00 4.293523601393634692e+01
7.630000000000157101e+00 4.275672105279566892e+01
7.650000000000156675e+00 4.280589608846174343e+01
7.670000000000156248e+00 4.269524952663181239e+01
7.690000000000155822e+00 4.260256364255624817e+01
7.710000000000155396e+00 4.242984875577786141e+01
7.730000000000154969e+00 4.225806562034949820e+01
7.750000000000154543e+00 4.207966301937533160e+01
7.770000000000154117e+00 4.204253292198867342e+01
7.790000000000153690e+00 4.169705674340563206e+01
7.810000000000153264e+00 4.174878450547667796e+01
7.830000000000152838e+00 4.149956192781980491e+01
7.850000000000152411e+00 4.132297643846603563e+01
7.870000000000151985e+00 4.119802350276015090e+01
7.890000000000151559e+00 4.113743853997436162e+01
7.910000000000151132e+00 4.103202662365634268e+01
7.930000000000150706e+00 4.086437343861670968e+01
7.950000000000150280e+00 4.081673870979697938e+01
7.970000000000149853e+00 4.052384266645753996e+01
7.990000000000149427e+00 4.051162370750422781e+01
8.010000000000149001e+00 4.037502914891705785e+01
8.030000000000148574e+00 4.052831336388569383e+01
8.050000000000148148e+00 4.034687874302117194e+01
8.070000000000147722e+00 3.997678454213846067e+01
8.090000000000147296e+00 3.999343824293158178e+01
8.110000000000146869e+00 3.975932700196938896e+01
8.130000000000146443e+00 3.981615884453119492e+01
8.150000000000146017e+00 3.946342507702107127e+01
8.170000000000145590e+00 3.959351707253518526e+01
8.190000000000145164e+00 3.943082578789411485e+01
8.210000000000144738e+00 3.927845034868690277e+01
8.230000000000144311e+00 3.922119067150492100e+01
8.250000000000143885e+00 3.905552796497982371e+01
8.270000000000143459e+00 3.913137371571211531e+01
8.290000000000143032e+00 3.853992516858437511e+01
8.310000000000142606e+00 3.866427071420302042e+01
8.330000000000142180e+00 3.848489507662969089e+01
8.350000000000141753e+00 3.854721569179364593e+01
8.370000000000141327e+00 3.833140317697253607e+01
8.390000000000140901e+00 3.830823308383036618e+01
8.410000000000140474e+00 3.816307281484090907e+01
8.430000000000140048e+00 3.812001678222162582e+01
8.450000000000139622e+00 3.789652966062391215e+01
8.470000000000139195e+00 3.771246277996135632e+01
8.490000000000138769e+00 3.769328640225240434e+01
8.510000000000138343e+00 3.768974797781685737e+01
8.530000000000137916e+00 3.754306080618768959e+01
8.550000000000137490e+00 3.716372856000933211e+01
8.570000000000137064e+00 3.711551366375235972e+01
8.590000000000136637e+00 3.716500881493035990e+01
8.610000000000136211e+00 3.716571567646678176e+01
8.630000000000135785e+00 3.691865266247960164e+01
8.650000000000135358e+00 3.682078092974383310e+01
8.670000000000134932e+00 3.677604906761275316e+01
8.690000000000134506e+00 3.653605975794790339e+01
8.710000000000134079e+00 3.642660782381992135e+01
8.730000000000133653e+00 3.637092186249871162e+01
8.750000000000133227e+00 3.635275048549723209e+01
8.770000000000132800e+00 3.598621854857870517e+01
8.790000000000132374e+00 3.590175603207992339e+01
8.810000000000131948e+00 3.583845032982940637e+01
8.830000000000131521e+00 3.579306345178074622e+01
8.850000000000131095e+00 3.565968237037267841e+01
8.870000000000130669e+00 3.560909695543800524e+01
8.890000000000130242e+00 3.542732793337660269e+01
8.910000000000129816e+00 3.530985624942896806e+01
8.930000000000129390e+00 3.534833543173100878e+01
8.950000000000128964e+00 3.501145555770921192e+01
8.970000000000128537e+00 3.499728817218957744e+01
8.990000000000128111e+00 3.484889505530539111e+01
9.010000000000127685e+00 3.470580563172531896e+01
9.030000000000127258e+00 3.466806013427454047e+01
9.050000000000126832e+00 3.449987555690287877e+01
9.070000000000126406e+00 3.434772825536339269e+01
9.090000000000125979e+00 3.433197910821410659e+01
9.110000000000125553e+00 3.406329699910605058e+01
9.130000000000125127e+00 3.414074422916566931e+01
9.150000000000124700e+00 3.391676849331032173e+01
9.170000000000124274e+00 3.392645416052474872e+01
9.190000000000123848e+00 3.365898026692998712e+01
9.210000000000123421e+00 3.367940167872329482e+01
9.230000000000122995e+00 3.341175125130218504e+01
9.250000000000122569e+00 3.327119678807020620e+01
9.270000000000122142e+00 3.328473071403828953e+01
9.290000000000121716e+00 3.301933746658851732e+01
9.310000000000121290e+00 3.303581467238280567e+01
9.330000000000120863e+00 3.292121136374667145e+01
9.350000000000120437e+00 3.276225954457788703e+01
9.370000000000120011e+00 3.274027739734940212e+01
9.390000000000119584e+00 3.250874812403153413e+01
9.410000000000119158e+00 3.240152009904483066e+01
9.430000000000118732e+00 3.238062591089487796e+01
9.450000000000118305e+00 3.210282738179766682e+01
9.470000000000117879e+00 3.216970634045484445e+01
9.490000000000117453e+00 3.192766446496249699e+01
9.510000000000117026e+00 3.198324388783733241e+01
9.530000000000116600e+00 3.173054161495338121e+01
9.550000000000116174e+00 3.162276622891050337e+01
9.570000000000115747e+00 3.153230119905551732e+01
9.590000000000115321e+00 3.134842019709847705e+01
9.610000000000114895e+00 3.133032255845003888e+01
9.630000000000114468e+00 3.130397150152018071e+01
9.650000000000114042e+00 3.109983320813922703e+01
9.670000000000113616e+00 3.106304554473346968e+01
9.690000000000113189e+00 3.076976024713653857e+01
9.710000000000112763e+00 3.074831820369829671e+01
9.730000000000112337e+00 3.072970773645921483e+01
9.750000000000111910e+00 3.051597493476768008e+01
9.770000000000111484e+00 3.041028394362405152e+01
9.790000000000111058e+00 3.044197836918276678e+01
9.810000000000110632e+00 3.030532234741110997e+01
9.830000000000110205e+00 3.006598137822922467e+01
9.850000000000109779e+00 3.009366758289115751e+01
9.870000000000109353e+00 3.005600591481807626e+01
9.890000000000108926e+00 2.985811491488965430e+01
9.910000000000108500e+00 2.973860222223193261e+01
9.930000000000108074e+00 2.960792933947502448e+01
9.950000000000107647e+00 2.948567767815008622e+01
9.970000000000107221e+00 2.948888570886797922e+01
9.990000000000106795e+00 2.937082535116526216e+01
1.001000000000010637e+01 2.930086979286905802e+01
1.003000000000010594e+01 2.916927077816700375e+01
1.005000000000010552e+01 2.913637475405610289e+01
1.007000000000010509e+01 2.904197714538499042e+01
1.009000000000010466e+01 2.903482643494478310e+01
1.011000000000010424e+01 2.881185260795269087e+01
1.013000000000010381e+01 2.874645074801663114e+01
1.015000000000010338e+01 2.862625550613611480e+01
1.017000000000010296e+01 2.856478305857585909e+01
1.019000000000010253e+01 2.852624079651408096e+01
1.021000000000010210e+01 2.846524638131498719e+01
1.023000000000010168e+01 2.827968968527443394e+01
1.025000000000010125e+01 2.823606187931721223e+01
1.027000000000010083e+01 2.825511401180258986e+01
1.029000000000010040e+01 2.802876726731984647e+01
1.031000000000009997e+01 2.803583733813893986e+01
1.033000000000009955e+01 2.811842410617017762e+01
1.035000000000009912e+01 2.784255202618757608e+01
1.037000000000009869e+01 2.793940501333617732e+01
1.039000000000009827e+01 2.778630231809177076e+01
1.041000000000009784e+01 2.767630547426007581e+01
1.043000000000009742e+01 2.759419947056080247e+01
1.045000000000009699e+01 2.769120163063059081e+01
1.047000000000009656e+01 2.744254244337089332e+01
1.049000000000009614e+01 2.747453003762809232e+01
1.051000000000009571e+01 2.736510233994224706e+01
1.053000000000009528e+01 2.728654323792774861e+01
1.055000000000009486e+01 2.732974181225436894e+01
1.057000000000009443e+01 2.730028706984493425e+01
1.059000000000009400e+01 2.714419344447888705e+01
1.061000000000009358e+01 2.727061667169004622e+01
1.063000000000009315e+01 2.706690393044905818e+01
1.065000000000009273e+01 2.692287102774299967e+01
1.067000000000009230e+01 2.697858690969365725e+01
1.069000000000009187e+01 2.687186299630860731e+01
1.071000000000009145e+01 2.698339295086519485e+01
1.073000000000009102e+01 2.698655570872714904e+01
1.075000000000009059e+01 2.680564220438852274e+01
1.077000000000009017e+01 2.671998927980196825e+01
1.079000000000008974e+01 2.671469461845808979e+01
1.081000000000008932e+01 2.671173167321355635e+01
1.083000000000008889e+01 2.667819302853300556e+01
1.085000000000008846e+01 2.674979634869206535e+01
1.087000000000008804e+01 2.659355586970043461e+01
1.089000000000008761e+01 2.654348162145777934e+01
1.091000000000008718e+01 2.652938744562822038e+01
1.093000000000008676e+01 2.646457649088719677e+01
1.095000000000008633e+01 2.651992075084079659e+01
1.097000000000008590e+01 2.649257418163151812e+01
1.099000000000008548e+01 2.643193927781179298e+01
1.101000000000008505e+01 2.630286900282275298e+01
1.103000000000008463e+01 2.649193921247381311e+01
1.105000000000008420e+01 2.638637322074275104e+01
1.107000000000008377e+01 2.626454713686292308e+01
1.109000000000008335e+01 2.626806339084063069e+01
1.111000000000008292e+01 2.634271744998232734e+01
1.113000000000008249e+01 2.620901226729804634e+01
1.115000000000008207e+01 2.635753789778974010e+01
1.117000000000008164e+01 2.613169505364393075e+01
1.119000000000008122e+01 2.620476151547008925e+01
1.121000000000008079e+01 2.621675179281231749e+01
1.123000000000008036e+01 2.627417868957981284e+01
1.125000000000007994e+01 2.624862182038176783e+01
1.127000000000007951e+01 2.607608614706383676e+01
1.129000000000007908e+01 2.606558402147591735e+01
1.131000000000007866e+01 2.611175875038710004e+01
1.133000000000007823e+01 2.604429796558757459e+01
1.135000000000007780e+01 2.609763219319676608e+01
1.137000000000007738e+01 2.626107519087575071e+01
1.139000000000007695e+01 2.599325374902512209e+01
1.141000000000007653e+01 2.608358879339178316e+01
1.143000000000007610e+01 2.601911297619403030e+01
1.145000000000007567e+01 2.602161858213870715e+01
1.147000000000007525e+01 2.603534818952554986e+01
1.149000000000007482e+01 2.593557523765807460e+01
1.151000000000007439e+01 2.610787880947594886e+01
1.153000000000007397e+01 2.595530923309201654e+01
1.155000000000007354e+01 2.585280677770935398e+01
1.157000000000007311e+01 2.600384237360467310e+01
1.159000000000007269e+01 2.604944461117681698e+01
1.161000000000007226e+01 2.588529680083498263e+01
1.163000000000007184e+01 2.595852662541399525e+01
1.165000000000007141e+01 2.586170306005375252e+01
1.167000000000007098e+01 2.584734189215312128e+01
1.169000000000007056e+01 2.586114474154843634e+01
1.171000000000007013e+01 2.581655152159165567e+01
1.173000000000006970e+01 2.591485801926279464e+01
1.175000000000006928e+01 2.595760034678422201e+01
1.177000000000006885e+01 2.580162227897466920e+01
1.179000000000006843e+01 2.572145876434951006e+01
1.181000000000006800e+01 2.567611094002645089e+01
1.183000000000006757e+01 2.581355638077442549e+01
1.185000000000006715e+01 2.590770900287037648e+01
1.187000000000006672e+01 2.574791254231588056e+01
1.189000000000006629e+01 2.580975738927840268e+01
1.191000000000006587e+01 2.561342139485017810e+01
1.193000000000006544e+01 2.570473912789354642e+01
1.195000000000006501e+01 2.560705452551679073e+01
1.197000000000006459e+01 2.560841811970840354e+01
1.199000000000006416e+01 2.557135138566719590e+01
1.201000000000006374e+01 2.552079662673673255e+01
1.203000000000006331e+01 2.562043740171292683e+01
1.205000000000006288e+01 2.566237754136581728e+01
1.207000000000006246e+01 2.561696320153689044e+01
1.209000000000006203e+01 2.544008884206620635e+01
1.211000000000006160e+01 2.532658794589082518e+01
1.213000000000006118e+01 2.547927196176210529e+01
1.215000000000006075e+01 2.539188022109820508e+01
1.217000000000006033e+01 2.533477962219901869e+01
1.219000000000005990e+01 2.540950118910315680e+01
1.221000000000005947e+01 2.535376024165983111e+01
1.223000000000005905e+01 2.533966081454536123e+01
1.225000000000005862e+01 2.507196554344045936e+01
1.227000000000005819e+01 2.525462827232955831e+01
1.229000000000005777e+01 2.518815616617284192e+01
1.231000000000005734e+01 2.502387706272667955e+01
1.233000000000005691e+01 2.524449413487966964e+01
1.235000000000005649e+01 2.498295012118591885e+01
1.237000000000005606e+01 2.503267796986330751e+01
1.239000000000005564e+01 2.494040289439535840e+01
1.241000000000005521e+01 2.500422708467538158e+01
1.243000000000005478e+01 2.486471044887688819e+01
1.245000000000005436e+01 2.472231507235332870e+01
1.247000000000005393e+01 2.482165467238792189e+01
1.249000000000005350e+01 2.477225946006428003e+01
1.251000000000005308e+01 2.463452557318215241e+01
1.253000000000005265e+01 2.457977507529824024e+01
1.255000000000005222e+01 2.470571584979824564e+01
1.257000000000005180e+01 2.455455506547678368e+01
1.259000000000005137e+01 2.440308645373691121e+01
1.261000000000005095e+01 2.436185199097478105e+01
1.263000000000005052e+01 2.434315244024481473e+01
1.265000000000005009e+01 2.429891976527406428e+01
1.267000000000004967e+01 2.430617435208699817e+01
1.269000000000004924e+01 2.423860736511704417e+01
1.271000000000004881e+01 2.410684600334524319e+01
1.273000000000004839e+01 2.398599017656392363e+01
1.275000000000004796e+01 2.390505939231875132e+01
1.277000000000004754e+01 2.389450875981804501e+01
1.279000000000004711e+01 2.392425653716710343e+01
1.281000000000004668e+01 2.376627110238128537e+01
1.283000000000004626e+01 2.383039945576765817e+01
1.285000000000004583e+01 2.358027238684735138e+01
1.287000000000004540e+01 2.361572420424305818e+01
1.289000000000004498e+01 2.352777464573565069e+01
1.291000000000004455e+01 2.332189713149598376e+01
1.293000000000004412e+01 2.325945088035463115e+01
1.295000000000004370e+01 2.326085864844149853e+01
1.297000000000004327e+01 2.328934597096589698e+01
1.299000000000004285e+01 2.320688703503683925e+01
1.301000000000004242e+01 2.305065274554058163e+01
1.303000000000004199e+01 2.289731599080951341e+01
1.305000000000004157e+01 2.277469424544384324e+01
1.307000000000004114e+01 2.280937157982553742e+01
1.309000000000004071e+01 2.270789979949187298e+01
1.311000000000004029e+01 2.277646422168511720e+01
1.313000000000003986e+01 2.257905347409936070e+01
1.315000000000003944e+01 2.244884868520544430e+01
1.317000000000003901e+01 2.236497878199600464e+01
1.319000000000003858e+01 2.228945191915894952e+01
1.321000000000003816e+01 2.220986283609818202e+01
1.323000000000003773e+01 2.219414792286373839e+01
1.325000000000003730e+01 2.197646155808927659e+01
1.327000000000003688e+01 2.198665274040695650e+01
1.329000000000003645e+01 2.178684861274025053e+01
1.331000000000003602e+01 2.167953579041954271e+01
1.333000000000003560e+01 2.181929218663872660e+01
1.335000000000003517e+01 2.165584444419038590e+01
1.337000000000003475e+01 2.135446494246204807e+01
1.339000000000003432e+01 2.123616347666692050e+01
1.341000000000003389e+01 2.139949951399109551e+01
1.343000000000003347e+01 2.129682082921096864e+01
1.345000000000003304e+01 2.089563565923089783e+01
1.347000000000003261e+01 2.098596844107373727e+01
1.349000000000003219e+01 2.093335157297737581e+01
1.351000000000003176e+01 2.080890876842008197e+01
1.353000000000003133e+01 2.060243214958054736e+01
1.355000000000003091e+01 2.043437578516147823e+01
1.357000000000003048e+01 2.025848645502850687e+01
1.359000000000003006e+01 2.005882446640916683e+01
1.361000000000002963e+01 1.978506317831534034e+01
1.363000000000002920e+01 1.927216200976148031e+01
1.365000000000002878e+01 1.893633653232358682e+01
1.367000000000002835e+01 1.841374985048384616e+01
1.369000000000002792e+01 1.801368987581961534e+01
1.371000000000002750e+01 1.772017808779003545e+01
1.373000000000002707e+01 1.698626496117894646e+01
1.375000000000002665e+01 1.639862509278117386e+01
1.377000000000002622e+01 1.596079072285491840e+01
1.379000000000002579e+01 1.532246739849961692e+01
1.381000000000002537e+01 1.493623907011691365e+01
1.383000000000002494e+01 1.442574766530121977e+01
1.385000000000002451e+01 1.393457189154188036e+01
1.387000000000002409e+01 1.354311398622018459e+01
1.389000000000002366e+01 1.312109789018670014e+01
1.391000000000002323e+01 1.280103411373272593e+01
1.393000000000002281e+01 1.217169766564360600e+01
1.395000000000002238e+01 1.179305941364154009e+01
1.397000000000002196e+01 1.134557345181380050e+01
1.399000000000002153e+01 1.088516973860873271e+01
1.401000000000002110e+01 1.015366124419733396e+01
1.403000000000002068e+01 9.459253919471526828e+00
1.405000000000002025e+01 8.629002305936674944e+00
1.407000000000001982e+01 7.877670510235371459e+00
1.409000000000001940e+01 7.051133997871456671e+00
1.411000000000001897e+01 6.383261110698494001e+00
1.413000000000001855e+01 5.647323847269510644e+00
1.415000000000001812e+01 4.936807164998419317e+00
1.417000000000001769e+01 4.383643267986328418e+00
1.419000000000001727e+01 3.849784365157111754e+00
1.421000000000001684e+01 3.451135741547479263e+00
1.423000000000001641e+01 3.011982381590894153e+00
1.425000000000001599e+01 2.685209450250428009e+00
1.427000000000001556e+01 2.231519913959854939e+00
1.429000000000001513e+01 1.868077912330205814e+00
1.431000000000001471e+01 1.624407534937488684e+00
1.433000000000001428e+01 1.433928654537469871e+00
1.435000000000001386e+01 1.231116547247680604e+00
1.437000000000001343e+01 9.372850550129067093e-01
1.439000000000001300e+01 6.843641986292591239e-01
1.441000000000001258e+01 5.138480605979068860e-01
1.443000000000001215e+01 3.780646510656031078e-01
1.445000000000001172e+01 2.608058329495420713e-01
1.447000000000001130e+01 1.441896581628202001e-01
1.449000000000001087e+01 5.364335724017614548e-02
1.451000000000001044e+01 1.067039726855568103e-02
1.453000000000001002e+01 1.029273011290120378e-05
1.455000000000000959e+01 9.542037463288144012e-06
1.457000000000000917e+01 3.906209540680982556e-09
1.459000000000000874e+01 1.275674473327610198e-10
1.461000000000000831e+01 1.158785176003869415e-10
1.463000000000000789e+01 6.066817626856086493e-17
1.465000000000000746e+01 2.485981019162088877e-17
1.467000000000000703e+01 0.000000000000000000e+00
1.469000000000000661e+01 0.000000000000000000e+00
1.471000000000000618e+01 0.000000000000000000e+00
1.473000000000000576e+01 0.000000000000000000e+00
1.475000000000000533e+01 0.000000000000000000e+00
1.477000000000000490e+01 0.000000000000000000e+00
1.479000000000000448e+01 0.000000000000000000e+00
1.481000000000000405e+01 0.000000000000000000e+00
1.483000000000000362e+01 0.000000000000000000e+00
1.485000000000000320e+01 0.000000000000000000e+00
1.487000000000000277e+01 0.000000000000000000e+00
1.489000000000000234e+01 0.000000000000000000e+00
1.491000000000000192e+01 0.000000000000000000e+00
1.493000000000000149e+01 0.000000000000000000e+00
1.495000000000000107e+01 0.000000000000000000e+00
1.497000000000000064e+01 0.000000000000000000e+00
1.499000000000000021e+01 0.000000000000000000e+00
