# Redshift		Merger Rate Density [Gpc^-3yr^-1]
1.000000000031931770e-02 9.294395737960232395e+01
3.000000000031888964e-02 9.774482866537158543e+01
5.000000000031846331e-02 1.017117709323754724e+02
7.000000000031804392e-02 1.069006163269010443e+02
9.000000000031761760e-02 1.121287467891626335e+02
1.100000000003171913e-01 1.164880750550901638e+02
1.300000000003167511e-01 1.211179627753665358e+02
1.500000000003163247e-01 1.265748497701581528e+02
1.700000000003158984e-01 1.314496444064955085e+02
1.900000000003154721e-01 1.370604043825162819e+02
2.100000000003150458e-01 1.428916834017402380e+02
2.300000000003146194e-01 1.476473004492338816e+02
2.500000000003141931e-01 1.528455111575999865e+02
2.700000000003137668e-01 1.579043738858883330e+02
2.900000000003133405e-01 1.644413131996647337e+02
3.100000000003129141e-01 1.699759757977799950e+02
3.300000000003124878e-01 1.767545067573448421e+02
3.500000000003120615e-01 1.816059708693646826e+02
3.700000000003116352e-01 1.887044736481748259e+02
3.900000000003112088e-01 1.946627280515244820e+02
4.100000000003107825e-01 2.001518195193543761e+02
4.300000000003103562e-01 2.077724162942693340e+02
4.500000000003099299e-01 2.128635399909454691e+02
4.700000000003095035e-01 2.206753429587295727e+02
4.900000000003090772e-01 2.269075728114606250e+02
5.100000000003086509e-01 2.337239429302648546e+02
5.300000000003082246e-01 2.406503984110297267e+02
5.500000000003077982e-01 2.479506170295144045e+02
5.700000000003073719e-01 2.543994966876505543e+02
5.900000000003069456e-01 2.622988332153063311e+02
6.100000000003065193e-01 2.679150309309454769e+02
6.300000000003060929e-01 2.760778952009891327e+02
6.500000000003056666e-01 2.832939683181264172e+02
6.700000000003052403e-01 2.916008060135899314e+02
6.900000000003048140e-01 2.979453513671221572e+02
7.100000000003043876e-01 3.053057156375886620e+02
7.300000000003039613e-01 3.129442453521290872e+02
7.500000000003035350e-01 3.209528968714407711e+02
7.700000000003031086e-01 3.264814243444104704e+02
7.900000000003026823e-01 3.359214023459270493e+02
8.100000000003022560e-01 3.428037695366439834e+02
8.300000000003018297e-01 3.513408053049045066e+02
8.500000000003014033e-01 3.576270217267997964e+02
8.700000000003009770e-01 3.640955661572191957e+02
8.900000000003005507e-01 3.738855111467173629e+02
9.100000000003001244e-01 3.809314516457341711e+02
9.300000000002996980e-01 3.892072478477957134e+02
9.500000000002992717e-01 3.943821626070813409e+02
9.700000000002988454e-01 4.054529408815750458e+02
9.900000000002984191e-01 4.108381343275037807e+02
1.010000000000297993e+00 4.193791629427305452e+02
1.030000000000297566e+00 4.258292205333538050e+02
1.050000000000297140e+00 4.340228290720020254e+02
1.070000000000296714e+00 4.399593739976957636e+02
1.090000000000296287e+00 4.493688980989318793e+02
1.110000000000295861e+00 4.571365119121596194e+02
1.130000000000295435e+00 4.638229577058735913e+02
1.150000000000295008e+00 4.710980709719893866e+02
1.170000000000294582e+00 4.756811145981953928e+02
1.190000000000294156e+00 4.842197312231043043e+02
1.210000000000293729e+00 4.925207053264244337e+02
1.230000000000293303e+00 4.986594235009649196e+02
1.250000000000292877e+00 5.053222335761753357e+02
1.270000000000292451e+00 5.117390496448716135e+02
1.290000000000292024e+00 5.168834895371927587e+02
1.310000000000291598e+00 5.250795655207242589e+02
1.330000000000291172e+00 5.292548549300053082e+02
1.350000000000290745e+00 5.379578192984843099e+02
1.370000000000290319e+00 5.423136433334378808e+02
1.390000000000289893e+00 5.479205668605970914e+02
1.410000000000289466e+00 5.543757006034487631e+02
1.430000000000289040e+00 5.578713179461250320e+02
1.450000000000288614e+00 5.647010335960769680e+02
1.470000000000288187e+00 5.685540316481991567e+02
1.490000000000287761e+00 5.762268156006682602e+02
1.510000000000287335e+00 5.790659442874615479e+02
1.530000000000286908e+00 5.852955612555183507e+02
1.550000000000286482e+00 5.893825154131619684e+02
1.570000000000286056e+00 5.927860947622607455e+02
1.590000000000285629e+00 5.984226583090280656e+02
1.610000000000285203e+00 6.030264053691206527e+02
1.630000000000284777e+00 6.096231966242456792e+02
1.650000000000284350e+00 6.116225531352298503e+02
1.670000000000283924e+00 6.167084840933956684e+02
1.690000000000283498e+00 6.168165766334133195e+02
1.710000000000283071e+00 6.207809629823113937e+02
1.730000000000282645e+00 6.231814988378367843e+02
1.750000000000282219e+00 6.303083519125644898e+02
1.770000000000281792e+00 6.324658327226630945e+02
1.790000000000281366e+00 6.288861749746795340e+02
1.810000000000280940e+00 6.284871798761522541e+02
1.830000000000280513e+00 6.314030653727252229e+02
1.850000000000280087e+00 6.298693495417696795e+02
1.870000000000279661e+00 6.308423589675753647e+02
1.890000000000279234e+00 6.269267720479642776e+02
1.910000000000278808e+00 6.253245339133678726e+02
1.930000000000278382e+00 6.229355121372095709e+02
1.950000000000277955e+00 6.235109806200036928e+02
1.970000000000277529e+00 6.173932327891868681e+02
1.990000000000277103e+00 6.131185901032414449e+02
2.010000000000276899e+00 6.103497178347354293e+02
2.030000000000276472e+00 6.089631105577307153e+02
2.050000000000276046e+00 6.055663421211444302e+02
2.070000000000275620e+00 6.021699086856361873e+02
2.090000000000275193e+00 5.983040866805715723e+02
2.110000000000274767e+00 5.966361469613676718e+02
2.130000000000274341e+00 5.926472072184083117e+02
2.150000000000273914e+00 5.886253759452298482e+02
2.170000000000273488e+00 5.863043926883859740e+02
2.190000000000273062e+00 5.832306147140157009e+02
2.210000000000272635e+00 5.794366448718482161e+02
2.230000000000272209e+00 5.773907356750294184e+02
2.250000000000271783e+00 5.734977467903061097e+02
2.270000000000271356e+00 5.679360996224021392e+02
2.290000000000270930e+00 5.657561174007619229e+02
2.310000000000270504e+00 5.591180040225201537e+02
2.330000000000270077e+00 5.538106807437810630e+02
2.350000000000269651e+00 5.496297588269828793e+02
2.370000000000269225e+00 5.434163657954441078e+02
2.390000000000268798e+00 5.368165574139998171e+02
2.410000000000268372e+00 5.317334042097586462e+02
2.430000000000267946e+00 5.253594929599320267e+02
2.450000000000267519e+00 5.198485704075944795e+02
2.470000000000267093e+00 5.138059774477611654e+02
2.490000000000266667e+00 5.096572981369130844e+02
2.510000000000266240e+00 5.049140857586815514e+02
2.530000000000265814e+00 4.974918269453175412e+02
2.550000000000265388e+00 4.918324792111016563e+02
2.570000000000264961e+00 4.875658733378338638e+02
2.590000000000264535e+00 4.809517339846044024e+02
2.610000000000264109e+00 4.759454896117820795e+02
2.630000000000263682e+00 4.702567948410984400e+02
2.650000000000263256e+00 4.648534893484721238e+02
2.670000000000262830e+00 4.597776225480300809e+02
2.690000000000262403e+00 4.539067621772011307e+02
2.710000000000261977e+00 4.485023480314014250e+02
2.730000000000261551e+00 4.428542890419623745e+02
2.750000000000261124e+00 4.379981947663375763e+02
2.770000000000260698e+00 4.317899614193995035e+02
2.790000000000260272e+00 4.262686645001911074e+02
2.810000000000259845e+00 4.209539524692558530e+02
2.830000000000259419e+00 4.157144332511251719e+02
2.850000000000258993e+00 4.099902812273656423e+02
2.870000000000258567e+00 4.049232911483802582e+02
2.890000000000258140e+00 4.001253824078136745e+02
2.910000000000257714e+00 3.942840556988666094e+02
2.930000000000257288e+00 3.898816396730152860e+02
2.950000000000256861e+00 3.859507841307493550e+02
2.970000000000256435e+00 3.807533406059725962e+02
2.990000000000256009e+00 3.739303032103600231e+02
3.010000000000255582e+00 3.696713947816361383e+02
3.030000000000255156e+00 3.644140613876522252e+02
3.050000000000254730e+00 3.613657023940505155e+02
3.070000000000254303e+00 3.548226143902555805e+02
3.090000000000253877e+00 3.507025485283030548e+02
3.110000000000253451e+00 3.469219316536859878e+02
3.130000000000253024e+00 3.430035852882651284e+02
3.150000000000252598e+00 3.376355387599637652e+02
3.170000000000252172e+00 3.343441896684126959e+02
3.190000000000251745e+00 3.288439052644097274e+02
3.210000000000251319e+00 3.239466558076054525e+02
3.230000000000250893e+00 3.181939218774133451e+02
3.250000000000250466e+00 3.146840350820812660e+02
3.270000000000250040e+00 3.093877944699077602e+02
3.290000000000249614e+00 3.054259409370297931e+02
3.310000000000249187e+00 3.018015462214386275e+02
3.330000000000248761e+00 2.980080681763200801e+02
3.350000000000248335e+00 2.933856096726661917e+02
3.370000000000247908e+00 2.879366605694340819e+02
3.390000000000247482e+00 2.836137932549206084e+02
3.410000000000247056e+00 2.781604668077811198e+02
3.430000000000246629e+00 2.744707568838321095e+02
3.450000000000246203e+00 2.698467571201018131e+02
3.470000000000245777e+00 2.672995672145069079e+02
3.490000000000245350e+00 2.627940102985933777e+02
3.510000000000244924e+00 2.591589126452866481e+02
3.530000000000244498e+00 2.545627863772453452e+02
3.550000000000244071e+00 2.501621758599067959e+02
3.570000000000243645e+00 2.466053827036620589e+02
3.590000000000243219e+00 2.427191944540990676e+02
3.610000000000242792e+00 2.388801004381452913e+02
3.630000000000242366e+00 2.357481854419395688e+02
3.650000000000241940e+00 2.316685965281734809e+02
3.670000000000241513e+00 2.280562465979370756e+02
3.690000000000241087e+00 2.235551437065301741e+02
3.710000000000240661e+00 2.209328564034054807e+02
3.730000000000240234e+00 2.177738856920489923e+02
3.750000000000239808e+00 2.140787401414316946e+02
3.770000000000239382e+00 2.108305430772319369e+02
3.790000000000238956e+00 2.082328425170467767e+02
3.810000000000238529e+00 2.053265516345435628e+02
3.830000000000238103e+00 2.027110697286863967e+02
3.850000000000237677e+00 2.005428706887036299e+02
3.870000000000237250e+00 1.970947654422614335e+02
3.890000000000236824e+00 1.944257523351612917e+02
3.910000000000236398e+00 1.915014355565210735e+02
3.930000000000235971e+00 1.886241169335895052e+02
3.950000000000235545e+00 1.861436869003268839e+02
3.970000000000235119e+00 1.842669170315708982e+02
3.990000000000234692e+00 1.811739708648090925e+02
4.010000000000234266e+00 1.793828515546331914e+02
4.030000000000233840e+00 1.776840453338942325e+02
4.050000000000233413e+00 1.745970953228395217e+02
4.070000000000232987e+00 1.725241262209136437e+02
4.090000000000232561e+00 1.703523943766072932e+02
4.110000000000232134e+00 1.681527739815960274e+02
4.130000000000231708e+00 1.658015267895884222e+02
4.150000000000231282e+00 1.633259804933747432e+02
4.170000000000230855e+00 1.606000239165973653e+02
4.190000000000230429e+00 1.581128468576125670e+02
4.210000000000230003e+00 1.559814772136622310e+02
4.230000000000229576e+00 1.540146691252524249e+02
4.250000000000229150e+00 1.508148348173841384e+02
4.270000000000228724e+00 1.490609403954732670e+02
4.290000000000228297e+00 1.469284521230273981e+02
4.310000000000227871e+00 1.455782274591042835e+02
4.330000000000227445e+00 1.440168826818376147e+02
4.350000000000227018e+00 1.407663464721807145e+02
4.370000000000226592e+00 1.386666696712366331e+02
4.390000000000226166e+00 1.364172391851083432e+02
4.410000000000225739e+00 1.345621046786123998e+02
4.430000000000225313e+00 1.329999466973659992e+02
4.450000000000224887e+00 1.315208437656115450e+02
4.470000000000224460e+00 1.297709831856485039e+02
4.490000000000224034e+00 1.282800813373156359e+02
4.510000000000223608e+00 1.263211879066439707e+02
4.530000000000223181e+00 1.248549896690414727e+02
4.550000000000222755e+00 1.238683241591911752e+02
4.570000000000222329e+00 1.217462364571031515e+02
4.590000000000221902e+00 1.198836745258478658e+02
4.610000000000221476e+00 1.182506000123670020e+02
4.630000000000221050e+00 1.167394950641039060e+02
4.650000000000220624e+00 1.148275452506832295e+02
4.670000000000220197e+00 1.137054658882167217e+02
4.690000000000219771e+00 1.127118685017248652e+02
4.710000000000219345e+00 1.109505111298701934e+02
4.730000000000218918e+00 1.094150095304640615e+02
4.750000000000218492e+00 1.079493034958511259e+02
4.770000000000218066e+00 1.064546001889044646e+02
4.790000000000217639e+00 1.053824479125647855e+02
4.810000000000217213e+00 1.043639280073881537e+02
4.830000000000216787e+00 1.026969624847536835e+02
4.850000000000216360e+00 1.010846816247322266e+02
4.870000000000215934e+00 1.001761403392175822e+02
4.890000000000215508e+00 9.900943373278381898e+01
4.910000000000215081e+00 9.743646061098844768e+01
4.930000000000214655e+00 9.617668686737465578e+01
4.950000000000214229e+00 9.461603957869549220e+01
4.970000000000213802e+00 9.372336721573738316e+01
4.990000000000213376e+00 9.256430437483825813e+01
5.010000000000212950e+00 9.118298298222990184e+01
5.030000000000212523e+00 9.029589663752015838e+01
5.050000000000212097e+00 8.944178687913121450e+01
5.070000000000211671e+00 8.826833276481558244e+01
5.090000000000211244e+00 8.755733640277121310e+01
5.110000000000210818e+00 8.636077280346296448e+01
5.130000000000210392e+00 8.528557140105536405e+01
5.150000000000209965e+00 8.423856817537422614e+01
5.170000000000209539e+00 8.319356835852636323e+01
5.190000000000209113e+00 8.204021218428719919e+01
5.210000000000208686e+00 8.103398533565849959e+01
5.230000000000208260e+00 7.998412360155570866e+01
5.250000000000207834e+00 7.918467615141996419e+01
5.270000000000207407e+00 7.819270553866229534e+01
5.290000000000206981e+00 7.788025116950952054e+01
5.310000000000206555e+00 7.634881711504071689e+01
5.330000000000206128e+00 7.549867914125717050e+01
5.350000000000205702e+00 7.477572814800173262e+01
5.370000000000205276e+00 7.365428570822223264e+01
5.390000000000204849e+00 7.282406423885525726e+01
5.410000000000204423e+00 7.229050097987402523e+01
5.430000000000203997e+00 7.151420987564459608e+01
5.450000000000203570e+00 7.071644290230402419e+01
5.470000000000203144e+00 6.954237421462836721e+01
5.490000000000202718e+00 6.916224211564357915e+01
5.510000000000202292e+00 6.823675112976178525e+01
5.530000000000201865e+00 6.718588520982059720e+01
5.550000000000201439e+00 6.635284983644741885e+01
5.570000000000201013e+00 6.526566142477234678e+01
5.590000000000200586e+00 6.443830568701399386e+01
5.610000000000200160e+00 6.406715124047605059e+01
5.630000000000199734e+00 6.324425941156701469e+01
5.650000000000199307e+00 6.285958434617770507e+01
5.670000000000198881e+00 6.198230879077313915e+01
5.690000000000198455e+00 6.117759426784132160e+01
5.710000000000198028e+00 6.053496828040928790e+01
5.730000000000197602e+00 6.008584356698986539e+01
5.750000000000197176e+00 5.921836607469883518e+01
5.770000000000196749e+00 5.844130534314321324e+01
5.790000000000196323e+00 5.755437553247527660e+01
5.810000000000195897e+00 5.728786774495895173e+01
5.830000000000195470e+00 5.668870972923532747e+01
5.850000000000195044e+00 5.615719476381288899e+01
5.870000000000194618e+00 5.514130893490604279e+01
5.890000000000194191e+00 5.467836762180054677e+01
5.910000000000193765e+00 5.427526106724999266e+01
5.930000000000193339e+00 5.362503210618462646e+01
5.950000000000192912e+00 5.309685756216187258e+01
5.970000000000192486e+00 5.267847184185029619e+01
5.990000000000192060e+00 5.218118158565047793e+01
6.010000000000191633e+00 5.139628422969445154e+01
6.030000000000191207e+00 5.113152468123530525e+01
6.050000000000190781e+00 5.053694924709603953e+01
6.070000000000190354e+00 4.972346392203446896e+01
6.090000000000189928e+00 4.968357852860214763e+01
6.110000000000189502e+00 4.908072638833081669e+01
6.130000000000189075e+00 4.823140448908034728e+01
6.150000000000188649e+00 4.768183868068049236e+01
6.170000000000188223e+00 4.706235985308929060e+01
6.190000000000187796e+00 4.657599783468964461e+01
6.210000000000187370e+00 4.601501611142973047e+01
6.230000000000186944e+00 4.573857789228222970e+01
6.250000000000186517e+00 4.500246470216340100e+01
6.270000000000186091e+00 4.459801441826396484e+01
6.290000000000185665e+00 4.417958989374444911e+01
6.310000000000185238e+00 4.383326125923352379e+01
6.330000000000184812e+00 4.326043328628117735e+01
6.350000000000184386e+00 4.260208833213055613e+01
6.370000000000183960e+00 4.239785633578544832e+01
6.390000000000183533e+00 4.163484986547148736e+01
6.410000000000183107e+00 4.147752586634828020e+01
6.430000000000182681e+00 4.141128443192491204e+01
6.450000000000182254e+00 4.078845924312951610e+01
6.470000000000181828e+00 4.040483686446736300e+01
6.490000000000181402e+00 4.020725340339912890e+01
6.510000000000180975e+00 3.962025510100529146e+01
6.530000000000180549e+00 3.922805514771617652e+01
6.550000000000180123e+00 3.856697257590907668e+01
6.570000000000179696e+00 3.827516915998262448e+01
6.590000000000179270e+00 3.780715214523888790e+01
6.610000000000178844e+00 3.718397683820706590e+01
6.630000000000178417e+00 3.699176131408505341e+01
6.650000000000177991e+00 3.647071670738397131e+01
6.670000000000177565e+00 3.615891636429194733e+01
6.690000000000177138e+00 3.593974797077278538e+01
6.710000000000176712e+00 3.536561168365086871e+01
6.730000000000176286e+00 3.516155157838046108e+01
6.750000000000175859e+00 3.487414495237332090e+01
6.770000000000175433e+00 3.439047540608402898e+01
6.790000000000175007e+00 3.417429326568609582e+01
6.810000000000174580e+00 3.370384418352513478e+01
6.830000000000174154e+00 3.333400021125633117e+01
6.850000000000173728e+00 3.306962263375054079e+01
6.870000000000173301e+00 3.275471255986651897e+01
6.890000000000172875e+00 3.266052947666030093e+01
6.910000000000172449e+00 3.239230415234880667e+01
6.930000000000172022e+00 3.176462512956678097e+01
6.950000000000171596e+00 3.162913703215756556e+01
6.970000000000171170e+00 3.107047564189403133e+01
6.990000000000170743e+00 3.054636920787922705e+01
7.010000000000170317e+00 3.049046661422900684e+01
7.030000000000169891e+00 3.002525973370782708e+01
7.050000000000169464e+00 2.970061914472573505e+01
7.070000000000169038e+00 2.942227870881097829e+01
7.090000000000168612e+00 2.919206338872902151e+01
7.110000000000168185e+00 2.889782618790868440e+01
7.130000000000167759e+00 2.868922634393930338e+01
7.150000000000167333e+00 2.826890336048321117e+01
7.170000000000166906e+00 2.793084065838349161e+01
7.190000000000166480e+00 2.761089630381023596e+01
7.210000000000166054e+00 2.730640630824144921e+01
7.230000000000165628e+00 2.706595701917815688e+01
7.250000000000165201e+00 2.725327036645472134e+01
7.270000000000164775e+00 2.682039224217895779e+01
7.290000000000164349e+00 2.623642764350203294e+01
7.310000000000163922e+00 2.603002003365945072e+01
7.330000000000163496e+00 2.584100556448850838e+01
7.350000000000163070e+00 2.554736956195021236e+01
7.370000000000162643e+00 2.541447333108214934e+01
7.390000000000162217e+00 2.482273255554068569e+01
7.410000000000161791e+00 2.468156543177313722e+01
7.430000000000161364e+00 2.442361907665616272e+01
7.450000000000160938e+00 2.419115689091212573e+01
7.470000000000160512e+00 2.392065849865136329e+01
7.490000000000160085e+00 2.373675081300492451e+01
7.510000000000159659e+00 2.348972159597272480e+01
7.530000000000159233e+00 2.319788235952193745e+01
7.550000000000158806e+00 2.294252876828920407e+01
7.570000000000158380e+00 2.265310935942504855e+01
7.590000000000157954e+00 2.253518567596721667e+01
7.610000000000157527e+00 2.218116618819664865e+01
7.630000000000157101e+00 2.210592464731638174e+01
7.650000000000156675e+00 2.176577453790618222e+01
7.670000000000156248e+00 2.156295584566321821e+01
7.690000000000155822e+00 2.120913340589250140e+01
7.710000000000155396e+00 2.119244539121734405e+01
7.730000000000154969e+00 2.088557960549237791e+01
7.750000000000154543e+00 2.060693863548415194e+01
7.770000000000154117e+00 2.037970150748918385e+01
7.790000000000153690e+00 2.028744612020323501e+01
7.810000000000153264e+00 2.006106949447785937e+01
7.830000000000152838e+00 1.983588662084539322e+01
7.850000000000152411e+00 1.950160858415596365e+01
7.870000000000151985e+00 1.928251340663614499e+01
7.890000000000151559e+00 1.919268915719417024e+01
7.910000000000151132e+00 1.899418018191243362e+01
7.930000000000150706e+00 1.864321987131943104e+01
7.950000000000150280e+00 1.845835251173112823e+01
7.970000000000149853e+00 1.827969213823654471e+01
7.990000000000149427e+00 1.808496515639294344e+01
8.010000000000149001e+00 1.799632496296855777e+01
8.030000000000148574e+00 1.777221451442295219e+01
8.050000000000148148e+00 1.755174934411685683e+01
8.070000000000147722e+00 1.743618151376567482e+01
8.090000000000147296e+00 1.705158115233292193e+01
8.110000000000146869e+00 1.700648365769076165e+01
8.130000000000146443e+00 1.679747297041282650e+01
8.150000000000146017e+00 1.667851980010052770e+01
8.170000000000145590e+00 1.637954321075249098e+01
8.190000000000145164e+00 1.623197685114788413e+01
8.210000000000144738e+00 1.612319321527488114e+01
8.230000000000144311e+00 1.585124944163432659e+01
8.250000000000143885e+00 1.571748490788790598e+01
8.270000000000143459e+00 1.551131919055533892e+01
8.290000000000143032e+00 1.533227714061245628e+01
8.310000000000142606e+00 1.516036453872729339e+01
8.330000000000142180e+00 1.501113533114303955e+01
8.350000000000141753e+00 1.474445922269644882e+01
8.370000000000141327e+00 1.477671394903008384e+01
8.390000000000140901e+00 1.457750478263949390e+01
8.410000000000140474e+00 1.434569614602600396e+01
8.430000000000140048e+00 1.423848209538442866e+01
8.450000000000139622e+00 1.396134934156205709e+01
8.470000000000139195e+00 1.395167463368003169e+01
8.490000000000138769e+00 1.376399023898191309e+01
8.510000000000138343e+00 1.355685659743905269e+01
8.530000000000137916e+00 1.338815878061977038e+01
8.550000000000137490e+00 1.328819552404510418e+01
8.570000000000137064e+00 1.306446054496905695e+01
8.590000000000136637e+00 1.285672312415294982e+01
8.610000000000136211e+00 1.290011402383382944e+01
8.630000000000135785e+00 1.272851071592111971e+01
8.650000000000135358e+00 1.253106837305963239e+01
8.670000000000134932e+00 1.238553330245102124e+01
8.690000000000134506e+00 1.223262838722475720e+01
8.710000000000134079e+00 1.214420395126135155e+01
8.730000000000133653e+00 1.201719216907071619e+01
8.750000000000133227e+00 1.186235965236123668e+01
8.770000000000132800e+00 1.171678421733209952e+01
8.790000000000132374e+00 1.154398640734950021e+01
8.810000000000131948e+00 1.151279232641591932e+01
8.830000000000131521e+00 1.122274889201426440e+01
8.850000000000131095e+00 1.113952225617631520e+01
8.870000000000130669e+00 1.103151306281868393e+01
8.890000000000130242e+00 1.085534667022260713e+01
8.910000000000129816e+00 1.083533287634773501e+01
8.930000000000129390e+00 1.068713895182161977e+01
8.950000000000128964e+00 1.062260193626445393e+01
8.970000000000128537e+00 1.047493933562976842e+01
8.990000000000128111e+00 1.029996356026330417e+01
9.010000000000127685e+00 1.025029584990956444e+01
9.030000000000127258e+00 1.011429640940105301e+01
9.050000000000126832e+00 1.000867877279574181e+01
9.070000000000126406e+00 9.819321116462944588e+00
9.090000000000125979e+00 9.689192018181122634e+00
9.110000000000125553e+00 9.544133228300674787e+00
9.130000000000125127e+00 9.526556374878468958e+00
9.150000000000124700e+00 9.379228530268036934e+00
9.170000000000124274e+00 9.307155959254505007e+00
9.190000000000123848e+00 9.234530241826309549e+00
9.210000000000123421e+00 9.166459237463017828e+00
9.230000000000122995e+00 9.054697602958196256e+00
9.250000000000122569e+00 8.951666469353268596e+00
9.270000000000122142e+00 8.833531564740113140e+00
9.290000000000121716e+00 8.660746433458054838e+00
9.310000000000121290e+00 8.612094836412415688e+00
9.330000000000120863e+00 8.501048334153869845e+00
9.350000000000120437e+00 8.346157892546312240e+00
9.370000000000120011e+00 8.228497420691425646e+00
9.390000000000119584e+00 8.253999415020427222e+00
9.410000000000119158e+00 8.156174172855120474e+00
9.430000000000118732e+00 8.018815636490669974e+00
9.450000000000118305e+00 7.942142274730986884e+00
9.470000000000117879e+00 7.864052902065819417e+00
9.490000000000117453e+00 7.831669679321239919e+00
9.510000000000117026e+00 7.797376259927585096e+00
9.530000000000116600e+00 7.630351493790754169e+00
9.550000000000116174e+00 7.551701301227016216e+00
9.570000000000115747e+00 7.474230610386591422e+00
9.590000000000115321e+00 7.294990482061952441e+00
9.610000000000114895e+00 7.196025158692864743e+00
9.630000000000114468e+00 7.200142592769285699e+00
9.650000000000114042e+00 7.166692678137007277e+00
9.670000000000113616e+00 7.069254310792760343e+00
9.690000000000113189e+00 6.923931305203295139e+00
9.710000000000112763e+00 6.938165109681542653e+00
9.730000000000112337e+00 6.891068824407586391e+00
9.750000000000111910e+00 6.791807306005124723e+00
9.770000000000111484e+00 6.666646937055561217e+00
9.790000000000111058e+00 6.663667523346337163e+00
9.810000000000110632e+00 6.538835996754126967e+00
9.830000000000110205e+00 6.522922460355793817e+00
9.850000000000109779e+00 6.393497523170392327e+00
9.870000000000109353e+00 6.316918873420386049e+00
9.890000000000108926e+00 6.303040764468565982e+00
9.910000000000108500e+00 6.179135820555692327e+00
9.930000000000108074e+00 6.223609173934987027e+00
9.950000000000107647e+00 6.159012474072562249e+00
9.970000000000107221e+00 6.091194708924807522e+00
9.990000000000106795e+00 5.943632659962975850e+00
1.001000000000010637e+01 5.939183699509851699e+00
1.003000000000010594e+01 5.878027448558156287e+00
1.005000000000010552e+01 5.825924340132631052e+00
1.007000000000010509e+01 5.722162433292619532e+00
1.009000000000010466e+01 5.738607337689917820e+00
1.011000000000010424e+01 5.676843313713388461e+00
1.013000000000010381e+01 5.621540993732293323e+00
1.015000000000010338e+01 5.558653596409897979e+00
1.017000000000010296e+01 5.499299355574839510e+00
1.019000000000010253e+01 5.439750545596661269e+00
1.021000000000010210e+01 5.401464076839282313e+00
1.023000000000010168e+01 5.403905334245919789e+00
1.025000000000010125e+01 5.359126833386265609e+00
1.027000000000010083e+01 5.233415495562619313e+00
1.029000000000010040e+01 5.207999045132623905e+00
1.031000000000009997e+01 5.181275170106339090e+00
1.033000000000009955e+01 5.121309412280309559e+00
1.035000000000009912e+01 5.111671652024773138e+00
1.037000000000009869e+01 5.070816637669838478e+00
1.039000000000009827e+01 5.026146704260472831e+00
1.041000000000009784e+01 4.956621445487511046e+00
1.043000000000009742e+01 4.979700686228425432e+00
1.045000000000009699e+01 4.903657896798160998e+00
1.047000000000009656e+01 4.838300107757361523e+00
1.049000000000009614e+01 4.846290156843932273e+00
1.051000000000009571e+01 4.793844869439070067e+00
1.053000000000009528e+01 4.759423083893516981e+00
1.055000000000009486e+01 4.715213950658995401e+00
1.057000000000009443e+01 4.684279682785697396e+00
1.059000000000009400e+01 4.647795971365789924e+00
1.061000000000009358e+01 4.642955759728395471e+00
1.063000000000009315e+01 4.623988161097003058e+00
1.065000000000009273e+01 4.548031641767302347e+00
1.067000000000009230e+01 4.531351245397541305e+00
1.069000000000009187e+01 4.490053744677346081e+00
1.071000000000009145e+01 4.484738837756815144e+00
1.073000000000009102e+01 4.467871646193257718e+00
1.075000000000009059e+01 4.425585706239925088e+00
1.077000000000009017e+01 4.432113080757766888e+00
1.079000000000008974e+01 4.367430372244388792e+00
1.081000000000008932e+01 4.376131189374178554e+00
1.083000000000008889e+01 4.283912079389783578e+00
1.085000000000008846e+01 4.297406982214245552e+00
1.087000000000008804e+01 4.257485864615111915e+00
1.089000000000008761e+01 4.285133499780858557e+00
1.091000000000008718e+01 4.234872131422984687e+00
1.093000000000008676e+01 4.188826508053086428e+00
1.095000000000008633e+01 4.241592988769661510e+00
1.097000000000008590e+01 4.159831866300094383e+00
1.099000000000008548e+01 4.154318369405477718e+00
1.101000000000008505e+01 4.115446769249693659e+00
1.103000000000008463e+01 4.132534214494688385e+00
1.105000000000008420e+01 4.129788072418750566e+00
1.107000000000008377e+01 4.082813007672131178e+00
1.109000000000008335e+01 4.038412680814718492e+00
1.111000000000008292e+01 4.044862216175297398e+00
1.113000000000008249e+01 4.002381837099646233e+00
1.115000000000008207e+01 4.020496613756622928e+00
1.117000000000008164e+01 4.025342045622924303e+00
1.119000000000008122e+01 4.009124691168119092e+00
1.121000000000008079e+01 3.963243666558297740e+00
1.123000000000008036e+01 3.969843263526992683e+00
1.125000000000007994e+01 3.938446735494904427e+00
1.127000000000007951e+01 3.880370498231136889e+00
1.129000000000007908e+01 3.935849395647065929e+00
1.131000000000007866e+01 3.936826626619026381e+00
1.133000000000007823e+01 3.877718811304787572e+00
1.135000000000007780e+01 3.919011313495755822e+00
1.137000000000007738e+01 3.872149000584525602e+00
1.139000000000007695e+01 3.846632175726664382e+00
1.141000000000007653e+01 3.868610643761463130e+00
1.143000000000007610e+01 3.825899938815236823e+00
1.145000000000007567e+01 3.836882964429807252e+00
1.147000000000007525e+01 3.822655691453328508e+00
1.149000000000007482e+01 3.809286860928909668e+00
1.151000000000007439e+01 3.759422431368922179e+00
1.153000000000007397e+01 3.826230789908902530e+00
1.155000000000007354e+01 3.779892226990269055e+00
1.157000000000007311e+01 3.805308656363721287e+00
1.159000000000007269e+01 3.746260691240195229e+00
1.161000000000007226e+01 3.764153917613362044e+00
1.163000000000007184e+01 3.771924249199021695e+00
1.165000000000007141e+01 3.723841685706861249e+00
1.167000000000007098e+01 3.701164757866731936e+00
1.169000000000007056e+01 3.772258771557337020e+00
1.171000000000007013e+01 3.719631001254255054e+00
1.173000000000006970e+01 3.700890626916922610e+00
1.175000000000006928e+01 3.696832222830309878e+00
1.177000000000006885e+01 3.733066535486449400e+00
1.179000000000006843e+01 3.650565050826231506e+00
1.181000000000006800e+01 3.727721020854781742e+00
1.183000000000006757e+01 3.638148435072534159e+00
1.185000000000006715e+01 3.698783429515338561e+00
1.187000000000006672e+01 3.668120391322112983e+00
1.189000000000006629e+01 3.670287807652796719e+00
1.191000000000006587e+01 3.637230473145699694e+00
1.193000000000006544e+01 3.630714169066961539e+00
1.195000000000006501e+01 3.630495156679178770e+00
1.197000000000006459e+01 3.681429903358800715e+00
1.199000000000006416e+01 3.602110340999366223e+00
1.201000000000006374e+01 3.639434407640339320e+00
1.203000000000006331e+01 3.625837262438856623e+00
1.205000000000006288e+01 3.591296761605330623e+00
1.207000000000006246e+01 3.608391489673864250e+00
1.209000000000006203e+01 3.623088979644450092e+00
1.211000000000006160e+01 3.543989151663462511e+00
1.213000000000006118e+01 3.560151475840028112e+00
1.215000000000006075e+01 3.591255680395769367e+00
1.217000000000006033e+01 3.603486257974981566e+00
1.219000000000005990e+01 3.590960528511526473e+00
1.221000000000005947e+01 3.514237894757965108e+00
1.223000000000005905e+01 3.543800143991193252e+00
1.225000000000005862e+01 3.522908530620862066e+00
1.227000000000005819e+01 3.553056839930816668e+00
1.229000000000005777e+01 3.558146959385197761e+00
1.231000000000005734e+01 3.519853966399546952e+00
1.233000000000005691e+01 3.537383070139492158e+00
1.235000000000005649e+01 3.457942210207960443e+00
1.237000000000005606e+01 3.496291465665675613e+00
1.239000000000005564e+01 3.533920692352453763e+00
1.241000000000005521e+01 3.481720509206801761e+00
1.243000000000005478e+01 3.511908870860206644e+00
1.245000000000005436e+01 3.448037692082429828e+00
1.247000000000005393e+01 3.427094119398054417e+00
1.249000000000005350e+01 3.506491716704506434e+00
1.251000000000005308e+01 3.446875067308487584e+00
1.253000000000005265e+01 3.431016468908177242e+00
1.255000000000005222e+01 3.415829248909827420e+00
1.257000000000005180e+01 3.410611183472255004e+00
1.259000000000005137e+01 3.431113099808778877e+00
1.261000000000005095e+01 3.436375614916607368e+00
1.263000000000005052e+01 3.359756590525057263e+00
1.265000000000005009e+01 3.392008317116051330e+00
1.267000000000004967e+01 3.374613099583027243e+00
1.269000000000004924e+01 3.439812212222363552e+00
1.271000000000004881e+01 3.345301044293531589e+00
1.273000000000004839e+01 3.295680433877926419e+00
1.275000000000004796e+01 3.316210847286242824e+00
1.277000000000004754e+01 3.393527606412975128e+00
1.279000000000004711e+01 3.340238465557749059e+00
1.281000000000004668e+01 3.306661329097495106e+00
1.283000000000004626e+01 3.313347585160474118e+00
1.285000000000004583e+01 3.252122009788030343e+00
1.287000000000004540e+01 3.289808108696048450e+00
1.289000000000004498e+01 3.330285192577763009e+00
1.291000000000004455e+01 3.244932295357680907e+00
1.293000000000004412e+01 3.232021023288780714e+00
1.295000000000004370e+01 3.249279003370394214e+00
1.297000000000004327e+01 3.250779445248680677e+00
1.299000000000004285e+01 3.216798492199069770e+00
1.301000000000004242e+01 3.217660477487139126e+00
1.303000000000004199e+01 3.180571228672247397e+00
1.305000000000004157e+01 3.192255872180103093e+00
1.307000000000004114e+01 3.173090678365051431e+00
1.309000000000004071e+01 3.165764253250273441e+00
1.311000000000004029e+01 3.166089123420439577e+00
1.313000000000003986e+01 3.155911664240743431e+00
1.315000000000003944e+01 3.165574820887587126e+00
1.317000000000003901e+01 3.076837475879531159e+00
1.319000000000003858e+01 3.108764868685343075e+00
1.321000000000003816e+01 3.102246284508293872e+00
1.323000000000003773e+01 3.115009095049456445e+00
1.325000000000003730e+01 3.109112806411525654e+00
1.327000000000003688e+01 2.993719585124683391e+00
1.329000000000003645e+01 3.049557922903711304e+00
1.331000000000003602e+01 3.011705183523085250e+00
1.333000000000003560e+01 3.084217520629596088e+00
1.335000000000003517e+01 3.028950643949293919e+00
1.337000000000003475e+01 2.976664073661066112e+00
1.339000000000003432e+01 2.974954629765484526e+00
1.341000000000003389e+01 2.987844104583230909e+00
1.343000000000003347e+01 2.951188537785339960e+00
1.345000000000003304e+01 2.983819236882442549e+00
1.347000000000003261e+01 2.878548491519524077e+00
1.349000000000003219e+01 2.967301189868718492e+00
1.351000000000003176e+01 2.925654047416137438e+00
1.353000000000003133e+01 2.878322888084258402e+00
1.355000000000003091e+01 2.848498358560511701e+00
1.357000000000003048e+01 2.883076223486515488e+00
1.359000000000003006e+01 2.796401347996007036e+00
1.361000000000002963e+01 2.700854234703700563e+00
1.363000000000002920e+01 2.575080173681832285e+00
1.365000000000002878e+01 2.350015091068019313e+00
1.367000000000002835e+01 2.250915990600078409e+00
1.369000000000002792e+01 2.096119824023206402e+00
1.371000000000002750e+01 1.903321992495894177e+00
1.373000000000002707e+01 1.781001305726860329e+00
1.375000000000002665e+01 1.698904726883347704e+00
1.377000000000002622e+01 1.624132478745849317e+00
1.379000000000002579e+01 1.583402402399911146e+00
1.381000000000002537e+01 1.548622370086207400e+00
1.383000000000002494e+01 1.493630739101191818e+00
1.385000000000002451e+01 1.402733824798962692e+00
1.387000000000002409e+01 1.331217697260112409e+00
1.389000000000002366e+01 1.228795495625214063e+00
1.391000000000002323e+01 1.118023258720652224e+00
1.393000000000002281e+01 1.081484726756774428e+00
1.395000000000002238e+01 9.369844091558203747e-01
1.397000000000002196e+01 8.161859811889027316e-01
1.399000000000002153e+01 7.434937135086697735e-01
1.401000000000002110e+01 6.610381324508926015e-01
1.403000000000002068e+01 5.746953859730198344e-01
1.405000000000002025e+01 5.015859079591598046e-01
1.407000000000001982e+01 3.894491333753741791e-01
1.409000000000001940e+01 3.164685843965527323e-01
1.411000000000001897e+01 2.524105390482653810e-01
1.413000000000001855e+01 1.836525276953589469e-01
1.415000000000001812e+01 1.301775774286779153e-01
1.417000000000001769e+01 1.045846714159128638e-01
1.419000000000001727e+01 9.938542246514056600e-02
1.421000000000001684e+01 6.035492758962027193e-02
1.423000000000001641e+01 4.753258880567769878e-02
1.425000000000001599e+01 4.216234875150858680e-02
1.427000000000001556e+01 2.150203859717740237e-02
1.429000000000001513e+01 1.892018655529041984e-02
1.431000000000001471e+01 1.617860430439673619e-02
1.433000000000001428e+01 1.346942497725980153e-02
1.435000000000001386e+01 1.345669583514655203e-02
1.437000000000001343e+01 1.592678476299178719e-02
1.439000000000001300e+01 1.323369793321098851e-02
1.441000000000001258e+01 7.995180736972124988e-03
1.443000000000001215e+01 5.370861482070788014e-03
1.445000000000001172e+01 2.694869461645035911e-03
1.447000000000001130e+01 2.631228940867692562e-03
1.449000000000001087e+01 3.143095777032198536e-06
1.451000000000001044e+01 1.678789591092555586e-12
1.453000000000001002e+01 7.611732332747840774e-13
1.455000000000000959e+01 4.305172863704246591e-13
1.457000000000000917e+01 3.849849900779550218e-13
1.459000000000000874e+01 3.442873142675925814e-13
1.461000000000000831e+01 3.078162267054274473e-13
1.463000000000000789e+01 2.751232903565650725e-13
1.465000000000000746e+01 0.000000000000000000e+00
1.467000000000000703e+01 0.000000000000000000e+00
1.469000000000000661e+01 0.000000000000000000e+00
1.471000000000000618e+01 0.000000000000000000e+00
1.473000000000000576e+01 0.000000000000000000e+00
1.475000000000000533e+01 0.000000000000000000e+00
1.477000000000000490e+01 0.000000000000000000e+00
1.479000000000000448e+01 0.000000000000000000e+00
1.481000000000000405e+01 0.000000000000000000e+00
1.483000000000000362e+01 0.000000000000000000e+00
1.485000000000000320e+01 0.000000000000000000e+00
1.487000000000000277e+01 0.000000000000000000e+00
1.489000000000000234e+01 0.000000000000000000e+00
1.491000000000000192e+01 0.000000000000000000e+00
1.493000000000000149e+01 0.000000000000000000e+00
1.495000000000000107e+01 0.000000000000000000e+00
1.497000000000000064e+01 0.000000000000000000e+00
1.499000000000000021e+01 0.000000000000000000e+00
